"Record Length",1252,"Points",-2.50136e-007,-0.000441946
"Sample Interval",4e-010,s,-2.49736e-007,-0.000220973
"Trigger Point",625,"Samples",-2.49336e-007,0.000662919
"Trigger Time",0.340142,s,-2.48936e-007,0
,,,-2.48536e-007,0.000441946
"Horizontal Offset",-2.50136e-007,s,-2.48136e-007,0.000441946
,,,-2.47736e-007,0.000220973
,,,-2.47336e-007,0.000662919
,,,-2.46936e-007,0.000662919
,,,-2.46536e-007,0
,,,-2.46136e-007,0.000220973
,,,-2.45736e-007,0.000441946
,,,-2.45336e-007,0.000441946
,,,-2.44936e-007,0.000662919
,,,-2.44536e-007,0
,,,-2.44136e-007,-0.000220973
,,,-2.43736e-007,0.000441946
,,,-2.43336e-007,-0.000220973
,,,-2.42936e-007,-0.000441946
,,,-2.42536e-007,0.000220973
,,,-2.42136e-007,0.000662919
,,,-2.41736e-007,-0.000662919
,,,-2.41336e-007,-0.000220973
,,,-2.40936e-007,0
,,,-2.40536e-007,-0.000662919
,,,-2.40136e-007,-0.000441946
,,,-2.39736e-007,-0.000441946
,,,-2.39336e-007,-0.000220973
,,,-2.38936e-007,0.000220973
,,,-2.38536e-007,-0.000220973
,,,-2.38136e-007,0
,,,-2.37736e-007,0.000220973
,,,-2.37336e-007,0.000662919
,,,-2.36936e-007,0.000220973
,,,-2.36536e-007,0.000883892
,,,-2.36136e-007,0.000441946
,,,-2.35736e-007,0.000441946
,,,-2.35336e-007,0
,,,-2.34936e-007,0.000220973
,,,-2.34536e-007,-0.000220973
,,,-2.34136e-007,0
,,,-2.33736e-007,-0.000441946
,,,-2.33336e-007,0
,,,-2.32936e-007,0.000662919
,,,-2.32536e-007,0.000883892
,,,-2.32136e-007,0.000220973
,,,-2.31736e-007,0.000220973
,,,-2.31336e-007,0
,,,-2.30936e-007,0.000662919
,,,-2.30536e-007,-0.000441946
,,,-2.30136e-007,0.000220973
,,,-2.29736e-007,0.000220973
,,,-2.29336e-007,0
,,,-2.28936e-007,-0.000220973
,,,-2.28536e-007,0.000220973
,,,-2.28136e-007,0
,,,-2.27736e-007,0
,,,-2.27336e-007,-0.000441946
,,,-2.26936e-007,0
,,,-2.26536e-007,0.000662919
,,,-2.26136e-007,-0.000220973
,,,-2.25736e-007,0
,,,-2.25336e-007,0
,,,-2.24936e-007,-0.000220973
,,,-2.24536e-007,0
,,,-2.24136e-007,-0.000220973
,,,-2.23736e-007,-0.000441946
,,,-2.23336e-007,0.000441946
,,,-2.22936e-007,-0.000220973
,,,-2.22536e-007,0.000441946
,,,-2.22136e-007,0.000441946
,,,-2.21736e-007,0.000220973
,,,-2.21336e-007,0
,,,-2.20936e-007,0
,,,-2.20536e-007,0.000441946
,,,-2.20136e-007,0.000220973
,,,-2.19736e-007,0
,,,-2.19336e-007,0
,,,-2.18936e-007,-0.000441946
,,,-2.18536e-007,-0.000441946
,,,-2.18136e-007,-0.000220973
,,,-2.17736e-007,-0.000220973
,,,-2.17336e-007,0.000220973
,,,-2.16936e-007,0.000441946
,,,-2.16536e-007,0.000220973
,,,-2.16136e-007,0.000662919
,,,-2.15736e-007,0.000441946
,,,-2.15336e-007,-0.000220973
,,,-2.14936e-007,0.000441946
,,,-2.14536e-007,0.000883892
,,,-2.14136e-007,-0.000441946
,,,-2.13736e-007,0.000220973
,,,-2.13336e-007,0.00110486
,,,-2.12936e-007,0.000220973
,,,-2.12536e-007,0.000441946
,,,-2.12136e-007,-0.000220973
,,,-2.11736e-007,0
,,,-2.11336e-007,0
,,,-2.10936e-007,-0.000662919
,,,-2.10536e-007,-0.000220973
,,,-2.10136e-007,0.000220973
,,,-2.09736e-007,0.000220973
,,,-2.09336e-007,0.000441946
,,,-2.08936e-007,0.000220973
,,,-2.08536e-007,0.000220973
,,,-2.08136e-007,-0.000220973
,,,-2.07736e-007,0.000220973
,,,-2.07336e-007,0.000441946
,,,-2.06936e-007,0.000441946
,,,-2.06536e-007,-0.000220973
,,,-2.06136e-007,0.000662919
,,,-2.05736e-007,0.000220973
,,,-2.05336e-007,0.000662919
,,,-2.04936e-007,0
,,,-2.04536e-007,0
,,,-2.04136e-007,0
,,,-2.03736e-007,-0.000662919
,,,-2.03336e-007,0.000220973
,,,-2.02936e-007,0.000441946
,,,-2.02536e-007,0.000220973
,,,-2.02136e-007,0.000220973
,,,-2.01736e-007,-0.000441946
,,,-2.01336e-007,-0.000662919
,,,-2.00936e-007,0
,,,-2.00536e-007,0.00110486
,,,-2.00136e-007,0.000441946
,,,-1.99736e-007,0
,,,-1.99336e-007,0.000220973
,,,-1.98936e-007,-0.000441946
,,,-1.98536e-007,0.000220973
,,,-1.98136e-007,0
,,,-1.97736e-007,0.000883892
,,,-1.97336e-007,0
,,,-1.96936e-007,0.000220973
,,,-1.96536e-007,-0.000441946
,,,-1.96136e-007,-0.000220973
,,,-1.95736e-007,-0.000441946
,,,-1.95336e-007,0.000220973
,,,-1.94936e-007,-0.000441946
,,,-1.94536e-007,-0.000441946
,,,-1.94136e-007,-0.000662919
,,,-1.93736e-007,0
,,,-1.93336e-007,-0.000220973
,,,-1.92936e-007,0.000441946
,,,-1.92536e-007,0.000220973
,,,-1.92136e-007,-0.000220973
,,,-1.91736e-007,-0.000441946
,,,-1.91336e-007,-0.000220973
,,,-1.90936e-007,0.000441946
,,,-1.90536e-007,0.000883892
,,,-1.90136e-007,0.000220973
,,,-1.89736e-007,0.000662919
,,,-1.89336e-007,0.000883892
,,,-1.88936e-007,0.000220973
,,,-1.88536e-007,-0.000220973
,,,-1.88136e-007,0
,,,-1.87736e-007,0.000220973
,,,-1.87336e-007,0
,,,-1.86936e-007,-0.000220973
,,,-1.86536e-007,0
,,,-1.86136e-007,0.000220973
,,,-1.85736e-007,-0.000662919
,,,-1.85336e-007,-0.000441946
,,,-1.84936e-007,0
,,,-1.84536e-007,0.000441946
,,,-1.84136e-007,-0.000441946
,,,-1.83736e-007,-0.000441946
,,,-1.83336e-007,-0.000220973
,,,-1.82936e-007,0.000220973
,,,-1.82536e-007,0.000220973
,,,-1.82136e-007,0.000662919
,,,-1.81736e-007,0.000220973
,,,-1.81336e-007,0.000220973
,,,-1.80936e-007,0.000220973
,,,-1.80536e-007,0.000220973
,,,-1.80136e-007,-0.000441946
,,,-1.79736e-007,0.000220973
,,,-1.79336e-007,0.000220973
,,,-1.78936e-007,0
,,,-1.78536e-007,0.000220973
,,,-1.78136e-007,0
,,,-1.77736e-007,-0.000220973
,,,-1.77336e-007,-0.000220973
,,,-1.76936e-007,0.000220973
,,,-1.76536e-007,0.000441946
,,,-1.76136e-007,-0.000220973
,,,-1.75736e-007,-0.000220973
,,,-1.75336e-007,0.000662919
,,,-1.74936e-007,0.000441946
,,,-1.74536e-007,0.000220973
,,,-1.74136e-007,0.000883892
,,,-1.73736e-007,0.000883892
,,,-1.73336e-007,0.000441946
,,,-1.72936e-007,0
,,,-1.72536e-007,0.000220973
,,,-1.72136e-007,0.000220973
,,,-1.71736e-007,0.000220973
,,,-1.71336e-007,0.000662919
,,,-1.70936e-007,0.000220973
,,,-1.70536e-007,0
,,,-1.70136e-007,-0.000220973
,,,-1.69736e-007,-0.000441946
,,,-1.69336e-007,0
,,,-1.68936e-007,0
,,,-1.68536e-007,0
,,,-1.68136e-007,0.000220973
,,,-1.67736e-007,0.000220973
,,,-1.67336e-007,-0.000441946
,,,-1.66936e-007,0.000220973
,,,-1.66536e-007,-0.000441946
,,,-1.66136e-007,0.000441946
,,,-1.65736e-007,0
,,,-1.65336e-007,0.000441946
,,,-1.64936e-007,0
,,,-1.64536e-007,-0.000662919
,,,-1.64136e-007,-0.000441946
,,,-1.63736e-007,0
,,,-1.63336e-007,0
,,,-1.62936e-007,-0.000883892
,,,-1.62536e-007,0
,,,-1.62136e-007,-0.000220973
,,,-1.61736e-007,-0.000220973
,,,-1.61336e-007,0
,,,-1.60936e-007,0.000220973
,,,-1.60536e-007,0.000220973
,,,-1.60136e-007,-0.000441946
,,,-1.59736e-007,-0.000883892
,,,-1.59336e-007,0
,,,-1.58936e-007,0.000220973
,,,-1.58536e-007,0
,,,-1.58136e-007,0.000220973
,,,-1.57736e-007,0.000662919
,,,-1.57336e-007,0.000220973
,,,-1.56936e-007,0.000662919
,,,-1.56536e-007,0.000220973
,,,-1.56136e-007,0
,,,-1.55736e-007,0.000662919
,,,-1.55336e-007,0
,,,-1.54936e-007,-0.000220973
,,,-1.54536e-007,0.00110486
,,,-1.54136e-007,0.000220973
,,,-1.53736e-007,-0.000441946
,,,-1.53336e-007,0.000220973
,,,-1.52936e-007,0.000662919
,,,-1.52536e-007,0.000441946
,,,-1.52136e-007,0.000662919
,,,-1.51736e-007,0.000220973
,,,-1.51336e-007,0
,,,-1.50936e-007,0
,,,-1.50536e-007,0.000883892
,,,-1.50136e-007,0.000441946
,,,-1.49736e-007,0.000220973
,,,-1.49336e-007,0.000220973
,,,-1.48936e-007,0.000220973
,,,-1.48536e-007,0
,,,-1.48136e-007,0
,,,-1.47736e-007,-0.000220973
,,,-1.47336e-007,-0.000220973
,,,-1.46936e-007,0.000220973
,,,-1.46536e-007,-0.000220973
,,,-1.46136e-007,0.000441946
,,,-1.45736e-007,-0.000220973
,,,-1.45336e-007,0.000441946
,,,-1.44936e-007,-0.000220973
,,,-1.44536e-007,-0.000441946
,,,-1.44136e-007,0.000441946
,,,-1.43736e-007,0.000441946
,,,-1.43336e-007,0
,,,-1.42936e-007,0
,,,-1.42536e-007,0.000220973
,,,-1.42136e-007,-0.000220973
,,,-1.41736e-007,0.000441946
,,,-1.41336e-007,0.000220973
,,,-1.40936e-007,0.000441946
,,,-1.40536e-007,0.000441946
,,,-1.40136e-007,0.000220973
,,,-1.39736e-007,0
,,,-1.39336e-007,0.000441946
,,,-1.38936e-007,-0.000441946
,,,-1.38536e-007,0.000220973
,,,-1.38136e-007,-0.000220973
,,,-1.37736e-007,-0.000441946
,,,-1.37336e-007,-0.000441946
,,,-1.36936e-007,-0.000883892
,,,-1.36536e-007,0.000883892
,,,-1.36136e-007,0.000883892
,,,-1.35736e-007,0
,,,-1.35336e-007,0
,,,-1.34936e-007,0.000662919
,,,-1.34536e-007,0
,,,-1.34136e-007,0.000441946
,,,-1.33736e-007,0.000220973
,,,-1.33336e-007,0.000441946
,,,-1.32936e-007,0
,,,-1.32536e-007,0
,,,-1.32136e-007,0
,,,-1.31736e-007,0.000220973
,,,-1.31336e-007,0
,,,-1.30936e-007,-0.000220973
,,,-1.30536e-007,-0.000220973
,,,-1.30136e-007,-0.000662919
,,,-1.29736e-007,-0.000441946
,,,-1.29336e-007,-0.000441946
,,,-1.28936e-007,0
,,,-1.28536e-007,0
,,,-1.28136e-007,0.000662919
,,,-1.27736e-007,0.000220973
,,,-1.27336e-007,-0.000441946
,,,-1.26936e-007,0.000662919
,,,-1.26536e-007,0.000441946
,,,-1.26136e-007,0.000441946
,,,-1.25736e-007,0.000662919
,,,-1.25336e-007,0
,,,-1.24936e-007,0
,,,-1.24536e-007,0.000220973
,,,-1.24136e-007,0.000441946
,,,-1.23736e-007,0
,,,-1.23336e-007,0
,,,-1.22936e-007,-0.000220973
,,,-1.22536e-007,0
,,,-1.22136e-007,0.000883892
,,,-1.21736e-007,-0.000441946
,,,-1.21336e-007,-0.000441946
,,,-1.20936e-007,0.000220973
,,,-1.20536e-007,0.000220973
,,,-1.20136e-007,-0.000220973
,,,-1.19736e-007,0.000441946
,,,-1.19336e-007,0
,,,-1.18936e-007,0.000441946
,,,-1.18536e-007,0.000883892
,,,-1.18136e-007,0.000220973
,,,-1.17736e-007,-0.000441946
,,,-1.17336e-007,0.000441946
,,,-1.16936e-007,0.000441946
,,,-1.16536e-007,0
,,,-1.16136e-007,0
,,,-1.15736e-007,0.000662919
,,,-1.15336e-007,0
,,,-1.14936e-007,0.000220973
,,,-1.14536e-007,-0.000220973
,,,-1.14136e-007,-0.000441946
,,,-1.13736e-007,0
,,,-1.13336e-007,0.000441946
,,,-1.12936e-007,0
,,,-1.12536e-007,0
,,,-1.12136e-007,0
,,,-1.11736e-007,0.000441946
,,,-1.11336e-007,0.000662919
,,,-1.10936e-007,0.000220973
,,,-1.10536e-007,-0.000662919
,,,-1.10136e-007,-0.000220973
,,,-1.09736e-007,0.000662919
,,,-1.09336e-007,0.000883892
,,,-1.08936e-007,0.000662919
,,,-1.08536e-007,0.000441946
,,,-1.08136e-007,-0.000220973
,,,-1.07736e-007,-0.000441946
,,,-1.07336e-007,0
,,,-1.06936e-007,-0.000220973
,,,-1.06536e-007,0.000662919
,,,-1.06136e-007,0.000220973
,,,-1.05736e-007,0
,,,-1.05336e-007,0.000220973
,,,-1.04936e-007,0.000662919
,,,-1.04536e-007,0.000220973
,,,-1.04136e-007,0
,,,-1.03736e-007,0.000220973
,,,-1.03336e-007,0
,,,-1.02936e-007,0.000662919
,,,-1.02536e-007,-0.000441946
,,,-1.02136e-007,0
,,,-1.01736e-007,0.000220973
,,,-1.01336e-007,0.000220973
,,,-1.00936e-007,-0.000220973
,,,-1.00536e-007,0.000441946
,,,-1.00136e-007,0
,,,-9.97361e-008,0.000883892
,,,-9.93361e-008,0.000220973
,,,-9.89361e-008,-0.000220973
,,,-9.85361e-008,-0.000441946
,,,-9.81361e-008,-0.000441946
,,,-9.77361e-008,-0.000662919
,,,-9.73361e-008,-0.000441946
,,,-9.69361e-008,-0.000441946
,,,-9.65361e-008,0.000220973
,,,-9.61361e-008,0.000220973
,,,-9.57361e-008,0
,,,-9.53361e-008,0
,,,-9.49361e-008,0.000220973
,,,-9.45361e-008,0.000441946
,,,-9.41361e-008,0.000441946
,,,-9.37361e-008,0.000662919
,,,-9.33361e-008,0.000662919
,,,-9.29361e-008,0.000220973
,,,-9.25361e-008,0.000220973
,,,-9.21361e-008,0.000220973
,,,-9.17361e-008,-0.000441946
,,,-9.13361e-008,0
,,,-9.09361e-008,0
,,,-9.05361e-008,-0.000220973
,,,-9.01361e-008,0.000220973
,,,-8.97361e-008,0
,,,-8.93361e-008,0
,,,-8.89361e-008,-0.000220973
,,,-8.85361e-008,0
,,,-8.81361e-008,-0.000220973
,,,-8.77361e-008,0.000220973
,,,-8.73361e-008,-0.000220973
,,,-8.69361e-008,-0.000220973
,,,-8.65361e-008,0.000220973
,,,-8.61361e-008,-0.000220973
,,,-8.57361e-008,-0.000220973
,,,-8.53361e-008,-0.000441946
,,,-8.49361e-008,-0.000441946
,,,-8.45361e-008,0
,,,-8.41361e-008,0
,,,-8.37361e-008,0.000220973
,,,-8.33361e-008,-0.000441946
,,,-8.29361e-008,-0.000220973
,,,-8.25361e-008,-0.000220973
,,,-8.21361e-008,-0.000441946
,,,-8.17361e-008,-0.000220973
,,,-8.13361e-008,-0.000220973
,,,-8.09361e-008,0.000220973
,,,-8.05361e-008,0
,,,-8.01361e-008,0
,,,-7.97361e-008,-0.000220973
,,,-7.93361e-008,-0.000220973
,,,-7.89361e-008,0.000662919
,,,-7.85361e-008,-0.000220973
,,,-7.81361e-008,0.000220973
,,,-7.77361e-008,0
,,,-7.73361e-008,0.000220973
,,,-7.69361e-008,-0.000220973
,,,-7.65361e-008,0.000441946
,,,-7.61361e-008,-0.000220973
,,,-7.57361e-008,0
,,,-7.53361e-008,0.000662919
,,,-7.49361e-008,-0.000441946
,,,-7.45361e-008,0
,,,-7.41361e-008,0.000662919
,,,-7.37361e-008,0
,,,-7.33361e-008,0.000220973
,,,-7.29361e-008,-0.000220973
,,,-7.25361e-008,0
,,,-7.21361e-008,0.000441946
,,,-7.17361e-008,0.000441946
,,,-7.13361e-008,0
,,,-7.09361e-008,0.000441946
,,,-7.05361e-008,0.000883892
,,,-7.01361e-008,0.000220973
,,,-6.97361e-008,0.000220973
,,,-6.93361e-008,0.000220973
,,,-6.89361e-008,0
,,,-6.85361e-008,0
,,,-6.81361e-008,0.000441946
,,,-6.77361e-008,0.000220973
,,,-6.73361e-008,-0.000441946
,,,-6.69361e-008,-0.000220973
,,,-6.65361e-008,0
,,,-6.61361e-008,-0.000662919
,,,-6.57361e-008,-0.000662919
,,,-6.53361e-008,-0.000441946
,,,-6.49361e-008,-0.000220973
,,,-6.45361e-008,0.000662919
,,,-6.41361e-008,0.000441946
,,,-6.37361e-008,0
,,,-6.33361e-008,-0.000662919
,,,-6.29361e-008,0.000220973
,,,-6.25361e-008,0.000220973
,,,-6.21361e-008,0.000220973
,,,-6.17361e-008,0.000441946
,,,-6.13361e-008,-0.000441946
,,,-6.09361e-008,0
,,,-6.05361e-008,0
,,,-6.01361e-008,0.000220973
,,,-5.97361e-008,-0.000220973
,,,-5.93361e-008,0
,,,-5.89361e-008,0.000220973
,,,-5.85361e-008,0
,,,-5.81361e-008,-0.000441946
,,,-5.77361e-008,-0.000662919
,,,-5.73361e-008,0
,,,-5.69361e-008,-0.000220973
,,,-5.65361e-008,0.000220973
,,,-5.61361e-008,0.000662919
,,,-5.57361e-008,0.000220973
,,,-5.53361e-008,0.000441946
,,,-5.49361e-008,-0.000220973
,,,-5.45361e-008,-0.000220973
,,,-5.41361e-008,-0.000441946
,,,-5.37361e-008,-0.000220973
,,,-5.33361e-008,-0.000220973
,,,-5.29361e-008,-0.000220973
,,,-5.25361e-008,0.000220973
,,,-5.21361e-008,0.000441946
,,,-5.17361e-008,-0.000441946
,,,-5.13361e-008,0.000220973
,,,-5.09361e-008,0.000441946
,,,-5.05361e-008,-0.000441946
,,,-5.01361e-008,-0.000441946
,,,-4.97361e-008,-0.000662919
,,,-4.93361e-008,-0.000441946
,,,-4.89361e-008,0.000220973
,,,-4.85361e-008,0.000220973
,,,-4.81361e-008,-0.000220973
,,,-4.77361e-008,0
,,,-4.73361e-008,0.000220973
,,,-4.69361e-008,0.00110486
,,,-4.65361e-008,0.000220973
,,,-4.61361e-008,-0.000662919
,,,-4.57361e-008,0.000220973
,,,-4.53361e-008,0.000220973
,,,-4.49361e-008,0.000220973
,,,-4.45361e-008,0.000220973
,,,-4.41361e-008,-0.000220973
,,,-4.37361e-008,-0.000441946
,,,-4.33361e-008,0
,,,-4.29361e-008,0.000220973
,,,-4.25361e-008,-0.000220973
,,,-4.21361e-008,-0.000883892
,,,-4.17361e-008,0
,,,-4.13361e-008,0
,,,-4.09361e-008,0.000662919
,,,-4.05361e-008,0.000883892
,,,-4.01361e-008,0
,,,-3.97361e-008,0.000441946
,,,-3.93361e-008,0.000220973
,,,-3.89361e-008,-0.000220973
,,,-3.85361e-008,-0.000662919
,,,-3.81361e-008,0.000883892
,,,-3.77361e-008,0.000441946
,,,-3.73361e-008,0.000220973
,,,-3.69361e-008,0
,,,-3.65361e-008,0
,,,-3.61361e-008,-0.000662919
,,,-3.57361e-008,0
,,,-3.53361e-008,0.000441946
,,,-3.49361e-008,-0.000441946
,,,-3.45361e-008,-0.000220973
,,,-3.41361e-008,0.000441946
,,,-3.37361e-008,-0.000220973
,,,-3.33361e-008,0.000662919
,,,-3.29361e-008,0.000220973
,,,-3.25361e-008,0.000662919
,,,-3.21361e-008,0.000220973
,,,-3.17361e-008,-0.000441946
,,,-3.13361e-008,0
,,,-3.09361e-008,0.000220973
,,,-3.05361e-008,-0.000220973
,,,-3.01361e-008,0.000220973
,,,-2.97361e-008,0.000662919
,,,-2.93361e-008,0
,,,-2.89361e-008,-0.000220973
,,,-2.85361e-008,0.000662919
,,,-2.81361e-008,0.00110486
,,,-2.77361e-008,0.000441946
,,,-2.73361e-008,0.000220973
,,,-2.69361e-008,0
,,,-2.65361e-008,-0.000662919
,,,-2.61361e-008,-0.000441946
,,,-2.57361e-008,-0.000220973
,,,-2.53361e-008,0
,,,-2.49361e-008,-0.000220973
,,,-2.45361e-008,0.00110486
,,,-2.41361e-008,0.000441946
,,,-2.37361e-008,0.000220973
,,,-2.33361e-008,0.000220973
,,,-2.29361e-008,-0.000220973
,,,-2.25361e-008,0.000441946
,,,-2.21361e-008,-0.000662919
,,,-2.17361e-008,0.000220973
,,,-2.13361e-008,-0.000220973
,,,-2.09361e-008,-0.000441946
,,,-2.05361e-008,0.000220973
,,,-2.01361e-008,0.000662919
,,,-1.97361e-008,-0.000441946
,,,-1.93361e-008,-0.00132584
,,,-1.89361e-008,-0.000220973
,,,-1.85361e-008,0.000662919
,,,-1.81361e-008,-0.000883892
,,,-1.77361e-008,-0.000441946
,,,-1.73361e-008,-0.000441946
,,,-1.69361e-008,0
,,,-1.65361e-008,0
,,,-1.61361e-008,0.000441946
,,,-1.57361e-008,0.000220973
,,,-1.53361e-008,0
,,,-1.49361e-008,0
,,,-1.45361e-008,0.000220973
,,,-1.41361e-008,0.000220973
,,,-1.37361e-008,-0.000220973
,,,-1.33361e-008,0.000220973
,,,-1.29361e-008,0.000441946
,,,-1.25361e-008,-0.000220973
,,,-1.21361e-008,-0.000441946
,,,-1.17361e-008,-0.000220973
,,,-1.13361e-008,0.000220973
,,,-1.09361e-008,0
,,,-1.05361e-008,0.000662919
,,,-1.01361e-008,-0.000220973
,,,-9.73606e-009,-0.000220973
,,,-9.33606e-009,0
,,,-8.93606e-009,0
,,,-8.53606e-009,0.000441946
,,,-8.13606e-009,0.000883892
,,,-7.73606e-009,-0.000441946
,,,-7.33606e-009,-0.000220973
,,,-6.93606e-009,0.000662919
,,,-6.53606e-009,-0.000220973
,,,-6.13606e-009,0.000662919
,,,-5.73606e-009,0.00110486
,,,-5.33606e-009,0.00132584
,,,-4.93606e-009,0.000441946
,,,-4.53606e-009,0.000441946
,,,-4.13606e-009,0
,,,-3.73606e-009,-0.000441946
,,,-3.33606e-009,-0.000441946
,,,-2.93606e-009,0.000220973
,,,-2.53606e-009,-0.000441946
,,,-2.13606e-009,-0.000220973
,,,-1.73606e-009,-0.000441946
,,,-1.33606e-009,0
,,,-9.36057e-010,-0.000220973
,,,-5.36057e-010,-0.000220973
,,,-1.36057e-010,0.000662919
,,,2.63943e-010,0
,,,6.63943e-010,-0.000662919
,,,1.06394e-009,0
,,,1.46394e-009,0.000441946
,,,1.86394e-009,0.000441946
,,,2.26394e-009,-0.000220973
,,,2.66394e-009,-0.000220973
,,,3.06394e-009,0.000441946
,,,3.46394e-009,0
,,,3.86394e-009,0.000441946
,,,4.26394e-009,-0.000220973
,,,4.66394e-009,0.000220973
,,,5.06394e-009,0.000441946
,,,5.46394e-009,-0.000220973
,,,5.86394e-009,0
,,,6.26394e-009,-0.000220973
,,,6.66394e-009,-0.000220973
,,,7.06394e-009,0.000220973
,,,7.46394e-009,0
,,,7.86394e-009,-0.000441946
,,,8.26394e-009,0
,,,8.66394e-009,0.000220973
,,,9.06394e-009,0.000441946
,,,9.46394e-009,0.000220973
,,,9.86394e-009,0.000883892
,,,1.02639e-008,0.000220973
,,,1.06639e-008,0.000441946
,,,1.10639e-008,0.000883892
,,,1.14639e-008,0
,,,1.18639e-008,0
,,,1.22639e-008,0.000220973
,,,1.26639e-008,0.00110486
,,,1.30639e-008,-0.000220973
,,,1.34639e-008,-0.000220973
,,,1.38639e-008,0
,,,1.42639e-008,-0.000220973
,,,1.46639e-008,-0.000220973
,,,1.50639e-008,-0.000220973
,,,1.54639e-008,0.000883892
,,,1.58639e-008,0
,,,1.62639e-008,-0.000220973
,,,1.66639e-008,-0.000441946
,,,1.70639e-008,0
,,,1.74639e-008,-0.000220973
,,,1.78639e-008,0.000220973
,,,1.82639e-008,0.000441946
,,,1.86639e-008,0.000220973
,,,1.90639e-008,-0.000220973
,,,1.94639e-008,-0.000220973
,,,1.98639e-008,0.000220973
,,,2.02639e-008,0
,,,2.06639e-008,-0.000441946
,,,2.10639e-008,0
,,,2.14639e-008,-0.000220973
,,,2.18639e-008,0
,,,2.22639e-008,-0.000883892
,,,2.26639e-008,0.000220973
,,,2.30639e-008,0.000220973
,,,2.34639e-008,0.000662919
,,,2.38639e-008,0
,,,2.42639e-008,0.000441946
,,,2.46639e-008,0
,,,2.50639e-008,0.000662919
,,,2.54639e-008,0.000441946
,,,2.58639e-008,0.000220973
,,,2.62639e-008,0.000220973
,,,2.66639e-008,0.000662919
,,,2.70639e-008,0.000220973
,,,2.74639e-008,0
,,,2.78639e-008,-0.00110486
,,,2.82639e-008,0.000220973
,,,2.86639e-008,-0.000220973
,,,2.90639e-008,-0.000220973
,,,2.94639e-008,-0.000883892
,,,2.98639e-008,-0.000220973
,,,3.02639e-008,0.000662919
,,,3.06639e-008,0
,,,3.10639e-008,-0.000441946
,,,3.14639e-008,0.000441946
,,,3.18639e-008,0.000220973
,,,3.22639e-008,-0.000220973
,,,3.26639e-008,0.000441946
,,,3.30639e-008,-0.000220973
,,,3.34639e-008,-0.000441946
,,,3.38639e-008,0.000662919
,,,3.42639e-008,0.000441946
,,,3.46639e-008,0.000220973
,,,3.50639e-008,0.000220973
,,,3.54639e-008,0
,,,3.58639e-008,0.000220973
,,,3.62639e-008,0.000883892
,,,3.66639e-008,0.000441946
,,,3.70639e-008,-0.000220973
,,,3.74639e-008,0.000441946
,,,3.78639e-008,0.000220973
,,,3.82639e-008,0.000441946
,,,3.86639e-008,0.000220973
,,,3.90639e-008,-0.000220973
,,,3.94639e-008,0
,,,3.98639e-008,-0.000441946
,,,4.02639e-008,-0.000220973
,,,4.06639e-008,0
,,,4.10639e-008,0.000441946
,,,4.14639e-008,0
,,,4.18639e-008,-0.000220973
,,,4.22639e-008,-0.000220973
,,,4.26639e-008,0.000883892
,,,4.30639e-008,0.000220973
,,,4.34639e-008,0.000883892
,,,4.38639e-008,0.000220973
,,,4.42639e-008,0.000220973
,,,4.46639e-008,-0.000662919
,,,4.50639e-008,-0.000441946
,,,4.54639e-008,0.000220973
,,,4.58639e-008,-0.000220973
,,,4.62639e-008,0.000220973
,,,4.66639e-008,-0.000220973
,,,4.70639e-008,0.000441946
,,,4.74639e-008,-0.000662919
,,,4.78639e-008,0
,,,4.82639e-008,0.000883892
,,,4.86639e-008,-0.000220973
,,,4.90639e-008,0
,,,4.94639e-008,-0.000441946
,,,4.98639e-008,-0.000441946
,,,5.02639e-008,-0.000441946
,,,5.06639e-008,-0.000441946
,,,5.10639e-008,0.000220973
,,,5.14639e-008,-0.000220973
,,,5.18639e-008,-0.000220973
,,,5.22639e-008,-0.000220973
,,,5.26639e-008,-0.000220973
,,,5.30639e-008,0.000220973
,,,5.34639e-008,0
,,,5.38639e-008,-0.000662919
,,,5.42639e-008,-0.000220973
,,,5.46639e-008,0.000220973
,,,5.50639e-008,0.000220973
,,,5.54639e-008,0.00132584
,,,5.58639e-008,0.000220973
,,,5.62639e-008,0.000220973
,,,5.66639e-008,0.000220973
,,,5.70639e-008,0.000220973
,,,5.74639e-008,-0.000662919
,,,5.78639e-008,0.000220973
,,,5.82639e-008,0
,,,5.86639e-008,0.000220973
,,,5.90639e-008,0.000441946
,,,5.94639e-008,0.000220973
,,,5.98639e-008,-0.000441946
,,,6.02639e-008,-0.000220973
,,,6.06639e-008,0
,,,6.10639e-008,-0.000441946
,,,6.14639e-008,0.000220973
,,,6.18639e-008,0
,,,6.22639e-008,0
,,,6.26639e-008,0.000662919
,,,6.30639e-008,-0.000441946
,,,6.34639e-008,0
,,,6.38639e-008,0.000441946
,,,6.42639e-008,0.000220973
,,,6.46639e-008,0
,,,6.50639e-008,-0.000220973
,,,6.54639e-008,0.000441946
,,,6.58639e-008,0.000220973
,,,6.62639e-008,0.000220973
,,,6.66639e-008,0.000441946
,,,6.70639e-008,0.000441946
,,,6.74639e-008,0.000220973
,,,6.78639e-008,0.000220973
,,,6.82639e-008,0.000441946
,,,6.86639e-008,0.000662919
,,,6.90639e-008,-0.000441946
,,,6.94639e-008,0.000441946
,,,6.98639e-008,0.000662919
,,,7.02639e-008,-0.000441946
,,,7.06639e-008,0
,,,7.10639e-008,0.000220973
,,,7.14639e-008,0.000662919
,,,7.18639e-008,-0.000662919
,,,7.22639e-008,0.000662919
,,,7.26639e-008,-0.000220973
,,,7.30639e-008,-0.000662919
,,,7.34639e-008,0.000441946
,,,7.38639e-008,0
,,,7.42639e-008,-0.000220973
,,,7.46639e-008,0.000883892
,,,7.50639e-008,0.000662919
,,,7.54639e-008,0
,,,7.58639e-008,-0.000220973
,,,7.62639e-008,-0.000441946
,,,7.66639e-008,0
,,,7.70639e-008,0
,,,7.74639e-008,0.000220973
,,,7.78639e-008,0.000220973
,,,7.82639e-008,-0.000220973
,,,7.86639e-008,0.000220973
,,,7.90639e-008,0
,,,7.94639e-008,0.000220973
,,,7.98639e-008,0.000220973
,,,8.02639e-008,0.000220973
,,,8.06639e-008,0.000441946
,,,8.10639e-008,0
,,,8.14639e-008,-0.000441946
,,,8.18639e-008,0.000662919
,,,8.22639e-008,0.000662919
,,,8.26639e-008,0.000883892
,,,8.30639e-008,0.000441946
,,,8.34639e-008,-0.000220973
,,,8.38639e-008,0
,,,8.42639e-008,0.000220973
,,,8.46639e-008,0.000220973
,,,8.50639e-008,0.000220973
,,,8.54639e-008,0.000220973
,,,8.58639e-008,0
,,,8.62639e-008,0.000220973
,,,8.66639e-008,0.000220973
,,,8.70639e-008,-0.000441946
,,,8.74639e-008,-0.000441946
,,,8.78639e-008,0.000441946
,,,8.82639e-008,0.000441946
,,,8.86639e-008,-0.000441946
,,,8.90639e-008,0.000220973
,,,8.94639e-008,-0.000220973
,,,8.98639e-008,-0.000220973
,,,9.02639e-008,0.000441946
,,,9.06639e-008,-0.000441946
,,,9.10639e-008,0.000662919
,,,9.14639e-008,0.00110486
,,,9.18639e-008,0.000441946
,,,9.22639e-008,0.000662919
,,,9.26639e-008,0.000220973
,,,9.30639e-008,0.000662919
,,,9.34639e-008,0.000662919
,,,9.38639e-008,0.00132584
,,,9.42639e-008,0.000220973
,,,9.46639e-008,0.00220973
,,,9.50639e-008,0.00265168
,,,9.54639e-008,0.00265168
,,,9.58639e-008,0.00486141
,,,9.62639e-008,0.00552432
,,,9.66639e-008,0.00640822
,,,9.70639e-008,0.00662919
,,,9.74639e-008,0.00928087
,,,9.78639e-008,0.00994378
,,,9.82639e-008,0.0110486
,,,9.86639e-008,0.0121535
,,,9.90639e-008,0.0137003
,,,9.94639e-008,0.0139213
,,,9.98639e-008,0.0143632
,,,1.00264e-007,0.0143632
,,,1.00664e-007,0.0152471
,,,1.01064e-007,0.0159101
,,,1.01464e-007,0.0159101
,,,1.01864e-007,0.016352
,,,1.02264e-007,0.0170149
,,,1.02664e-007,0.0167939
,,,1.03064e-007,0.0172359
,,,1.03464e-007,0.0172359
,,,1.03864e-007,0.0176778
,,,1.04264e-007,0.0172359
,,,1.04664e-007,0.0172359
,,,1.05064e-007,0.0176778
,,,1.05464e-007,0.0181198
,,,1.05864e-007,0.0172359
,,,1.06264e-007,0.0176778
,,,1.06664e-007,0.0174569
,,,1.07064e-007,0.0174569
,,,1.07464e-007,0.0178988
,,,1.07864e-007,0.0178988
,,,1.08264e-007,0.0176778
,,,1.08664e-007,0.0174569
,,,1.09064e-007,0.0167939
,,,1.09464e-007,0.0172359
,,,1.09864e-007,0.0174569
,,,1.10264e-007,0.0170149
,,,1.10664e-007,0.0181198
,,,1.11064e-007,0.0178988
,,,1.11464e-007,0.0185617
,,,1.11864e-007,0.0172359
,,,1.12264e-007,0.0181198
,,,1.12664e-007,0.0178988
,,,1.13064e-007,0.0172359
,,,1.13464e-007,0.0176778
,,,1.13864e-007,0.0176778
,,,1.14264e-007,0.0176778
,,,1.14664e-007,0.0172359
,,,1.15064e-007,0.0183408
,,,1.15464e-007,0.0181198
,,,1.15864e-007,0.0170149
,,,1.16264e-007,0.0174569
,,,1.16664e-007,0.0178988
,,,1.17064e-007,0.0174569
,,,1.17464e-007,0.0172359
,,,1.17864e-007,0.0170149
,,,1.18264e-007,0.0174569
,,,1.18664e-007,0.0183408
,,,1.19064e-007,0.0178988
,,,1.19464e-007,0.0176778
,,,1.19864e-007,0.0174569
,,,1.20264e-007,0.0181198
,,,1.20664e-007,0.0176778
,,,1.21064e-007,0.0185617
,,,1.21464e-007,0.0185617
,,,1.21864e-007,0.0181198
,,,1.22264e-007,0.0187827
,,,1.22664e-007,0.0194456
,,,1.23064e-007,0.0198876
,,,1.23464e-007,0.0198876
,,,1.23864e-007,0.0198876
,,,1.24264e-007,0.0196666
,,,1.24664e-007,0.0198876
,,,1.25064e-007,0.0198876
,,,1.25464e-007,0.0201085
,,,1.25864e-007,0.0205505
,,,1.26264e-007,0.0207715
,,,1.26664e-007,0.0207715
,,,1.27064e-007,0.0205505
,,,1.27464e-007,0.0203295
,,,1.27864e-007,0.0203295
,,,1.28264e-007,0.0209924
,,,1.28664e-007,0.0201085
,,,1.29064e-007,0.0187827
,,,1.29464e-007,0.0194456
,,,1.29864e-007,0.0185617
,,,1.30264e-007,0.0183408
,,,1.30664e-007,0.0181198
,,,1.31064e-007,0.0183408
,,,1.31464e-007,0.0178988
,,,1.31864e-007,0.0181198
,,,1.32264e-007,0.0174569
,,,1.32664e-007,0.0172359
,,,1.33064e-007,0.0170149
,,,1.33464e-007,0.0167939
,,,1.33864e-007,0.016573
,,,1.34264e-007,0.0167939
,,,1.34664e-007,0.016573
,,,1.35064e-007,0.016573
,,,1.35464e-007,0.016573
,,,1.35864e-007,0.0174569
,,,1.36264e-007,0.016573
,,,1.36664e-007,0.0172359
,,,1.37064e-007,0.0167939
,,,1.37464e-007,0.0167939
,,,1.37864e-007,0.016352
,,,1.38264e-007,0.0159101
,,,1.38664e-007,0.016131
,,,1.39064e-007,0.0159101
,,,1.39464e-007,0.016131
,,,1.39864e-007,0.016352
,,,1.40264e-007,0.0159101
,,,1.40664e-007,0.0159101
,,,1.41064e-007,0.0150262
,,,1.41464e-007,0.0154681
,,,1.41864e-007,0.016131
,,,1.42264e-007,0.0152471
,,,1.42664e-007,0.0152471
,,,1.43064e-007,0.0159101
,,,1.43464e-007,0.0152471
,,,1.43864e-007,0.0148052
,,,1.44264e-007,0.0150262
,,,1.44664e-007,0.0156891
,,,1.45064e-007,0.0152471
,,,1.45464e-007,0.0145842
,,,1.45864e-007,0.0137003
,,,1.46264e-007,0.0143632
,,,1.46664e-007,0.0150262
,,,1.47064e-007,0.0148052
,,,1.47464e-007,0.0150262
,,,1.47864e-007,0.0143632
,,,1.48264e-007,0.0143632
,,,1.48664e-007,0.0143632
,,,1.49064e-007,0.0145842
,,,1.49464e-007,0.0137003
,,,1.49864e-007,0.0137003
,,,1.50264e-007,0.0134794
,,,1.50664e-007,0.0145842
,,,1.51064e-007,0.0139213
,,,1.51464e-007,0.0139213
,,,1.51864e-007,0.0139213
,,,1.52264e-007,0.0148052
,,,1.52664e-007,0.0139213
,,,1.53064e-007,0.0139213
,,,1.53464e-007,0.0137003
,,,1.53864e-007,0.0137003
,,,1.54264e-007,0.0132584
,,,1.54664e-007,0.0132584
,,,1.55064e-007,0.0134794
,,,1.55464e-007,0.0132584
,,,1.55864e-007,0.0123745
,,,1.56264e-007,0.0128164
,,,1.56664e-007,0.0123745
,,,1.57064e-007,0.0119325
,,,1.57464e-007,0.0123745
,,,1.57864e-007,0.0114906
,,,1.58264e-007,0.0119325
,,,1.58664e-007,0.0117116
,,,1.59064e-007,0.0119325
,,,1.59464e-007,0.0121535
,,,1.59864e-007,0.0117116
,,,1.60264e-007,0.0123745
,,,1.60664e-007,0.0114906
,,,1.61064e-007,0.0117116
,,,1.61464e-007,0.0119325
,,,1.61864e-007,0.0112696
,,,1.62264e-007,0.0125955
,,,1.62664e-007,0.0119325
,,,1.63064e-007,0.0128164
,,,1.63464e-007,0.0123745
,,,1.63864e-007,0.0125955
,,,1.64264e-007,0.0119325
,,,1.64664e-007,0.0119325
,,,1.65064e-007,0.0117116
,,,1.65464e-007,0.0117116
,,,1.65864e-007,0.0121535
,,,1.66264e-007,0.0121535
,,,1.66664e-007,0.0119325
,,,1.67064e-007,0.0130374
,,,1.67464e-007,0.0130374
,,,1.67864e-007,0.0130374
,,,1.68264e-007,0.0125955
,,,1.68664e-007,0.0125955
,,,1.69064e-007,0.0117116
,,,1.69464e-007,0.0125955
,,,1.69864e-007,0.0119325
,,,1.70264e-007,0.0121535
,,,1.70664e-007,0.0128164
,,,1.71064e-007,0.0114906
,,,1.71464e-007,0.0121535
,,,1.71864e-007,0.0121535
,,,1.72264e-007,0.0128164
,,,1.72664e-007,0.0121535
,,,1.73064e-007,0.0121535
,,,1.73464e-007,0.0125955
,,,1.73864e-007,0.0119325
,,,1.74264e-007,0.0114906
,,,1.74664e-007,0.0123745
,,,1.75064e-007,0.0125955
,,,1.75464e-007,0.0123745
,,,1.75864e-007,0.0128164
,,,1.76264e-007,0.0119325
,,,1.76664e-007,0.0119325
,,,1.77064e-007,0.0125955
,,,1.77464e-007,0.0121535
,,,1.77864e-007,0.0125955
,,,1.78264e-007,0.0125955
,,,1.78664e-007,0.0125955
,,,1.79064e-007,0.0125955
,,,1.79464e-007,0.0128164
,,,1.79864e-007,0.0117116
,,,1.80264e-007,0.0123745
,,,1.80664e-007,0.0123745
,,,1.81064e-007,0.0121535
,,,1.81464e-007,0.0123745
,,,1.81864e-007,0.0125955
,,,1.82264e-007,0.0117116
,,,1.82664e-007,0.0117116
,,,1.83064e-007,0.0123745
,,,1.83464e-007,0.0125955
,,,1.83864e-007,0.0119325
,,,1.84264e-007,0.0121535
,,,1.84664e-007,0.0117116
,,,1.85064e-007,0.0130374
,,,1.85464e-007,0.0125955
,,,1.85864e-007,0.0123745
,,,1.86264e-007,0.0123745
,,,1.86664e-007,0.0128164
,,,1.87064e-007,0.0130374
,,,1.87464e-007,0.0130374
,,,1.87864e-007,0.0130374
,,,1.88264e-007,0.0130374
,,,1.88664e-007,0.0130374
,,,1.89064e-007,0.0137003
,,,1.89464e-007,0.0125955
,,,1.89864e-007,0.0128164
,,,1.90264e-007,0.0137003
,,,1.90664e-007,0.0137003
,,,1.91064e-007,0.0119325
,,,1.91464e-007,0.0130374
,,,1.91864e-007,0.0137003
,,,1.92264e-007,0.0132584
,,,1.92664e-007,0.0134794
,,,1.93064e-007,0.0137003
,,,1.93464e-007,0.0137003
,,,1.93864e-007,0.0134794
,,,1.94264e-007,0.0137003
,,,1.94664e-007,0.0130374
,,,1.95064e-007,0.0139213
,,,1.95464e-007,0.0130374
,,,1.95864e-007,0.0132584
,,,1.96264e-007,0.0137003
,,,1.96664e-007,0.0132584
,,,1.97064e-007,0.0125955
,,,1.97464e-007,0.0132584
,,,1.97864e-007,0.0128164
,,,1.98264e-007,0.0125955
,,,1.98664e-007,0.0137003
,,,1.99064e-007,0.0128164
,,,1.99464e-007,0.0130374
,,,1.99864e-007,0.0130374
,,,2.00264e-007,0.0123745
,,,2.00664e-007,0.0128164
,,,2.01064e-007,0.0128164
,,,2.01464e-007,0.0123745
,,,2.01864e-007,0.0123745
,,,2.02264e-007,0.0121535
,,,2.02664e-007,0.0121535
,,,2.03064e-007,0.0125955
,,,2.03464e-007,0.0112696
,,,2.03864e-007,0.0114906
,,,2.04264e-007,0.0114906
,,,2.04664e-007,0.0119325
,,,2.05064e-007,0.0112696
,,,2.05464e-007,0.0112696
,,,2.05864e-007,0.0114906
,,,2.06264e-007,0.0106067
,,,2.06664e-007,0.00994378
,,,2.07064e-007,0.0103857
,,,2.07464e-007,0.0103857
,,,2.07864e-007,0.0101648
,,,2.08264e-007,0.00972281
,,,2.08664e-007,0.00905989
,,,2.09064e-007,0.00950184
,,,2.09464e-007,0.00883892
,,,2.09864e-007,0.00751308
,,,2.10264e-007,0.00839697
,,,2.10664e-007,0.00773405
,,,2.11064e-007,0.00707114
,,,2.11464e-007,0.00640822
,,,2.11864e-007,0.00552432
,,,2.12264e-007,0.00618724
,,,2.12664e-007,0.00618724
,,,2.13064e-007,0.00530335
,,,2.13464e-007,0.00508238
,,,2.13864e-007,0.00486141
,,,2.14264e-007,0.00441946
,,,2.14664e-007,0.00441946
,,,2.15064e-007,0.00441946
,,,2.15464e-007,0.00331459
,,,2.15864e-007,0.00353557
,,,2.16264e-007,0.00375654
,,,2.16664e-007,0.00331459
,,,2.17064e-007,0.00331459
,,,2.17464e-007,0.00265168
,,,2.17864e-007,0.00176778
,,,2.18264e-007,0.00220973
,,,2.18664e-007,0.00220973
,,,2.19064e-007,0.0024307
,,,2.19464e-007,0.00198876
,,,2.19864e-007,0.0024307
,,,2.20264e-007,0.00220973
,,,2.20664e-007,0.00132584
,,,2.21064e-007,0.00154681
,,,2.21464e-007,0.00110486
,,,2.21864e-007,0.000883892
,,,2.22264e-007,0.00154681
,,,2.22664e-007,0.00154681
,,,2.23064e-007,0.00110486
,,,2.23464e-007,0.0024307
,,,2.23864e-007,0.00176778
,,,2.24264e-007,0.00110486
,,,2.24664e-007,0.00110486
,,,2.25064e-007,0.000883892
,,,2.25464e-007,0.000662919
,,,2.25864e-007,0.000883892
,,,2.26264e-007,0.000883892
,,,2.26664e-007,0.000883892
,,,2.27064e-007,0.00110486
,,,2.27464e-007,0.000441946
,,,2.27864e-007,0.000662919
,,,2.28264e-007,0.00110486
,,,2.28664e-007,0.000441946
,,,2.29064e-007,0
,,,2.29464e-007,0.000883892
,,,2.29864e-007,0.000662919
,,,2.30264e-007,0.000441946
,,,2.30664e-007,0.000883892
,,,2.31064e-007,0.00132584
,,,2.31464e-007,0.00132584
,,,2.31864e-007,0.00110486
,,,2.32264e-007,0.000441946
,,,2.32664e-007,0.000220973
,,,2.33064e-007,0.00110486
,,,2.33464e-007,0.000220973
,,,2.33864e-007,0
,,,2.34264e-007,0.000441946
,,,2.34664e-007,0.000220973
,,,2.35064e-007,0
,,,2.35464e-007,0.000883892
,,,2.35864e-007,-0.000220973
,,,2.36264e-007,0
,,,2.36664e-007,0
,,,2.37064e-007,-0.000662919
,,,2.37464e-007,-0.000220973
,,,2.37864e-007,-0.000662919
,,,2.38264e-007,-0.000883892
,,,2.38664e-007,-0.000220973
,,,2.39064e-007,-0.000220973
,,,2.39464e-007,-0.000220973
,,,2.39864e-007,-0.000662919
,,,2.40264e-007,-0.000662919
,,,2.40664e-007,-0.000441946
,,,2.41064e-007,0.000220973
,,,2.41464e-007,-0.000220973
,,,2.41864e-007,-0.000662919
,,,2.42264e-007,-0.000220973
,,,2.42664e-007,-0.000662919
,,,2.43064e-007,-0.000883892
,,,2.43464e-007,-0.000662919
,,,2.43864e-007,-0.000441946
,,,2.44264e-007,0
,,,2.44664e-007,0
,,,2.45064e-007,-0.00110486
,,,2.45464e-007,-0.000662919
,,,2.45864e-007,-0.00110486
,,,2.46264e-007,-0.000662919
,,,2.46664e-007,-0.000220973
,,,2.47064e-007,-0.000662919
,,,2.47464e-007,0.000883892
,,,2.47864e-007,-0.000441946
,,,2.48264e-007,-0.000441946
,,,2.48664e-007,-0.000220973
,,,2.49064e-007,0.000441946
,,,2.49464e-007,-0.000662919
,,,2.49864e-007,-0.000441946
,,,2.50264e-007,0
