"Record Length",1252,"Points",-2.50368e-007,0.000220973
"Sample Interval",4e-010,s,-2.49968e-007,0
"Trigger Point",625,"Samples",-2.49568e-007,0.000883892
"Trigger Time",0.920041,s,-2.49168e-007,0.000662919
,,,-2.48768e-007,0.000662919
"Horizontal Offset",-2.50368e-007,s,-2.48368e-007,-0.000662919
,,,-2.47968e-007,0
,,,-2.47568e-007,-0.000220973
,,,-2.47168e-007,0.000441946
,,,-2.46768e-007,0.000220973
,,,-2.46368e-007,0.000662919
,,,-2.45968e-007,0.000441946
,,,-2.45568e-007,0.000220973
,,,-2.45168e-007,0.000220973
,,,-2.44768e-007,0.000441946
,,,-2.44368e-007,0.000220973
,,,-2.43968e-007,0
,,,-2.43568e-007,-0.000220973
,,,-2.43168e-007,0
,,,-2.42768e-007,0.000220973
,,,-2.42368e-007,-0.000220973
,,,-2.41968e-007,0
,,,-2.41568e-007,0
,,,-2.41168e-007,0.000883892
,,,-2.40768e-007,-0.000220973
,,,-2.40368e-007,0.000220973
,,,-2.39968e-007,0.000662919
,,,-2.39568e-007,-0.000220973
,,,-2.39168e-007,0.000220973
,,,-2.38768e-007,0.000662919
,,,-2.38368e-007,0
,,,-2.37968e-007,-0.000220973
,,,-2.37568e-007,0.000220973
,,,-2.37168e-007,0.000220973
,,,-2.36768e-007,0.000220973
,,,-2.36368e-007,0
,,,-2.35968e-007,0.000220973
,,,-2.35568e-007,0.000220973
,,,-2.35168e-007,0.000662919
,,,-2.34768e-007,-0.000441946
,,,-2.34368e-007,0.000220973
,,,-2.33968e-007,0.000220973
,,,-2.33568e-007,-0.000662919
,,,-2.33168e-007,-0.000441946
,,,-2.32768e-007,0.000883892
,,,-2.32368e-007,-0.000441946
,,,-2.31968e-007,0.000662919
,,,-2.31568e-007,0.000220973
,,,-2.31168e-007,0
,,,-2.30768e-007,0.000220973
,,,-2.30368e-007,0.000220973
,,,-2.29968e-007,0
,,,-2.29568e-007,-0.000662919
,,,-2.29168e-007,0
,,,-2.28768e-007,0
,,,-2.28368e-007,0.000441946
,,,-2.27968e-007,-0.000220973
,,,-2.27568e-007,0.000441946
,,,-2.27168e-007,-0.000662919
,,,-2.26768e-007,-0.000220973
,,,-2.26368e-007,0
,,,-2.25968e-007,0.000441946
,,,-2.25568e-007,-0.000220973
,,,-2.25168e-007,0.000220973
,,,-2.24768e-007,0.000220973
,,,-2.24368e-007,0.000662919
,,,-2.23968e-007,0
,,,-2.23568e-007,0.000220973
,,,-2.23168e-007,0.000441946
,,,-2.22768e-007,0.000662919
,,,-2.22368e-007,0
,,,-2.21968e-007,0.000220973
,,,-2.21568e-007,0.00110486
,,,-2.21168e-007,0.000441946
,,,-2.20768e-007,0.000883892
,,,-2.20368e-007,0.000220973
,,,-2.19968e-007,-0.000220973
,,,-2.19568e-007,-0.000220973
,,,-2.19168e-007,-0.00110486
,,,-2.18768e-007,-0.000441946
,,,-2.18368e-007,-0.000220973
,,,-2.17968e-007,-0.000441946
,,,-2.17568e-007,-0.000662919
,,,-2.17168e-007,0.000220973
,,,-2.16768e-007,0.000220973
,,,-2.16368e-007,0.000662919
,,,-2.15968e-007,0
,,,-2.15568e-007,0
,,,-2.15168e-007,0.000220973
,,,-2.14768e-007,0.000441946
,,,-2.14368e-007,0.000662919
,,,-2.13968e-007,-0.000441946
,,,-2.13568e-007,0.000220973
,,,-2.13168e-007,0.000441946
,,,-2.12768e-007,0.000662919
,,,-2.12368e-007,0.000441946
,,,-2.11968e-007,0.000441946
,,,-2.11568e-007,0
,,,-2.11168e-007,0.000662919
,,,-2.10768e-007,0.000220973
,,,-2.10368e-007,0
,,,-2.09968e-007,0.000441946
,,,-2.09568e-007,0.000883892
,,,-2.09168e-007,0.000441946
,,,-2.08768e-007,-0.000441946
,,,-2.08368e-007,0.000441946
,,,-2.07968e-007,0.000662919
,,,-2.07568e-007,0.000883892
,,,-2.07168e-007,0
,,,-2.06768e-007,0.000441946
,,,-2.06368e-007,0.000441946
,,,-2.05968e-007,-0.000441946
,,,-2.05568e-007,0.000441946
,,,-2.05168e-007,0
,,,-2.04768e-007,-0.000220973
,,,-2.04368e-007,0.000220973
,,,-2.03968e-007,0.000662919
,,,-2.03568e-007,0
,,,-2.03168e-007,-0.000441946
,,,-2.02768e-007,-0.000220973
,,,-2.02368e-007,0.000220973
,,,-2.01968e-007,-0.000883892
,,,-2.01568e-007,0.000220973
,,,-2.01168e-007,-0.000662919
,,,-2.00768e-007,0.00110486
,,,-2.00368e-007,0.000220973
,,,-1.99968e-007,0
,,,-1.99568e-007,0
,,,-1.99168e-007,-0.000220973
,,,-1.98768e-007,0.000662919
,,,-1.98368e-007,0.000662919
,,,-1.97968e-007,0.000441946
,,,-1.97568e-007,0.000220973
,,,-1.97168e-007,-0.000220973
,,,-1.96768e-007,0.000441946
,,,-1.96368e-007,0
,,,-1.95968e-007,0
,,,-1.95568e-007,-0.000441946
,,,-1.95168e-007,0
,,,-1.94768e-007,-0.000441946
,,,-1.94368e-007,0
,,,-1.93968e-007,0.000220973
,,,-1.93568e-007,0.000441946
,,,-1.93168e-007,0.000883892
,,,-1.92768e-007,0.000662919
,,,-1.92368e-007,0.000441946
,,,-1.91968e-007,0
,,,-1.91568e-007,0
,,,-1.91168e-007,0
,,,-1.90768e-007,0.000441946
,,,-1.90368e-007,0.000220973
,,,-1.89968e-007,0
,,,-1.89568e-007,0.000662919
,,,-1.89168e-007,0.000441946
,,,-1.88768e-007,0.000662919
,,,-1.88368e-007,0.000220973
,,,-1.87968e-007,-0.000662919
,,,-1.87568e-007,-0.000441946
,,,-1.87168e-007,0.000220973
,,,-1.86768e-007,0
,,,-1.86368e-007,0.000662919
,,,-1.85968e-007,0.000441946
,,,-1.85568e-007,-0.000220973
,,,-1.85168e-007,-0.000441946
,,,-1.84768e-007,0
,,,-1.84368e-007,0.000220973
,,,-1.83968e-007,-0.000441946
,,,-1.83568e-007,0
,,,-1.83168e-007,0
,,,-1.82768e-007,0.000220973
,,,-1.82368e-007,-0.000220973
,,,-1.81968e-007,-0.000220973
,,,-1.81568e-007,0
,,,-1.81168e-007,-0.000220973
,,,-1.80768e-007,-0.000220973
,,,-1.80368e-007,-0.000220973
,,,-1.79968e-007,0
,,,-1.79568e-007,0.000220973
,,,-1.79168e-007,0.000883892
,,,-1.78768e-007,0.000220973
,,,-1.78368e-007,0
,,,-1.77968e-007,0
,,,-1.77568e-007,0.000220973
,,,-1.77168e-007,0.000441946
,,,-1.76768e-007,0
,,,-1.76368e-007,-0.000441946
,,,-1.75968e-007,-0.000441946
,,,-1.75568e-007,-0.000220973
,,,-1.75168e-007,0
,,,-1.74768e-007,-0.000220973
,,,-1.74368e-007,0.000441946
,,,-1.73968e-007,0.000441946
,,,-1.73568e-007,0.000220973
,,,-1.73168e-007,0
,,,-1.72768e-007,0.000662919
,,,-1.72368e-007,0.000220973
,,,-1.71968e-007,-0.000441946
,,,-1.71568e-007,-0.000220973
,,,-1.71168e-007,-0.000220973
,,,-1.70768e-007,-0.000662919
,,,-1.70368e-007,0.000441946
,,,-1.69968e-007,0.000441946
,,,-1.69568e-007,0.000662919
,,,-1.69168e-007,0.000662919
,,,-1.68768e-007,0.00110486
,,,-1.68368e-007,0.000220973
,,,-1.67968e-007,0.000662919
,,,-1.67568e-007,0
,,,-1.67168e-007,-0.000220973
,,,-1.66768e-007,-0.000220973
,,,-1.66368e-007,0.000441946
,,,-1.65968e-007,0.000220973
,,,-1.65568e-007,0.000883892
,,,-1.65168e-007,0.000662919
,,,-1.64768e-007,0.000220973
,,,-1.64368e-007,0.000220973
,,,-1.63968e-007,0.000441946
,,,-1.63568e-007,0
,,,-1.63168e-007,0.000220973
,,,-1.62768e-007,-0.000441946
,,,-1.62368e-007,0
,,,-1.61968e-007,-0.000441946
,,,-1.61568e-007,0
,,,-1.61168e-007,0.000441946
,,,-1.60768e-007,0.000441946
,,,-1.60368e-007,-0.000220973
,,,-1.59968e-007,0.000441946
,,,-1.59568e-007,0.000441946
,,,-1.59168e-007,0
,,,-1.58768e-007,0
,,,-1.58368e-007,0
,,,-1.57968e-007,0
,,,-1.57568e-007,0.000220973
,,,-1.57168e-007,-0.000441946
,,,-1.56768e-007,-0.000220973
,,,-1.56368e-007,0.000441946
,,,-1.55968e-007,-0.000441946
,,,-1.55568e-007,-0.000441946
,,,-1.55168e-007,0
,,,-1.54768e-007,0.000220973
,,,-1.54368e-007,0.000441946
,,,-1.53968e-007,0.000662919
,,,-1.53568e-007,0.000220973
,,,-1.53168e-007,-0.000220973
,,,-1.52768e-007,-0.000441946
,,,-1.52368e-007,-0.000220973
,,,-1.51968e-007,-0.000441946
,,,-1.51568e-007,0
,,,-1.51168e-007,0.000220973
,,,-1.50768e-007,0.000220973
,,,-1.50368e-007,0
,,,-1.49968e-007,0
,,,-1.49568e-007,0.000662919
,,,-1.49168e-007,0
,,,-1.48768e-007,0.000883892
,,,-1.48368e-007,0.000220973
,,,-1.47968e-007,-0.000220973
,,,-1.47568e-007,0.000220973
,,,-1.47168e-007,0.000220973
,,,-1.46768e-007,-0.000220973
,,,-1.46368e-007,0
,,,-1.45968e-007,0.000441946
,,,-1.45568e-007,0.000220973
,,,-1.45168e-007,0.000441946
,,,-1.44768e-007,0.000441946
,,,-1.44368e-007,0
,,,-1.43968e-007,0.000441946
,,,-1.43568e-007,-0.000220973
,,,-1.43168e-007,0.000220973
,,,-1.42768e-007,0.000441946
,,,-1.42368e-007,-0.000220973
,,,-1.41968e-007,0
,,,-1.41568e-007,0.000220973
,,,-1.41168e-007,-0.000662919
,,,-1.40768e-007,-0.000220973
,,,-1.40368e-007,0
,,,-1.39968e-007,-0.000441946
,,,-1.39568e-007,-0.000662919
,,,-1.39168e-007,0.000220973
,,,-1.38768e-007,0
,,,-1.38368e-007,0.000441946
,,,-1.37968e-007,0
,,,-1.37568e-007,0.000662919
,,,-1.37168e-007,-0.000441946
,,,-1.36768e-007,0.000441946
,,,-1.36368e-007,-0.000441946
,,,-1.35968e-007,0.000220973
,,,-1.35568e-007,-0.000220973
,,,-1.35168e-007,0.000220973
,,,-1.34768e-007,0.000662919
,,,-1.34368e-007,0.000662919
,,,-1.33968e-007,0
,,,-1.33568e-007,0
,,,-1.33168e-007,0.000662919
,,,-1.32768e-007,0
,,,-1.32368e-007,0.000441946
,,,-1.31968e-007,0.000220973
,,,-1.31568e-007,0.000441946
,,,-1.31168e-007,0
,,,-1.30768e-007,0.000220973
,,,-1.30368e-007,-0.000220973
,,,-1.29968e-007,0.000441946
,,,-1.29568e-007,0.000220973
,,,-1.29168e-007,0
,,,-1.28768e-007,-0.000220973
,,,-1.28368e-007,-0.000220973
,,,-1.27968e-007,0.000220973
,,,-1.27568e-007,0.000441946
,,,-1.27168e-007,0.000662919
,,,-1.26768e-007,0.000662919
,,,-1.26368e-007,0.000220973
,,,-1.25968e-007,0.000662919
,,,-1.25568e-007,0
,,,-1.25168e-007,0.000662919
,,,-1.24768e-007,0.000662919
,,,-1.24368e-007,0
,,,-1.23968e-007,-0.000883892
,,,-1.23568e-007,0.000220973
,,,-1.23168e-007,0
,,,-1.22768e-007,-0.000220973
,,,-1.22368e-007,0.000441946
,,,-1.21968e-007,0.000662919
,,,-1.21568e-007,0.000220973
,,,-1.21168e-007,0.000441946
,,,-1.20768e-007,-0.000220973
,,,-1.20368e-007,0.000441946
,,,-1.19968e-007,0.000883892
,,,-1.19568e-007,0.000441946
,,,-1.19168e-007,0.000662919
,,,-1.18768e-007,0.000220973
,,,-1.18368e-007,0.000883892
,,,-1.17968e-007,0
,,,-1.17568e-007,-0.000441946
,,,-1.17168e-007,-0.000220973
,,,-1.16768e-007,0
,,,-1.16368e-007,0
,,,-1.15968e-007,0.000441946
,,,-1.15568e-007,0
,,,-1.15168e-007,0.000441946
,,,-1.14768e-007,0
,,,-1.14368e-007,0
,,,-1.13968e-007,-0.000220973
,,,-1.13568e-007,0
,,,-1.13168e-007,0.000441946
,,,-1.12768e-007,0.000441946
,,,-1.12368e-007,-0.000220973
,,,-1.11968e-007,0
,,,-1.11568e-007,0.000441946
,,,-1.11168e-007,0.000441946
,,,-1.10768e-007,0
,,,-1.10368e-007,0.000883892
,,,-1.09968e-007,-0.000220973
,,,-1.09568e-007,0.000220973
,,,-1.09168e-007,-0.000220973
,,,-1.08768e-007,0
,,,-1.08368e-007,0.000220973
,,,-1.07968e-007,0.000441946
,,,-1.07568e-007,0.000220973
,,,-1.07168e-007,0.000220973
,,,-1.06768e-007,-0.000220973
,,,-1.06368e-007,0.000662919
,,,-1.05968e-007,0.000441946
,,,-1.05568e-007,0
,,,-1.05168e-007,0.000662919
,,,-1.04768e-007,0.000220973
,,,-1.04368e-007,0
,,,-1.03968e-007,0.000662919
,,,-1.03568e-007,0.000220973
,,,-1.03168e-007,0.000220973
,,,-1.02768e-007,0.000220973
,,,-1.02368e-007,0
,,,-1.01968e-007,-0.000662919
,,,-1.01568e-007,-0.000220973
,,,-1.01168e-007,-0.000220973
,,,-1.00768e-007,0.000220973
,,,-1.00368e-007,0
,,,-9.9968e-008,-0.000441946
,,,-9.9568e-008,0
,,,-9.9168e-008,0.000220973
,,,-9.8768e-008,-0.000441946
,,,-9.8368e-008,0
,,,-9.7968e-008,0.000441946
,,,-9.7568e-008,0.000220973
,,,-9.7168e-008,0.000220973
,,,-9.6768e-008,-0.000883892
,,,-9.6368e-008,0.000220973
,,,-9.5968e-008,0.000883892
,,,-9.5568e-008,-0.000220973
,,,-9.5168e-008,0.000220973
,,,-9.4768e-008,0.000662919
,,,-9.4368e-008,0.000220973
,,,-9.3968e-008,0.000662919
,,,-9.3568e-008,0.000662919
,,,-9.3168e-008,0.000662919
,,,-9.2768e-008,-0.000220973
,,,-9.2368e-008,-0.000220973
,,,-9.1968e-008,0.000220973
,,,-9.1568e-008,-0.000441946
,,,-9.1168e-008,-0.000662919
,,,-9.0768e-008,-0.000441946
,,,-9.0368e-008,0
,,,-8.9968e-008,0
,,,-8.9568e-008,0.000220973
,,,-8.9168e-008,-0.000220973
,,,-8.8768e-008,0.000662919
,,,-8.8368e-008,-0.000220973
,,,-8.7968e-008,0.000220973
,,,-8.7568e-008,0.000441946
,,,-8.7168e-008,-0.000220973
,,,-8.6768e-008,0
,,,-8.6368e-008,0.000220973
,,,-8.5968e-008,0.000662919
,,,-8.5568e-008,0.000662919
,,,-8.5168e-008,-0.000441946
,,,-8.4768e-008,-0.000441946
,,,-8.4368e-008,-0.000662919
,,,-8.3968e-008,-0.000441946
,,,-8.3568e-008,0.000441946
,,,-8.3168e-008,0
,,,-8.2768e-008,-0.000441946
,,,-8.2368e-008,0
,,,-8.1968e-008,0
,,,-8.1568e-008,0
,,,-8.1168e-008,0.000662919
,,,-8.0768e-008,0.00110486
,,,-8.0368e-008,0
,,,-7.9968e-008,0.000441946
,,,-7.9568e-008,-0.000441946
,,,-7.9168e-008,-0.000441946
,,,-7.8768e-008,0
,,,-7.8368e-008,0.000441946
,,,-7.7968e-008,0.000883892
,,,-7.7568e-008,0.000220973
,,,-7.7168e-008,0
,,,-7.6768e-008,0.000220973
,,,-7.6368e-008,0.000220973
,,,-7.5968e-008,-0.000441946
,,,-7.5568e-008,-0.000220973
,,,-7.5168e-008,0
,,,-7.4768e-008,0.000220973
,,,-7.4368e-008,-0.000441946
,,,-7.3968e-008,-0.000441946
,,,-7.3568e-008,0.000220973
,,,-7.3168e-008,-0.000220973
,,,-7.2768e-008,0
,,,-7.2368e-008,-0.000220973
,,,-7.1968e-008,0.000441946
,,,-7.1568e-008,0.000220973
,,,-7.1168e-008,-0.000220973
,,,-7.0768e-008,0.000662919
,,,-7.0368e-008,0.000220973
,,,-6.9968e-008,0.000441946
,,,-6.9568e-008,0.000662919
,,,-6.9168e-008,0
,,,-6.8768e-008,0.000441946
,,,-6.8368e-008,0.000662919
,,,-6.7968e-008,0.000220973
,,,-6.7568e-008,-0.000441946
,,,-6.7168e-008,-0.000883892
,,,-6.6768e-008,0.000220973
,,,-6.6368e-008,-0.000220973
,,,-6.5968e-008,0.000662919
,,,-6.5568e-008,0.000662919
,,,-6.5168e-008,0.000662919
,,,-6.4768e-008,0.000220973
,,,-6.4368e-008,0
,,,-6.3968e-008,0.000220973
,,,-6.3568e-008,0.000220973
,,,-6.3168e-008,0
,,,-6.2768e-008,0.000441946
,,,-6.2368e-008,0
,,,-6.1968e-008,0
,,,-6.1568e-008,-0.000220973
,,,-6.1168e-008,0.00110486
,,,-6.0768e-008,0.000220973
,,,-6.0368e-008,-0.000441946
,,,-5.9968e-008,-0.000220973
,,,-5.9568e-008,-0.000220973
,,,-5.9168e-008,0
,,,-5.8768e-008,0
,,,-5.8368e-008,0
,,,-5.7968e-008,-0.000220973
,,,-5.7568e-008,0.000441946
,,,-5.7168e-008,0.000220973
,,,-5.6768e-008,0.000220973
,,,-5.6368e-008,-0.000220973
,,,-5.5968e-008,-0.000220973
,,,-5.5568e-008,0
,,,-5.5168e-008,0
,,,-5.4768e-008,0.000441946
,,,-5.4368e-008,0.000883892
,,,-5.3968e-008,0.000662919
,,,-5.3568e-008,0.000441946
,,,-5.3168e-008,-0.000220973
,,,-5.2768e-008,0.000662919
,,,-5.2368e-008,-0.00110486
,,,-5.1968e-008,0
,,,-5.1568e-008,0
,,,-5.1168e-008,0.000662919
,,,-5.0768e-008,-0.000441946
,,,-5.0368e-008,0.000220973
,,,-4.9968e-008,0.000220973
,,,-4.9568e-008,0.000662919
,,,-4.9168e-008,0.000441946
,,,-4.8768e-008,0.000220973
,,,-4.8368e-008,0
,,,-4.7968e-008,0.000220973
,,,-4.7568e-008,-0.000441946
,,,-4.7168e-008,0
,,,-4.6768e-008,0.000441946
,,,-4.6368e-008,0.000220973
,,,-4.5968e-008,0.000662919
,,,-4.5568e-008,0
,,,-4.5168e-008,0
,,,-4.4768e-008,0.000441946
,,,-4.4368e-008,0.000441946
,,,-4.3968e-008,-0.000441946
,,,-4.3568e-008,0.000220973
,,,-4.3168e-008,0.000220973
,,,-4.2768e-008,-0.000220973
,,,-4.2368e-008,0.000220973
,,,-4.1968e-008,0.000220973
,,,-4.1568e-008,0.000441946
,,,-4.1168e-008,0
,,,-4.0768e-008,0.000883892
,,,-4.0368e-008,-0.000220973
,,,-3.9968e-008,0.000441946
,,,-3.9568e-008,-0.000220973
,,,-3.9168e-008,0
,,,-3.8768e-008,-0.000220973
,,,-3.8368e-008,0.000883892
,,,-3.7968e-008,0
,,,-3.7568e-008,0
,,,-3.7168e-008,0.000220973
,,,-3.6768e-008,0.000441946
,,,-3.6368e-008,0.000220973
,,,-3.5968e-008,0.000220973
,,,-3.5568e-008,0
,,,-3.5168e-008,-0.000220973
,,,-3.4768e-008,-0.000220973
,,,-3.4368e-008,0
,,,-3.3968e-008,0.000441946
,,,-3.3568e-008,0.000662919
,,,-3.3168e-008,0.000220973
,,,-3.2768e-008,-0.000220973
,,,-3.2368e-008,0
,,,-3.1968e-008,0.000662919
,,,-3.1568e-008,-0.000441946
,,,-3.1168e-008,0.000662919
,,,-3.0768e-008,0.000441946
,,,-3.0368e-008,0.000441946
,,,-2.9968e-008,0.000662919
,,,-2.9568e-008,0.000220973
,,,-2.9168e-008,0.000220973
,,,-2.8768e-008,0.000662919
,,,-2.8368e-008,0
,,,-2.7968e-008,0.000441946
,,,-2.7568e-008,0.000441946
,,,-2.7168e-008,-0.000441946
,,,-2.6768e-008,0.000220973
,,,-2.6368e-008,0.000220973
,,,-2.5968e-008,-0.000662919
,,,-2.5568e-008,0.000220973
,,,-2.5168e-008,0.000220973
,,,-2.4768e-008,0.000662919
,,,-2.4368e-008,-0.000220973
,,,-2.3968e-008,0.000883892
,,,-2.3568e-008,0.000662919
,,,-2.3168e-008,0.000220973
,,,-2.2768e-008,0
,,,-2.2368e-008,0
,,,-2.1968e-008,0
,,,-2.1568e-008,0.000883892
,,,-2.1168e-008,0.000441946
,,,-2.0768e-008,0.000220973
,,,-2.0368e-008,0.000220973
,,,-1.9968e-008,0.000220973
,,,-1.9568e-008,0
,,,-1.9168e-008,0.000662919
,,,-1.8768e-008,-0.000441946
,,,-1.8368e-008,0
,,,-1.7968e-008,0.000441946
,,,-1.7568e-008,0.000441946
,,,-1.7168e-008,0.000220973
,,,-1.6768e-008,0.000220973
,,,-1.6368e-008,0
,,,-1.5968e-008,0.000441946
,,,-1.5568e-008,0
,,,-1.5168e-008,-0.000220973
,,,-1.4768e-008,0.000441946
,,,-1.4368e-008,0.000662919
,,,-1.3968e-008,0.000662919
,,,-1.3568e-008,-0.000220973
,,,-1.3168e-008,0.000220973
,,,-1.2768e-008,-0.000220973
,,,-1.2368e-008,0.000441946
,,,-1.1968e-008,0.000662919
,,,-1.1568e-008,0
,,,-1.1168e-008,0
,,,-1.0768e-008,0.000220973
,,,-1.0368e-008,0.000220973
,,,-9.96802e-009,0.000220973
,,,-9.56802e-009,0.00132584
,,,-9.16802e-009,0.00110486
,,,-8.76802e-009,0
,,,-8.36802e-009,-0.000662919
,,,-7.96802e-009,0.000220973
,,,-7.56802e-009,-0.000220973
,,,-7.16802e-009,0.000441946
,,,-6.76802e-009,0.000441946
,,,-6.36802e-009,0.000441946
,,,-5.96802e-009,-0.000883892
,,,-5.56802e-009,-0.000220973
,,,-5.16802e-009,0
,,,-4.76802e-009,0.000441946
,,,-4.36802e-009,0
,,,-3.96802e-009,-0.000441946
,,,-3.56802e-009,-0.000220973
,,,-3.16802e-009,-0.000220973
,,,-2.76802e-009,-0.000220973
,,,-2.36802e-009,0.000662919
,,,-1.96802e-009,-0.000220973
,,,-1.56802e-009,0.000441946
,,,-1.16802e-009,0.000883892
,,,-7.68016e-010,0
,,,-3.68016e-010,0.000883892
,,,3.19837e-011,0.000441946
,,,4.31984e-010,0.000441946
,,,8.31984e-010,0
,,,1.23198e-009,0.000662919
,,,1.63198e-009,-0.000220973
,,,2.03198e-009,0.000662919
,,,2.43198e-009,0.000220973
,,,2.83198e-009,0
,,,3.23198e-009,0
,,,3.63198e-009,0.000220973
,,,4.03198e-009,-0.000220973
,,,4.43198e-009,0.000220973
,,,4.83198e-009,0.000441946
,,,5.23198e-009,-0.000662919
,,,5.63198e-009,0.000220973
,,,6.03198e-009,0.000441946
,,,6.43198e-009,0.00110486
,,,6.83198e-009,-0.000662919
,,,7.23198e-009,-0.000220973
,,,7.63198e-009,-0.000220973
,,,8.03198e-009,0.000662919
,,,8.43198e-009,0.000883892
,,,8.83198e-009,0.000220973
,,,9.23198e-009,0.000441946
,,,9.63198e-009,0.000441946
,,,1.0032e-008,0
,,,1.0432e-008,0.000441946
,,,1.0832e-008,0.000441946
,,,1.1232e-008,0.000220973
,,,1.1632e-008,0
,,,1.2032e-008,-0.000220973
,,,1.2432e-008,0.000220973
,,,1.2832e-008,0.000441946
,,,1.3232e-008,0.000441946
,,,1.3632e-008,-0.000662919
,,,1.4032e-008,-0.000441946
,,,1.4432e-008,0.000220973
,,,1.4832e-008,0
,,,1.5232e-008,0.000220973
,,,1.5632e-008,0.000220973
,,,1.6032e-008,0
,,,1.6432e-008,0.000220973
,,,1.6832e-008,0.000441946
,,,1.7232e-008,0
,,,1.7632e-008,0.000441946
,,,1.8032e-008,0.000441946
,,,1.8432e-008,0.000883892
,,,1.8832e-008,-0.000220973
,,,1.9232e-008,-0.000220973
,,,1.9632e-008,0
,,,2.0032e-008,0.000220973
,,,2.0432e-008,0.000662919
,,,2.0832e-008,-0.000220973
,,,2.1232e-008,0
,,,2.1632e-008,0.000441946
,,,2.2032e-008,-0.000220973
,,,2.2432e-008,0
,,,2.2832e-008,-0.000441946
,,,2.3232e-008,0.000441946
,,,2.3632e-008,-0.000220973
,,,2.4032e-008,0.000441946
,,,2.4432e-008,-0.000220973
,,,2.4832e-008,0.000220973
,,,2.5232e-008,0.000662919
,,,2.5632e-008,0
,,,2.6032e-008,0.000220973
,,,2.6432e-008,0.000220973
,,,2.6832e-008,0.000662919
,,,2.7232e-008,0.000220973
,,,2.7632e-008,-0.000220973
,,,2.8032e-008,-0.000662919
,,,2.8432e-008,-0.000220973
,,,2.8832e-008,-0.000220973
,,,2.9232e-008,0
,,,2.9632e-008,0.000220973
,,,3.0032e-008,-0.000220973
,,,3.0432e-008,0.000220973
,,,3.0832e-008,0.000441946
,,,3.1232e-008,-0.000441946
,,,3.1632e-008,-0.000441946
,,,3.2032e-008,0.000662919
,,,3.2432e-008,0.00132584
,,,3.2832e-008,-0.000441946
,,,3.3232e-008,-0.000220973
,,,3.3632e-008,0
,,,3.4032e-008,0.000220973
,,,3.4432e-008,0.000441946
,,,3.4832e-008,0.000441946
,,,3.5232e-008,0
,,,3.5632e-008,0.000220973
,,,3.6032e-008,0.000441946
,,,3.6432e-008,0.000441946
,,,3.6832e-008,0.000220973
,,,3.7232e-008,0
,,,3.7632e-008,0.000441946
,,,3.8032e-008,0.000220973
,,,3.8432e-008,0.000883892
,,,3.8832e-008,0.000441946
,,,3.9232e-008,0.000220973
,,,3.9632e-008,0.000662919
,,,4.0032e-008,0.000441946
,,,4.0432e-008,0.000441946
,,,4.0832e-008,0
,,,4.1232e-008,0
,,,4.1632e-008,0.000662919
,,,4.2032e-008,0
,,,4.2432e-008,-0.000441946
,,,4.2832e-008,-0.000220973
,,,4.3232e-008,-0.000220973
,,,4.3632e-008,0.000662919
,,,4.4032e-008,0.000220973
,,,4.4432e-008,0
,,,4.4832e-008,-0.000662919
,,,4.5232e-008,0.000441946
,,,4.5632e-008,0.000883892
,,,4.6032e-008,0.000220973
,,,4.6432e-008,0.000441946
,,,4.6832e-008,0.000220973
,,,4.7232e-008,0.000220973
,,,4.7632e-008,0.000441946
,,,4.8032e-008,0
,,,4.8432e-008,0.000441946
,,,4.8832e-008,0
,,,4.9232e-008,0.00132584
,,,4.9632e-008,0.000441946
,,,5.0032e-008,0.000220973
,,,5.0432e-008,0.000441946
,,,5.0832e-008,0.000220973
,,,5.1232e-008,0
,,,5.1632e-008,0.000662919
,,,5.2032e-008,0.000220973
,,,5.2432e-008,-0.000662919
,,,5.2832e-008,0
,,,5.3232e-008,0.000220973
,,,5.3632e-008,0.000662919
,,,5.4032e-008,-0.000662919
,,,5.4432e-008,-0.000441946
,,,5.4832e-008,-0.000441946
,,,5.5232e-008,0.00110486
,,,5.5632e-008,-0.000441946
,,,5.6032e-008,0.000441946
,,,5.6432e-008,0.000220973
,,,5.6832e-008,0.000220973
,,,5.7232e-008,0
,,,5.7632e-008,0.000441946
,,,5.8032e-008,0
,,,5.8432e-008,0.000441946
,,,5.8832e-008,0.000220973
,,,5.9232e-008,-0.000220973
,,,5.9632e-008,0.000220973
,,,6.0032e-008,0
,,,6.0432e-008,-0.000220973
,,,6.0832e-008,-0.000441946
,,,6.1232e-008,0.000220973
,,,6.1632e-008,0
,,,6.2032e-008,0.000220973
,,,6.2432e-008,0
,,,6.2832e-008,0.00132584
,,,6.3232e-008,0.000220973
,,,6.3632e-008,-0.000220973
,,,6.4032e-008,0
,,,6.4432e-008,-0.000441946
,,,6.4832e-008,0.000441946
,,,6.5232e-008,0.000220973
,,,6.5632e-008,-0.000220973
,,,6.6032e-008,0
,,,6.6432e-008,0.000220973
,,,6.6832e-008,0
,,,6.7232e-008,0.000441946
,,,6.7632e-008,0.000220973
,,,6.8032e-008,0.000220973
,,,6.8432e-008,0.000220973
,,,6.8832e-008,0
,,,6.9232e-008,0
,,,6.9632e-008,0
,,,7.0032e-008,0
,,,7.0432e-008,0.000220973
,,,7.0832e-008,0.000662919
,,,7.1232e-008,0.000441946
,,,7.1632e-008,0.000441946
,,,7.2032e-008,-0.000220973
,,,7.2432e-008,0.000220973
,,,7.2832e-008,0
,,,7.3232e-008,0.000441946
,,,7.3632e-008,0.000662919
,,,7.4032e-008,0
,,,7.4432e-008,0.000883892
,,,7.4832e-008,0.000883892
,,,7.5232e-008,0.000441946
,,,7.5632e-008,-0.000662919
,,,7.6032e-008,0.000441946
,,,7.6432e-008,0.00110486
,,,7.6832e-008,0.000883892
,,,7.7232e-008,0.000220973
,,,7.7632e-008,0
,,,7.8032e-008,0.000883892
,,,7.8432e-008,0
,,,7.8832e-008,-0.000220973
,,,7.9232e-008,0.00154681
,,,7.9632e-008,0.000441946
,,,8.0032e-008,0.000662919
,,,8.0432e-008,0.000662919
,,,8.0832e-008,0.000662919
,,,8.1232e-008,-0.000662919
,,,8.1632e-008,0.000441946
,,,8.2032e-008,0.000662919
,,,8.2432e-008,0.000441946
,,,8.2832e-008,-0.000220973
,,,8.3232e-008,-0.000220973
,,,8.3632e-008,0.000220973
,,,8.4032e-008,0.00110486
,,,8.4432e-008,0.000441946
,,,8.4832e-008,0.000662919
,,,8.5232e-008,0.000220973
,,,8.5632e-008,0.000220973
,,,8.6032e-008,0.000220973
,,,8.6432e-008,0.000662919
,,,8.6832e-008,-0.000220973
,,,8.7232e-008,0.000220973
,,,8.7632e-008,0
,,,8.8032e-008,0.000662919
,,,8.8432e-008,0
,,,8.8832e-008,0.000441946
,,,8.9232e-008,0.000220973
,,,8.9632e-008,0
,,,9.0032e-008,0.000441946
,,,9.0432e-008,0.000441946
,,,9.0832e-008,0.000220973
,,,9.1232e-008,-0.000662919
,,,9.1632e-008,0
,,,9.2032e-008,0.000220973
,,,9.2432e-008,0.000662919
,,,9.2832e-008,0
,,,9.3232e-008,0.000662919
,,,9.3632e-008,0.00176778
,,,9.4032e-008,0.00176778
,,,9.4432e-008,0.00154681
,,,9.4832e-008,0.00220973
,,,9.5232e-008,0.00287265
,,,9.5632e-008,0.00397751
,,,9.6032e-008,0.00464043
,,,9.6432e-008,0.0057453
,,,9.6832e-008,0.00662919
,,,9.7232e-008,0.008176
,,,9.7632e-008,0.00905989
,,,9.8032e-008,0.00994378
,,,9.8432e-008,0.0117116
,,,9.8832e-008,0.0130374
,,,9.9232e-008,0.0132584
,,,9.9632e-008,0.0137003
,,,1.00032e-007,0.0141423
,,,1.00432e-007,0.0143632
,,,1.00832e-007,0.0152471
,,,1.01232e-007,0.0159101
,,,1.01632e-007,0.0159101
,,,1.02032e-007,0.0167939
,,,1.02432e-007,0.0172359
,,,1.02832e-007,0.0174569
,,,1.03232e-007,0.0170149
,,,1.03632e-007,0.0172359
,,,1.04032e-007,0.0174569
,,,1.04432e-007,0.0181198
,,,1.04832e-007,0.0181198
,,,1.05232e-007,0.0178988
,,,1.05632e-007,0.0170149
,,,1.06032e-007,0.0181198
,,,1.06432e-007,0.0178988
,,,1.06832e-007,0.0174569
,,,1.07232e-007,0.0176778
,,,1.07632e-007,0.0178988
,,,1.08032e-007,0.0174569
,,,1.08432e-007,0.0176778
,,,1.08832e-007,0.0183408
,,,1.09232e-007,0.0187827
,,,1.09632e-007,0.0172359
,,,1.10032e-007,0.0174569
,,,1.10432e-007,0.0170149
,,,1.10832e-007,0.0174569
,,,1.11232e-007,0.0174569
,,,1.11632e-007,0.0178988
,,,1.12032e-007,0.0176778
,,,1.12432e-007,0.0178988
,,,1.12832e-007,0.0174569
,,,1.13232e-007,0.0178988
,,,1.13632e-007,0.0187827
,,,1.14032e-007,0.0174569
,,,1.14432e-007,0.0176778
,,,1.14832e-007,0.0181198
,,,1.15232e-007,0.0174569
,,,1.15632e-007,0.0178988
,,,1.16032e-007,0.0183408
,,,1.16432e-007,0.0172359
,,,1.16832e-007,0.0176778
,,,1.17232e-007,0.0176778
,,,1.17632e-007,0.0183408
,,,1.18032e-007,0.0176778
,,,1.18432e-007,0.0178988
,,,1.18832e-007,0.0174569
,,,1.19232e-007,0.0176778
,,,1.19632e-007,0.0170149
,,,1.20032e-007,0.0174569
,,,1.20432e-007,0.0181198
,,,1.20832e-007,0.0176778
,,,1.21232e-007,0.0174569
,,,1.21632e-007,0.0183408
,,,1.22032e-007,0.0185617
,,,1.22432e-007,0.0185617
,,,1.22832e-007,0.0183408
,,,1.23232e-007,0.0187827
,,,1.23632e-007,0.0194456
,,,1.24032e-007,0.0192246
,,,1.24432e-007,0.0196666
,,,1.24832e-007,0.0203295
,,,1.25232e-007,0.0205505
,,,1.25632e-007,0.0207715
,,,1.26032e-007,0.0205505
,,,1.26432e-007,0.0214344
,,,1.26832e-007,0.0214344
,,,1.27232e-007,0.0207715
,,,1.27632e-007,0.0203295
,,,1.28032e-007,0.0198876
,,,1.28432e-007,0.0194456
,,,1.28832e-007,0.0198876
,,,1.29232e-007,0.0201085
,,,1.29632e-007,0.0196666
,,,1.30032e-007,0.0192246
,,,1.30432e-007,0.0192246
,,,1.30832e-007,0.0185617
,,,1.31232e-007,0.0178988
,,,1.31632e-007,0.0181198
,,,1.32032e-007,0.0183408
,,,1.32432e-007,0.0172359
,,,1.32832e-007,0.0167939
,,,1.33232e-007,0.016573
,,,1.33632e-007,0.0170149
,,,1.34032e-007,0.0167939
,,,1.34432e-007,0.0172359
,,,1.34832e-007,0.016352
,,,1.35232e-007,0.0167939
,,,1.35632e-007,0.016573
,,,1.36032e-007,0.0167939
,,,1.36432e-007,0.0167939
,,,1.36832e-007,0.016573
,,,1.37232e-007,0.016573
,,,1.37632e-007,0.016131
,,,1.38032e-007,0.0156891
,,,1.38432e-007,0.0170149
,,,1.38832e-007,0.016352
,,,1.39232e-007,0.0154681
,,,1.39632e-007,0.0156891
,,,1.40032e-007,0.0154681
,,,1.40432e-007,0.0156891
,,,1.40832e-007,0.0154681
,,,1.41232e-007,0.0159101
,,,1.41632e-007,0.0156891
,,,1.42032e-007,0.016131
,,,1.42432e-007,0.0156891
,,,1.42832e-007,0.0159101
,,,1.43232e-007,0.0156891
,,,1.43632e-007,0.0156891
,,,1.44032e-007,0.0154681
,,,1.44432e-007,0.0156891
,,,1.44832e-007,0.0152471
,,,1.45232e-007,0.0150262
,,,1.45632e-007,0.0154681
,,,1.46032e-007,0.0152471
,,,1.46432e-007,0.0159101
,,,1.46832e-007,0.0143632
,,,1.47232e-007,0.0143632
,,,1.47632e-007,0.0145842
,,,1.48032e-007,0.0145842
,,,1.48432e-007,0.0141423
,,,1.48832e-007,0.0141423
,,,1.49232e-007,0.0143632
,,,1.49632e-007,0.0145842
,,,1.50032e-007,0.0141423
,,,1.50432e-007,0.0143632
,,,1.50832e-007,0.0150262
,,,1.51232e-007,0.0148052
,,,1.51632e-007,0.0143632
,,,1.52032e-007,0.0145842
,,,1.52432e-007,0.0141423
,,,1.52832e-007,0.0141423
,,,1.53232e-007,0.0143632
,,,1.53632e-007,0.0148052
,,,1.54032e-007,0.0145842
,,,1.54432e-007,0.0141423
,,,1.54832e-007,0.0132584
,,,1.55232e-007,0.0132584
,,,1.55632e-007,0.0134794
,,,1.56032e-007,0.0128164
,,,1.56432e-007,0.0123745
,,,1.56832e-007,0.0119325
,,,1.57232e-007,0.0123745
,,,1.57632e-007,0.0123745
,,,1.58032e-007,0.0121535
,,,1.58432e-007,0.0123745
,,,1.58832e-007,0.0130374
,,,1.59232e-007,0.0123745
,,,1.59632e-007,0.0117116
,,,1.60032e-007,0.0123745
,,,1.60432e-007,0.0119325
,,,1.60832e-007,0.0119325
,,,1.61232e-007,0.0121535
,,,1.61632e-007,0.0119325
,,,1.62032e-007,0.0128164
,,,1.62432e-007,0.0121535
,,,1.62832e-007,0.0119325
,,,1.63232e-007,0.0121535
,,,1.63632e-007,0.0119325
,,,1.64032e-007,0.0125955
,,,1.64432e-007,0.0123745
,,,1.64832e-007,0.0114906
,,,1.65232e-007,0.0123745
,,,1.65632e-007,0.0128164
,,,1.66032e-007,0.0123745
,,,1.66432e-007,0.0119325
,,,1.66832e-007,0.0125955
,,,1.67232e-007,0.0114906
,,,1.67632e-007,0.0125955
,,,1.68032e-007,0.0128164
,,,1.68432e-007,0.0125955
,,,1.68832e-007,0.0121535
,,,1.69232e-007,0.0123745
,,,1.69632e-007,0.0125955
,,,1.70032e-007,0.0119325
,,,1.70432e-007,0.0121535
,,,1.70832e-007,0.0125955
,,,1.71232e-007,0.0134794
,,,1.71632e-007,0.0128164
,,,1.72032e-007,0.0114906
,,,1.72432e-007,0.0117116
,,,1.72832e-007,0.0117116
,,,1.73232e-007,0.0121535
,,,1.73632e-007,0.0121535
,,,1.74032e-007,0.0130374
,,,1.74432e-007,0.0125955
,,,1.74832e-007,0.0121535
,,,1.75232e-007,0.0130374
,,,1.75632e-007,0.0125955
,,,1.76032e-007,0.0119325
,,,1.76432e-007,0.0123745
,,,1.76832e-007,0.0125955
,,,1.77232e-007,0.0121535
,,,1.77632e-007,0.0128164
,,,1.78032e-007,0.0132584
,,,1.78432e-007,0.0121535
,,,1.78832e-007,0.0121535
,,,1.79232e-007,0.0125955
,,,1.79632e-007,0.0132584
,,,1.80032e-007,0.0128164
,,,1.80432e-007,0.0123745
,,,1.80832e-007,0.0117116
,,,1.81232e-007,0.0128164
,,,1.81632e-007,0.0125955
,,,1.82032e-007,0.0121535
,,,1.82432e-007,0.0125955
,,,1.82832e-007,0.0123745
,,,1.83232e-007,0.0128164
,,,1.83632e-007,0.0125955
,,,1.84032e-007,0.0125955
,,,1.84432e-007,0.0114906
,,,1.84832e-007,0.0125955
,,,1.85232e-007,0.0134794
,,,1.85632e-007,0.0134794
,,,1.86032e-007,0.0125955
,,,1.86432e-007,0.0125955
,,,1.86832e-007,0.0130374
,,,1.87232e-007,0.0130374
,,,1.87632e-007,0.0137003
,,,1.88032e-007,0.0132584
,,,1.88432e-007,0.0125955
,,,1.88832e-007,0.0128164
,,,1.89232e-007,0.0130374
,,,1.89632e-007,0.0132584
,,,1.90032e-007,0.0130374
,,,1.90432e-007,0.0134794
,,,1.90832e-007,0.0130374
,,,1.91232e-007,0.0139213
,,,1.91632e-007,0.0134794
,,,1.92032e-007,0.0139213
,,,1.92432e-007,0.0134794
,,,1.92832e-007,0.0130374
,,,1.93232e-007,0.0132584
,,,1.93632e-007,0.0137003
,,,1.94032e-007,0.0141423
,,,1.94432e-007,0.0130374
,,,1.94832e-007,0.0139213
,,,1.95232e-007,0.0137003
,,,1.95632e-007,0.0137003
,,,1.96032e-007,0.0134794
,,,1.96432e-007,0.0132584
,,,1.96832e-007,0.0134794
,,,1.97232e-007,0.0128164
,,,1.97632e-007,0.0128164
,,,1.98032e-007,0.0130374
,,,1.98432e-007,0.0134794
,,,1.98832e-007,0.0137003
,,,1.99232e-007,0.0130374
,,,1.99632e-007,0.0123745
,,,2.00032e-007,0.0130374
,,,2.00432e-007,0.0130374
,,,2.00832e-007,0.0128164
,,,2.01232e-007,0.0121535
,,,2.01632e-007,0.0125955
,,,2.02032e-007,0.0128164
,,,2.02432e-007,0.0117116
,,,2.02832e-007,0.0125955
,,,2.03232e-007,0.0121535
,,,2.03632e-007,0.0119325
,,,2.04032e-007,0.0117116
,,,2.04432e-007,0.0117116
,,,2.04832e-007,0.0112696
,,,2.05232e-007,0.0110486
,,,2.05632e-007,0.0101648
,,,2.06032e-007,0.0103857
,,,2.06432e-007,0.0106067
,,,2.06832e-007,0.0110486
,,,2.07232e-007,0.0101648
,,,2.07632e-007,0.00994378
,,,2.08032e-007,0.00994378
,,,2.08432e-007,0.0101648
,,,2.08832e-007,0.00928087
,,,2.09232e-007,0.00950184
,,,2.09632e-007,0.00928087
,,,2.10032e-007,0.00861795
,,,2.10432e-007,0.00839697
,,,2.10832e-007,0.00795503
,,,2.11232e-007,0.00795503
,,,2.11632e-007,0.00729211
,,,2.12032e-007,0.00640822
,,,2.12432e-007,0.00640822
,,,2.12832e-007,0.0057453
,,,2.13232e-007,0.00596627
,,,2.13632e-007,0.00596627
,,,2.14032e-007,0.00530335
,,,2.14432e-007,0.00552432
,,,2.14832e-007,0.00508238
,,,2.15232e-007,0.00441946
,,,2.15632e-007,0.00397751
,,,2.16032e-007,0.00464043
,,,2.16432e-007,0.00353557
,,,2.16832e-007,0.00419849
,,,2.17232e-007,0.00353557
,,,2.17632e-007,0.00265168
,,,2.18032e-007,0.00265168
,,,2.18432e-007,0.00353557
,,,2.18832e-007,0.00220973
,,,2.19232e-007,0.0024307
,,,2.19632e-007,0.00287265
,,,2.20032e-007,0.00220973
,,,2.20432e-007,0.00198876
,,,2.20832e-007,0.00265168
,,,2.21232e-007,0.00220973
,,,2.21632e-007,0.00132584
,,,2.22032e-007,0.00176778
,,,2.22432e-007,0.00132584
,,,2.22832e-007,0.00176778
,,,2.23232e-007,0.00198876
,,,2.23632e-007,0.00132584
,,,2.24032e-007,0.000883892
,,,2.24432e-007,0.00110486
,,,2.24832e-007,0.00110486
,,,2.25232e-007,0.000662919
,,,2.25632e-007,0.00154681
,,,2.26032e-007,0.00154681
,,,2.26432e-007,0.00110486
,,,2.26832e-007,0.00132584
,,,2.27232e-007,0.000441946
,,,2.27632e-007,0
,,,2.28032e-007,0.000883892
,,,2.28432e-007,0.000662919
,,,2.28832e-007,0.000883892
,,,2.29232e-007,0.000883892
,,,2.29632e-007,0.000441946
,,,2.30032e-007,0.000441946
,,,2.30432e-007,0.000883892
,,,2.30832e-007,0.000220973
,,,2.31232e-007,0
,,,2.31632e-007,0.000441946
,,,2.32032e-007,0.000662919
,,,2.32432e-007,0.000883892
,,,2.32832e-007,0.000220973
,,,2.33232e-007,0.000441946
,,,2.33632e-007,0.000662919
,,,2.34032e-007,0.000662919
,,,2.34432e-007,0.000662919
,,,2.34832e-007,0.000220973
,,,2.35232e-007,0.000220973
,,,2.35632e-007,0
,,,2.36032e-007,-0.000220973
,,,2.36432e-007,-0.000441946
,,,2.36832e-007,0
,,,2.37232e-007,0.000220973
,,,2.37632e-007,0.000662919
,,,2.38032e-007,-0.000220973
,,,2.38432e-007,0.000441946
,,,2.38832e-007,0.000220973
,,,2.39232e-007,-0.000220973
,,,2.39632e-007,-0.000662919
,,,2.40032e-007,0.000441946
,,,2.40432e-007,-0.000441946
,,,2.40832e-007,-0.000883892
,,,2.41232e-007,-0.000220973
,,,2.41632e-007,0.000220973
,,,2.42032e-007,-0.000883892
,,,2.42432e-007,-0.000883892
,,,2.42832e-007,-0.000441946
,,,2.43232e-007,-0.000220973
,,,2.43632e-007,0.000220973
,,,2.44032e-007,-0.000883892
,,,2.44432e-007,0
,,,2.44832e-007,0
,,,2.45232e-007,-0.000441946
,,,2.45632e-007,-0.000662919
,,,2.46032e-007,0.000220973
,,,2.46432e-007,0.000220973
,,,2.46832e-007,-0.000220973
,,,2.47232e-007,-0.000441946
,,,2.47632e-007,-0.000883892
,,,2.48032e-007,0.000220973
,,,2.48432e-007,0.000441946
,,,2.48832e-007,0
,,,2.49232e-007,0.000441946
,,,2.49632e-007,0.000220973
,,,2.50032e-007,0
