"Record Length",1252,"Points",-2.50041e-007,-0.000441946
"Sample Interval",4e-010,s,-2.49641e-007,0
"Trigger Point",625,"Samples",-2.49241e-007,0.000441946
"Trigger Time",0.102977,s,-2.48841e-007,0.000220973
,,,-2.48441e-007,-0.000441946
"Horizontal Offset",-2.50041e-007,s,-2.48041e-007,0
,,,-2.47641e-007,0
,,,-2.47241e-007,-0.000441946
,,,-2.46841e-007,0
,,,-2.46441e-007,-0.000220973
,,,-2.46041e-007,-0.000662919
,,,-2.45641e-007,0.000220973
,,,-2.45241e-007,0
,,,-2.44841e-007,0
,,,-2.44441e-007,0.000220973
,,,-2.44041e-007,-0.000441946
,,,-2.43641e-007,-0.000220973
,,,-2.43241e-007,-0.000220973
,,,-2.42841e-007,-0.000441946
,,,-2.42441e-007,-0.000220973
,,,-2.42041e-007,0.000441946
,,,-2.41641e-007,-0.000662919
,,,-2.41241e-007,0.000441946
,,,-2.40841e-007,0
,,,-2.40441e-007,0.000662919
,,,-2.40041e-007,0
,,,-2.39641e-007,0
,,,-2.39241e-007,0.000883892
,,,-2.38841e-007,0.000220973
,,,-2.38441e-007,0
,,,-2.38041e-007,0
,,,-2.37641e-007,-0.000441946
,,,-2.37241e-007,-0.000662919
,,,-2.36841e-007,0.000220973
,,,-2.36441e-007,-0.000220973
,,,-2.36041e-007,0.000883892
,,,-2.35641e-007,0.000662919
,,,-2.35241e-007,-0.000441946
,,,-2.34841e-007,0.000220973
,,,-2.34441e-007,0
,,,-2.34041e-007,0.000220973
,,,-2.33641e-007,0.000441946
,,,-2.33241e-007,-0.000220973
,,,-2.32841e-007,-0.000662919
,,,-2.32441e-007,0.000220973
,,,-2.32041e-007,0.000220973
,,,-2.31641e-007,0
,,,-2.31241e-007,0.000220973
,,,-2.30841e-007,-0.000441946
,,,-2.30441e-007,-0.000662919
,,,-2.30041e-007,0.000441946
,,,-2.29641e-007,-0.000441946
,,,-2.29241e-007,0
,,,-2.28841e-007,0.000220973
,,,-2.28441e-007,0.000220973
,,,-2.28041e-007,0
,,,-2.27641e-007,0.000662919
,,,-2.27241e-007,0.000441946
,,,-2.26841e-007,0.000883892
,,,-2.26441e-007,0.000883892
,,,-2.26041e-007,0.000662919
,,,-2.25641e-007,0.000220973
,,,-2.25241e-007,-0.000220973
,,,-2.24841e-007,0.000662919
,,,-2.24441e-007,0.000441946
,,,-2.24041e-007,-0.000220973
,,,-2.23641e-007,-0.000220973
,,,-2.23241e-007,-0.000441946
,,,-2.22841e-007,-0.000220973
,,,-2.22441e-007,0.000220973
,,,-2.22041e-007,-0.000220973
,,,-2.21641e-007,0
,,,-2.21241e-007,0
,,,-2.20841e-007,-0.000220973
,,,-2.20441e-007,0.000220973
,,,-2.20041e-007,-0.000883892
,,,-2.19641e-007,0
,,,-2.19241e-007,0
,,,-2.18841e-007,0.000441946
,,,-2.18441e-007,0.000220973
,,,-2.18041e-007,-0.000441946
,,,-2.17641e-007,0
,,,-2.17241e-007,-0.000220973
,,,-2.16841e-007,-0.000220973
,,,-2.16441e-007,-0.000220973
,,,-2.16041e-007,-0.000441946
,,,-2.15641e-007,-0.000220973
,,,-2.15241e-007,0.000441946
,,,-2.14841e-007,-0.000441946
,,,-2.14441e-007,-0.000662919
,,,-2.14041e-007,-0.000441946
,,,-2.13641e-007,0.000220973
,,,-2.13241e-007,-0.000220973
,,,-2.12841e-007,-0.000220973
,,,-2.12441e-007,0
,,,-2.12041e-007,-0.000441946
,,,-2.11641e-007,0
,,,-2.11241e-007,0.000220973
,,,-2.10841e-007,-0.000441946
,,,-2.10441e-007,-0.000220973
,,,-2.10041e-007,0.000441946
,,,-2.09641e-007,-0.000220973
,,,-2.09241e-007,-0.000220973
,,,-2.08841e-007,-0.000883892
,,,-2.08441e-007,0.000220973
,,,-2.08041e-007,0.000220973
,,,-2.07641e-007,0.000220973
,,,-2.07241e-007,0.000220973
,,,-2.06841e-007,0.000662919
,,,-2.06441e-007,-0.000220973
,,,-2.06041e-007,0.000662919
,,,-2.05641e-007,-0.000220973
,,,-2.05241e-007,-0.000220973
,,,-2.04841e-007,-0.000662919
,,,-2.04441e-007,0
,,,-2.04041e-007,0
,,,-2.03641e-007,-0.000220973
,,,-2.03241e-007,0.000220973
,,,-2.02841e-007,-0.000441946
,,,-2.02441e-007,0.000220973
,,,-2.02041e-007,0.000441946
,,,-2.01641e-007,-0.000220973
,,,-2.01241e-007,-0.000220973
,,,-2.00841e-007,-0.000441946
,,,-2.00441e-007,0.000220973
,,,-2.00041e-007,0.000220973
,,,-1.99641e-007,-0.000441946
,,,-1.99241e-007,-0.000441946
,,,-1.98841e-007,0
,,,-1.98441e-007,0
,,,-1.98041e-007,0.000220973
,,,-1.97641e-007,0
,,,-1.97241e-007,0.000441946
,,,-1.96841e-007,0
,,,-1.96441e-007,-0.000220973
,,,-1.96041e-007,0.000662919
,,,-1.95641e-007,0.000220973
,,,-1.95241e-007,-0.000662919
,,,-1.94841e-007,-0.000662919
,,,-1.94441e-007,0
,,,-1.94041e-007,0.000662919
,,,-1.93641e-007,0.000662919
,,,-1.93241e-007,0.000883892
,,,-1.92841e-007,0.000220973
,,,-1.92441e-007,0.000662919
,,,-1.92041e-007,-0.000220973
,,,-1.91641e-007,-0.000883892
,,,-1.91241e-007,0
,,,-1.90841e-007,-0.000220973
,,,-1.90441e-007,0.000220973
,,,-1.90041e-007,0.000662919
,,,-1.89641e-007,0.000220973
,,,-1.89241e-007,0.000441946
,,,-1.88841e-007,-0.000883892
,,,-1.88441e-007,-0.000220973
,,,-1.88041e-007,0.000220973
,,,-1.87641e-007,0
,,,-1.87241e-007,-0.000441946
,,,-1.86841e-007,0
,,,-1.86441e-007,0.000220973
,,,-1.86041e-007,-0.000441946
,,,-1.85641e-007,0.000220973
,,,-1.85241e-007,0
,,,-1.84841e-007,0.000220973
,,,-1.84441e-007,0.000220973
,,,-1.84041e-007,0.000220973
,,,-1.83641e-007,0
,,,-1.83241e-007,0.000220973
,,,-1.82841e-007,-0.000220973
,,,-1.82441e-007,-0.000220973
,,,-1.82041e-007,-0.000441946
,,,-1.81641e-007,-0.000220973
,,,-1.81241e-007,0.000220973
,,,-1.80841e-007,-0.000441946
,,,-1.80441e-007,-0.000220973
,,,-1.80041e-007,-0.000441946
,,,-1.79641e-007,0
,,,-1.79241e-007,-0.000441946
,,,-1.78841e-007,-0.00110486
,,,-1.78441e-007,-0.000220973
,,,-1.78041e-007,-0.000220973
,,,-1.77641e-007,-0.000662919
,,,-1.77241e-007,0.000220973
,,,-1.76841e-007,0.000883892
,,,-1.76441e-007,0.000220973
,,,-1.76041e-007,0.000220973
,,,-1.75641e-007,-0.000220973
,,,-1.75241e-007,0.000441946
,,,-1.74841e-007,0
,,,-1.74441e-007,-0.000662919
,,,-1.74041e-007,-0.000220973
,,,-1.73641e-007,0.000220973
,,,-1.73241e-007,-0.000441946
,,,-1.72841e-007,0
,,,-1.72441e-007,0
,,,-1.72041e-007,-0.000662919
,,,-1.71641e-007,-0.000220973
,,,-1.71241e-007,-0.000883892
,,,-1.70841e-007,0
,,,-1.70441e-007,0
,,,-1.70041e-007,0.000441946
,,,-1.69641e-007,0
,,,-1.69241e-007,0.000220973
,,,-1.68841e-007,0
,,,-1.68441e-007,0.000441946
,,,-1.68041e-007,0.000662919
,,,-1.67641e-007,-0.000441946
,,,-1.67241e-007,0.000220973
,,,-1.66841e-007,0
,,,-1.66441e-007,-0.000220973
,,,-1.66041e-007,0
,,,-1.65641e-007,-0.000220973
,,,-1.65241e-007,0.000220973
,,,-1.64841e-007,0.000220973
,,,-1.64441e-007,0.000220973
,,,-1.64041e-007,-0.000441946
,,,-1.63641e-007,0.000662919
,,,-1.63241e-007,0
,,,-1.62841e-007,0.000441946
,,,-1.62441e-007,0.000662919
,,,-1.62041e-007,0
,,,-1.61641e-007,-0.000441946
,,,-1.61241e-007,0.000662919
,,,-1.60841e-007,0.000220973
,,,-1.60441e-007,-0.000220973
,,,-1.60041e-007,0
,,,-1.59641e-007,-0.000220973
,,,-1.59241e-007,-0.000662919
,,,-1.58841e-007,-0.000220973
,,,-1.58441e-007,0.000220973
,,,-1.58041e-007,0
,,,-1.57641e-007,-0.000441946
,,,-1.57241e-007,0.000220973
,,,-1.56841e-007,0
,,,-1.56441e-007,0
,,,-1.56041e-007,-0.000220973
,,,-1.55641e-007,0
,,,-1.55241e-007,-0.000662919
,,,-1.54841e-007,-0.000220973
,,,-1.54441e-007,0.000220973
,,,-1.54041e-007,0
,,,-1.53641e-007,-0.000220973
,,,-1.53241e-007,0.000220973
,,,-1.52841e-007,-0.000441946
,,,-1.52441e-007,0.000220973
,,,-1.52041e-007,-0.000662919
,,,-1.51641e-007,-0.000441946
,,,-1.51241e-007,0
,,,-1.50841e-007,0.000220973
,,,-1.50441e-007,-0.000662919
,,,-1.50041e-007,0
,,,-1.49641e-007,-0.000220973
,,,-1.49241e-007,0.000662919
,,,-1.48841e-007,0
,,,-1.48441e-007,0.000441946
,,,-1.48041e-007,0.000220973
,,,-1.47641e-007,-0.000662919
,,,-1.47241e-007,-0.000883892
,,,-1.46841e-007,0.000662919
,,,-1.46441e-007,-0.000662919
,,,-1.46041e-007,0.000441946
,,,-1.45641e-007,-0.000662919
,,,-1.45241e-007,0.000441946
,,,-1.44841e-007,-0.000220973
,,,-1.44441e-007,0.000220973
,,,-1.44041e-007,-0.000441946
,,,-1.43641e-007,-0.000662919
,,,-1.43241e-007,0
,,,-1.42841e-007,0
,,,-1.42441e-007,-0.000441946
,,,-1.42041e-007,-0.000441946
,,,-1.41641e-007,0.000220973
,,,-1.41241e-007,-0.000441946
,,,-1.40841e-007,-0.000441946
,,,-1.40441e-007,0
,,,-1.40041e-007,0
,,,-1.39641e-007,0.000441946
,,,-1.39241e-007,0
,,,-1.38841e-007,-0.000220973
,,,-1.38441e-007,0.000662919
,,,-1.38041e-007,0
,,,-1.37641e-007,0.000220973
,,,-1.37241e-007,0.00110486
,,,-1.36841e-007,-0.000662919
,,,-1.36441e-007,-0.000662919
,,,-1.36041e-007,-0.000220973
,,,-1.35641e-007,0
,,,-1.35241e-007,-0.000220973
,,,-1.34841e-007,-0.000441946
,,,-1.34441e-007,-0.000441946
,,,-1.34041e-007,0
,,,-1.33641e-007,0
,,,-1.33241e-007,0.000441946
,,,-1.32841e-007,-0.000662919
,,,-1.32441e-007,0.000883892
,,,-1.32041e-007,-0.000441946
,,,-1.31641e-007,0.000883892
,,,-1.31241e-007,0.000883892
,,,-1.30841e-007,-0.000220973
,,,-1.30441e-007,0.000220973
,,,-1.30041e-007,0
,,,-1.29641e-007,0
,,,-1.29241e-007,0.000220973
,,,-1.28841e-007,0
,,,-1.28441e-007,0.000441946
,,,-1.28041e-007,-0.000662919
,,,-1.27641e-007,-0.000220973
,,,-1.27241e-007,0
,,,-1.26841e-007,-0.000441946
,,,-1.26441e-007,0
,,,-1.26041e-007,-0.000441946
,,,-1.25641e-007,-0.000441946
,,,-1.25241e-007,0.000220973
,,,-1.24841e-007,-0.000662919
,,,-1.24441e-007,0.000662919
,,,-1.24041e-007,-0.000220973
,,,-1.23641e-007,-0.000662919
,,,-1.23241e-007,-0.000662919
,,,-1.22841e-007,0.000220973
,,,-1.22441e-007,0
,,,-1.22041e-007,0.000441946
,,,-1.21641e-007,0.000441946
,,,-1.21241e-007,0.000220973
,,,-1.20841e-007,0.000220973
,,,-1.20441e-007,-0.000441946
,,,-1.20041e-007,0
,,,-1.19641e-007,-0.000662919
,,,-1.19241e-007,0
,,,-1.18841e-007,-0.000883892
,,,-1.18441e-007,-0.000441946
,,,-1.18041e-007,-0.000220973
,,,-1.17641e-007,0
,,,-1.17241e-007,0.000220973
,,,-1.16841e-007,0.000441946
,,,-1.16441e-007,-0.000220973
,,,-1.16041e-007,-0.000662919
,,,-1.15641e-007,-0.000220973
,,,-1.15241e-007,0
,,,-1.14841e-007,0
,,,-1.14441e-007,-0.000441946
,,,-1.14041e-007,-0.000220973
,,,-1.13641e-007,0.000220973
,,,-1.13241e-007,-0.000220973
,,,-1.12841e-007,0
,,,-1.12441e-007,0.000441946
,,,-1.12041e-007,-0.000441946
,,,-1.11641e-007,-0.000441946
,,,-1.11241e-007,0
,,,-1.10841e-007,0.000220973
,,,-1.10441e-007,-0.000220973
,,,-1.10041e-007,-0.000220973
,,,-1.09641e-007,-0.000662919
,,,-1.09241e-007,0
,,,-1.08841e-007,-0.000441946
,,,-1.08441e-007,0.000220973
,,,-1.08041e-007,0.000220973
,,,-1.07641e-007,0.000441946
,,,-1.07241e-007,0.000220973
,,,-1.06841e-007,-0.000883892
,,,-1.06441e-007,-0.000883892
,,,-1.06041e-007,-0.000441946
,,,-1.05641e-007,0.000662919
,,,-1.05241e-007,0
,,,-1.04841e-007,0.000441946
,,,-1.04441e-007,0.000220973
,,,-1.04041e-007,0
,,,-1.03641e-007,0.000441946
,,,-1.03241e-007,0
,,,-1.02841e-007,0
,,,-1.02441e-007,-0.000441946
,,,-1.02041e-007,-0.000441946
,,,-1.01641e-007,-0.000662919
,,,-1.01241e-007,0.000220973
,,,-1.00841e-007,-0.000662919
,,,-1.00441e-007,-0.000441946
,,,-1.00041e-007,0.000441946
,,,-9.96412e-008,0.00110486
,,,-9.92412e-008,-0.000662919
,,,-9.88412e-008,-0.000220973
,,,-9.84412e-008,0.000220973
,,,-9.80412e-008,-0.000220973
,,,-9.76412e-008,-0.000220973
,,,-9.72412e-008,0
,,,-9.68412e-008,-0.00110486
,,,-9.64412e-008,0.000220973
,,,-9.60412e-008,-0.000220973
,,,-9.56412e-008,-0.000220973
,,,-9.52412e-008,-0.000220973
,,,-9.48412e-008,-0.000220973
,,,-9.44412e-008,0.000220973
,,,-9.40412e-008,0
,,,-9.36412e-008,0.000220973
,,,-9.32412e-008,0.000220973
,,,-9.28412e-008,-0.000220973
,,,-9.24412e-008,0
,,,-9.20412e-008,0
,,,-9.16412e-008,-0.000441946
,,,-9.12412e-008,-0.000662919
,,,-9.08412e-008,-0.000441946
,,,-9.04412e-008,-0.000441946
,,,-9.00412e-008,-0.000220973
,,,-8.96412e-008,0.000220973
,,,-8.92412e-008,0.000441946
,,,-8.88412e-008,-0.000220973
,,,-8.84412e-008,0
,,,-8.80412e-008,0
,,,-8.76412e-008,-0.000220973
,,,-8.72412e-008,-0.000220973
,,,-8.68412e-008,-0.000441946
,,,-8.64412e-008,-0.000220973
,,,-8.60412e-008,-0.000441946
,,,-8.56412e-008,0.000220973
,,,-8.52412e-008,0
,,,-8.48412e-008,0.000220973
,,,-8.44412e-008,0.000220973
,,,-8.40412e-008,0.000220973
,,,-8.36412e-008,0
,,,-8.32412e-008,0.000220973
,,,-8.28412e-008,0
,,,-8.24412e-008,0
,,,-8.20412e-008,0.000220973
,,,-8.16412e-008,0
,,,-8.12412e-008,-0.000220973
,,,-8.08412e-008,0.000441946
,,,-8.04412e-008,0.000220973
,,,-8.00412e-008,-0.000662919
,,,-7.96412e-008,-0.000883892
,,,-7.92412e-008,0.000220973
,,,-7.88412e-008,0
,,,-7.84412e-008,0
,,,-7.80412e-008,0.000662919
,,,-7.76412e-008,0
,,,-7.72412e-008,0.000220973
,,,-7.68412e-008,-0.000220973
,,,-7.64412e-008,-0.000220973
,,,-7.60412e-008,-0.000441946
,,,-7.56412e-008,-0.000220973
,,,-7.52412e-008,-0.000220973
,,,-7.48412e-008,-0.000441946
,,,-7.44412e-008,-0.000441946
,,,-7.40412e-008,0.000220973
,,,-7.36412e-008,-0.000220973
,,,-7.32412e-008,0
,,,-7.28412e-008,-0.00132584
,,,-7.24412e-008,-0.000220973
,,,-7.20412e-008,-0.000441946
,,,-7.16412e-008,-0.000220973
,,,-7.12412e-008,-0.000220973
,,,-7.08412e-008,0.000220973
,,,-7.04412e-008,0
,,,-7.00412e-008,0.000441946
,,,-6.96412e-008,-0.000662919
,,,-6.92412e-008,0.000220973
,,,-6.88412e-008,0.000441946
,,,-6.84412e-008,0.000883892
,,,-6.80412e-008,0.000441946
,,,-6.76412e-008,0.000441946
,,,-6.72412e-008,-0.00110486
,,,-6.68412e-008,-0.000441946
,,,-6.64412e-008,-0.000220973
,,,-6.60412e-008,0.000220973
,,,-6.56412e-008,0.000220973
,,,-6.52412e-008,0
,,,-6.48412e-008,0
,,,-6.44412e-008,-0.000441946
,,,-6.40412e-008,-0.000441946
,,,-6.36412e-008,-0.000441946
,,,-6.32412e-008,-0.000441946
,,,-6.28412e-008,-0.000662919
,,,-6.24412e-008,-0.000220973
,,,-6.20412e-008,-0.000220973
,,,-6.16412e-008,0.000220973
,,,-6.12412e-008,0
,,,-6.08412e-008,-0.000662919
,,,-6.04412e-008,0
,,,-6.00412e-008,0
,,,-5.96412e-008,-0.000220973
,,,-5.92412e-008,-0.000441946
,,,-5.88412e-008,-0.000441946
,,,-5.84412e-008,-0.000441946
,,,-5.80412e-008,0
,,,-5.76412e-008,-0.000220973
,,,-5.72412e-008,0.000441946
,,,-5.68412e-008,0.000220973
,,,-5.64412e-008,-0.000441946
,,,-5.60412e-008,-0.000662919
,,,-5.56412e-008,-0.000662919
,,,-5.52412e-008,-0.000662919
,,,-5.48412e-008,0
,,,-5.44412e-008,-0.000220973
,,,-5.40412e-008,-0.000220973
,,,-5.36412e-008,-0.000662919
,,,-5.32412e-008,-0.000220973
,,,-5.28412e-008,0.000220973
,,,-5.24412e-008,0.000220973
,,,-5.20412e-008,-0.000441946
,,,-5.16412e-008,-0.000220973
,,,-5.12412e-008,0.000220973
,,,-5.08412e-008,-0.000220973
,,,-5.04412e-008,0.000220973
,,,-5.00412e-008,0
,,,-4.96412e-008,-0.000441946
,,,-4.92412e-008,0
,,,-4.88412e-008,-0.000220973
,,,-4.84412e-008,0
,,,-4.80412e-008,-0.000220973
,,,-4.76412e-008,0
,,,-4.72412e-008,-0.000220973
,,,-4.68412e-008,-0.000220973
,,,-4.64412e-008,-0.000441946
,,,-4.60412e-008,0
,,,-4.56412e-008,-0.000220973
,,,-4.52412e-008,-0.000220973
,,,-4.48412e-008,0
,,,-4.44412e-008,0
,,,-4.40412e-008,-0.000662919
,,,-4.36412e-008,0.000662919
,,,-4.32412e-008,-0.000220973
,,,-4.28412e-008,-0.000441946
,,,-4.24412e-008,-0.000220973
,,,-4.20412e-008,-0.000441946
,,,-4.16412e-008,-0.000220973
,,,-4.12412e-008,0
,,,-4.08412e-008,0
,,,-4.04412e-008,0
,,,-4.00412e-008,-0.000883892
,,,-3.96412e-008,-0.00110486
,,,-3.92412e-008,-0.000662919
,,,-3.88412e-008,-0.00110486
,,,-3.84412e-008,-0.000441946
,,,-3.80412e-008,0
,,,-3.76412e-008,-0.000220973
,,,-3.72412e-008,0.000220973
,,,-3.68412e-008,0
,,,-3.64412e-008,-0.000441946
,,,-3.60412e-008,-0.000220973
,,,-3.56412e-008,0.000220973
,,,-3.52412e-008,0
,,,-3.48412e-008,-0.000441946
,,,-3.44412e-008,-0.000883892
,,,-3.40412e-008,0
,,,-3.36412e-008,0.000220973
,,,-3.32412e-008,0.000662919
,,,-3.28412e-008,-0.000220973
,,,-3.24412e-008,-0.000220973
,,,-3.20412e-008,0.000220973
,,,-3.16412e-008,-0.000883892
,,,-3.12412e-008,-0.000441946
,,,-3.08412e-008,0
,,,-3.04412e-008,-0.000220973
,,,-3.00412e-008,-0.000220973
,,,-2.96412e-008,-0.000441946
,,,-2.92412e-008,0.000883892
,,,-2.88412e-008,0.000441946
,,,-2.84412e-008,0.000220973
,,,-2.80412e-008,0
,,,-2.76412e-008,-0.000220973
,,,-2.72412e-008,0
,,,-2.68412e-008,0.000662919
,,,-2.64412e-008,-0.000220973
,,,-2.60412e-008,0
,,,-2.56412e-008,0.000441946
,,,-2.52412e-008,0.000441946
,,,-2.48412e-008,0.000220973
,,,-2.44412e-008,-0.000441946
,,,-2.40412e-008,-0.000441946
,,,-2.36412e-008,-0.000441946
,,,-2.32412e-008,0.000220973
,,,-2.28412e-008,0.000441946
,,,-2.24412e-008,0.000220973
,,,-2.20412e-008,-0.000220973
,,,-2.16412e-008,0.000220973
,,,-2.12412e-008,0
,,,-2.08412e-008,0.000662919
,,,-2.04412e-008,-0.000220973
,,,-2.00412e-008,0.000220973
,,,-1.96412e-008,0.000662919
,,,-1.92412e-008,0.000662919
,,,-1.88412e-008,-0.000441946
,,,-1.84412e-008,0.000220973
,,,-1.80412e-008,0.000220973
,,,-1.76412e-008,-0.000220973
,,,-1.72412e-008,0.000662919
,,,-1.68412e-008,-0.000883892
,,,-1.64412e-008,-0.000220973
,,,-1.60412e-008,0.000220973
,,,-1.56412e-008,-0.000441946
,,,-1.52412e-008,-0.000220973
,,,-1.48412e-008,0
,,,-1.44412e-008,-0.000441946
,,,-1.40412e-008,0
,,,-1.36412e-008,-0.000220973
,,,-1.32412e-008,-0.000441946
,,,-1.28412e-008,-0.000662919
,,,-1.24412e-008,0
,,,-1.20412e-008,-0.000220973
,,,-1.16412e-008,0.000441946
,,,-1.12412e-008,0.000220973
,,,-1.08412e-008,0.000220973
,,,-1.04412e-008,0.000662919
,,,-1.00412e-008,0.000441946
,,,-9.64119e-009,0
,,,-9.24119e-009,0.000662919
,,,-8.84119e-009,-0.000220973
,,,-8.44119e-009,-0.000441946
,,,-8.04119e-009,0
,,,-7.64119e-009,-0.000220973
,,,-7.24119e-009,0
,,,-6.84119e-009,-0.000662919
,,,-6.44119e-009,0
,,,-6.04119e-009,0.000441946
,,,-5.64119e-009,-0.000662919
,,,-5.24119e-009,-0.000220973
,,,-4.84119e-009,0
,,,-4.44119e-009,0.000662919
,,,-4.04119e-009,0
,,,-3.64119e-009,0.000220973
,,,-3.24119e-009,-0.000441946
,,,-2.84119e-009,-0.000662919
,,,-2.44119e-009,-0.000220973
,,,-2.04119e-009,0.000220973
,,,-1.64119e-009,0.000441946
,,,-1.24119e-009,-0.000441946
,,,-8.41191e-010,-0.000662919
,,,-4.41191e-010,-0.000441946
,,,-4.11906e-011,-0.000883892
,,,3.58809e-010,0
,,,7.58809e-010,-0.000220973
,,,1.15881e-009,-0.000220973
,,,1.55881e-009,-0.000662919
,,,1.95881e-009,0
,,,2.35881e-009,-0.000220973
,,,2.75881e-009,-0.000441946
,,,3.15881e-009,0.000220973
,,,3.55881e-009,0.000220973
,,,3.95881e-009,-0.000220973
,,,4.35881e-009,0.000441946
,,,4.75881e-009,0.000441946
,,,5.15881e-009,-0.000220973
,,,5.55881e-009,0.000220973
,,,5.95881e-009,0.000220973
,,,6.35881e-009,0
,,,6.75881e-009,0.000220973
,,,7.15881e-009,0.000220973
,,,7.55881e-009,0
,,,7.95881e-009,-0.000220973
,,,8.35881e-009,-0.000441946
,,,8.75881e-009,-0.000220973
,,,9.15881e-009,-0.000441946
,,,9.55881e-009,0
,,,9.95881e-009,-0.000220973
,,,1.03588e-008,0
,,,1.07588e-008,0.000220973
,,,1.11588e-008,-0.000220973
,,,1.15588e-008,0.000662919
,,,1.19588e-008,-0.000220973
,,,1.23588e-008,0.000220973
,,,1.27588e-008,0
,,,1.31588e-008,-0.000220973
,,,1.35588e-008,-0.000441946
,,,1.39588e-008,0
,,,1.43588e-008,-0.000220973
,,,1.47588e-008,0
,,,1.51588e-008,0
,,,1.55588e-008,0.000220973
,,,1.59588e-008,0.000662919
,,,1.63588e-008,-0.000220973
,,,1.67588e-008,-0.000220973
,,,1.71588e-008,-0.000883892
,,,1.75588e-008,-0.000441946
,,,1.79588e-008,0.000662919
,,,1.83588e-008,-0.00110486
,,,1.87588e-008,0.000441946
,,,1.91588e-008,0.000662919
,,,1.95588e-008,0.000220973
,,,1.99588e-008,0.000441946
,,,2.03588e-008,0.000220973
,,,2.07588e-008,-0.000883892
,,,2.11588e-008,0.000441946
,,,2.15588e-008,0.000441946
,,,2.19588e-008,0.000441946
,,,2.23588e-008,0.000441946
,,,2.27588e-008,0.000220973
,,,2.31588e-008,-0.000441946
,,,2.35588e-008,0.000220973
,,,2.39588e-008,0.000662919
,,,2.43588e-008,-0.000220973
,,,2.47588e-008,0.000220973
,,,2.51588e-008,-0.000441946
,,,2.55588e-008,0.000220973
,,,2.59588e-008,-0.000220973
,,,2.63588e-008,0.000220973
,,,2.67588e-008,0.000441946
,,,2.71588e-008,0.000441946
,,,2.75588e-008,0.000441946
,,,2.79588e-008,-0.000662919
,,,2.83588e-008,0.000662919
,,,2.87588e-008,0.000220973
,,,2.91588e-008,0
,,,2.95588e-008,-0.000441946
,,,2.99588e-008,-0.000662919
,,,3.03588e-008,0.000220973
,,,3.07588e-008,0.000220973
,,,3.11588e-008,0.000220973
,,,3.15588e-008,0.000220973
,,,3.19588e-008,-0.000441946
,,,3.23588e-008,-0.000441946
,,,3.27588e-008,-0.000220973
,,,3.31588e-008,0
,,,3.35588e-008,-0.000220973
,,,3.39588e-008,0
,,,3.43588e-008,0.000441946
,,,3.47588e-008,0
,,,3.51588e-008,0
,,,3.55588e-008,0.000662919
,,,3.59588e-008,0.000441946
,,,3.63588e-008,0.000883892
,,,3.67588e-008,0.000441946
,,,3.71588e-008,0
,,,3.75588e-008,0.000441946
,,,3.79588e-008,0.000220973
,,,3.83588e-008,0.000441946
,,,3.87588e-008,-0.000220973
,,,3.91588e-008,-0.000441946
,,,3.95588e-008,-0.000441946
,,,3.99588e-008,0.000220973
,,,4.03588e-008,0
,,,4.07588e-008,-0.000441946
,,,4.11588e-008,-0.000220973
,,,4.15588e-008,-0.000220973
,,,4.19588e-008,-0.000441946
,,,4.23588e-008,-0.000441946
,,,4.27588e-008,-0.000441946
,,,4.31588e-008,-0.000441946
,,,4.35588e-008,0
,,,4.39588e-008,-0.000220973
,,,4.43588e-008,0
,,,4.47588e-008,-0.000220973
,,,4.51588e-008,-0.000662919
,,,4.55588e-008,0.000441946
,,,4.59588e-008,0
,,,4.63588e-008,-0.000220973
,,,4.67588e-008,0.000220973
,,,4.71588e-008,0.000441946
,,,4.75588e-008,0.000441946
,,,4.79588e-008,-0.000220973
,,,4.83588e-008,-0.000220973
,,,4.87588e-008,-0.000220973
,,,4.91588e-008,-0.000220973
,,,4.95588e-008,-0.000441946
,,,4.99588e-008,0.000883892
,,,5.03588e-008,0
,,,5.07588e-008,-0.000220973
,,,5.11588e-008,0.000220973
,,,5.15588e-008,-0.000220973
,,,5.19588e-008,0
,,,5.23588e-008,0.000220973
,,,5.27588e-008,-0.000441946
,,,5.31588e-008,-0.000220973
,,,5.35588e-008,0.000662919
,,,5.39588e-008,0
,,,5.43588e-008,0.000441946
,,,5.47588e-008,0.000220973
,,,5.51588e-008,-0.000220973
,,,5.55588e-008,0.000220973
,,,5.59588e-008,0.000662919
,,,5.63588e-008,0
,,,5.67588e-008,-0.000220973
,,,5.71588e-008,0
,,,5.75588e-008,0
,,,5.79588e-008,0
,,,5.83588e-008,0.000441946
,,,5.87588e-008,0.000441946
,,,5.91588e-008,0
,,,5.95588e-008,0.000220973
,,,5.99588e-008,-0.000220973
,,,6.03588e-008,0.000220973
,,,6.07588e-008,0
,,,6.11588e-008,0
,,,6.15588e-008,0.000662919
,,,6.19588e-008,0.000883892
,,,6.23588e-008,0.000220973
,,,6.27588e-008,0
,,,6.31588e-008,-0.000441946
,,,6.35588e-008,0
,,,6.39588e-008,-0.000441946
,,,6.43588e-008,-0.000220973
,,,6.47588e-008,-0.000883892
,,,6.51588e-008,-0.00110486
,,,6.55588e-008,-0.000220973
,,,6.59588e-008,0.000441946
,,,6.63588e-008,-0.000220973
,,,6.67588e-008,-0.000662919
,,,6.71588e-008,0
,,,6.75588e-008,0.000662919
,,,6.79588e-008,-0.000220973
,,,6.83588e-008,0.000220973
,,,6.87588e-008,0.000220973
,,,6.91588e-008,0
,,,6.95588e-008,-0.000662919
,,,6.99588e-008,0
,,,7.03588e-008,0.000883892
,,,7.07588e-008,0.000441946
,,,7.11588e-008,-0.000220973
,,,7.15588e-008,0
,,,7.19588e-008,-0.000220973
,,,7.23588e-008,-0.000220973
,,,7.27588e-008,-0.000662919
,,,7.31588e-008,-0.000220973
,,,7.35588e-008,0
,,,7.39588e-008,-0.000220973
,,,7.43588e-008,0.000662919
,,,7.47588e-008,0.000441946
,,,7.51588e-008,0.000883892
,,,7.55588e-008,-0.000220973
,,,7.59588e-008,0.000220973
,,,7.63588e-008,0.000662919
,,,7.67588e-008,0
,,,7.71588e-008,0
,,,7.75588e-008,-0.000441946
,,,7.79588e-008,-0.000441946
,,,7.83588e-008,0.000220973
,,,7.87588e-008,0
,,,7.91588e-008,-0.000441946
,,,7.95588e-008,0
,,,7.99588e-008,0.000662919
,,,8.03588e-008,-0.000662919
,,,8.07588e-008,0
,,,8.11588e-008,0.000220973
,,,8.15588e-008,-0.000441946
,,,8.19588e-008,0
,,,8.23588e-008,-0.000441946
,,,8.27588e-008,0
,,,8.31588e-008,0
,,,8.35588e-008,-0.000662919
,,,8.39588e-008,0
,,,8.43588e-008,0
,,,8.47588e-008,0.000220973
,,,8.51588e-008,0
,,,8.55588e-008,0
,,,8.59588e-008,0.000220973
,,,8.63588e-008,0.000662919
,,,8.67588e-008,0.000220973
,,,8.71588e-008,-0.000441946
,,,8.75588e-008,-0.000220973
,,,8.79588e-008,0
,,,8.83588e-008,-0.000220973
,,,8.87588e-008,-0.000220973
,,,8.91588e-008,-0.000441946
,,,8.95588e-008,-0.000220973
,,,8.99588e-008,-0.000220973
,,,9.03588e-008,-0.000662919
,,,9.07588e-008,0.000441946
,,,9.11588e-008,0.000441946
,,,9.15588e-008,0.000441946
,,,9.19588e-008,-0.000662919
,,,9.23588e-008,0.000220973
,,,9.27588e-008,0.000662919
,,,9.31588e-008,0.000220973
,,,9.35588e-008,0.000662919
,,,9.39588e-008,0.00198876
,,,9.43588e-008,0.00198876
,,,9.47588e-008,0.00220973
,,,9.51588e-008,0.00265168
,,,9.55588e-008,0.00441946
,,,9.59588e-008,0.00419849
,,,9.63588e-008,0.00596627
,,,9.67588e-008,0.00707114
,,,9.71588e-008,0.00839697
,,,9.75588e-008,0.00905989
,,,9.79588e-008,0.0103857
,,,9.83588e-008,0.0114906
,,,9.87588e-008,0.0130374
,,,9.91588e-008,0.0141423
,,,9.95588e-008,0.0141423
,,,9.99588e-008,0.0148052
,,,1.00359e-007,0.0152471
,,,1.00759e-007,0.0156891
,,,1.01159e-007,0.016131
,,,1.01559e-007,0.016573
,,,1.01959e-007,0.0167939
,,,1.02359e-007,0.0167939
,,,1.02759e-007,0.0167939
,,,1.03159e-007,0.0174569
,,,1.03559e-007,0.0170149
,,,1.03959e-007,0.0167939
,,,1.04359e-007,0.0170149
,,,1.04759e-007,0.0170149
,,,1.05159e-007,0.0167939
,,,1.05559e-007,0.0176778
,,,1.05959e-007,0.0174569
,,,1.06359e-007,0.0174569
,,,1.06759e-007,0.0174569
,,,1.07159e-007,0.0170149
,,,1.07559e-007,0.0174569
,,,1.07959e-007,0.0174569
,,,1.08359e-007,0.0178988
,,,1.08759e-007,0.0172359
,,,1.09159e-007,0.0174569
,,,1.09559e-007,0.0181198
,,,1.09959e-007,0.0183408
,,,1.10359e-007,0.0176778
,,,1.10759e-007,0.0178988
,,,1.11159e-007,0.0172359
,,,1.11559e-007,0.0174569
,,,1.11959e-007,0.0178988
,,,1.12359e-007,0.0172359
,,,1.12759e-007,0.0174569
,,,1.13159e-007,0.0176778
,,,1.13559e-007,0.0183408
,,,1.13959e-007,0.0176778
,,,1.14359e-007,0.0178988
,,,1.14759e-007,0.0170149
,,,1.15159e-007,0.0172359
,,,1.15559e-007,0.0176778
,,,1.15959e-007,0.0167939
,,,1.16359e-007,0.0174569
,,,1.16759e-007,0.0172359
,,,1.17159e-007,0.0174569
,,,1.17559e-007,0.0181198
,,,1.17959e-007,0.0183408
,,,1.18359e-007,0.0174569
,,,1.18759e-007,0.0176778
,,,1.19159e-007,0.0178988
,,,1.19559e-007,0.0178988
,,,1.19959e-007,0.0176778
,,,1.20359e-007,0.0172359
,,,1.20759e-007,0.0174569
,,,1.21159e-007,0.0185617
,,,1.21559e-007,0.0183408
,,,1.21959e-007,0.0178988
,,,1.22359e-007,0.0183408
,,,1.22759e-007,0.0194456
,,,1.23159e-007,0.0185617
,,,1.23559e-007,0.0187827
,,,1.23959e-007,0.0196666
,,,1.24359e-007,0.0203295
,,,1.24759e-007,0.0207715
,,,1.25159e-007,0.0203295
,,,1.25559e-007,0.0203295
,,,1.25959e-007,0.0214344
,,,1.26359e-007,0.0218763
,,,1.26759e-007,0.0205505
,,,1.27159e-007,0.0201085
,,,1.27559e-007,0.0203295
,,,1.27959e-007,0.0201085
,,,1.28359e-007,0.0192246
,,,1.28759e-007,0.0192246
,,,1.29159e-007,0.0192246
,,,1.29559e-007,0.0185617
,,,1.29959e-007,0.0185617
,,,1.30359e-007,0.0183408
,,,1.30759e-007,0.0183408
,,,1.31159e-007,0.0181198
,,,1.31559e-007,0.0183408
,,,1.31959e-007,0.0172359
,,,1.32359e-007,0.0181198
,,,1.32759e-007,0.0172359
,,,1.33159e-007,0.0167939
,,,1.33559e-007,0.016573
,,,1.33959e-007,0.016573
,,,1.34359e-007,0.0170149
,,,1.34759e-007,0.0174569
,,,1.35159e-007,0.016573
,,,1.35559e-007,0.016352
,,,1.35959e-007,0.0159101
,,,1.36359e-007,0.0159101
,,,1.36759e-007,0.016352
,,,1.37159e-007,0.0170149
,,,1.37559e-007,0.016573
,,,1.37959e-007,0.016352
,,,1.38359e-007,0.0154681
,,,1.38759e-007,0.0159101
,,,1.39159e-007,0.0159101
,,,1.39559e-007,0.016352
,,,1.39959e-007,0.0156891
,,,1.40359e-007,0.016131
,,,1.40759e-007,0.0154681
,,,1.41159e-007,0.0156891
,,,1.41559e-007,0.0159101
,,,1.41959e-007,0.0156891
,,,1.42359e-007,0.0150262
,,,1.42759e-007,0.016573
,,,1.43159e-007,0.0152471
,,,1.43559e-007,0.0148052
,,,1.43959e-007,0.0154681
,,,1.44359e-007,0.0148052
,,,1.44759e-007,0.0148052
,,,1.45159e-007,0.0148052
,,,1.45559e-007,0.0145842
,,,1.45959e-007,0.0154681
,,,1.46359e-007,0.0145842
,,,1.46759e-007,0.0152471
,,,1.47159e-007,0.0150262
,,,1.47559e-007,0.0143632
,,,1.47959e-007,0.0145842
,,,1.48359e-007,0.0154681
,,,1.48759e-007,0.0143632
,,,1.49159e-007,0.0148052
,,,1.49559e-007,0.0152471
,,,1.49959e-007,0.0143632
,,,1.50359e-007,0.0145842
,,,1.50759e-007,0.0139213
,,,1.51159e-007,0.0141423
,,,1.51559e-007,0.0139213
,,,1.51959e-007,0.0141423
,,,1.52359e-007,0.0137003
,,,1.52759e-007,0.0132584
,,,1.53159e-007,0.0134794
,,,1.53559e-007,0.0139213
,,,1.53959e-007,0.0137003
,,,1.54359e-007,0.0123745
,,,1.54759e-007,0.0130374
,,,1.55159e-007,0.0130374
,,,1.55559e-007,0.0128164
,,,1.55959e-007,0.0123745
,,,1.56359e-007,0.0132584
,,,1.56759e-007,0.0119325
,,,1.57159e-007,0.0114906
,,,1.57559e-007,0.0123745
,,,1.57959e-007,0.0119325
,,,1.58359e-007,0.0119325
,,,1.58759e-007,0.0117116
,,,1.59159e-007,0.0114906
,,,1.59559e-007,0.0117116
,,,1.59959e-007,0.0121535
,,,1.60359e-007,0.0117116
,,,1.60759e-007,0.0121535
,,,1.61159e-007,0.0117116
,,,1.61559e-007,0.0119325
,,,1.61959e-007,0.0125955
,,,1.62359e-007,0.0114906
,,,1.62759e-007,0.0119325
,,,1.63159e-007,0.0130374
,,,1.63559e-007,0.0121535
,,,1.63959e-007,0.0117116
,,,1.64359e-007,0.0114906
,,,1.64759e-007,0.0119325
,,,1.65159e-007,0.0112696
,,,1.65559e-007,0.0125955
,,,1.65959e-007,0.0121535
,,,1.66359e-007,0.0123745
,,,1.66759e-007,0.0119325
,,,1.67159e-007,0.0125955
,,,1.67559e-007,0.0125955
,,,1.67959e-007,0.0121535
,,,1.68359e-007,0.0114906
,,,1.68759e-007,0.0121535
,,,1.69159e-007,0.0123745
,,,1.69559e-007,0.0117116
,,,1.69959e-007,0.0119325
,,,1.70359e-007,0.0125955
,,,1.70759e-007,0.0119325
,,,1.71159e-007,0.0123745
,,,1.71559e-007,0.0121535
,,,1.71959e-007,0.0112696
,,,1.72359e-007,0.0119325
,,,1.72759e-007,0.0125955
,,,1.73159e-007,0.0125955
,,,1.73559e-007,0.0117116
,,,1.73959e-007,0.0121535
,,,1.74359e-007,0.0119325
,,,1.74759e-007,0.0117116
,,,1.75159e-007,0.0121535
,,,1.75559e-007,0.0119325
,,,1.75959e-007,0.0121535
,,,1.76359e-007,0.0125955
,,,1.76759e-007,0.0123745
,,,1.77159e-007,0.0121535
,,,1.77559e-007,0.0117116
,,,1.77959e-007,0.0125955
,,,1.78359e-007,0.0130374
,,,1.78759e-007,0.0123745
,,,1.79159e-007,0.0121535
,,,1.79559e-007,0.0125955
,,,1.79959e-007,0.0125955
,,,1.80359e-007,0.0121535
,,,1.80759e-007,0.0125955
,,,1.81159e-007,0.0128164
,,,1.81559e-007,0.0128164
,,,1.81959e-007,0.0125955
,,,1.82359e-007,0.0132584
,,,1.82759e-007,0.0123745
,,,1.83159e-007,0.0121535
,,,1.83559e-007,0.0125955
,,,1.83959e-007,0.0121535
,,,1.84359e-007,0.0117116
,,,1.84759e-007,0.0132584
,,,1.85159e-007,0.0121535
,,,1.85559e-007,0.0117116
,,,1.85959e-007,0.0119325
,,,1.86359e-007,0.0117116
,,,1.86759e-007,0.0132584
,,,1.87159e-007,0.0125955
,,,1.87559e-007,0.0128164
,,,1.87959e-007,0.0125955
,,,1.88359e-007,0.0137003
,,,1.88759e-007,0.0132584
,,,1.89159e-007,0.0132584
,,,1.89559e-007,0.0130374
,,,1.89959e-007,0.0137003
,,,1.90359e-007,0.0132584
,,,1.90759e-007,0.0134794
,,,1.91159e-007,0.0125955
,,,1.91559e-007,0.0134794
,,,1.91959e-007,0.0130374
,,,1.92359e-007,0.0128164
,,,1.92759e-007,0.0128164
,,,1.93159e-007,0.0123745
,,,1.93559e-007,0.0137003
,,,1.93959e-007,0.0137003
,,,1.94359e-007,0.0132584
,,,1.94759e-007,0.0137003
,,,1.95159e-007,0.0128164
,,,1.95559e-007,0.0130374
,,,1.95959e-007,0.0134794
,,,1.96359e-007,0.0137003
,,,1.96759e-007,0.0125955
,,,1.97159e-007,0.0128164
,,,1.97559e-007,0.0130374
,,,1.97959e-007,0.0130374
,,,1.98359e-007,0.0132584
,,,1.98759e-007,0.0139213
,,,1.99159e-007,0.0130374
,,,1.99559e-007,0.0125955
,,,1.99959e-007,0.0128164
,,,2.00359e-007,0.0132584
,,,2.00759e-007,0.0125955
,,,2.01159e-007,0.0117116
,,,2.01559e-007,0.0112696
,,,2.01959e-007,0.0121535
,,,2.02359e-007,0.0121535
,,,2.02759e-007,0.0119325
,,,2.03159e-007,0.0121535
,,,2.03559e-007,0.0125955
,,,2.03959e-007,0.0112696
,,,2.04359e-007,0.0119325
,,,2.04759e-007,0.0110486
,,,2.05159e-007,0.0110486
,,,2.05559e-007,0.0106067
,,,2.05959e-007,0.0112696
,,,2.06359e-007,0.0106067
,,,2.06759e-007,0.0106067
,,,2.07159e-007,0.0103857
,,,2.07559e-007,0.0101648
,,,2.07959e-007,0.0101648
,,,2.08359e-007,0.00972281
,,,2.08759e-007,0.00972281
,,,2.09159e-007,0.00950184
,,,2.09559e-007,0.00795503
,,,2.09959e-007,0.00839697
,,,2.10359e-007,0.00729211
,,,2.10759e-007,0.00751308
,,,2.11159e-007,0.00640822
,,,2.11559e-007,0.00662919
,,,2.11959e-007,0.00596627
,,,2.12359e-007,0.00640822
,,,2.12759e-007,0.00530335
,,,2.13159e-007,0.00596627
,,,2.13559e-007,0.00530335
,,,2.13959e-007,0.00508238
,,,2.14359e-007,0.00464043
,,,2.14759e-007,0.00419849
,,,2.15159e-007,0.00419849
,,,2.15559e-007,0.00375654
,,,2.15959e-007,0.00331459
,,,2.16359e-007,0.00287265
,,,2.16759e-007,0.00309362
,,,2.17159e-007,0.0024307
,,,2.17559e-007,0.00220973
,,,2.17959e-007,0.00265168
,,,2.18359e-007,0.00154681
,,,2.18759e-007,0.0024307
,,,2.19159e-007,0.00154681
,,,2.19559e-007,0.00176778
,,,2.19959e-007,0.00154681
,,,2.20359e-007,0.0024307
,,,2.20759e-007,0.00110486
,,,2.21159e-007,0.00154681
,,,2.21559e-007,0.00198876
,,,2.21959e-007,0.00154681
,,,2.22359e-007,0.000883892
,,,2.22759e-007,0.00132584
,,,2.23159e-007,0.00176778
,,,2.23559e-007,0.00132584
,,,2.23959e-007,0.00176778
,,,2.24359e-007,0.000662919
,,,2.24759e-007,0.000662919
,,,2.25159e-007,0.00132584
,,,2.25559e-007,0.000220973
,,,2.25959e-007,0.000883892
,,,2.26359e-007,0.000441946
,,,2.26759e-007,0.000662919
,,,2.27159e-007,0.000662919
,,,2.27559e-007,0.00154681
,,,2.27959e-007,0.000220973
,,,2.28359e-007,0.00110486
,,,2.28759e-007,0.000662919
,,,2.29159e-007,0.000220973
,,,2.29559e-007,0.000441946
,,,2.29959e-007,0.000441946
,,,2.30359e-007,0.000441946
,,,2.30759e-007,0.000662919
,,,2.31159e-007,0.000441946
,,,2.31559e-007,0.000441946
,,,2.31959e-007,0.000441946
,,,2.32359e-007,0.000441946
,,,2.32759e-007,0.000883892
,,,2.33159e-007,0.000220973
,,,2.33559e-007,-0.000662919
,,,2.33959e-007,0
,,,2.34359e-007,0.000220973
,,,2.34759e-007,0
,,,2.35159e-007,0
,,,2.35559e-007,0
,,,2.35959e-007,0.000220973
,,,2.36359e-007,0
,,,2.36759e-007,0
,,,2.37159e-007,0.000220973
,,,2.37559e-007,-0.000441946
,,,2.37959e-007,-0.000662919
,,,2.38359e-007,-0.000220973
,,,2.38759e-007,-0.000662919
,,,2.39159e-007,-0.000883892
,,,2.39559e-007,-0.000883892
,,,2.39959e-007,-0.00132584
,,,2.40359e-007,-0.000883892
,,,2.40759e-007,-0.000662919
,,,2.41159e-007,0
,,,2.41559e-007,-0.00154681
,,,2.41959e-007,-0.000662919
,,,2.42359e-007,-0.00132584
,,,2.42759e-007,-0.000662919
,,,2.43159e-007,-0.000662919
,,,2.43559e-007,0
,,,2.43959e-007,-0.000662919
,,,2.44359e-007,0.000220973
,,,2.44759e-007,-0.000883892
,,,2.45159e-007,-0.00132584
,,,2.45559e-007,-0.000883892
,,,2.45959e-007,-0.000220973
,,,2.46359e-007,0
,,,2.46759e-007,0.000220973
,,,2.47159e-007,0
,,,2.47559e-007,-0.000220973
,,,2.47959e-007,-0.000662919
,,,2.48359e-007,-0.000441946
,,,2.48759e-007,0
,,,2.49159e-007,0
,,,2.49559e-007,-0.000662919
,,,2.49959e-007,-0.000662919
,,,2.50359e-007,0
