"Record Length",1252,"Points",-2.50106e-007,-0.000220973
"Sample Interval",4e-010,s,-2.49706e-007,0.000662919
"Trigger Point",625,"Samples",-2.49306e-007,0.000220973
"Trigger Time",0.26422,s,-2.48906e-007,0.000220973
,,,-2.48506e-007,0
"Horizontal Offset",-2.50106e-007,s,-2.48106e-007,0.000883892
,,,-2.47706e-007,0
,,,-2.47306e-007,-0.000220973
,,,-2.46906e-007,0
,,,-2.46506e-007,0.000662919
,,,-2.46106e-007,0.00110486
,,,-2.45706e-007,-0.000441946
,,,-2.45306e-007,0.000220973
,,,-2.44906e-007,0.000883892
,,,-2.44506e-007,0.000220973
,,,-2.44106e-007,0.000220973
,,,-2.43706e-007,0.000220973
,,,-2.43306e-007,0
,,,-2.42906e-007,0.000441946
,,,-2.42506e-007,0
,,,-2.42106e-007,0.000220973
,,,-2.41706e-007,0
,,,-2.41306e-007,-0.000220973
,,,-2.40906e-007,0.000220973
,,,-2.40506e-007,0.000220973
,,,-2.40106e-007,0.000441946
,,,-2.39706e-007,0.000662919
,,,-2.39306e-007,0
,,,-2.38906e-007,0.00132584
,,,-2.38506e-007,0.000441946
,,,-2.38106e-007,-0.000220973
,,,-2.37706e-007,0.000662919
,,,-2.37306e-007,-0.000441946
,,,-2.36906e-007,0.000220973
,,,-2.36506e-007,0.000662919
,,,-2.36106e-007,0
,,,-2.35706e-007,0.000441946
,,,-2.35306e-007,0.000662919
,,,-2.34906e-007,0.000441946
,,,-2.34506e-007,0.000662919
,,,-2.34106e-007,0.000220973
,,,-2.33706e-007,0
,,,-2.33306e-007,0.000441946
,,,-2.32906e-007,0.000220973
,,,-2.32506e-007,0.000220973
,,,-2.32106e-007,0.000662919
,,,-2.31706e-007,0
,,,-2.31306e-007,0.000441946
,,,-2.30906e-007,0.000220973
,,,-2.30506e-007,0.000662919
,,,-2.30106e-007,0.000662919
,,,-2.29706e-007,0.000220973
,,,-2.29306e-007,0.000662919
,,,-2.28906e-007,0.000441946
,,,-2.28506e-007,0.000220973
,,,-2.28106e-007,-0.000220973
,,,-2.27706e-007,0.000220973
,,,-2.27306e-007,0.000220973
,,,-2.26906e-007,0.000883892
,,,-2.26506e-007,-0.000220973
,,,-2.26106e-007,0
,,,-2.25706e-007,-0.000220973
,,,-2.25306e-007,0.000220973
,,,-2.24906e-007,-0.000220973
,,,-2.24506e-007,0.000883892
,,,-2.24106e-007,0.000662919
,,,-2.23706e-007,0
,,,-2.23306e-007,0.000441946
,,,-2.22906e-007,-0.000220973
,,,-2.22506e-007,0.000220973
,,,-2.22106e-007,0.000883892
,,,-2.21706e-007,0
,,,-2.21306e-007,0.000220973
,,,-2.20906e-007,0.000220973
,,,-2.20506e-007,0.000220973
,,,-2.20106e-007,0.000441946
,,,-2.19706e-007,0.000883892
,,,-2.19306e-007,-0.000220973
,,,-2.18906e-007,-0.000220973
,,,-2.18506e-007,-0.000220973
,,,-2.18106e-007,0.000441946
,,,-2.17706e-007,-0.000220973
,,,-2.17306e-007,0.000220973
,,,-2.16906e-007,-0.000662919
,,,-2.16506e-007,-0.000441946
,,,-2.16106e-007,-0.000220973
,,,-2.15706e-007,0.000441946
,,,-2.15306e-007,0
,,,-2.14906e-007,-0.000441946
,,,-2.14506e-007,0.000662919
,,,-2.14106e-007,-0.000220973
,,,-2.13706e-007,-0.000441946
,,,-2.13306e-007,0.000220973
,,,-2.12906e-007,0.000220973
,,,-2.12506e-007,-0.000220973
,,,-2.12106e-007,-0.000441946
,,,-2.11706e-007,-0.000220973
,,,-2.11306e-007,0.000220973
,,,-2.10906e-007,-0.000220973
,,,-2.10506e-007,-0.000441946
,,,-2.10106e-007,0
,,,-2.09706e-007,0
,,,-2.09306e-007,0.000220973
,,,-2.08906e-007,-0.000220973
,,,-2.08506e-007,-0.000441946
,,,-2.08106e-007,0
,,,-2.07706e-007,0.000220973
,,,-2.07306e-007,0.000220973
,,,-2.06906e-007,-0.000220973
,,,-2.06506e-007,0.000441946
,,,-2.06106e-007,0
,,,-2.05706e-007,-0.000662919
,,,-2.05306e-007,0
,,,-2.04906e-007,0.000220973
,,,-2.04506e-007,0
,,,-2.04106e-007,0.000662919
,,,-2.03706e-007,0
,,,-2.03306e-007,-0.000883892
,,,-2.02906e-007,0
,,,-2.02506e-007,0
,,,-2.02106e-007,0
,,,-2.01706e-007,0.000220973
,,,-2.01306e-007,0.000220973
,,,-2.00906e-007,-0.000220973
,,,-2.00506e-007,0
,,,-2.00106e-007,0.000220973
,,,-1.99706e-007,0.000441946
,,,-1.99306e-007,0
,,,-1.98906e-007,-0.00110486
,,,-1.98506e-007,0
,,,-1.98106e-007,0
,,,-1.97706e-007,0.000220973
,,,-1.97306e-007,0.000441946
,,,-1.96906e-007,0.000662919
,,,-1.96506e-007,0.000441946
,,,-1.96106e-007,0.000441946
,,,-1.95706e-007,-0.000220973
,,,-1.95306e-007,-0.000441946
,,,-1.94906e-007,0
,,,-1.94506e-007,0
,,,-1.94106e-007,-0.000662919
,,,-1.93706e-007,0
,,,-1.93306e-007,-0.000220973
,,,-1.92906e-007,-0.000220973
,,,-1.92506e-007,-0.000220973
,,,-1.92106e-007,0.000662919
,,,-1.91706e-007,0
,,,-1.91306e-007,0
,,,-1.90906e-007,0.000220973
,,,-1.90506e-007,0.000220973
,,,-1.90106e-007,0
,,,-1.89706e-007,0.000662919
,,,-1.89306e-007,0.000441946
,,,-1.88906e-007,0.000441946
,,,-1.88506e-007,0
,,,-1.88106e-007,0
,,,-1.87706e-007,0.000220973
,,,-1.87306e-007,0.000220973
,,,-1.86906e-007,0
,,,-1.86506e-007,0
,,,-1.86106e-007,-0.000220973
,,,-1.85706e-007,-0.000220973
,,,-1.85306e-007,-0.000220973
,,,-1.84906e-007,-0.000220973
,,,-1.84506e-007,0.000220973
,,,-1.84106e-007,0.000441946
,,,-1.83706e-007,0.000441946
,,,-1.83306e-007,0.000441946
,,,-1.82906e-007,0
,,,-1.82506e-007,0.000441946
,,,-1.82106e-007,0
,,,-1.81706e-007,0.000441946
,,,-1.81306e-007,0.000662919
,,,-1.80906e-007,0.000220973
,,,-1.80506e-007,0.000220973
,,,-1.80106e-007,0.000220973
,,,-1.79706e-007,0
,,,-1.79306e-007,0.000441946
,,,-1.78906e-007,0.00110486
,,,-1.78506e-007,0
,,,-1.78106e-007,-0.000441946
,,,-1.77706e-007,0.000220973
,,,-1.77306e-007,0.000220973
,,,-1.76906e-007,-0.000441946
,,,-1.76506e-007,0.000441946
,,,-1.76106e-007,-0.000220973
,,,-1.75706e-007,0
,,,-1.75306e-007,0.000220973
,,,-1.74906e-007,0.000662919
,,,-1.74506e-007,0.000883892
,,,-1.74106e-007,0.000441946
,,,-1.73706e-007,-0.000220973
,,,-1.73306e-007,0
,,,-1.72906e-007,0.000662919
,,,-1.72506e-007,0.000441946
,,,-1.72106e-007,0.000220973
,,,-1.71706e-007,-0.000441946
,,,-1.71306e-007,0
,,,-1.70906e-007,0.000441946
,,,-1.70506e-007,-0.000220973
,,,-1.70106e-007,-0.000220973
,,,-1.69706e-007,-0.000662919
,,,-1.69306e-007,-0.000220973
,,,-1.68906e-007,0.000662919
,,,-1.68506e-007,0
,,,-1.68106e-007,0.000883892
,,,-1.67706e-007,0.000220973
,,,-1.67306e-007,0.000220973
,,,-1.66906e-007,0
,,,-1.66506e-007,0.000220973
,,,-1.66106e-007,0.000441946
,,,-1.65706e-007,0.000220973
,,,-1.65306e-007,0
,,,-1.64906e-007,0.000220973
,,,-1.64506e-007,0.000662919
,,,-1.64106e-007,0.000220973
,,,-1.63706e-007,0.000220973
,,,-1.63306e-007,0.000220973
,,,-1.62906e-007,-0.000220973
,,,-1.62506e-007,0.000220973
,,,-1.62106e-007,0.000220973
,,,-1.61706e-007,0.000220973
,,,-1.61306e-007,-0.000220973
,,,-1.60906e-007,0.000220973
,,,-1.60506e-007,0.000441946
,,,-1.60106e-007,0.000883892
,,,-1.59706e-007,0.000662919
,,,-1.59306e-007,-0.000220973
,,,-1.58906e-007,0.000220973
,,,-1.58506e-007,0.000662919
,,,-1.58106e-007,0
,,,-1.57706e-007,-0.000220973
,,,-1.57306e-007,0.000662919
,,,-1.56906e-007,0.000220973
,,,-1.56506e-007,0.000441946
,,,-1.56106e-007,0.000662919
,,,-1.55706e-007,0
,,,-1.55306e-007,0
,,,-1.54906e-007,0.000441946
,,,-1.54506e-007,-0.000441946
,,,-1.54106e-007,0.000220973
,,,-1.53706e-007,0.000441946
,,,-1.53306e-007,-0.000220973
,,,-1.52906e-007,0.000220973
,,,-1.52506e-007,0.000883892
,,,-1.52106e-007,0.000662919
,,,-1.51706e-007,-0.000220973
,,,-1.51306e-007,0
,,,-1.50906e-007,0.000220973
,,,-1.50506e-007,0.000662919
,,,-1.50106e-007,-0.000220973
,,,-1.49706e-007,-0.000441946
,,,-1.49306e-007,0
,,,-1.48906e-007,0.000441946
,,,-1.48506e-007,0.000220973
,,,-1.48106e-007,0
,,,-1.47706e-007,0
,,,-1.47306e-007,-0.000441946
,,,-1.46906e-007,-0.000220973
,,,-1.46506e-007,-0.000883892
,,,-1.46106e-007,-0.000441946
,,,-1.45706e-007,-0.000220973
,,,-1.45306e-007,0.00110486
,,,-1.44906e-007,0
,,,-1.44506e-007,-0.000220973
,,,-1.44106e-007,0.000883892
,,,-1.43706e-007,0.000441946
,,,-1.43306e-007,0.000220973
,,,-1.42906e-007,0
,,,-1.42506e-007,0.000220973
,,,-1.42106e-007,0
,,,-1.41706e-007,0.000220973
,,,-1.41306e-007,0.000220973
,,,-1.40906e-007,0.000441946
,,,-1.40506e-007,0
,,,-1.40106e-007,0.000220973
,,,-1.39706e-007,-0.000220973
,,,-1.39306e-007,0.000220973
,,,-1.38906e-007,0.000220973
,,,-1.38506e-007,-0.000220973
,,,-1.38106e-007,-0.000441946
,,,-1.37706e-007,-0.000441946
,,,-1.37306e-007,0
,,,-1.36906e-007,0.000441946
,,,-1.36506e-007,0
,,,-1.36106e-007,0.000441946
,,,-1.35706e-007,0.000662919
,,,-1.35306e-007,0.000220973
,,,-1.34906e-007,0
,,,-1.34506e-007,-0.000220973
,,,-1.34106e-007,-0.000441946
,,,-1.33706e-007,-0.000662919
,,,-1.33306e-007,-0.000220973
,,,-1.32906e-007,0
,,,-1.32506e-007,0
,,,-1.32106e-007,0.000883892
,,,-1.31706e-007,0.000220973
,,,-1.31306e-007,0
,,,-1.30906e-007,-0.000220973
,,,-1.30506e-007,-0.000220973
,,,-1.30106e-007,-0.000441946
,,,-1.29706e-007,-0.000883892
,,,-1.29306e-007,-0.000220973
,,,-1.28906e-007,0.00110486
,,,-1.28506e-007,0.000441946
,,,-1.28106e-007,0.000441946
,,,-1.27706e-007,0.000441946
,,,-1.27306e-007,0.000441946
,,,-1.26906e-007,-0.000220973
,,,-1.26506e-007,0.000220973
,,,-1.26106e-007,0.000441946
,,,-1.25706e-007,0
,,,-1.25306e-007,0
,,,-1.24906e-007,0.000441946
,,,-1.24506e-007,0.000441946
,,,-1.24106e-007,-0.000220973
,,,-1.23706e-007,-0.000220973
,,,-1.23306e-007,-0.000441946
,,,-1.22906e-007,-0.000220973
,,,-1.22506e-007,0.000441946
,,,-1.22106e-007,-0.000441946
,,,-1.21706e-007,0
,,,-1.21306e-007,0.000220973
,,,-1.20906e-007,0
,,,-1.20506e-007,-0.000220973
,,,-1.20106e-007,0.00110486
,,,-1.19706e-007,0.000220973
,,,-1.19306e-007,0
,,,-1.18906e-007,-0.000220973
,,,-1.18506e-007,-0.000220973
,,,-1.18106e-007,0.000441946
,,,-1.17706e-007,0.000220973
,,,-1.17306e-007,-0.000662919
,,,-1.16906e-007,0
,,,-1.16506e-007,-0.000220973
,,,-1.16106e-007,0.000220973
,,,-1.15706e-007,0.000220973
,,,-1.15306e-007,0.00110486
,,,-1.14906e-007,0.000441946
,,,-1.14506e-007,-0.000220973
,,,-1.14106e-007,0
,,,-1.13706e-007,0.000220973
,,,-1.13306e-007,0.000220973
,,,-1.12906e-007,0.000441946
,,,-1.12506e-007,0.000220973
,,,-1.12106e-007,0.000441946
,,,-1.11706e-007,0.000220973
,,,-1.11306e-007,0.000220973
,,,-1.10906e-007,0
,,,-1.10506e-007,0.000220973
,,,-1.10106e-007,-0.000220973
,,,-1.09706e-007,-0.000220973
,,,-1.09306e-007,0.00110486
,,,-1.08906e-007,0.000441946
,,,-1.08506e-007,-0.000441946
,,,-1.08106e-007,0.000662919
,,,-1.07706e-007,0.000220973
,,,-1.07306e-007,0
,,,-1.06906e-007,0.000441946
,,,-1.06506e-007,0.000220973
,,,-1.06106e-007,0
,,,-1.05706e-007,0.00110486
,,,-1.05306e-007,-0.000220973
,,,-1.04906e-007,0.000441946
,,,-1.04506e-007,-0.000220973
,,,-1.04106e-007,0.000662919
,,,-1.03706e-007,-0.000220973
,,,-1.03306e-007,-0.000220973
,,,-1.02906e-007,-0.000662919
,,,-1.02506e-007,0.000662919
,,,-1.02106e-007,0.000441946
,,,-1.01706e-007,0.000220973
,,,-1.01306e-007,0.000220973
,,,-1.00906e-007,0.00110486
,,,-1.00506e-007,-0.000220973
,,,-1.00106e-007,0.000220973
,,,-9.97057e-008,-0.000662919
,,,-9.93057e-008,0.000441946
,,,-9.89057e-008,-0.000220973
,,,-9.85057e-008,0.000441946
,,,-9.81057e-008,-0.000220973
,,,-9.77057e-008,0.000220973
,,,-9.73057e-008,-0.000220973
,,,-9.69057e-008,0.000220973
,,,-9.65057e-008,0
,,,-9.61057e-008,0.000883892
,,,-9.57057e-008,0
,,,-9.53057e-008,0.000662919
,,,-9.49057e-008,0.000441946
,,,-9.45057e-008,0
,,,-9.41057e-008,0.000220973
,,,-9.37057e-008,0.000220973
,,,-9.33057e-008,0.000220973
,,,-9.29057e-008,-0.000441946
,,,-9.25057e-008,0
,,,-9.21057e-008,-0.000220973
,,,-9.17057e-008,0.000220973
,,,-9.13057e-008,-0.000441946
,,,-9.09057e-008,-0.000662919
,,,-9.05057e-008,-0.000220973
,,,-9.01057e-008,0.000662919
,,,-8.97057e-008,0.000441946
,,,-8.93057e-008,0
,,,-8.89057e-008,0.000662919
,,,-8.85057e-008,0
,,,-8.81057e-008,-0.000220973
,,,-8.77057e-008,0.000441946
,,,-8.73057e-008,0.000220973
,,,-8.69057e-008,-0.000220973
,,,-8.65057e-008,0.000883892
,,,-8.61057e-008,0
,,,-8.57057e-008,0.000220973
,,,-8.53057e-008,0.000220973
,,,-8.49057e-008,0
,,,-8.45057e-008,-0.000441946
,,,-8.41057e-008,0.000662919
,,,-8.37057e-008,-0.000220973
,,,-8.33057e-008,0.000220973
,,,-8.29057e-008,0.000441946
,,,-8.25057e-008,0
,,,-8.21057e-008,0
,,,-8.17057e-008,0
,,,-8.13057e-008,0
,,,-8.09057e-008,0
,,,-8.05057e-008,0.000662919
,,,-8.01057e-008,0.000220973
,,,-7.97057e-008,0.000220973
,,,-7.93057e-008,-0.000220973
,,,-7.89057e-008,0.000220973
,,,-7.85057e-008,0.000441946
,,,-7.81057e-008,0.000662919
,,,-7.77057e-008,0
,,,-7.73057e-008,0.00110486
,,,-7.69057e-008,0.000883892
,,,-7.65057e-008,0
,,,-7.61057e-008,0.000441946
,,,-7.57057e-008,0.00132584
,,,-7.53057e-008,0.000220973
,,,-7.49057e-008,0.000883892
,,,-7.45057e-008,0.000662919
,,,-7.41057e-008,0
,,,-7.37057e-008,0.000220973
,,,-7.33057e-008,0.000220973
,,,-7.29057e-008,0.000441946
,,,-7.25057e-008,-0.000441946
,,,-7.21057e-008,0.000441946
,,,-7.17057e-008,0.000220973
,,,-7.13057e-008,0.000220973
,,,-7.09057e-008,0
,,,-7.05057e-008,0.000662919
,,,-7.01057e-008,0.000220973
,,,-6.97057e-008,-0.000220973
,,,-6.93057e-008,0
,,,-6.89057e-008,0.000441946
,,,-6.85057e-008,0.000662919
,,,-6.81057e-008,0.000441946
,,,-6.77057e-008,-0.000220973
,,,-6.73057e-008,0.000662919
,,,-6.69057e-008,0.000662919
,,,-6.65057e-008,-0.000220973
,,,-6.61057e-008,0.000441946
,,,-6.57057e-008,-0.000441946
,,,-6.53057e-008,0.000220973
,,,-6.49057e-008,0.000220973
,,,-6.45057e-008,0.000441946
,,,-6.41057e-008,0.000662919
,,,-6.37057e-008,0.000220973
,,,-6.33057e-008,0
,,,-6.29057e-008,0.000441946
,,,-6.25057e-008,0.000441946
,,,-6.21057e-008,-0.000662919
,,,-6.17057e-008,-0.000220973
,,,-6.13057e-008,0
,,,-6.09057e-008,-0.000662919
,,,-6.05057e-008,0.000662919
,,,-6.01057e-008,0.000662919
,,,-5.97057e-008,-0.000220973
,,,-5.93057e-008,0
,,,-5.89057e-008,0.000662919
,,,-5.85057e-008,0.000220973
,,,-5.81057e-008,0.000220973
,,,-5.77057e-008,0.000220973
,,,-5.73057e-008,0
,,,-5.69057e-008,0.000441946
,,,-5.65057e-008,0
,,,-5.61057e-008,0.000441946
,,,-5.57057e-008,0.000441946
,,,-5.53057e-008,-0.000441946
,,,-5.49057e-008,0
,,,-5.45057e-008,0.000662919
,,,-5.41057e-008,0.000883892
,,,-5.37057e-008,0.000220973
,,,-5.33057e-008,0.000441946
,,,-5.29057e-008,0.000883892
,,,-5.25057e-008,0.000220973
,,,-5.21057e-008,0.000441946
,,,-5.17057e-008,0.000220973
,,,-5.13057e-008,0.000220973
,,,-5.09057e-008,0.000220973
,,,-5.05057e-008,0.000441946
,,,-5.01057e-008,0
,,,-4.97057e-008,-0.000441946
,,,-4.93057e-008,-0.000883892
,,,-4.89057e-008,0
,,,-4.85057e-008,-0.000441946
,,,-4.81057e-008,-0.000441946
,,,-4.77057e-008,0
,,,-4.73057e-008,-0.000220973
,,,-4.69057e-008,-0.000441946
,,,-4.65057e-008,0.000220973
,,,-4.61057e-008,0.000441946
,,,-4.57057e-008,-0.000220973
,,,-4.53057e-008,-0.000220973
,,,-4.49057e-008,0.000883892
,,,-4.45057e-008,0.000662919
,,,-4.41057e-008,-0.000220973
,,,-4.37057e-008,0
,,,-4.33057e-008,-0.000220973
,,,-4.29057e-008,0.000220973
,,,-4.25057e-008,0
,,,-4.21057e-008,0.000220973
,,,-4.17057e-008,-0.000220973
,,,-4.13057e-008,0
,,,-4.09057e-008,0
,,,-4.05057e-008,-0.000441946
,,,-4.01057e-008,0.000441946
,,,-3.97057e-008,0.000220973
,,,-3.93057e-008,-0.000441946
,,,-3.89057e-008,-0.000441946
,,,-3.85057e-008,0.000662919
,,,-3.81057e-008,0
,,,-3.77057e-008,0.000220973
,,,-3.73057e-008,0.000883892
,,,-3.69057e-008,0
,,,-3.65057e-008,0.000441946
,,,-3.61057e-008,0.000662919
,,,-3.57057e-008,-0.000220973
,,,-3.53057e-008,-0.000441946
,,,-3.49057e-008,-0.000441946
,,,-3.45057e-008,0
,,,-3.41057e-008,-0.000220973
,,,-3.37057e-008,0
,,,-3.33057e-008,0.000220973
,,,-3.29057e-008,0.000220973
,,,-3.25057e-008,0.000220973
,,,-3.21057e-008,0.000220973
,,,-3.17057e-008,0
,,,-3.13057e-008,-0.000220973
,,,-3.09057e-008,0.000441946
,,,-3.05057e-008,0
,,,-3.01057e-008,-0.000441946
,,,-2.97057e-008,-0.000220973
,,,-2.93057e-008,0.000662919
,,,-2.89057e-008,-0.000220973
,,,-2.85057e-008,0
,,,-2.81057e-008,0
,,,-2.77057e-008,-0.000441946
,,,-2.73057e-008,0
,,,-2.69057e-008,-0.000220973
,,,-2.65057e-008,0
,,,-2.61057e-008,0
,,,-2.57057e-008,0.000441946
,,,-2.53057e-008,-0.000220973
,,,-2.49057e-008,-0.000441946
,,,-2.45057e-008,-0.000441946
,,,-2.41057e-008,0.000441946
,,,-2.37057e-008,0.000220973
,,,-2.33057e-008,0.000220973
,,,-2.29057e-008,0.000441946
,,,-2.25057e-008,0
,,,-2.21057e-008,0.000662919
,,,-2.17057e-008,-0.000220973
,,,-2.13057e-008,0
,,,-2.09057e-008,0.000441946
,,,-2.05057e-008,0.000441946
,,,-2.01057e-008,0.000883892
,,,-1.97057e-008,0.000220973
,,,-1.93057e-008,0.000662919
,,,-1.89057e-008,0.000220973
,,,-1.85057e-008,-0.000441946
,,,-1.81057e-008,0
,,,-1.77057e-008,-0.000441946
,,,-1.73057e-008,-0.000220973
,,,-1.69057e-008,0.000662919
,,,-1.65057e-008,0.000662919
,,,-1.61057e-008,-0.000220973
,,,-1.57057e-008,0
,,,-1.53057e-008,0.000662919
,,,-1.49057e-008,0.000220973
,,,-1.45057e-008,0.000662919
,,,-1.41057e-008,0
,,,-1.37057e-008,-0.000220973
,,,-1.33057e-008,0.00110486
,,,-1.29057e-008,0.000662919
,,,-1.25057e-008,0.000441946
,,,-1.21057e-008,0.000662919
,,,-1.17057e-008,0.000441946
,,,-1.13057e-008,0.000220973
,,,-1.09057e-008,-0.000220973
,,,-1.05057e-008,0
,,,-1.01057e-008,0.000220973
,,,-9.70569e-009,0.00110486
,,,-9.30569e-009,-0.000441946
,,,-8.90569e-009,0.000441946
,,,-8.50569e-009,0.000220973
,,,-8.10569e-009,0.000662919
,,,-7.70569e-009,-0.000441946
,,,-7.30569e-009,0.000220973
,,,-6.90569e-009,0.000441946
,,,-6.50569e-009,0.000883892
,,,-6.10569e-009,-0.000220973
,,,-5.70569e-009,0.000220973
,,,-5.30569e-009,0
,,,-4.90569e-009,0.000441946
,,,-4.50569e-009,0.000441946
,,,-4.10569e-009,0.00110486
,,,-3.70569e-009,0.000441946
,,,-3.30569e-009,0.000220973
,,,-2.90569e-009,0
,,,-2.50569e-009,0.000220973
,,,-2.10569e-009,-0.000220973
,,,-1.70569e-009,0
,,,-1.30569e-009,0.000220973
,,,-9.05688e-010,0.000441946
,,,-5.05688e-010,0.000220973
,,,-1.05688e-010,0.000662919
,,,2.94312e-010,0.000441946
,,,6.94312e-010,0.000662919
,,,1.09431e-009,-0.000220973
,,,1.49431e-009,0.000662919
,,,1.89431e-009,0.000220973
,,,2.29431e-009,-0.000220973
,,,2.69431e-009,0.000220973
,,,3.09431e-009,0.000220973
,,,3.49431e-009,0.000441946
,,,3.89431e-009,0.000220973
,,,4.29431e-009,0.000220973
,,,4.69431e-009,0
,,,5.09431e-009,0
,,,5.49431e-009,0
,,,5.89431e-009,0.000441946
,,,6.29431e-009,0.000220973
,,,6.69431e-009,0.000220973
,,,7.09431e-009,0.000883892
,,,7.49431e-009,-0.000441946
,,,7.89431e-009,0.000220973
,,,8.29431e-009,0.000441946
,,,8.69431e-009,-0.000220973
,,,9.09431e-009,0
,,,9.49431e-009,0.000220973
,,,9.89431e-009,0
,,,1.02943e-008,0
,,,1.06943e-008,0.000441946
,,,1.10943e-008,0.00110486
,,,1.14943e-008,0
,,,1.18943e-008,0.000220973
,,,1.22943e-008,0.000220973
,,,1.26943e-008,0.000220973
,,,1.30943e-008,0.000662919
,,,1.34943e-008,-0.000220973
,,,1.38943e-008,-0.000220973
,,,1.42943e-008,0.000662919
,,,1.46943e-008,0
,,,1.50943e-008,0.000441946
,,,1.54943e-008,0.000220973
,,,1.58943e-008,0.000220973
,,,1.62943e-008,0.000220973
,,,1.66943e-008,0.000662919
,,,1.70943e-008,0
,,,1.74943e-008,0.000883892
,,,1.78943e-008,0.000220973
,,,1.82943e-008,0.000883892
,,,1.86943e-008,0.000441946
,,,1.90943e-008,0.000662919
,,,1.94943e-008,0
,,,1.98943e-008,-0.000441946
,,,2.02943e-008,0.000662919
,,,2.06943e-008,0.000220973
,,,2.10943e-008,0.000662919
,,,2.14943e-008,-0.000220973
,,,2.18943e-008,-0.000441946
,,,2.22943e-008,0.000220973
,,,2.26943e-008,-0.000220973
,,,2.30943e-008,0.000441946
,,,2.34943e-008,0.000220973
,,,2.38943e-008,0.000441946
,,,2.42943e-008,-0.000220973
,,,2.46943e-008,0.000220973
,,,2.50943e-008,0
,,,2.54943e-008,0.000441946
,,,2.58943e-008,-0.000220973
,,,2.62943e-008,0.000662919
,,,2.66943e-008,0.000441946
,,,2.70943e-008,0.000220973
,,,2.74943e-008,-0.000220973
,,,2.78943e-008,0.000662919
,,,2.82943e-008,-0.000220973
,,,2.86943e-008,0.000220973
,,,2.90943e-008,0
,,,2.94943e-008,0
,,,2.98943e-008,0.000220973
,,,3.02943e-008,0
,,,3.06943e-008,-0.000662919
,,,3.10943e-008,0
,,,3.14943e-008,0.000220973
,,,3.18943e-008,0.000662919
,,,3.22943e-008,0.000220973
,,,3.26943e-008,0
,,,3.30943e-008,0.000662919
,,,3.34943e-008,0.00110486
,,,3.38943e-008,0.000441946
,,,3.42943e-008,0.000220973
,,,3.46943e-008,0.000662919
,,,3.50943e-008,0.000441946
,,,3.54943e-008,0.000220973
,,,3.58943e-008,0.000883892
,,,3.62943e-008,0.000662919
,,,3.66943e-008,0
,,,3.70943e-008,0
,,,3.74943e-008,0.000220973
,,,3.78943e-008,0
,,,3.82943e-008,0.000220973
,,,3.86943e-008,-0.000662919
,,,3.90943e-008,-0.000441946
,,,3.94943e-008,0.000220973
,,,3.98943e-008,0.000883892
,,,4.02943e-008,0.000441946
,,,4.06943e-008,0.00110486
,,,4.10943e-008,0.000220973
,,,4.14943e-008,-0.000220973
,,,4.18943e-008,0.000441946
,,,4.22943e-008,0
,,,4.26943e-008,0.000441946
,,,4.30943e-008,0.00110486
,,,4.34943e-008,0.000220973
,,,4.38943e-008,0.000220973
,,,4.42943e-008,0.00110486
,,,4.46943e-008,0.000662919
,,,4.50943e-008,0.000220973
,,,4.54943e-008,-0.000662919
,,,4.58943e-008,0.000662919
,,,4.62943e-008,0.000220973
,,,4.66943e-008,0.000220973
,,,4.70943e-008,-0.000220973
,,,4.74943e-008,0.000220973
,,,4.78943e-008,0.000662919
,,,4.82943e-008,0.000220973
,,,4.86943e-008,0.000441946
,,,4.90943e-008,-0.000220973
,,,4.94943e-008,0.000441946
,,,4.98943e-008,0.000220973
,,,5.02943e-008,0.000220973
,,,5.06943e-008,0.000662919
,,,5.10943e-008,0.000441946
,,,5.14943e-008,0
,,,5.18943e-008,0.000441946
,,,5.22943e-008,0.000220973
,,,5.26943e-008,0.000662919
,,,5.30943e-008,0
,,,5.34943e-008,-0.000441946
,,,5.38943e-008,0
,,,5.42943e-008,0.000220973
,,,5.46943e-008,-0.000441946
,,,5.50943e-008,-0.000441946
,,,5.54943e-008,0
,,,5.58943e-008,0.000883892
,,,5.62943e-008,0.000441946
,,,5.66943e-008,0.000441946
,,,5.70943e-008,-0.000662919
,,,5.74943e-008,0.000220973
,,,5.78943e-008,0
,,,5.82943e-008,-0.000220973
,,,5.86943e-008,0.000662919
,,,5.90943e-008,0
,,,5.94943e-008,0.000220973
,,,5.98943e-008,0
,,,6.02943e-008,-0.000441946
,,,6.06943e-008,0.000220973
,,,6.10943e-008,-0.000441946
,,,6.14943e-008,0.000220973
,,,6.18943e-008,-0.000441946
,,,6.22943e-008,-0.000662919
,,,6.26943e-008,-0.000883892
,,,6.30943e-008,0.000441946
,,,6.34943e-008,0.000883892
,,,6.38943e-008,0
,,,6.42943e-008,0.000441946
,,,6.46943e-008,0
,,,6.50943e-008,-0.000220973
,,,6.54943e-008,0.000662919
,,,6.58943e-008,0.000662919
,,,6.62943e-008,0.000883892
,,,6.66943e-008,0
,,,6.70943e-008,0
,,,6.74943e-008,0
,,,6.78943e-008,-0.000441946
,,,6.82943e-008,0.000662919
,,,6.86943e-008,0.000220973
,,,6.90943e-008,0
,,,6.94943e-008,0
,,,6.98943e-008,0
,,,7.02943e-008,-0.000220973
,,,7.06943e-008,-0.000662919
,,,7.10943e-008,0
,,,7.14943e-008,0
,,,7.18943e-008,0.000662919
,,,7.22943e-008,0.00110486
,,,7.26943e-008,0.000441946
,,,7.30943e-008,0
,,,7.34943e-008,0
,,,7.38943e-008,0
,,,7.42943e-008,0.000662919
,,,7.46943e-008,0.000220973
,,,7.50943e-008,0.000441946
,,,7.54943e-008,0
,,,7.58943e-008,0.00110486
,,,7.62943e-008,0
,,,7.66943e-008,0.00110486
,,,7.70943e-008,0.000220973
,,,7.74943e-008,-0.000220973
,,,7.78943e-008,0.000220973
,,,7.82943e-008,0.000662919
,,,7.86943e-008,0.000220973
,,,7.90943e-008,0.000441946
,,,7.94943e-008,0
,,,7.98943e-008,0
,,,8.02943e-008,0.000441946
,,,8.06943e-008,0.000220973
,,,8.10943e-008,0.000441946
,,,8.14943e-008,0.000441946
,,,8.18943e-008,0
,,,8.22943e-008,0
,,,8.26943e-008,0.000662919
,,,8.30943e-008,0.000441946
,,,8.34943e-008,0
,,,8.38943e-008,0.000883892
,,,8.42943e-008,-0.000441946
,,,8.46943e-008,0.000220973
,,,8.50943e-008,0.000883892
,,,8.54943e-008,0.000441946
,,,8.58943e-008,-0.000220973
,,,8.62943e-008,0.000220973
,,,8.66943e-008,-0.000220973
,,,8.70943e-008,0.000220973
,,,8.74943e-008,0.00110486
,,,8.78943e-008,0.000441946
,,,8.82943e-008,0
,,,8.86943e-008,0.000662919
,,,8.90943e-008,0
,,,8.94943e-008,0.000441946
,,,8.98943e-008,0
,,,9.02943e-008,-0.000441946
,,,9.06943e-008,0.000220973
,,,9.10943e-008,0.000883892
,,,9.14943e-008,-0.000220973
,,,9.18943e-008,0.000220973
,,,9.22943e-008,0.000662919
,,,9.26943e-008,0.000441946
,,,9.30943e-008,0.00110486
,,,9.34943e-008,0.00176778
,,,9.38943e-008,0.00176778
,,,9.42943e-008,0.00198876
,,,9.46943e-008,0.00331459
,,,9.50943e-008,0.00309362
,,,9.54943e-008,0.00419849
,,,9.58943e-008,0.00552432
,,,9.62943e-008,0.00685016
,,,9.66943e-008,0.008176
,,,9.70943e-008,0.00905989
,,,9.74943e-008,0.0106067
,,,9.78943e-008,0.0117116
,,,9.82943e-008,0.0123745
,,,9.86943e-008,0.0141423
,,,9.90943e-008,0.0141423
,,,9.94943e-008,0.0152471
,,,9.98943e-008,0.0143632
,,,1.00294e-007,0.0154681
,,,1.00694e-007,0.0156891
,,,1.01094e-007,0.0152471
,,,1.01494e-007,0.016352
,,,1.01894e-007,0.0170149
,,,1.02294e-007,0.0170149
,,,1.02694e-007,0.0167939
,,,1.03094e-007,0.0167939
,,,1.03494e-007,0.0167939
,,,1.03894e-007,0.0172359
,,,1.04294e-007,0.0178988
,,,1.04694e-007,0.0172359
,,,1.05094e-007,0.0172359
,,,1.05494e-007,0.0167939
,,,1.05894e-007,0.0178988
,,,1.06294e-007,0.0183408
,,,1.06694e-007,0.0174569
,,,1.07094e-007,0.0176778
,,,1.07494e-007,0.0172359
,,,1.07894e-007,0.0183408
,,,1.08294e-007,0.0176778
,,,1.08694e-007,0.0178988
,,,1.09094e-007,0.0174569
,,,1.09494e-007,0.0170149
,,,1.09894e-007,0.0183408
,,,1.10294e-007,0.0172359
,,,1.10694e-007,0.0170149
,,,1.11094e-007,0.0176778
,,,1.11494e-007,0.0174569
,,,1.11894e-007,0.0181198
,,,1.12294e-007,0.0183408
,,,1.12694e-007,0.0183408
,,,1.13094e-007,0.0174569
,,,1.13494e-007,0.0181198
,,,1.13894e-007,0.0172359
,,,1.14294e-007,0.0174569
,,,1.14694e-007,0.0181198
,,,1.15094e-007,0.0174569
,,,1.15494e-007,0.0176778
,,,1.15894e-007,0.0176778
,,,1.16294e-007,0.0181198
,,,1.16694e-007,0.0174569
,,,1.17094e-007,0.0178988
,,,1.17494e-007,0.0176778
,,,1.17894e-007,0.0178988
,,,1.18294e-007,0.0174569
,,,1.18694e-007,0.0178988
,,,1.19094e-007,0.0176778
,,,1.19494e-007,0.0178988
,,,1.19894e-007,0.0181198
,,,1.20294e-007,0.0178988
,,,1.20694e-007,0.0183408
,,,1.21094e-007,0.0172359
,,,1.21494e-007,0.0178988
,,,1.21894e-007,0.0185617
,,,1.22294e-007,0.0187827
,,,1.22694e-007,0.0190037
,,,1.23094e-007,0.0194456
,,,1.23494e-007,0.0190037
,,,1.23894e-007,0.0190037
,,,1.24294e-007,0.0196666
,,,1.24694e-007,0.0205505
,,,1.25094e-007,0.0212134
,,,1.25494e-007,0.0212134
,,,1.25894e-007,0.0212134
,,,1.26294e-007,0.0209924
,,,1.26694e-007,0.0209924
,,,1.27094e-007,0.0205505
,,,1.27494e-007,0.0207715
,,,1.27894e-007,0.0207715
,,,1.28294e-007,0.0196666
,,,1.28694e-007,0.0190037
,,,1.29094e-007,0.0192246
,,,1.29494e-007,0.0190037
,,,1.29894e-007,0.0190037
,,,1.30294e-007,0.0185617
,,,1.30694e-007,0.0183408
,,,1.31094e-007,0.0174569
,,,1.31494e-007,0.0176778
,,,1.31894e-007,0.0183408
,,,1.32294e-007,0.0178988
,,,1.32694e-007,0.0172359
,,,1.33094e-007,0.0170149
,,,1.33494e-007,0.016573
,,,1.33894e-007,0.0172359
,,,1.34294e-007,0.016352
,,,1.34694e-007,0.016131
,,,1.35094e-007,0.0167939
,,,1.35494e-007,0.016573
,,,1.35894e-007,0.0167939
,,,1.36294e-007,0.0159101
,,,1.36694e-007,0.016352
,,,1.37094e-007,0.016573
,,,1.37494e-007,0.0167939
,,,1.37894e-007,0.016573
,,,1.38294e-007,0.0159101
,,,1.38694e-007,0.0167939
,,,1.39094e-007,0.0159101
,,,1.39494e-007,0.0159101
,,,1.39894e-007,0.016573
,,,1.40294e-007,0.0156891
,,,1.40694e-007,0.016352
,,,1.41094e-007,0.0159101
,,,1.41494e-007,0.0148052
,,,1.41894e-007,0.0148052
,,,1.42294e-007,0.0154681
,,,1.42694e-007,0.0150262
,,,1.43094e-007,0.0152471
,,,1.43494e-007,0.0154681
,,,1.43894e-007,0.0148052
,,,1.44294e-007,0.0148052
,,,1.44694e-007,0.0150262
,,,1.45094e-007,0.0150262
,,,1.45494e-007,0.0145842
,,,1.45894e-007,0.0143632
,,,1.46294e-007,0.0152471
,,,1.46694e-007,0.0152471
,,,1.47094e-007,0.0143632
,,,1.47494e-007,0.0137003
,,,1.47894e-007,0.0145842
,,,1.48294e-007,0.0145842
,,,1.48694e-007,0.0148052
,,,1.49094e-007,0.0145842
,,,1.49494e-007,0.0141423
,,,1.49894e-007,0.0139213
,,,1.50294e-007,0.0145842
,,,1.50694e-007,0.0141423
,,,1.51094e-007,0.0143632
,,,1.51494e-007,0.0145842
,,,1.51894e-007,0.0141423
,,,1.52294e-007,0.0137003
,,,1.52694e-007,0.0145842
,,,1.53094e-007,0.0141423
,,,1.53494e-007,0.0141423
,,,1.53894e-007,0.0137003
,,,1.54294e-007,0.0130374
,,,1.54694e-007,0.0132584
,,,1.55094e-007,0.0132584
,,,1.55494e-007,0.0134794
,,,1.55894e-007,0.0128164
,,,1.56294e-007,0.0128164
,,,1.56694e-007,0.0121535
,,,1.57094e-007,0.0121535
,,,1.57494e-007,0.0117116
,,,1.57894e-007,0.0117116
,,,1.58294e-007,0.0114906
,,,1.58694e-007,0.0123745
,,,1.59094e-007,0.0119325
,,,1.59494e-007,0.0119325
,,,1.59894e-007,0.0125955
,,,1.60294e-007,0.0128164
,,,1.60694e-007,0.0119325
,,,1.61094e-007,0.0112696
,,,1.61494e-007,0.0123745
,,,1.61894e-007,0.0128164
,,,1.62294e-007,0.0121535
,,,1.62694e-007,0.0128164
,,,1.63094e-007,0.0125955
,,,1.63494e-007,0.0123745
,,,1.63894e-007,0.0121535
,,,1.64294e-007,0.0128164
,,,1.64694e-007,0.0121535
,,,1.65094e-007,0.0117116
,,,1.65494e-007,0.0121535
,,,1.65894e-007,0.0125955
,,,1.66294e-007,0.0117116
,,,1.66694e-007,0.0117116
,,,1.67094e-007,0.0119325
,,,1.67494e-007,0.0119325
,,,1.67894e-007,0.0125955
,,,1.68294e-007,0.0121535
,,,1.68694e-007,0.0128164
,,,1.69094e-007,0.0119325
,,,1.69494e-007,0.0125955
,,,1.69894e-007,0.0119325
,,,1.70294e-007,0.0121535
,,,1.70694e-007,0.0123745
,,,1.71094e-007,0.0130374
,,,1.71494e-007,0.0128164
,,,1.71894e-007,0.0132584
,,,1.72294e-007,0.0121535
,,,1.72694e-007,0.0130374
,,,1.73094e-007,0.0119325
,,,1.73494e-007,0.0121535
,,,1.73894e-007,0.0121535
,,,1.74294e-007,0.0121535
,,,1.74694e-007,0.0119325
,,,1.75094e-007,0.0123745
,,,1.75494e-007,0.0119325
,,,1.75894e-007,0.0123745
,,,1.76294e-007,0.0128164
,,,1.76694e-007,0.0123745
,,,1.77094e-007,0.0117116
,,,1.77494e-007,0.0117116
,,,1.77894e-007,0.0121535
,,,1.78294e-007,0.0117116
,,,1.78694e-007,0.0123745
,,,1.79094e-007,0.0132584
,,,1.79494e-007,0.0130374
,,,1.79894e-007,0.0130374
,,,1.80294e-007,0.0130374
,,,1.80694e-007,0.0125955
,,,1.81094e-007,0.0128164
,,,1.81494e-007,0.0121535
,,,1.81894e-007,0.0130374
,,,1.82294e-007,0.0117116
,,,1.82694e-007,0.0121535
,,,1.83094e-007,0.0123745
,,,1.83494e-007,0.0119325
,,,1.83894e-007,0.0125955
,,,1.84294e-007,0.0119325
,,,1.84694e-007,0.0125955
,,,1.85094e-007,0.0117116
,,,1.85494e-007,0.0121535
,,,1.85894e-007,0.0123745
,,,1.86294e-007,0.0132584
,,,1.86694e-007,0.0141423
,,,1.87094e-007,0.0132584
,,,1.87494e-007,0.0132584
,,,1.87894e-007,0.0132584
,,,1.88294e-007,0.0125955
,,,1.88694e-007,0.0137003
,,,1.89094e-007,0.0125955
,,,1.89494e-007,0.0121535
,,,1.89894e-007,0.0128164
,,,1.90294e-007,0.0130374
,,,1.90694e-007,0.0130374
,,,1.91094e-007,0.0137003
,,,1.91494e-007,0.0132584
,,,1.91894e-007,0.0132584
,,,1.92294e-007,0.0137003
,,,1.92694e-007,0.0141423
,,,1.93094e-007,0.0132584
,,,1.93494e-007,0.0137003
,,,1.93894e-007,0.0134794
,,,1.94294e-007,0.0139213
,,,1.94694e-007,0.0139213
,,,1.95094e-007,0.0139213
,,,1.95494e-007,0.0139213
,,,1.95894e-007,0.0137003
,,,1.96294e-007,0.0139213
,,,1.96694e-007,0.0132584
,,,1.97094e-007,0.0134794
,,,1.97494e-007,0.0134794
,,,1.97894e-007,0.0130374
,,,1.98294e-007,0.0125955
,,,1.98694e-007,0.0123745
,,,1.99094e-007,0.0130374
,,,1.99494e-007,0.0125955
,,,1.99894e-007,0.0130374
,,,2.00294e-007,0.0125955
,,,2.00694e-007,0.0123745
,,,2.01094e-007,0.0119325
,,,2.01494e-007,0.0123745
,,,2.01894e-007,0.0128164
,,,2.02294e-007,0.0117116
,,,2.02694e-007,0.0119325
,,,2.03094e-007,0.0125955
,,,2.03494e-007,0.0117116
,,,2.03894e-007,0.0117116
,,,2.04294e-007,0.0110486
,,,2.04694e-007,0.0114906
,,,2.05094e-007,0.0114906
,,,2.05494e-007,0.0117116
,,,2.05894e-007,0.0108277
,,,2.06294e-007,0.0110486
,,,2.06694e-007,0.0103857
,,,2.07094e-007,0.0106067
,,,2.07494e-007,0.00950184
,,,2.07894e-007,0.0101648
,,,2.08294e-007,0.00994378
,,,2.08694e-007,0.00994378
,,,2.09094e-007,0.00795503
,,,2.09494e-007,0.00839697
,,,2.09894e-007,0.008176
,,,2.10294e-007,0.00773405
,,,2.10694e-007,0.00751308
,,,2.11094e-007,0.00751308
,,,2.11494e-007,0.00662919
,,,2.11894e-007,0.00662919
,,,2.12294e-007,0.00618724
,,,2.12694e-007,0.0057453
,,,2.13094e-007,0.00618724
,,,2.13494e-007,0.00530335
,,,2.13894e-007,0.00419849
,,,2.14294e-007,0.00375654
,,,2.14694e-007,0.00441946
,,,2.15094e-007,0.00486141
,,,2.15494e-007,0.00419849
,,,2.15894e-007,0.00419849
,,,2.16294e-007,0.00375654
,,,2.16694e-007,0.00331459
,,,2.17094e-007,0.00331459
,,,2.17494e-007,0.00287265
,,,2.17894e-007,0.00309362
,,,2.18294e-007,0.0024307
,,,2.18694e-007,0.00287265
,,,2.19094e-007,0.00198876
,,,2.19494e-007,0.0024307
,,,2.19894e-007,0.0024307
,,,2.20294e-007,0.00198876
,,,2.20694e-007,0.00220973
,,,2.21094e-007,0.00198876
,,,2.21494e-007,0.00110486
,,,2.21894e-007,0.00132584
,,,2.22294e-007,0.000883892
,,,2.22694e-007,0.000662919
,,,2.23094e-007,0.00198876
,,,2.23494e-007,0.00110486
,,,2.23894e-007,0.00110486
,,,2.24294e-007,0.00132584
,,,2.24694e-007,0.000883892
,,,2.25094e-007,0.000662919
,,,2.25494e-007,0.00132584
,,,2.25894e-007,0.000662919
,,,2.26294e-007,0.000883892
,,,2.26694e-007,0.00154681
,,,2.27094e-007,0.000883892
,,,2.27494e-007,0.00110486
,,,2.27894e-007,0.00198876
,,,2.28294e-007,0.00154681
,,,2.28694e-007,0.000662919
,,,2.29094e-007,0.000441946
,,,2.29494e-007,0.000220973
,,,2.29894e-007,0.000662919
,,,2.30294e-007,0.000441946
,,,2.30694e-007,0.000441946
,,,2.31094e-007,0.000883892
,,,2.31494e-007,0.000883892
,,,2.31894e-007,0.000220973
,,,2.32294e-007,-0.000441946
,,,2.32694e-007,0.000441946
,,,2.33094e-007,0.000441946
,,,2.33494e-007,0.000220973
,,,2.33894e-007,0.000883892
,,,2.34294e-007,0.000662919
,,,2.34694e-007,0.000220973
,,,2.35094e-007,0
,,,2.35494e-007,-0.000220973
,,,2.35894e-007,0.000441946
,,,2.36294e-007,-0.000441946
,,,2.36694e-007,0
,,,2.37094e-007,-0.000441946
,,,2.37494e-007,-0.000883892
,,,2.37894e-007,0
,,,2.38294e-007,-0.000883892
,,,2.38694e-007,-0.000662919
,,,2.39094e-007,-0.000441946
,,,2.39494e-007,-0.000883892
,,,2.39894e-007,-0.000441946
,,,2.40294e-007,-0.000441946
,,,2.40694e-007,-0.000883892
,,,2.41094e-007,-0.00110486
,,,2.41494e-007,-0.000441946
,,,2.41894e-007,-0.000441946
,,,2.42294e-007,-0.000441946
,,,2.42694e-007,-0.000883892
,,,2.43094e-007,-0.000441946
,,,2.43494e-007,-0.000220973
,,,2.43894e-007,-0.000441946
,,,2.44294e-007,-0.000883892
,,,2.44694e-007,-0.000662919
,,,2.45094e-007,0
,,,2.45494e-007,-0.000662919
,,,2.45894e-007,-0.000883892
,,,2.46294e-007,-0.000883892
,,,2.46694e-007,-0.000662919
,,,2.47094e-007,-0.000220973
,,,2.47494e-007,-0.000220973
,,,2.47894e-007,0.000662919
,,,2.48294e-007,0.000441946
,,,2.48694e-007,0.000220973
,,,2.49094e-007,-0.000441946
,,,2.49494e-007,0.000662919
,,,2.49894e-007,-0.000220973
,,,2.50294e-007,0
