"Record Length",1252,"Points",-2.50396e-007,-0.000220973
"Sample Interval",4e-010,s,-2.49996e-007,0.000883892
"Trigger Point",625,"Samples",-2.49596e-007,0.000220973
"Trigger Time",0.990901,s,-2.49196e-007,0.00110486
,,,-2.48796e-007,0.000441946
"Horizontal Offset",-2.50396e-007,s,-2.48396e-007,0.000441946
,,,-2.47996e-007,0.000441946
,,,-2.47596e-007,0
,,,-2.47196e-007,0.000441946
,,,-2.46796e-007,0
,,,-2.46396e-007,0.000662919
,,,-2.45996e-007,0
,,,-2.45596e-007,0.000883892
,,,-2.45196e-007,0.000220973
,,,-2.44796e-007,0.000662919
,,,-2.44396e-007,0.000441946
,,,-2.43996e-007,0.000441946
,,,-2.43596e-007,0.00110486
,,,-2.43196e-007,0.000220973
,,,-2.42796e-007,0.000220973
,,,-2.42396e-007,0.000662919
,,,-2.41996e-007,0.000662919
,,,-2.41596e-007,0.000220973
,,,-2.41196e-007,0
,,,-2.40796e-007,0
,,,-2.40396e-007,-0.000441946
,,,-2.39996e-007,0.000662919
,,,-2.39596e-007,0.000441946
,,,-2.39196e-007,0.000662919
,,,-2.38796e-007,0
,,,-2.38396e-007,0
,,,-2.37996e-007,-0.000441946
,,,-2.37596e-007,0.00132584
,,,-2.37196e-007,0.000441946
,,,-2.36796e-007,0.000441946
,,,-2.36396e-007,0.000220973
,,,-2.35996e-007,0
,,,-2.35596e-007,0.000220973
,,,-2.35196e-007,0.000441946
,,,-2.34796e-007,0
,,,-2.34396e-007,0.000662919
,,,-2.33996e-007,0.000441946
,,,-2.33596e-007,0.000220973
,,,-2.33196e-007,0
,,,-2.32796e-007,0.000220973
,,,-2.32396e-007,-0.000220973
,,,-2.31996e-007,-0.000441946
,,,-2.31596e-007,0.000220973
,,,-2.31196e-007,0.000883892
,,,-2.30796e-007,0.000220973
,,,-2.30396e-007,0.000883892
,,,-2.29996e-007,0
,,,-2.29596e-007,0.000441946
,,,-2.29196e-007,0.000441946
,,,-2.28796e-007,0.000220973
,,,-2.28396e-007,0
,,,-2.27996e-007,0.000662919
,,,-2.27596e-007,-0.000441946
,,,-2.27196e-007,0
,,,-2.26796e-007,0.000662919
,,,-2.26396e-007,0.000220973
,,,-2.25996e-007,0.000662919
,,,-2.25596e-007,-0.000220973
,,,-2.25196e-007,0
,,,-2.24796e-007,0.000220973
,,,-2.24396e-007,-0.000662919
,,,-2.23996e-007,0.000220973
,,,-2.23596e-007,0.000662919
,,,-2.23196e-007,0.000220973
,,,-2.22796e-007,0
,,,-2.22396e-007,0.000220973
,,,-2.21996e-007,0.000441946
,,,-2.21596e-007,0.00132584
,,,-2.21196e-007,0.000662919
,,,-2.20796e-007,0.000220973
,,,-2.20396e-007,0.000441946
,,,-2.19996e-007,0.000662919
,,,-2.19596e-007,0.000441946
,,,-2.19196e-007,0.000662919
,,,-2.18796e-007,0
,,,-2.18396e-007,0.000883892
,,,-2.17996e-007,0.000220973
,,,-2.17596e-007,0.000441946
,,,-2.17196e-007,0.000441946
,,,-2.16796e-007,0
,,,-2.16396e-007,0.000441946
,,,-2.15996e-007,0
,,,-2.15596e-007,0.000441946
,,,-2.15196e-007,0.000662919
,,,-2.14796e-007,0.000883892
,,,-2.14396e-007,0.00132584
,,,-2.13996e-007,0.000883892
,,,-2.13596e-007,0.00176778
,,,-2.13196e-007,-0.000220973
,,,-2.12796e-007,0.000220973
,,,-2.12396e-007,0.000441946
,,,-2.11996e-007,0.000662919
,,,-2.11596e-007,0.000883892
,,,-2.11196e-007,0.000441946
,,,-2.10796e-007,-0.000220973
,,,-2.10396e-007,0
,,,-2.09996e-007,0
,,,-2.09596e-007,0.000441946
,,,-2.09196e-007,0.000220973
,,,-2.08796e-007,0.000220973
,,,-2.08396e-007,-0.000441946
,,,-2.07996e-007,0.000220973
,,,-2.07596e-007,0.000883892
,,,-2.07196e-007,0.000662919
,,,-2.06796e-007,0.000441946
,,,-2.06396e-007,0.000883892
,,,-2.05996e-007,0.000220973
,,,-2.05596e-007,0.000220973
,,,-2.05196e-007,-0.000220973
,,,-2.04796e-007,-0.000441946
,,,-2.04396e-007,-0.000220973
,,,-2.03996e-007,0.000441946
,,,-2.03596e-007,0
,,,-2.03196e-007,0.000441946
,,,-2.02796e-007,0.000883892
,,,-2.02396e-007,0.000220973
,,,-2.01996e-007,0.000883892
,,,-2.01596e-007,0.000220973
,,,-2.01196e-007,0.000220973
,,,-2.00796e-007,-0.000220973
,,,-2.00396e-007,0.000220973
,,,-1.99996e-007,0.000220973
,,,-1.99596e-007,0.000441946
,,,-1.99196e-007,0
,,,-1.98796e-007,0.000220973
,,,-1.98396e-007,0.000441946
,,,-1.97996e-007,0.000441946
,,,-1.97596e-007,0.000220973
,,,-1.97196e-007,0
,,,-1.96796e-007,0.000883892
,,,-1.96396e-007,0.00132584
,,,-1.95996e-007,0.000662919
,,,-1.95596e-007,0.000662919
,,,-1.95196e-007,0.000220973
,,,-1.94796e-007,0
,,,-1.94396e-007,0.000220973
,,,-1.93996e-007,0.000220973
,,,-1.93596e-007,0.000220973
,,,-1.93196e-007,0.000220973
,,,-1.92796e-007,0
,,,-1.92396e-007,0.000662919
,,,-1.91996e-007,0.000883892
,,,-1.91596e-007,0.000220973
,,,-1.91196e-007,0.000220973
,,,-1.90796e-007,0.000662919
,,,-1.90396e-007,0
,,,-1.89996e-007,0.000220973
,,,-1.89596e-007,0.00110486
,,,-1.89196e-007,0.000441946
,,,-1.88796e-007,0.000441946
,,,-1.88396e-007,0.000220973
,,,-1.87996e-007,0.000220973
,,,-1.87596e-007,0.000220973
,,,-1.87196e-007,0.000662919
,,,-1.86796e-007,0.000441946
,,,-1.86396e-007,0.000220973
,,,-1.85996e-007,0.000441946
,,,-1.85596e-007,0.000220973
,,,-1.85196e-007,0
,,,-1.84796e-007,0.000883892
,,,-1.84396e-007,0.000220973
,,,-1.83996e-007,0.000441946
,,,-1.83596e-007,0.000883892
,,,-1.83196e-007,0.000441946
,,,-1.82796e-007,0.000441946
,,,-1.82396e-007,0
,,,-1.81996e-007,0.000220973
,,,-1.81596e-007,0.000220973
,,,-1.81196e-007,0.000220973
,,,-1.80796e-007,0
,,,-1.80396e-007,0.000441946
,,,-1.79996e-007,0.000883892
,,,-1.79596e-007,0.000441946
,,,-1.79196e-007,0.000220973
,,,-1.78796e-007,0.000220973
,,,-1.78396e-007,0.000662919
,,,-1.77996e-007,0.000441946
,,,-1.77596e-007,0.00110486
,,,-1.77196e-007,0
,,,-1.76796e-007,0.000662919
,,,-1.76396e-007,0.000662919
,,,-1.75996e-007,0.000662919
,,,-1.75596e-007,0.00110486
,,,-1.75196e-007,0.00110486
,,,-1.74796e-007,0.000220973
,,,-1.74396e-007,0.000220973
,,,-1.73996e-007,0.000662919
,,,-1.73596e-007,0.000662919
,,,-1.73196e-007,0.000662919
,,,-1.72796e-007,-0.000220973
,,,-1.72396e-007,-0.000220973
,,,-1.71996e-007,0.000441946
,,,-1.71596e-007,0.000220973
,,,-1.71196e-007,0.000441946
,,,-1.70796e-007,-0.000441946
,,,-1.70396e-007,0.000441946
,,,-1.69996e-007,0.000441946
,,,-1.69596e-007,0.000220973
,,,-1.69196e-007,0.000220973
,,,-1.68796e-007,0
,,,-1.68396e-007,0.000441946
,,,-1.67996e-007,0.000441946
,,,-1.67596e-007,0.000883892
,,,-1.67196e-007,0.000662919
,,,-1.66796e-007,0.000662919
,,,-1.66396e-007,0.000220973
,,,-1.65996e-007,0.000220973
,,,-1.65596e-007,-0.000441946
,,,-1.65196e-007,0
,,,-1.64796e-007,0.000441946
,,,-1.64396e-007,0.00110486
,,,-1.63996e-007,0.000220973
,,,-1.63596e-007,0.000883892
,,,-1.63196e-007,0.000883892
,,,-1.62796e-007,0
,,,-1.62396e-007,0.000441946
,,,-1.61996e-007,0.000662919
,,,-1.61596e-007,0.000662919
,,,-1.61196e-007,0.000220973
,,,-1.60796e-007,0.000662919
,,,-1.60396e-007,0.000662919
,,,-1.59996e-007,0.000220973
,,,-1.59596e-007,0.000883892
,,,-1.59196e-007,0.00132584
,,,-1.58796e-007,0.000441946
,,,-1.58396e-007,0.000220973
,,,-1.57996e-007,-0.000220973
,,,-1.57596e-007,0.000220973
,,,-1.57196e-007,0.000441946
,,,-1.56796e-007,0.000662919
,,,-1.56396e-007,0.000441946
,,,-1.55996e-007,0.000883892
,,,-1.55596e-007,0.000441946
,,,-1.55196e-007,0
,,,-1.54796e-007,0.000441946
,,,-1.54396e-007,0
,,,-1.53996e-007,0.000220973
,,,-1.53596e-007,0.000662919
,,,-1.53196e-007,0.000662919
,,,-1.52796e-007,0
,,,-1.52396e-007,0.000441946
,,,-1.51996e-007,0.000441946
,,,-1.51596e-007,0.000883892
,,,-1.51196e-007,0.000441946
,,,-1.50796e-007,0.000883892
,,,-1.50396e-007,0.000220973
,,,-1.49996e-007,0.000220973
,,,-1.49596e-007,0.000441946
,,,-1.49196e-007,0.000441946
,,,-1.48796e-007,0.000220973
,,,-1.48396e-007,0.000883892
,,,-1.47996e-007,0
,,,-1.47596e-007,0.000662919
,,,-1.47196e-007,0.000441946
,,,-1.46796e-007,-0.000220973
,,,-1.46396e-007,0.000883892
,,,-1.45996e-007,0.000662919
,,,-1.45596e-007,0.000220973
,,,-1.45196e-007,0.000220973
,,,-1.44796e-007,-0.000441946
,,,-1.44396e-007,-0.000441946
,,,-1.43996e-007,0.000441946
,,,-1.43596e-007,0.000441946
,,,-1.43196e-007,0.000883892
,,,-1.42796e-007,0.000662919
,,,-1.42396e-007,0.000662919
,,,-1.41996e-007,-0.000220973
,,,-1.41596e-007,0.00132584
,,,-1.41196e-007,0.000220973
,,,-1.40796e-007,-0.000662919
,,,-1.40396e-007,0
,,,-1.39996e-007,0.000662919
,,,-1.39596e-007,0.000662919
,,,-1.39196e-007,0
,,,-1.38796e-007,-0.000662919
,,,-1.38396e-007,0.00110486
,,,-1.37996e-007,0.000662919
,,,-1.37596e-007,0.000220973
,,,-1.37196e-007,0.000441946
,,,-1.36796e-007,0.00132584
,,,-1.36396e-007,0.000220973
,,,-1.35996e-007,-0.000662919
,,,-1.35596e-007,0.000441946
,,,-1.35196e-007,0.000883892
,,,-1.34796e-007,0.000662919
,,,-1.34396e-007,0.000883892
,,,-1.33996e-007,0.000220973
,,,-1.33596e-007,0.000220973
,,,-1.33196e-007,0.000883892
,,,-1.32796e-007,0.000662919
,,,-1.32396e-007,0.000441946
,,,-1.31996e-007,0.000883892
,,,-1.31596e-007,0.000441946
,,,-1.31196e-007,-0.000441946
,,,-1.30796e-007,0
,,,-1.30396e-007,0.000662919
,,,-1.29996e-007,0.000220973
,,,-1.29596e-007,0
,,,-1.29196e-007,0
,,,-1.28796e-007,-0.000220973
,,,-1.28396e-007,0.000441946
,,,-1.27996e-007,0.000220973
,,,-1.27596e-007,-0.000220973
,,,-1.27196e-007,0.000662919
,,,-1.26796e-007,0.000441946
,,,-1.26396e-007,0.000441946
,,,-1.25996e-007,0.00110486
,,,-1.25596e-007,0.000220973
,,,-1.25196e-007,0.000883892
,,,-1.24796e-007,0.000662919
,,,-1.24396e-007,0.000220973
,,,-1.23996e-007,-0.000441946
,,,-1.23596e-007,0.000220973
,,,-1.23196e-007,0.000220973
,,,-1.22796e-007,0.000441946
,,,-1.22396e-007,0.000441946
,,,-1.21996e-007,0.000441946
,,,-1.21596e-007,0.000441946
,,,-1.21196e-007,-0.000441946
,,,-1.20796e-007,0
,,,-1.20396e-007,0.000441946
,,,-1.19996e-007,0.000662919
,,,-1.19596e-007,0.000441946
,,,-1.19196e-007,0
,,,-1.18796e-007,0.000883892
,,,-1.18396e-007,0
,,,-1.17996e-007,0.000220973
,,,-1.17596e-007,0.000662919
,,,-1.17196e-007,0
,,,-1.16796e-007,0.000220973
,,,-1.16396e-007,0.000662919
,,,-1.15996e-007,0.000662919
,,,-1.15596e-007,0.000220973
,,,-1.15196e-007,0.000662919
,,,-1.14796e-007,0.000220973
,,,-1.14396e-007,0.000220973
,,,-1.13996e-007,0.000883892
,,,-1.13596e-007,0
,,,-1.13196e-007,0.000220973
,,,-1.12796e-007,0.000441946
,,,-1.12396e-007,-0.000220973
,,,-1.11996e-007,0.000220973
,,,-1.11596e-007,0
,,,-1.11196e-007,0.00110486
,,,-1.10796e-007,0.000220973
,,,-1.10396e-007,0.000220973
,,,-1.09996e-007,0.000220973
,,,-1.09596e-007,0.00132584
,,,-1.09196e-007,0.000662919
,,,-1.08796e-007,0.000662919
,,,-1.08396e-007,0.000220973
,,,-1.07996e-007,-0.000220973
,,,-1.07596e-007,0.000220973
,,,-1.07196e-007,0.000220973
,,,-1.06796e-007,0.000220973
,,,-1.06396e-007,0.00110486
,,,-1.05996e-007,-0.000220973
,,,-1.05596e-007,0
,,,-1.05196e-007,-0.000220973
,,,-1.04796e-007,0.000441946
,,,-1.04396e-007,0.00110486
,,,-1.03996e-007,-0.000441946
,,,-1.03596e-007,-0.000441946
,,,-1.03196e-007,0.000662919
,,,-1.02796e-007,0.000441946
,,,-1.02396e-007,0.000220973
,,,-1.01996e-007,-0.000220973
,,,-1.01596e-007,0.000220973
,,,-1.01196e-007,0.000220973
,,,-1.00796e-007,0.000883892
,,,-1.00396e-007,0.000662919
,,,-9.99964e-008,0.000662919
,,,-9.95964e-008,0.000662919
,,,-9.91964e-008,0.000662919
,,,-9.87964e-008,0.000220973
,,,-9.83964e-008,0.000441946
,,,-9.79964e-008,0
,,,-9.75964e-008,0.000220973
,,,-9.71964e-008,0.000662919
,,,-9.67964e-008,0.000662919
,,,-9.63964e-008,0.000441946
,,,-9.59964e-008,0.000662919
,,,-9.55964e-008,0.000441946
,,,-9.51964e-008,-0.000220973
,,,-9.47964e-008,0.000220973
,,,-9.43964e-008,0.000220973
,,,-9.39964e-008,0.000220973
,,,-9.35964e-008,0.000662919
,,,-9.31964e-008,0.000883892
,,,-9.27964e-008,0
,,,-9.23964e-008,0.000883892
,,,-9.19964e-008,0.000220973
,,,-9.15964e-008,0
,,,-9.11964e-008,0.00132584
,,,-9.07964e-008,0.000662919
,,,-9.03964e-008,0
,,,-8.99964e-008,0.000220973
,,,-8.95964e-008,0.000220973
,,,-8.91964e-008,0
,,,-8.87964e-008,0.000220973
,,,-8.83964e-008,0
,,,-8.79964e-008,0.000441946
,,,-8.75964e-008,0.000662919
,,,-8.71964e-008,0.000220973
,,,-8.67964e-008,0.000441946
,,,-8.63964e-008,0.000883892
,,,-8.59964e-008,0.000220973
,,,-8.55964e-008,0
,,,-8.51964e-008,0
,,,-8.47964e-008,0.000441946
,,,-8.43964e-008,0.000662919
,,,-8.39964e-008,0.00110486
,,,-8.35964e-008,0.00110486
,,,-8.31964e-008,0.000883892
,,,-8.27964e-008,0.000662919
,,,-8.23964e-008,0.000883892
,,,-8.19964e-008,0.000883892
,,,-8.15964e-008,0
,,,-8.11964e-008,0.000441946
,,,-8.07964e-008,0.000220973
,,,-8.03964e-008,-0.000441946
,,,-7.99964e-008,0.000662919
,,,-7.95964e-008,0
,,,-7.91964e-008,0.000883892
,,,-7.87964e-008,0
,,,-7.83964e-008,0.000220973
,,,-7.79964e-008,-0.000441946
,,,-7.75964e-008,0.000662919
,,,-7.71964e-008,0
,,,-7.67964e-008,0.00110486
,,,-7.63964e-008,0.000441946
,,,-7.59964e-008,0.000441946
,,,-7.55964e-008,0.000883892
,,,-7.51964e-008,0.000662919
,,,-7.47964e-008,-0.000220973
,,,-7.43964e-008,0.000441946
,,,-7.39964e-008,0.000220973
,,,-7.35964e-008,0.000220973
,,,-7.31964e-008,-0.000220973
,,,-7.27964e-008,0
,,,-7.23964e-008,-0.000441946
,,,-7.19964e-008,0
,,,-7.15964e-008,-0.000220973
,,,-7.11964e-008,0
,,,-7.07964e-008,0.000662919
,,,-7.03964e-008,0.000441946
,,,-6.99964e-008,0.000220973
,,,-6.95964e-008,0.000662919
,,,-6.91964e-008,-0.000220973
,,,-6.87964e-008,0.000220973
,,,-6.83964e-008,0.00110486
,,,-6.79964e-008,0.000220973
,,,-6.75964e-008,0.000220973
,,,-6.71964e-008,0.000441946
,,,-6.67964e-008,0
,,,-6.63964e-008,0
,,,-6.59964e-008,0.000662919
,,,-6.55964e-008,0
,,,-6.51964e-008,0.000441946
,,,-6.47964e-008,-0.000220973
,,,-6.43964e-008,0.000220973
,,,-6.39964e-008,-0.000220973
,,,-6.35964e-008,0.000662919
,,,-6.31964e-008,0.000883892
,,,-6.27964e-008,0.000662919
,,,-6.23964e-008,0.000883892
,,,-6.19964e-008,0.000441946
,,,-6.15964e-008,0.000883892
,,,-6.11964e-008,0.000662919
,,,-6.07964e-008,0.000220973
,,,-6.03964e-008,0.000441946
,,,-5.99964e-008,0.000662919
,,,-5.95964e-008,0.000441946
,,,-5.91964e-008,0.000220973
,,,-5.87964e-008,0.000883892
,,,-5.83964e-008,0.000441946
,,,-5.79964e-008,0
,,,-5.75964e-008,-0.000441946
,,,-5.71964e-008,-0.000441946
,,,-5.67964e-008,0
,,,-5.63964e-008,0.000441946
,,,-5.59964e-008,0.000441946
,,,-5.55964e-008,0.000441946
,,,-5.51964e-008,0.000662919
,,,-5.47964e-008,0.000441946
,,,-5.43964e-008,0.000220973
,,,-5.39964e-008,0.000220973
,,,-5.35964e-008,0.000662919
,,,-5.31964e-008,0
,,,-5.27964e-008,0.000662919
,,,-5.23964e-008,0
,,,-5.19964e-008,0.000662919
,,,-5.15964e-008,0
,,,-5.11964e-008,-0.000220973
,,,-5.07964e-008,0
,,,-5.03964e-008,0.000441946
,,,-4.99964e-008,0.000441946
,,,-4.95964e-008,0.000220973
,,,-4.91964e-008,0.000662919
,,,-4.87964e-008,-0.000220973
,,,-4.83964e-008,-0.000441946
,,,-4.79964e-008,0.000662919
,,,-4.75964e-008,0.000441946
,,,-4.71964e-008,0.000883892
,,,-4.67964e-008,0.000883892
,,,-4.63964e-008,0.000220973
,,,-4.59964e-008,0
,,,-4.55964e-008,0.00110486
,,,-4.51964e-008,0.000441946
,,,-4.47964e-008,0
,,,-4.43964e-008,0.00110486
,,,-4.39964e-008,0.000883892
,,,-4.35964e-008,0.000441946
,,,-4.31964e-008,0.000441946
,,,-4.27964e-008,0
,,,-4.23964e-008,0.000220973
,,,-4.19964e-008,0.000441946
,,,-4.15964e-008,0
,,,-4.11964e-008,-0.000441946
,,,-4.07964e-008,0.000220973
,,,-4.03964e-008,0
,,,-3.99964e-008,0.000220973
,,,-3.95964e-008,0.000220973
,,,-3.91964e-008,0.000441946
,,,-3.87964e-008,0.000662919
,,,-3.83964e-008,0.000883892
,,,-3.79964e-008,0
,,,-3.75964e-008,0.000441946
,,,-3.71964e-008,0.000662919
,,,-3.67964e-008,0.000883892
,,,-3.63964e-008,0.000220973
,,,-3.59964e-008,0.00110486
,,,-3.55964e-008,0.00110486
,,,-3.51964e-008,0.000883892
,,,-3.47964e-008,0.000662919
,,,-3.43964e-008,0.000220973
,,,-3.39964e-008,0.000441946
,,,-3.35964e-008,0.00110486
,,,-3.31964e-008,0.000441946
,,,-3.27964e-008,0
,,,-3.23964e-008,0.000441946
,,,-3.19964e-008,-0.000220973
,,,-3.15964e-008,0.000441946
,,,-3.11964e-008,0.000441946
,,,-3.07964e-008,-0.000220973
,,,-3.03964e-008,0.000220973
,,,-2.99964e-008,0.000441946
,,,-2.95964e-008,0.000441946
,,,-2.91964e-008,0.000662919
,,,-2.87964e-008,0.000662919
,,,-2.83964e-008,0.000220973
,,,-2.79964e-008,0.000441946
,,,-2.75964e-008,0.000441946
,,,-2.71964e-008,0.000883892
,,,-2.67964e-008,0
,,,-2.63964e-008,0.000441946
,,,-2.59964e-008,0
,,,-2.55964e-008,0.000220973
,,,-2.51964e-008,0.000662919
,,,-2.47964e-008,0.000441946
,,,-2.43964e-008,-0.000220973
,,,-2.39964e-008,0.000220973
,,,-2.35964e-008,-0.000220973
,,,-2.31964e-008,0.000441946
,,,-2.27964e-008,0.000441946
,,,-2.23964e-008,0.00110486
,,,-2.19964e-008,-0.000220973
,,,-2.15964e-008,0
,,,-2.11964e-008,0.000220973
,,,-2.07964e-008,0.000662919
,,,-2.03964e-008,0.000883892
,,,-1.99964e-008,0.000441946
,,,-1.95964e-008,0.000441946
,,,-1.91964e-008,0.000441946
,,,-1.87964e-008,0.000220973
,,,-1.83964e-008,0.000220973
,,,-1.79964e-008,0.000662919
,,,-1.75964e-008,0.000662919
,,,-1.71964e-008,-0.000220973
,,,-1.67964e-008,0.000441946
,,,-1.63964e-008,0
,,,-1.59964e-008,0.000662919
,,,-1.55964e-008,0
,,,-1.51964e-008,0.000662919
,,,-1.47964e-008,0.000220973
,,,-1.43964e-008,0.000883892
,,,-1.39964e-008,-0.000220973
,,,-1.35964e-008,0.000662919
,,,-1.31964e-008,0.000441946
,,,-1.27964e-008,0.000441946
,,,-1.23964e-008,-0.000441946
,,,-1.19964e-008,0.00110486
,,,-1.15964e-008,0.000220973
,,,-1.11964e-008,0
,,,-1.07964e-008,-0.000220973
,,,-1.03964e-008,-0.000441946
,,,-9.99636e-009,0
,,,-9.59636e-009,0
,,,-9.19636e-009,-0.000441946
,,,-8.79636e-009,0.000441946
,,,-8.39636e-009,0.000220973
,,,-7.99636e-009,0.000662919
,,,-7.59636e-009,0.000441946
,,,-7.19636e-009,0.000662919
,,,-6.79636e-009,0.000220973
,,,-6.39636e-009,0.000220973
,,,-5.99636e-009,0.000662919
,,,-5.59636e-009,0.000441946
,,,-5.19636e-009,-0.000441946
,,,-4.79636e-009,0.000220973
,,,-4.39636e-009,0.000662919
,,,-3.99636e-009,0.000220973
,,,-3.59636e-009,0
,,,-3.19636e-009,-0.000441946
,,,-2.79636e-009,0.000220973
,,,-2.39636e-009,0
,,,-1.99636e-009,0
,,,-1.59636e-009,-0.000220973
,,,-1.19636e-009,-0.000220973
,,,-7.96361e-010,-0.000662919
,,,-3.96361e-010,0
,,,3.63947e-012,0.000220973
,,,4.03639e-010,0.000441946
,,,8.03639e-010,0.000220973
,,,1.20364e-009,0.000662919
,,,1.60364e-009,0.000441946
,,,2.00364e-009,0.000220973
,,,2.40364e-009,0.000220973
,,,2.80364e-009,-0.000441946
,,,3.20364e-009,0
,,,3.60364e-009,0
,,,4.00364e-009,0.000441946
,,,4.40364e-009,0.000441946
,,,4.80364e-009,0.000662919
,,,5.20364e-009,0.000220973
,,,5.60364e-009,0.000441946
,,,6.00364e-009,0.00132584
,,,6.40364e-009,0.000441946
,,,6.80364e-009,0.000441946
,,,7.20364e-009,0.000220973
,,,7.60364e-009,0
,,,8.00364e-009,0.000220973
,,,8.40364e-009,0
,,,8.80364e-009,0
,,,9.20364e-009,0.000441946
,,,9.60364e-009,0.000441946
,,,1.00036e-008,0.000441946
,,,1.04036e-008,0.000883892
,,,1.08036e-008,0.000662919
,,,1.12036e-008,0
,,,1.16036e-008,0.000441946
,,,1.20036e-008,-0.000220973
,,,1.24036e-008,0.000441946
,,,1.28036e-008,0.000883892
,,,1.32036e-008,0.000883892
,,,1.36036e-008,0.000441946
,,,1.40036e-008,0.000662919
,,,1.44036e-008,0.000220973
,,,1.48036e-008,0.000220973
,,,1.52036e-008,-0.000662919
,,,1.56036e-008,0.000441946
,,,1.60036e-008,0.000441946
,,,1.64036e-008,0.000883892
,,,1.68036e-008,0.00154681
,,,1.72036e-008,0
,,,1.76036e-008,0.000662919
,,,1.80036e-008,0.000441946
,,,1.84036e-008,0.000662919
,,,1.88036e-008,-0.000220973
,,,1.92036e-008,0.000220973
,,,1.96036e-008,0.000662919
,,,2.00036e-008,0.000662919
,,,2.04036e-008,0.00110486
,,,2.08036e-008,0.000220973
,,,2.12036e-008,0
,,,2.16036e-008,0.000662919
,,,2.20036e-008,0
,,,2.24036e-008,-0.000220973
,,,2.28036e-008,-0.000441946
,,,2.32036e-008,0.000220973
,,,2.36036e-008,-0.000441946
,,,2.40036e-008,-0.000441946
,,,2.44036e-008,0
,,,2.48036e-008,0.000220973
,,,2.52036e-008,0.000441946
,,,2.56036e-008,0.000441946
,,,2.60036e-008,0
,,,2.64036e-008,0.000441946
,,,2.68036e-008,0
,,,2.72036e-008,0.000662919
,,,2.76036e-008,0.00154681
,,,2.80036e-008,0
,,,2.84036e-008,0.000441946
,,,2.88036e-008,0.000883892
,,,2.92036e-008,0.000220973
,,,2.96036e-008,0.000662919
,,,3.00036e-008,0.000441946
,,,3.04036e-008,-0.000441946
,,,3.08036e-008,0.000220973
,,,3.12036e-008,-0.000220973
,,,3.16036e-008,0.000220973
,,,3.20036e-008,0.000441946
,,,3.24036e-008,0.000441946
,,,3.28036e-008,0.000441946
,,,3.32036e-008,0.000662919
,,,3.36036e-008,0.00132584
,,,3.40036e-008,0.000441946
,,,3.44036e-008,0.000662919
,,,3.48036e-008,0.000220973
,,,3.52036e-008,0.000662919
,,,3.56036e-008,0.000220973
,,,3.60036e-008,0.000220973
,,,3.64036e-008,-0.000441946
,,,3.68036e-008,0.000220973
,,,3.72036e-008,0
,,,3.76036e-008,0
,,,3.80036e-008,0.000441946
,,,3.84036e-008,0.000662919
,,,3.88036e-008,0.000883892
,,,3.92036e-008,0
,,,3.96036e-008,-0.000662919
,,,4.00036e-008,-0.000441946
,,,4.04036e-008,0
,,,4.08036e-008,0
,,,4.12036e-008,0.000220973
,,,4.16036e-008,-0.000220973
,,,4.20036e-008,0.000883892
,,,4.24036e-008,0.00132584
,,,4.28036e-008,0.000662919
,,,4.32036e-008,-0.000441946
,,,4.36036e-008,0
,,,4.40036e-008,0.000441946
,,,4.44036e-008,0.000883892
,,,4.48036e-008,0.000441946
,,,4.52036e-008,0.000441946
,,,4.56036e-008,0.000441946
,,,4.60036e-008,0.000220973
,,,4.64036e-008,0.000662919
,,,4.68036e-008,0.000662919
,,,4.72036e-008,0.000662919
,,,4.76036e-008,-0.000220973
,,,4.80036e-008,0.000441946
,,,4.84036e-008,0.000220973
,,,4.88036e-008,0.000441946
,,,4.92036e-008,0.000441946
,,,4.96036e-008,0.000441946
,,,5.00036e-008,0.000220973
,,,5.04036e-008,0.000662919
,,,5.08036e-008,0
,,,5.12036e-008,0.000662919
,,,5.16036e-008,0.000662919
,,,5.20036e-008,0.000441946
,,,5.24036e-008,0.000662919
,,,5.28036e-008,0.000441946
,,,5.32036e-008,0.000441946
,,,5.36036e-008,0.000662919
,,,5.40036e-008,0.000220973
,,,5.44036e-008,0
,,,5.48036e-008,0
,,,5.52036e-008,-0.000662919
,,,5.56036e-008,-0.000662919
,,,5.60036e-008,-0.000220973
,,,5.64036e-008,0.000220973
,,,5.68036e-008,0.000662919
,,,5.72036e-008,0.000441946
,,,5.76036e-008,0.000883892
,,,5.80036e-008,0.000662919
,,,5.84036e-008,0.000883892
,,,5.88036e-008,0.00132584
,,,5.92036e-008,0.000220973
,,,5.96036e-008,0.000220973
,,,6.00036e-008,0.000662919
,,,6.04036e-008,0
,,,6.08036e-008,0.000220973
,,,6.12036e-008,0.000441946
,,,6.16036e-008,0
,,,6.20036e-008,-0.000220973
,,,6.24036e-008,0
,,,6.28036e-008,0
,,,6.32036e-008,0.000220973
,,,6.36036e-008,0
,,,6.40036e-008,0.000220973
,,,6.44036e-008,0.000441946
,,,6.48036e-008,0.000220973
,,,6.52036e-008,0.000220973
,,,6.56036e-008,0.000441946
,,,6.60036e-008,0
,,,6.64036e-008,0.000662919
,,,6.68036e-008,-0.000220973
,,,6.72036e-008,0.000441946
,,,6.76036e-008,0.000662919
,,,6.80036e-008,0.000662919
,,,6.84036e-008,0
,,,6.88036e-008,0
,,,6.92036e-008,-0.000220973
,,,6.96036e-008,0.000220973
,,,7.00036e-008,0
,,,7.04036e-008,0.000441946
,,,7.08036e-008,0.000883892
,,,7.12036e-008,0
,,,7.16036e-008,-0.000220973
,,,7.20036e-008,-0.000220973
,,,7.24036e-008,-0.000220973
,,,7.28036e-008,0.000883892
,,,7.32036e-008,0.00110486
,,,7.36036e-008,0.000220973
,,,7.40036e-008,0.000220973
,,,7.44036e-008,0.000662919
,,,7.48036e-008,0
,,,7.52036e-008,0.000220973
,,,7.56036e-008,0.000662919
,,,7.60036e-008,0.000662919
,,,7.64036e-008,0.000220973
,,,7.68036e-008,0.000883892
,,,7.72036e-008,-0.000220973
,,,7.76036e-008,0.000441946
,,,7.80036e-008,0.000662919
,,,7.84036e-008,0.000662919
,,,7.88036e-008,0
,,,7.92036e-008,-0.000441946
,,,7.96036e-008,0.000220973
,,,8.00036e-008,0.000662919
,,,8.04036e-008,0.000662919
,,,8.08036e-008,0.000883892
,,,8.12036e-008,0.000441946
,,,8.16036e-008,0.000220973
,,,8.20036e-008,0.000220973
,,,8.24036e-008,0.000662919
,,,8.28036e-008,0.000883892
,,,8.32036e-008,0.000220973
,,,8.36036e-008,0.000441946
,,,8.40036e-008,0.000662919
,,,8.44036e-008,0.000220973
,,,8.48036e-008,0.000441946
,,,8.52036e-008,-0.000441946
,,,8.56036e-008,-0.000220973
,,,8.60036e-008,0.000662919
,,,8.64036e-008,0.000662919
,,,8.68036e-008,0.000220973
,,,8.72036e-008,0.000220973
,,,8.76036e-008,0.000662919
,,,8.80036e-008,0.000662919
,,,8.84036e-008,0.000883892
,,,8.88036e-008,0.00110486
,,,8.92036e-008,0.000220973
,,,8.96036e-008,0.000220973
,,,9.00036e-008,-0.000220973
,,,9.04036e-008,0.00110486
,,,9.08036e-008,0.000220973
,,,9.12036e-008,0.000441946
,,,9.16036e-008,0.000883892
,,,9.20036e-008,0.000662919
,,,9.24036e-008,0.00110486
,,,9.28036e-008,0.000441946
,,,9.32036e-008,0.000883892
,,,9.36036e-008,0.00176778
,,,9.40036e-008,0.00154681
,,,9.44036e-008,0.00132584
,,,9.48036e-008,0.00220973
,,,9.52036e-008,0.00265168
,,,9.56036e-008,0.0024307
,,,9.60036e-008,0.00419849
,,,9.64036e-008,0.00486141
,,,9.68036e-008,0.0057453
,,,9.72036e-008,0.00751308
,,,9.76036e-008,0.00883892
,,,9.80036e-008,0.00905989
,,,9.84036e-008,0.0112696
,,,9.88036e-008,0.0117116
,,,9.92036e-008,0.0134794
,,,9.96036e-008,0.0141423
,,,1.00004e-007,0.0148052
,,,1.00404e-007,0.0150262
,,,1.00804e-007,0.0148052
,,,1.01204e-007,0.0148052
,,,1.01604e-007,0.0159101
,,,1.02004e-007,0.016352
,,,1.02404e-007,0.016131
,,,1.02804e-007,0.0174569
,,,1.03204e-007,0.0174569
,,,1.03604e-007,0.0176778
,,,1.04004e-007,0.0176778
,,,1.04404e-007,0.0176778
,,,1.04804e-007,0.0174569
,,,1.05204e-007,0.0174569
,,,1.05604e-007,0.0167939
,,,1.06004e-007,0.0172359
,,,1.06404e-007,0.0181198
,,,1.06804e-007,0.0181198
,,,1.07204e-007,0.0178988
,,,1.07604e-007,0.0181198
,,,1.08004e-007,0.0176778
,,,1.08404e-007,0.0183408
,,,1.08804e-007,0.0178988
,,,1.09204e-007,0.0172359
,,,1.09604e-007,0.0176778
,,,1.10004e-007,0.0181198
,,,1.10404e-007,0.0172359
,,,1.10804e-007,0.0174569
,,,1.11204e-007,0.0176778
,,,1.11604e-007,0.0178988
,,,1.12004e-007,0.0178988
,,,1.12404e-007,0.0176778
,,,1.12804e-007,0.0181198
,,,1.13204e-007,0.0183408
,,,1.13604e-007,0.0181198
,,,1.14004e-007,0.0174569
,,,1.14404e-007,0.0181198
,,,1.14804e-007,0.0187827
,,,1.15204e-007,0.0181198
,,,1.15604e-007,0.0172359
,,,1.16004e-007,0.0183408
,,,1.16404e-007,0.0185617
,,,1.16804e-007,0.0176778
,,,1.17204e-007,0.0178988
,,,1.17604e-007,0.0172359
,,,1.18004e-007,0.0178988
,,,1.18404e-007,0.0183408
,,,1.18804e-007,0.0183408
,,,1.19204e-007,0.0181198
,,,1.19604e-007,0.0183408
,,,1.20004e-007,0.0185617
,,,1.20404e-007,0.0181198
,,,1.20804e-007,0.0181198
,,,1.21204e-007,0.0192246
,,,1.21604e-007,0.0181198
,,,1.22004e-007,0.0190037
,,,1.22404e-007,0.0198876
,,,1.22804e-007,0.0190037
,,,1.23204e-007,0.0190037
,,,1.23604e-007,0.0196666
,,,1.24004e-007,0.0194456
,,,1.24404e-007,0.0201085
,,,1.24804e-007,0.0196666
,,,1.25204e-007,0.0201085
,,,1.25604e-007,0.0214344
,,,1.26004e-007,0.0209924
,,,1.26404e-007,0.0212134
,,,1.26804e-007,0.0207715
,,,1.27204e-007,0.0209924
,,,1.27604e-007,0.0203295
,,,1.28004e-007,0.0203295
,,,1.28404e-007,0.0207715
,,,1.28804e-007,0.0207715
,,,1.29204e-007,0.0196666
,,,1.29604e-007,0.0198876
,,,1.30004e-007,0.0185617
,,,1.30404e-007,0.0192246
,,,1.30804e-007,0.0185617
,,,1.31204e-007,0.0185617
,,,1.31604e-007,0.0187827
,,,1.32004e-007,0.0183408
,,,1.32404e-007,0.0183408
,,,1.32804e-007,0.0172359
,,,1.33204e-007,0.0174569
,,,1.33604e-007,0.0167939
,,,1.34004e-007,0.0174569
,,,1.34404e-007,0.0170149
,,,1.34804e-007,0.0167939
,,,1.35204e-007,0.0170149
,,,1.35604e-007,0.0167939
,,,1.36004e-007,0.0167939
,,,1.36404e-007,0.016131
,,,1.36804e-007,0.0167939
,,,1.37204e-007,0.0172359
,,,1.37604e-007,0.016573
,,,1.38004e-007,0.016573
,,,1.38404e-007,0.016573
,,,1.38804e-007,0.016131
,,,1.39204e-007,0.016573
,,,1.39604e-007,0.016352
,,,1.40004e-007,0.016573
,,,1.40404e-007,0.016131
,,,1.40804e-007,0.016573
,,,1.41204e-007,0.0156891
,,,1.41604e-007,0.0159101
,,,1.42004e-007,0.016131
,,,1.42404e-007,0.0159101
,,,1.42804e-007,0.0159101
,,,1.43204e-007,0.0154681
,,,1.43604e-007,0.0154681
,,,1.44004e-007,0.0156891
,,,1.44404e-007,0.0159101
,,,1.44804e-007,0.0152471
,,,1.45204e-007,0.0154681
,,,1.45604e-007,0.0150262
,,,1.46004e-007,0.0150262
,,,1.46404e-007,0.016131
,,,1.46804e-007,0.0150262
,,,1.47204e-007,0.0152471
,,,1.47604e-007,0.0150262
,,,1.48004e-007,0.0154681
,,,1.48404e-007,0.0152471
,,,1.48804e-007,0.0150262
,,,1.49204e-007,0.0148052
,,,1.49604e-007,0.0150262
,,,1.50004e-007,0.0143632
,,,1.50404e-007,0.0145842
,,,1.50804e-007,0.0148052
,,,1.51204e-007,0.0148052
,,,1.51604e-007,0.0145842
,,,1.52004e-007,0.0141423
,,,1.52404e-007,0.0143632
,,,1.52804e-007,0.0143632
,,,1.53204e-007,0.0143632
,,,1.53604e-007,0.0141423
,,,1.54004e-007,0.0143632
,,,1.54404e-007,0.0141423
,,,1.54804e-007,0.0143632
,,,1.55204e-007,0.0139213
,,,1.55604e-007,0.0130374
,,,1.56004e-007,0.0125955
,,,1.56404e-007,0.0128164
,,,1.56804e-007,0.0121535
,,,1.57204e-007,0.0119325
,,,1.57604e-007,0.0114906
,,,1.58004e-007,0.0125955
,,,1.58404e-007,0.0117116
,,,1.58804e-007,0.0121535
,,,1.59204e-007,0.0114906
,,,1.59604e-007,0.0123745
,,,1.60004e-007,0.0114906
,,,1.60404e-007,0.0117116
,,,1.60804e-007,0.0123745
,,,1.61204e-007,0.0132584
,,,1.61604e-007,0.0125955
,,,1.62004e-007,0.0123745
,,,1.62404e-007,0.0125955
,,,1.62804e-007,0.0121535
,,,1.63204e-007,0.0125955
,,,1.63604e-007,0.0132584
,,,1.64004e-007,0.0121535
,,,1.64404e-007,0.0121535
,,,1.64804e-007,0.0130374
,,,1.65204e-007,0.0123745
,,,1.65604e-007,0.0125955
,,,1.66004e-007,0.0123745
,,,1.66404e-007,0.0114906
,,,1.66804e-007,0.0119325
,,,1.67204e-007,0.0128164
,,,1.67604e-007,0.0125955
,,,1.68004e-007,0.0130374
,,,1.68404e-007,0.0123745
,,,1.68804e-007,0.0128164
,,,1.69204e-007,0.0130374
,,,1.69604e-007,0.0125955
,,,1.70004e-007,0.0121535
,,,1.70404e-007,0.0130374
,,,1.70804e-007,0.0121535
,,,1.71204e-007,0.0123745
,,,1.71604e-007,0.0125955
,,,1.72004e-007,0.0125955
,,,1.72404e-007,0.0130374
,,,1.72804e-007,0.0132584
,,,1.73204e-007,0.0128164
,,,1.73604e-007,0.0119325
,,,1.74004e-007,0.0128164
,,,1.74404e-007,0.0119325
,,,1.74804e-007,0.0119325
,,,1.75204e-007,0.0123745
,,,1.75604e-007,0.0123745
,,,1.76004e-007,0.0128164
,,,1.76404e-007,0.0125955
,,,1.76804e-007,0.0132584
,,,1.77204e-007,0.0123745
,,,1.77604e-007,0.0130374
,,,1.78004e-007,0.0121535
,,,1.78404e-007,0.0128164
,,,1.78804e-007,0.0123745
,,,1.79204e-007,0.0125955
,,,1.79604e-007,0.0121535
,,,1.80004e-007,0.0125955
,,,1.80404e-007,0.0130374
,,,1.80804e-007,0.0125955
,,,1.81204e-007,0.0125955
,,,1.81604e-007,0.0130374
,,,1.82004e-007,0.0125955
,,,1.82404e-007,0.0119325
,,,1.82804e-007,0.0114906
,,,1.83204e-007,0.0119325
,,,1.83604e-007,0.0123745
,,,1.84004e-007,0.0128164
,,,1.84404e-007,0.0119325
,,,1.84804e-007,0.0125955
,,,1.85204e-007,0.0125955
,,,1.85604e-007,0.0125955
,,,1.86004e-007,0.0119325
,,,1.86404e-007,0.0128164
,,,1.86804e-007,0.0121535
,,,1.87204e-007,0.0128164
,,,1.87604e-007,0.0134794
,,,1.88004e-007,0.0128164
,,,1.88404e-007,0.0141423
,,,1.88804e-007,0.0141423
,,,1.89204e-007,0.0130374
,,,1.89604e-007,0.0137003
,,,1.90004e-007,0.0141423
,,,1.90404e-007,0.0137003
,,,1.90804e-007,0.0132584
,,,1.91204e-007,0.0134794
,,,1.91604e-007,0.0132584
,,,1.92004e-007,0.0134794
,,,1.92404e-007,0.0137003
,,,1.92804e-007,0.0139213
,,,1.93204e-007,0.0139213
,,,1.93604e-007,0.0139213
,,,1.94004e-007,0.0141423
,,,1.94404e-007,0.0137003
,,,1.94804e-007,0.0141423
,,,1.95204e-007,0.0141423
,,,1.95604e-007,0.0139213
,,,1.96004e-007,0.0139213
,,,1.96404e-007,0.0132584
,,,1.96804e-007,0.0125955
,,,1.97204e-007,0.0130374
,,,1.97604e-007,0.0137003
,,,1.98004e-007,0.0137003
,,,1.98404e-007,0.0134794
,,,1.98804e-007,0.0132584
,,,1.99204e-007,0.0132584
,,,1.99604e-007,0.0130374
,,,2.00004e-007,0.0125955
,,,2.00404e-007,0.0134794
,,,2.00804e-007,0.0137003
,,,2.01204e-007,0.0134794
,,,2.01604e-007,0.0121535
,,,2.02004e-007,0.0123745
,,,2.02404e-007,0.0130374
,,,2.02804e-007,0.0119325
,,,2.03204e-007,0.0125955
,,,2.03604e-007,0.0125955
,,,2.04004e-007,0.0130374
,,,2.04404e-007,0.0114906
,,,2.04804e-007,0.0108277
,,,2.05204e-007,0.0114906
,,,2.05604e-007,0.0117116
,,,2.06004e-007,0.0121535
,,,2.06404e-007,0.0108277
,,,2.06804e-007,0.0112696
,,,2.07204e-007,0.0108277
,,,2.07604e-007,0.0108277
,,,2.08004e-007,0.0114906
,,,2.08404e-007,0.00972281
,,,2.08804e-007,0.00972281
,,,2.09204e-007,0.00928087
,,,2.09604e-007,0.00861795
,,,2.10004e-007,0.00883892
,,,2.10404e-007,0.008176
,,,2.10804e-007,0.008176
,,,2.11204e-007,0.00795503
,,,2.11604e-007,0.00751308
,,,2.12004e-007,0.00729211
,,,2.12404e-007,0.00662919
,,,2.12804e-007,0.00662919
,,,2.13204e-007,0.00552432
,,,2.13604e-007,0.00596627
,,,2.14004e-007,0.00552432
,,,2.14404e-007,0.00530335
,,,2.14804e-007,0.00464043
,,,2.15204e-007,0.00464043
,,,2.15604e-007,0.00508238
,,,2.16004e-007,0.00419849
,,,2.16404e-007,0.00441946
,,,2.16804e-007,0.00375654
,,,2.17204e-007,0.00375654
,,,2.17604e-007,0.00287265
,,,2.18004e-007,0.0024307
,,,2.18404e-007,0.00265168
,,,2.18804e-007,0.00331459
,,,2.19204e-007,0.0024307
,,,2.19604e-007,0.0024307
,,,2.20004e-007,0.00265168
,,,2.20404e-007,0.00309362
,,,2.20804e-007,0.00287265
,,,2.21204e-007,0.00176778
,,,2.21604e-007,0.00132584
,,,2.22004e-007,0.00154681
,,,2.22404e-007,0.00220973
,,,2.22804e-007,0.00132584
,,,2.23204e-007,0.00132584
,,,2.23604e-007,0.00198876
,,,2.24004e-007,0.00154681
,,,2.24404e-007,0.00220973
,,,2.24804e-007,0.00176778
,,,2.25204e-007,0.00132584
,,,2.25604e-007,0.00220973
,,,2.26004e-007,0.00176778
,,,2.26404e-007,0.00132584
,,,2.26804e-007,0.00220973
,,,2.27204e-007,0.00110486
,,,2.27604e-007,0.000662919
,,,2.28004e-007,0.00132584
,,,2.28404e-007,0.00132584
,,,2.28804e-007,0.00132584
,,,2.29204e-007,0.00132584
,,,2.29604e-007,0.00176778
,,,2.30004e-007,0.000883892
,,,2.30404e-007,0.00132584
,,,2.30804e-007,0.00110486
,,,2.31204e-007,0.000441946
,,,2.31604e-007,0.000441946
,,,2.32004e-007,0.000883892
,,,2.32404e-007,0.000883892
,,,2.32804e-007,0.00110486
,,,2.33204e-007,0.000662919
,,,2.33604e-007,0.000662919
,,,2.34004e-007,0
,,,2.34404e-007,0.000220973
,,,2.34804e-007,-0.000220973
,,,2.35204e-007,0
,,,2.35604e-007,0.000441946
,,,2.36004e-007,0.000883892
,,,2.36404e-007,0.000220973
,,,2.36804e-007,0
,,,2.37204e-007,-0.000220973
,,,2.37604e-007,-0.000220973
,,,2.38004e-007,0.000220973
,,,2.38404e-007,-0.000441946
,,,2.38804e-007,0.000662919
,,,2.39204e-007,0
,,,2.39604e-007,-0.000220973
,,,2.40004e-007,0
,,,2.40404e-007,-0.000220973
,,,2.40804e-007,0
,,,2.41204e-007,-0.000441946
,,,2.41604e-007,0
,,,2.42004e-007,-0.000441946
,,,2.42404e-007,0
,,,2.42804e-007,-0.000220973
,,,2.43204e-007,-0.000441946
,,,2.43604e-007,0
,,,2.44004e-007,-0.000220973
,,,2.44404e-007,-0.000662919
,,,2.44804e-007,-0.000662919
,,,2.45204e-007,-0.000220973
,,,2.45604e-007,0.000441946
,,,2.46004e-007,0.000220973
,,,2.46404e-007,-0.000220973
,,,2.46804e-007,-0.000441946
,,,2.47204e-007,-0.000220973
,,,2.47604e-007,0
,,,2.48004e-007,0.000220973
,,,2.48404e-007,0.00132584
,,,2.48804e-007,0.000441946
,,,2.49204e-007,0.000220973
,,,2.49604e-007,0
,,,2.50004e-007,-0.000220973
