"Record Length",1252,"Points",-2.50035e-007,-0.000220973
"Sample Interval",4e-010,s,-2.49635e-007,0.000220973
"Trigger Point",625,"Samples",-2.49235e-007,0.000441946
"Trigger Time",0.086346,s,-2.48835e-007,0.000662919
,,,-2.48435e-007,-0.000441946
"Horizontal Offset",-2.50035e-007,s,-2.48035e-007,-0.000441946
,,,-2.47635e-007,0.000662919
,,,-2.47235e-007,0.000220973
,,,-2.46835e-007,0.000220973
,,,-2.46435e-007,0
,,,-2.46035e-007,-0.000220973
,,,-2.45635e-007,-0.000220973
,,,-2.45235e-007,0.000220973
,,,-2.44835e-007,0.000662919
,,,-2.44435e-007,0.000220973
,,,-2.44035e-007,0.000662919
,,,-2.43635e-007,-0.000220973
,,,-2.43235e-007,-0.000441946
,,,-2.42835e-007,0
,,,-2.42435e-007,0
,,,-2.42035e-007,-0.000662919
,,,-2.41635e-007,0.000662919
,,,-2.41235e-007,-0.000441946
,,,-2.40835e-007,0.000662919
,,,-2.40435e-007,0.000220973
,,,-2.40035e-007,0
,,,-2.39635e-007,0
,,,-2.39235e-007,0.000220973
,,,-2.38835e-007,-0.000220973
,,,-2.38435e-007,0
,,,-2.38035e-007,-0.000220973
,,,-2.37635e-007,0.000441946
,,,-2.37235e-007,0.000441946
,,,-2.36835e-007,0.000662919
,,,-2.36435e-007,-0.000220973
,,,-2.36035e-007,0
,,,-2.35635e-007,0.000441946
,,,-2.35235e-007,0.000441946
,,,-2.34835e-007,0.000220973
,,,-2.34435e-007,-0.000441946
,,,-2.34035e-007,-0.000662919
,,,-2.33635e-007,-0.000220973
,,,-2.33235e-007,-0.000220973
,,,-2.32835e-007,0.00110486
,,,-2.32435e-007,0.000220973
,,,-2.32035e-007,0
,,,-2.31635e-007,-0.000441946
,,,-2.31235e-007,0.000662919
,,,-2.30835e-007,0.00110486
,,,-2.30435e-007,0.000441946
,,,-2.30035e-007,0.000662919
,,,-2.29635e-007,0
,,,-2.29235e-007,0
,,,-2.28835e-007,-0.000220973
,,,-2.28435e-007,0.000220973
,,,-2.28035e-007,0
,,,-2.27635e-007,0.000220973
,,,-2.27235e-007,-0.000441946
,,,-2.26835e-007,0.000220973
,,,-2.26435e-007,0.000662919
,,,-2.26035e-007,0.00110486
,,,-2.25635e-007,0.000220973
,,,-2.25235e-007,0
,,,-2.24835e-007,0.000220973
,,,-2.24435e-007,0.000441946
,,,-2.24035e-007,0.000220973
,,,-2.23635e-007,-0.000220973
,,,-2.23235e-007,0.000220973
,,,-2.22835e-007,0.000441946
,,,-2.22435e-007,0.000441946
,,,-2.22035e-007,-0.000220973
,,,-2.21635e-007,0
,,,-2.21235e-007,-0.000883892
,,,-2.20835e-007,0
,,,-2.20435e-007,-0.000662919
,,,-2.20035e-007,-0.000220973
,,,-2.19635e-007,0
,,,-2.19235e-007,0.000220973
,,,-2.18835e-007,0
,,,-2.18435e-007,-0.000441946
,,,-2.18035e-007,0
,,,-2.17635e-007,-0.000220973
,,,-2.17235e-007,-0.000220973
,,,-2.16835e-007,0.000220973
,,,-2.16435e-007,0.000441946
,,,-2.16035e-007,-0.000220973
,,,-2.15635e-007,-0.000441946
,,,-2.15235e-007,0.000220973
,,,-2.14835e-007,-0.000220973
,,,-2.14435e-007,-0.000220973
,,,-2.14035e-007,0.000883892
,,,-2.13635e-007,0.000441946
,,,-2.13235e-007,0.000220973
,,,-2.12835e-007,0.000220973
,,,-2.12435e-007,-0.000220973
,,,-2.12035e-007,0
,,,-2.11635e-007,-0.000441946
,,,-2.11235e-007,0.000441946
,,,-2.10835e-007,0.000220973
,,,-2.10435e-007,0.000220973
,,,-2.10035e-007,0
,,,-2.09635e-007,0.000441946
,,,-2.09235e-007,0.000441946
,,,-2.08835e-007,0
,,,-2.08435e-007,0.000441946
,,,-2.08035e-007,0.000220973
,,,-2.07635e-007,0.000220973
,,,-2.07235e-007,-0.000220973
,,,-2.06835e-007,0.000220973
,,,-2.06435e-007,0.000220973
,,,-2.06035e-007,0.000220973
,,,-2.05635e-007,0.000662919
,,,-2.05235e-007,0.000220973
,,,-2.04835e-007,0
,,,-2.04435e-007,-0.000220973
,,,-2.04035e-007,-0.000441946
,,,-2.03635e-007,0.000220973
,,,-2.03235e-007,0.000662919
,,,-2.02835e-007,-0.000220973
,,,-2.02435e-007,0.000220973
,,,-2.02035e-007,-0.000220973
,,,-2.01635e-007,0
,,,-2.01235e-007,0
,,,-2.00835e-007,0.000662919
,,,-2.00435e-007,0
,,,-2.00035e-007,0
,,,-1.99635e-007,0.000441946
,,,-1.99235e-007,0.000662919
,,,-1.98835e-007,0.000220973
,,,-1.98435e-007,0.000220973
,,,-1.98035e-007,0
,,,-1.97635e-007,0.000662919
,,,-1.97235e-007,0
,,,-1.96835e-007,0.000441946
,,,-1.96435e-007,0.000441946
,,,-1.96035e-007,0.000662919
,,,-1.95635e-007,0
,,,-1.95235e-007,0
,,,-1.94835e-007,-0.000220973
,,,-1.94435e-007,-0.000220973
,,,-1.94035e-007,-0.000441946
,,,-1.93635e-007,0
,,,-1.93235e-007,0.000220973
,,,-1.92835e-007,0.000220973
,,,-1.92435e-007,0.000883892
,,,-1.92035e-007,-0.000441946
,,,-1.91635e-007,-0.000220973
,,,-1.91235e-007,0.000441946
,,,-1.90835e-007,0.000220973
,,,-1.90435e-007,0.000441946
,,,-1.90035e-007,0.000441946
,,,-1.89635e-007,0.000441946
,,,-1.89235e-007,0.000662919
,,,-1.88835e-007,-0.000220973
,,,-1.88435e-007,0
,,,-1.88035e-007,0.000441946
,,,-1.87635e-007,0.000220973
,,,-1.87235e-007,-0.000220973
,,,-1.86835e-007,-0.000220973
,,,-1.86435e-007,0.000220973
,,,-1.86035e-007,0
,,,-1.85635e-007,0.000662919
,,,-1.85235e-007,-0.000220973
,,,-1.84835e-007,0.000220973
,,,-1.84435e-007,0
,,,-1.84035e-007,0.000220973
,,,-1.83635e-007,0
,,,-1.83235e-007,0.000441946
,,,-1.82835e-007,0.000441946
,,,-1.82435e-007,0.000220973
,,,-1.82035e-007,0
,,,-1.81635e-007,0.000662919
,,,-1.81235e-007,0.000662919
,,,-1.80835e-007,0.000220973
,,,-1.80435e-007,0
,,,-1.80035e-007,0
,,,-1.79635e-007,0
,,,-1.79235e-007,-0.000441946
,,,-1.78835e-007,0.000220973
,,,-1.78435e-007,0
,,,-1.78035e-007,-0.000220973
,,,-1.77635e-007,0.000441946
,,,-1.77235e-007,0.000220973
,,,-1.76835e-007,0.00110486
,,,-1.76435e-007,0.000662919
,,,-1.76035e-007,0.000441946
,,,-1.75635e-007,0.000662919
,,,-1.75235e-007,0.000220973
,,,-1.74835e-007,0
,,,-1.74435e-007,-0.000441946
,,,-1.74035e-007,0.000662919
,,,-1.73635e-007,0.000220973
,,,-1.73235e-007,0.000220973
,,,-1.72835e-007,-0.000220973
,,,-1.72435e-007,0.000220973
,,,-1.72035e-007,0.000441946
,,,-1.71635e-007,0.000662919
,,,-1.71235e-007,0
,,,-1.70835e-007,0.000441946
,,,-1.70435e-007,0
,,,-1.70035e-007,0.000220973
,,,-1.69635e-007,-0.000441946
,,,-1.69235e-007,0.000220973
,,,-1.68835e-007,0
,,,-1.68435e-007,-0.000883892
,,,-1.68035e-007,0.000220973
,,,-1.67635e-007,0.000220973
,,,-1.67235e-007,0
,,,-1.66835e-007,0
,,,-1.66435e-007,0
,,,-1.66035e-007,0.000441946
,,,-1.65635e-007,0.000220973
,,,-1.65235e-007,0
,,,-1.64835e-007,0.000220973
,,,-1.64435e-007,-0.000220973
,,,-1.64035e-007,0.000441946
,,,-1.63635e-007,-0.000441946
,,,-1.63235e-007,0
,,,-1.62835e-007,-0.000441946
,,,-1.62435e-007,-0.000441946
,,,-1.62035e-007,-0.000220973
,,,-1.61635e-007,0
,,,-1.61235e-007,0
,,,-1.60835e-007,0.000220973
,,,-1.60435e-007,-0.000220973
,,,-1.60035e-007,0.000220973
,,,-1.59635e-007,0
,,,-1.59235e-007,0
,,,-1.58835e-007,0
,,,-1.58435e-007,0.000441946
,,,-1.58035e-007,0.000220973
,,,-1.57635e-007,0.00110486
,,,-1.57235e-007,0.000220973
,,,-1.56835e-007,0.000220973
,,,-1.56435e-007,-0.000662919
,,,-1.56035e-007,0.000220973
,,,-1.55635e-007,0
,,,-1.55235e-007,-0.000220973
,,,-1.54835e-007,-0.000441946
,,,-1.54435e-007,0.000220973
,,,-1.54035e-007,0.000441946
,,,-1.53635e-007,0.000220973
,,,-1.53235e-007,0.000220973
,,,-1.52835e-007,0.000220973
,,,-1.52435e-007,-0.000441946
,,,-1.52035e-007,0
,,,-1.51635e-007,0.000441946
,,,-1.51235e-007,0.000883892
,,,-1.50835e-007,-0.000220973
,,,-1.50435e-007,0
,,,-1.50035e-007,-0.000220973
,,,-1.49635e-007,0.000220973
,,,-1.49235e-007,-0.000220973
,,,-1.48835e-007,0.000441946
,,,-1.48435e-007,0.000662919
,,,-1.48035e-007,0
,,,-1.47635e-007,0.000220973
,,,-1.47235e-007,-0.000220973
,,,-1.46835e-007,0.000883892
,,,-1.46435e-007,0
,,,-1.46035e-007,-0.000220973
,,,-1.45635e-007,0
,,,-1.45235e-007,-0.000441946
,,,-1.44835e-007,0.000220973
,,,-1.44435e-007,0.000662919
,,,-1.44035e-007,-0.000220973
,,,-1.43635e-007,-0.000441946
,,,-1.43235e-007,0.000220973
,,,-1.42835e-007,-0.000220973
,,,-1.42435e-007,0.000220973
,,,-1.42035e-007,0.000441946
,,,-1.41635e-007,0.000220973
,,,-1.41235e-007,-0.000220973
,,,-1.40835e-007,0.000220973
,,,-1.40435e-007,0.000441946
,,,-1.40035e-007,0
,,,-1.39635e-007,0.000441946
,,,-1.39235e-007,0
,,,-1.38835e-007,0
,,,-1.38435e-007,-0.000441946
,,,-1.38035e-007,-0.000220973
,,,-1.37635e-007,0.000220973
,,,-1.37235e-007,0.000441946
,,,-1.36835e-007,0
,,,-1.36435e-007,-0.000220973
,,,-1.36035e-007,0.000662919
,,,-1.35635e-007,-0.000441946
,,,-1.35235e-007,0.000441946
,,,-1.34835e-007,0.000220973
,,,-1.34435e-007,-0.000441946
,,,-1.34035e-007,0.000220973
,,,-1.33635e-007,0.00110486
,,,-1.33235e-007,0.000220973
,,,-1.32835e-007,0.000220973
,,,-1.32435e-007,-0.000220973
,,,-1.32035e-007,0.000441946
,,,-1.31635e-007,0.000441946
,,,-1.31235e-007,0.000220973
,,,-1.30835e-007,-0.000883892
,,,-1.30435e-007,-0.00110486
,,,-1.30035e-007,-0.000662919
,,,-1.29635e-007,0.000220973
,,,-1.29235e-007,-0.000441946
,,,-1.28835e-007,0
,,,-1.28435e-007,0.000441946
,,,-1.28035e-007,0.000220973
,,,-1.27635e-007,0.000441946
,,,-1.27235e-007,-0.000441946
,,,-1.26835e-007,-0.000883892
,,,-1.26435e-007,0.000662919
,,,-1.26035e-007,0
,,,-1.25635e-007,0.000441946
,,,-1.25235e-007,-0.000220973
,,,-1.24835e-007,-0.000220973
,,,-1.24435e-007,-0.000441946
,,,-1.24035e-007,-0.000441946
,,,-1.23635e-007,-0.000441946
,,,-1.23235e-007,0
,,,-1.22835e-007,0.000662919
,,,-1.22435e-007,-0.000220973
,,,-1.22035e-007,0.000220973
,,,-1.21635e-007,0.000220973
,,,-1.21235e-007,-0.000220973
,,,-1.20835e-007,0.000220973
,,,-1.20435e-007,0
,,,-1.20035e-007,0.000220973
,,,-1.19635e-007,0
,,,-1.19235e-007,0.000441946
,,,-1.18835e-007,-0.000441946
,,,-1.18435e-007,0.000220973
,,,-1.18035e-007,0.000441946
,,,-1.17635e-007,0
,,,-1.17235e-007,0
,,,-1.16835e-007,0.000662919
,,,-1.16435e-007,-0.000220973
,,,-1.16035e-007,-0.000220973
,,,-1.15635e-007,0.000441946
,,,-1.15235e-007,-0.000441946
,,,-1.14835e-007,0
,,,-1.14435e-007,0.000220973
,,,-1.14035e-007,0
,,,-1.13635e-007,0
,,,-1.13235e-007,0
,,,-1.12835e-007,0
,,,-1.12435e-007,-0.000441946
,,,-1.12035e-007,0.000441946
,,,-1.11635e-007,-0.000441946
,,,-1.11235e-007,0
,,,-1.10835e-007,-0.000441946
,,,-1.10435e-007,0.000441946
,,,-1.10035e-007,0
,,,-1.09635e-007,0.000220973
,,,-1.09235e-007,0.000883892
,,,-1.08835e-007,0.000441946
,,,-1.08435e-007,0.000220973
,,,-1.08035e-007,-0.000220973
,,,-1.07635e-007,-0.000220973
,,,-1.07235e-007,0.000662919
,,,-1.06835e-007,-0.000441946
,,,-1.06435e-007,0.000220973
,,,-1.06035e-007,-0.000220973
,,,-1.05635e-007,0.000441946
,,,-1.05235e-007,0.000662919
,,,-1.04835e-007,0.000220973
,,,-1.04435e-007,0.000220973
,,,-1.04035e-007,0
,,,-1.03635e-007,0.000220973
,,,-1.03235e-007,0
,,,-1.02835e-007,0
,,,-1.02435e-007,0.000441946
,,,-1.02035e-007,0
,,,-1.01635e-007,0.000662919
,,,-1.01235e-007,0.000662919
,,,-1.00835e-007,-0.000220973
,,,-1.00435e-007,-0.000220973
,,,-1.00035e-007,0.000220973
,,,-9.96345e-008,0.000220973
,,,-9.92345e-008,0.000662919
,,,-9.88345e-008,0.000662919
,,,-9.84345e-008,0
,,,-9.80345e-008,-0.000220973
,,,-9.76345e-008,0
,,,-9.72345e-008,-0.000220973
,,,-9.68345e-008,0.000441946
,,,-9.64345e-008,0
,,,-9.60345e-008,0
,,,-9.56345e-008,-0.000441946
,,,-9.52345e-008,0.000220973
,,,-9.48345e-008,-0.000220973
,,,-9.44345e-008,-0.000220973
,,,-9.40345e-008,-0.000220973
,,,-9.36345e-008,0.000883892
,,,-9.32345e-008,0.000220973
,,,-9.28345e-008,0.000662919
,,,-9.24345e-008,0
,,,-9.20345e-008,0.000662919
,,,-9.16345e-008,0.000220973
,,,-9.12345e-008,-0.000441946
,,,-9.08345e-008,0
,,,-9.04345e-008,-0.000220973
,,,-9.00345e-008,0
,,,-8.96345e-008,-0.000441946
,,,-8.92345e-008,-0.000220973
,,,-8.88345e-008,-0.000220973
,,,-8.84345e-008,0
,,,-8.80345e-008,0
,,,-8.76345e-008,0
,,,-8.72345e-008,0.000220973
,,,-8.68345e-008,0
,,,-8.64345e-008,-0.000220973
,,,-8.60345e-008,0
,,,-8.56345e-008,0.00132584
,,,-8.52345e-008,0.000220973
,,,-8.48345e-008,0.000662919
,,,-8.44345e-008,0.000220973
,,,-8.40345e-008,0
,,,-8.36345e-008,-0.000441946
,,,-8.32345e-008,-0.000220973
,,,-8.28345e-008,0.000441946
,,,-8.24345e-008,0
,,,-8.20345e-008,0.000441946
,,,-8.16345e-008,0.000220973
,,,-8.12345e-008,0
,,,-8.08345e-008,0.000220973
,,,-8.04345e-008,0.000441946
,,,-8.00345e-008,0.000220973
,,,-7.96345e-008,0.000220973
,,,-7.92345e-008,0.000662919
,,,-7.88345e-008,0
,,,-7.84345e-008,0.000441946
,,,-7.80345e-008,0.000220973
,,,-7.76345e-008,0.000441946
,,,-7.72345e-008,0.000883892
,,,-7.68345e-008,0.000662919
,,,-7.64345e-008,0.000220973
,,,-7.60345e-008,0.000441946
,,,-7.56345e-008,-0.000441946
,,,-7.52345e-008,0
,,,-7.48345e-008,0
,,,-7.44345e-008,-0.000220973
,,,-7.40345e-008,-0.000441946
,,,-7.36345e-008,0.000441946
,,,-7.32345e-008,0.000883892
,,,-7.28345e-008,0.000441946
,,,-7.24345e-008,0.000662919
,,,-7.20345e-008,0.000220973
,,,-7.16345e-008,-0.000220973
,,,-7.12345e-008,0.000662919
,,,-7.08345e-008,0.000220973
,,,-7.04345e-008,0
,,,-7.00345e-008,0.000441946
,,,-6.96345e-008,0.000220973
,,,-6.92345e-008,0.000220973
,,,-6.88345e-008,0.000220973
,,,-6.84345e-008,-0.000441946
,,,-6.80345e-008,-0.000883892
,,,-6.76345e-008,-0.000441946
,,,-6.72345e-008,0
,,,-6.68345e-008,0.000220973
,,,-6.64345e-008,0.000220973
,,,-6.60345e-008,0
,,,-6.56345e-008,-0.000220973
,,,-6.52345e-008,0.000441946
,,,-6.48345e-008,0
,,,-6.44345e-008,0.000441946
,,,-6.40345e-008,0.000441946
,,,-6.36345e-008,0.000441946
,,,-6.32345e-008,0.000662919
,,,-6.28345e-008,0.000441946
,,,-6.24345e-008,0
,,,-6.20345e-008,0
,,,-6.16345e-008,0.00110486
,,,-6.12345e-008,0
,,,-6.08345e-008,0
,,,-6.04345e-008,0.000220973
,,,-6.00345e-008,0.000220973
,,,-5.96345e-008,-0.000220973
,,,-5.92345e-008,0.000441946
,,,-5.88345e-008,0.000220973
,,,-5.84345e-008,0
,,,-5.80345e-008,-0.000441946
,,,-5.76345e-008,0
,,,-5.72345e-008,0.000220973
,,,-5.68345e-008,0.000883892
,,,-5.64345e-008,0.000220973
,,,-5.60345e-008,0.000220973
,,,-5.56345e-008,-0.000441946
,,,-5.52345e-008,0.000220973
,,,-5.48345e-008,0
,,,-5.44345e-008,0
,,,-5.40345e-008,-0.000220973
,,,-5.36345e-008,0
,,,-5.32345e-008,0
,,,-5.28345e-008,0.000220973
,,,-5.24345e-008,0.000441946
,,,-5.20345e-008,0.000441946
,,,-5.16345e-008,-0.000220973
,,,-5.12345e-008,-0.000220973
,,,-5.08345e-008,0.000662919
,,,-5.04345e-008,0.000441946
,,,-5.00345e-008,0
,,,-4.96345e-008,0
,,,-4.92345e-008,0
,,,-4.88345e-008,0.000441946
,,,-4.84345e-008,0.000441946
,,,-4.80345e-008,0.000441946
,,,-4.76345e-008,0
,,,-4.72345e-008,0.000441946
,,,-4.68345e-008,0.000441946
,,,-4.64345e-008,0.000662919
,,,-4.60345e-008,-0.000220973
,,,-4.56345e-008,0
,,,-4.52345e-008,-0.000441946
,,,-4.48345e-008,0
,,,-4.44345e-008,0.000220973
,,,-4.40345e-008,0.000441946
,,,-4.36345e-008,0.000441946
,,,-4.32345e-008,0
,,,-4.28345e-008,0
,,,-4.24345e-008,0.000441946
,,,-4.20345e-008,0
,,,-4.16345e-008,0
,,,-4.12345e-008,-0.000220973
,,,-4.08345e-008,0.000662919
,,,-4.04345e-008,0
,,,-4.00345e-008,-0.000220973
,,,-3.96345e-008,0
,,,-3.92345e-008,0
,,,-3.88345e-008,0
,,,-3.84345e-008,0
,,,-3.80345e-008,0.000662919
,,,-3.76345e-008,0.000662919
,,,-3.72345e-008,0.000441946
,,,-3.68345e-008,0.000662919
,,,-3.64345e-008,0.000441946
,,,-3.60345e-008,0.000220973
,,,-3.56345e-008,0
,,,-3.52345e-008,0
,,,-3.48345e-008,0.000441946
,,,-3.44345e-008,0.000441946
,,,-3.40345e-008,-0.000220973
,,,-3.36345e-008,0
,,,-3.32345e-008,0
,,,-3.28345e-008,0.000441946
,,,-3.24345e-008,0.000220973
,,,-3.20345e-008,0.000220973
,,,-3.16345e-008,0.000662919
,,,-3.12345e-008,0.000441946
,,,-3.08345e-008,0.000220973
,,,-3.04345e-008,0.000662919
,,,-3.00345e-008,0.000662919
,,,-2.96345e-008,0.000441946
,,,-2.92345e-008,0.000220973
,,,-2.88345e-008,0
,,,-2.84345e-008,0
,,,-2.80345e-008,0.000662919
,,,-2.76345e-008,0.000441946
,,,-2.72345e-008,0.000441946
,,,-2.68345e-008,0.000662919
,,,-2.64345e-008,-0.000441946
,,,-2.60345e-008,0
,,,-2.56345e-008,0.000662919
,,,-2.52345e-008,0
,,,-2.48345e-008,0.00132584
,,,-2.44345e-008,0.000662919
,,,-2.40345e-008,0
,,,-2.36345e-008,0.000220973
,,,-2.32345e-008,0.000883892
,,,-2.28345e-008,0.000220973
,,,-2.24345e-008,0.000441946
,,,-2.20345e-008,0.000883892
,,,-2.16345e-008,0.000441946
,,,-2.12345e-008,0.000220973
,,,-2.08345e-008,0
,,,-2.04345e-008,-0.000441946
,,,-2.00345e-008,0
,,,-1.96345e-008,0.000662919
,,,-1.92345e-008,0.000220973
,,,-1.88345e-008,0
,,,-1.84345e-008,0.000441946
,,,-1.80345e-008,-0.000441946
,,,-1.76345e-008,-0.000441946
,,,-1.72345e-008,0
,,,-1.68345e-008,0.000441946
,,,-1.64345e-008,0.000441946
,,,-1.60345e-008,-0.000220973
,,,-1.56345e-008,0.000220973
,,,-1.52345e-008,-0.000220973
,,,-1.48345e-008,-0.000441946
,,,-1.44345e-008,-0.000220973
,,,-1.40345e-008,0.000441946
,,,-1.36345e-008,0.000883892
,,,-1.32345e-008,0.00154681
,,,-1.28345e-008,0.000662919
,,,-1.24345e-008,0.000662919
,,,-1.20345e-008,-0.000220973
,,,-1.16345e-008,0.000220973
,,,-1.12345e-008,0.000441946
,,,-1.08345e-008,-0.000220973
,,,-1.04345e-008,0.000220973
,,,-1.00345e-008,-0.000220973
,,,-9.63454e-009,0.000441946
,,,-9.23454e-009,0.000220973
,,,-8.83454e-009,0.000883892
,,,-8.43454e-009,0.000441946
,,,-8.03454e-009,0.000441946
,,,-7.63454e-009,-0.000220973
,,,-7.23454e-009,0.000220973
,,,-6.83454e-009,0.000220973
,,,-6.43454e-009,0.000220973
,,,-6.03454e-009,0.000220973
,,,-5.63454e-009,0.000883892
,,,-5.23454e-009,0.000662919
,,,-4.83454e-009,0
,,,-4.43454e-009,0.000220973
,,,-4.03454e-009,0.000441946
,,,-3.63454e-009,-0.000220973
,,,-3.23454e-009,0
,,,-2.83454e-009,0.000220973
,,,-2.43454e-009,-0.000220973
,,,-2.03454e-009,0.000220973
,,,-1.63454e-009,0.000441946
,,,-1.23454e-009,0
,,,-8.34538e-010,0.000220973
,,,-4.34538e-010,0.000662919
,,,-3.45384e-011,0.000662919
,,,3.65462e-010,0.000220973
,,,7.65462e-010,0.00176778
,,,1.16546e-009,0.000662919
,,,1.56546e-009,0.000441946
,,,1.96546e-009,0.000662919
,,,2.36546e-009,0.000220973
,,,2.76546e-009,0
,,,3.16546e-009,0.00110486
,,,3.56546e-009,0.000441946
,,,3.96546e-009,0.000441946
,,,4.36546e-009,0.000883892
,,,4.76546e-009,-0.000220973
,,,5.16546e-009,-0.000220973
,,,5.56546e-009,-0.000220973
,,,5.96546e-009,-0.000220973
,,,6.36546e-009,0.000441946
,,,6.76546e-009,0.000220973
,,,7.16546e-009,0.000441946
,,,7.56546e-009,-0.000220973
,,,7.96546e-009,0.000883892
,,,8.36546e-009,-0.000220973
,,,8.76546e-009,0.000441946
,,,9.16546e-009,0.000220973
,,,9.56546e-009,0
,,,9.96546e-009,0.000441946
,,,1.03655e-008,0.000441946
,,,1.07655e-008,0.00110486
,,,1.11655e-008,0.000441946
,,,1.15655e-008,0.000441946
,,,1.19655e-008,0
,,,1.23655e-008,0.000220973
,,,1.27655e-008,0.000662919
,,,1.31655e-008,0.000662919
,,,1.35655e-008,0.000662919
,,,1.39655e-008,0.00110486
,,,1.43655e-008,0.000662919
,,,1.47655e-008,0.000441946
,,,1.51655e-008,0.000662919
,,,1.55655e-008,0.000441946
,,,1.59655e-008,0
,,,1.63655e-008,-0.000220973
,,,1.67655e-008,0.000220973
,,,1.71655e-008,0.000220973
,,,1.75655e-008,0.000220973
,,,1.79655e-008,0.000220973
,,,1.83655e-008,0
,,,1.87655e-008,0.000441946
,,,1.91655e-008,0
,,,1.95655e-008,0
,,,1.99655e-008,-0.000662919
,,,2.03655e-008,0.000441946
,,,2.07655e-008,-0.000220973
,,,2.11655e-008,-0.000220973
,,,2.15655e-008,-0.000220973
,,,2.19655e-008,0.000220973
,,,2.23655e-008,-0.000220973
,,,2.27655e-008,0.000220973
,,,2.31655e-008,0.000441946
,,,2.35655e-008,0.00154681
,,,2.39655e-008,-0.000220973
,,,2.43655e-008,0
,,,2.47655e-008,-0.000441946
,,,2.51655e-008,0.000662919
,,,2.55655e-008,0.000441946
,,,2.59655e-008,0
,,,2.63655e-008,0.000220973
,,,2.67655e-008,0.000220973
,,,2.71655e-008,0.000441946
,,,2.75655e-008,0.000441946
,,,2.79655e-008,0.000441946
,,,2.83655e-008,0
,,,2.87655e-008,0.000220973
,,,2.91655e-008,0
,,,2.95655e-008,0.000220973
,,,2.99655e-008,-0.000441946
,,,3.03655e-008,0.000883892
,,,3.07655e-008,0.000441946
,,,3.11655e-008,0.000220973
,,,3.15655e-008,0
,,,3.19655e-008,0.000662919
,,,3.23655e-008,0.000220973
,,,3.27655e-008,0.000883892
,,,3.31655e-008,0.000220973
,,,3.35655e-008,0.000441946
,,,3.39655e-008,0
,,,3.43655e-008,0.000441946
,,,3.47655e-008,0.000662919
,,,3.51655e-008,0.000662919
,,,3.55655e-008,0
,,,3.59655e-008,0.000441946
,,,3.63655e-008,-0.000441946
,,,3.67655e-008,0.000662919
,,,3.71655e-008,0.000220973
,,,3.75655e-008,-0.000220973
,,,3.79655e-008,0
,,,3.83655e-008,0.000220973
,,,3.87655e-008,0.000441946
,,,3.91655e-008,0.000662919
,,,3.95655e-008,0.000220973
,,,3.99655e-008,0.000662919
,,,4.03655e-008,-0.000662919
,,,4.07655e-008,0.000883892
,,,4.11655e-008,0.000220973
,,,4.15655e-008,0.000662919
,,,4.19655e-008,0
,,,4.23655e-008,-0.000220973
,,,4.27655e-008,0
,,,4.31655e-008,0
,,,4.35655e-008,-0.000441946
,,,4.39655e-008,0.000662919
,,,4.43655e-008,0.000441946
,,,4.47655e-008,-0.000441946
,,,4.51655e-008,0.000220973
,,,4.55655e-008,0
,,,4.59655e-008,0.000220973
,,,4.63655e-008,0
,,,4.67655e-008,0
,,,4.71655e-008,0.000220973
,,,4.75655e-008,0.000662919
,,,4.79655e-008,0.000220973
,,,4.83655e-008,0.000441946
,,,4.87655e-008,0.000662919
,,,4.91655e-008,0.000220973
,,,4.95655e-008,0.000441946
,,,4.99655e-008,0.000441946
,,,5.03655e-008,0
,,,5.07655e-008,0.000220973
,,,5.11655e-008,0.000662919
,,,5.15655e-008,0.000662919
,,,5.19655e-008,0.000220973
,,,5.23655e-008,-0.000662919
,,,5.27655e-008,0
,,,5.31655e-008,0.000441946
,,,5.35655e-008,-0.000662919
,,,5.39655e-008,-0.000662919
,,,5.43655e-008,0.000220973
,,,5.47655e-008,-0.000441946
,,,5.51655e-008,0.000220973
,,,5.55655e-008,0
,,,5.59655e-008,0.000662919
,,,5.63655e-008,0.000662919
,,,5.67655e-008,0.000220973
,,,5.71655e-008,-0.000662919
,,,5.75655e-008,0.000220973
,,,5.79655e-008,0
,,,5.83655e-008,0.000662919
,,,5.87655e-008,0.000662919
,,,5.91655e-008,0.000220973
,,,5.95655e-008,0.000662919
,,,5.99655e-008,0.000441946
,,,6.03655e-008,0.000220973
,,,6.07655e-008,-0.000441946
,,,6.11655e-008,-0.000220973
,,,6.15655e-008,0.000220973
,,,6.19655e-008,0.000662919
,,,6.23655e-008,-0.000441946
,,,6.27655e-008,-0.000662919
,,,6.31655e-008,0.000220973
,,,6.35655e-008,0.000220973
,,,6.39655e-008,0.000441946
,,,6.43655e-008,0.000883892
,,,6.47655e-008,0.000662919
,,,6.51655e-008,0.000662919
,,,6.55655e-008,0.000662919
,,,6.59655e-008,0.000662919
,,,6.63655e-008,0
,,,6.67655e-008,0.000883892
,,,6.71655e-008,0.000662919
,,,6.75655e-008,0
,,,6.79655e-008,0
,,,6.83655e-008,-0.000441946
,,,6.87655e-008,0.000220973
,,,6.91655e-008,0.000441946
,,,6.95655e-008,0
,,,6.99655e-008,0
,,,7.03655e-008,0.000220973
,,,7.07655e-008,-0.000662919
,,,7.11655e-008,0
,,,7.15655e-008,0.000220973
,,,7.19655e-008,0.000220973
,,,7.23655e-008,-0.000220973
,,,7.27655e-008,0.000662919
,,,7.31655e-008,0.000220973
,,,7.35655e-008,0.000441946
,,,7.39655e-008,0.000220973
,,,7.43655e-008,0
,,,7.47655e-008,0.000662919
,,,7.51655e-008,0.000441946
,,,7.55655e-008,0
,,,7.59655e-008,0.000883892
,,,7.63655e-008,0.00110486
,,,7.67655e-008,0.000220973
,,,7.71655e-008,-0.000220973
,,,7.75655e-008,-0.000220973
,,,7.79655e-008,0
,,,7.83655e-008,0.000220973
,,,7.87655e-008,-0.000220973
,,,7.91655e-008,0.000220973
,,,7.95655e-008,0.000220973
,,,7.99655e-008,0.000662919
,,,8.03655e-008,0
,,,8.07655e-008,0
,,,8.11655e-008,0.000220973
,,,8.15655e-008,0.000441946
,,,8.19655e-008,0
,,,8.23655e-008,-0.000220973
,,,8.27655e-008,0
,,,8.31655e-008,0
,,,8.35655e-008,-0.000220973
,,,8.39655e-008,0
,,,8.43655e-008,0
,,,8.47655e-008,0.000883892
,,,8.51655e-008,0.000662919
,,,8.55655e-008,0
,,,8.59655e-008,-0.000662919
,,,8.63655e-008,0.000441946
,,,8.67655e-008,-0.000220973
,,,8.71655e-008,0.000441946
,,,8.75655e-008,0.000441946
,,,8.79655e-008,0.000441946
,,,8.83655e-008,0.000220973
,,,8.87655e-008,0.000220973
,,,8.91655e-008,0.000441946
,,,8.95655e-008,0.00110486
,,,8.99655e-008,0.000662919
,,,9.03655e-008,0.000220973
,,,9.07655e-008,0.000883892
,,,9.11655e-008,0.000662919
,,,9.15655e-008,0.000441946
,,,9.19655e-008,0.000883892
,,,9.23655e-008,0.000441946
,,,9.27655e-008,0.000883892
,,,9.31655e-008,0.000220973
,,,9.35655e-008,0.00176778
,,,9.39655e-008,0.00110486
,,,9.43655e-008,0.00265168
,,,9.47655e-008,0.0024307
,,,9.51655e-008,0.00309362
,,,9.55655e-008,0.00486141
,,,9.59655e-008,0.00596627
,,,9.63655e-008,0.00751308
,,,9.67655e-008,0.00905989
,,,9.71655e-008,0.00928087
,,,9.75655e-008,0.00994378
,,,9.79655e-008,0.0123745
,,,9.83655e-008,0.0128164
,,,9.87655e-008,0.0134794
,,,9.91655e-008,0.0150262
,,,9.95655e-008,0.0145842
,,,9.99655e-008,0.0154681
,,,1.00365e-007,0.0154681
,,,1.00765e-007,0.0154681
,,,1.01165e-007,0.0159101
,,,1.01565e-007,0.016131
,,,1.01965e-007,0.0172359
,,,1.02365e-007,0.0178988
,,,1.02765e-007,0.0172359
,,,1.03165e-007,0.0176778
,,,1.03565e-007,0.016573
,,,1.03965e-007,0.0183408
,,,1.04365e-007,0.0178988
,,,1.04765e-007,0.0185617
,,,1.05165e-007,0.0172359
,,,1.05565e-007,0.0178988
,,,1.05965e-007,0.0172359
,,,1.06365e-007,0.0176778
,,,1.06765e-007,0.0181198
,,,1.07165e-007,0.0190037
,,,1.07565e-007,0.0174569
,,,1.07965e-007,0.0183408
,,,1.08365e-007,0.0181198
,,,1.08765e-007,0.0172359
,,,1.09165e-007,0.0176778
,,,1.09565e-007,0.0172359
,,,1.09965e-007,0.0170149
,,,1.10365e-007,0.0181198
,,,1.10765e-007,0.0178988
,,,1.11165e-007,0.0183408
,,,1.11565e-007,0.0181198
,,,1.11965e-007,0.0185617
,,,1.12365e-007,0.0176778
,,,1.12765e-007,0.0176778
,,,1.13165e-007,0.0181198
,,,1.13565e-007,0.0181198
,,,1.13965e-007,0.0178988
,,,1.14365e-007,0.0176778
,,,1.14765e-007,0.0183408
,,,1.15165e-007,0.0174569
,,,1.15565e-007,0.0176778
,,,1.15965e-007,0.0178988
,,,1.16365e-007,0.0181198
,,,1.16765e-007,0.0176778
,,,1.17165e-007,0.0183408
,,,1.17565e-007,0.0181198
,,,1.17965e-007,0.0174569
,,,1.18365e-007,0.0172359
,,,1.18765e-007,0.0174569
,,,1.19165e-007,0.0185617
,,,1.19565e-007,0.0185617
,,,1.19965e-007,0.0183408
,,,1.20365e-007,0.0183408
,,,1.20765e-007,0.0185617
,,,1.21165e-007,0.0183408
,,,1.21565e-007,0.0187827
,,,1.21965e-007,0.0183408
,,,1.22365e-007,0.0190037
,,,1.22765e-007,0.0192246
,,,1.23165e-007,0.0198876
,,,1.23565e-007,0.0196666
,,,1.23965e-007,0.0201085
,,,1.24365e-007,0.0203295
,,,1.24765e-007,0.0209924
,,,1.25165e-007,0.0209924
,,,1.25565e-007,0.0207715
,,,1.25965e-007,0.0205505
,,,1.26365e-007,0.0207715
,,,1.26765e-007,0.0205505
,,,1.27165e-007,0.0212134
,,,1.27565e-007,0.0203295
,,,1.27965e-007,0.0201085
,,,1.28365e-007,0.0196666
,,,1.28765e-007,0.0198876
,,,1.29165e-007,0.0190037
,,,1.29565e-007,0.0187827
,,,1.29965e-007,0.0185617
,,,1.30365e-007,0.0176778
,,,1.30765e-007,0.0181198
,,,1.31165e-007,0.0192246
,,,1.31565e-007,0.0178988
,,,1.31965e-007,0.0174569
,,,1.32365e-007,0.0183408
,,,1.32765e-007,0.0174569
,,,1.33165e-007,0.0167939
,,,1.33565e-007,0.0167939
,,,1.33965e-007,0.016352
,,,1.34365e-007,0.0170149
,,,1.34765e-007,0.0167939
,,,1.35165e-007,0.0167939
,,,1.35565e-007,0.016573
,,,1.35965e-007,0.016352
,,,1.36365e-007,0.016573
,,,1.36765e-007,0.0170149
,,,1.37165e-007,0.0170149
,,,1.37565e-007,0.016573
,,,1.37965e-007,0.016352
,,,1.38365e-007,0.016573
,,,1.38765e-007,0.016573
,,,1.39165e-007,0.0159101
,,,1.39565e-007,0.0159101
,,,1.39965e-007,0.016573
,,,1.40365e-007,0.0159101
,,,1.40765e-007,0.0148052
,,,1.41165e-007,0.0154681
,,,1.41565e-007,0.0156891
,,,1.41965e-007,0.0156891
,,,1.42365e-007,0.0159101
,,,1.42765e-007,0.0156891
,,,1.43165e-007,0.0156891
,,,1.43565e-007,0.0156891
,,,1.43965e-007,0.0150262
,,,1.44365e-007,0.0154681
,,,1.44765e-007,0.0152471
,,,1.45165e-007,0.0152471
,,,1.45565e-007,0.0150262
,,,1.45965e-007,0.0148052
,,,1.46365e-007,0.0150262
,,,1.46765e-007,0.0154681
,,,1.47165e-007,0.0154681
,,,1.47565e-007,0.0143632
,,,1.47965e-007,0.0145842
,,,1.48365e-007,0.0145842
,,,1.48765e-007,0.0145842
,,,1.49165e-007,0.0141423
,,,1.49565e-007,0.0134794
,,,1.49965e-007,0.0145842
,,,1.50365e-007,0.0143632
,,,1.50765e-007,0.0152471
,,,1.51165e-007,0.0152471
,,,1.51565e-007,0.0141423
,,,1.51965e-007,0.0143632
,,,1.52365e-007,0.0141423
,,,1.52765e-007,0.0143632
,,,1.53165e-007,0.0148052
,,,1.53565e-007,0.0141423
,,,1.53965e-007,0.0137003
,,,1.54365e-007,0.0134794
,,,1.54765e-007,0.0132584
,,,1.55165e-007,0.0139213
,,,1.55565e-007,0.0128164
,,,1.55965e-007,0.0123745
,,,1.56365e-007,0.0119325
,,,1.56765e-007,0.0119325
,,,1.57165e-007,0.0125955
,,,1.57565e-007,0.0114906
,,,1.57965e-007,0.0123745
,,,1.58365e-007,0.0125955
,,,1.58765e-007,0.0117116
,,,1.59165e-007,0.0123745
,,,1.59565e-007,0.0123745
,,,1.59965e-007,0.0123745
,,,1.60365e-007,0.0119325
,,,1.60765e-007,0.0123745
,,,1.61165e-007,0.0121535
,,,1.61565e-007,0.0123745
,,,1.61965e-007,0.0119325
,,,1.62365e-007,0.0125955
,,,1.62765e-007,0.0121535
,,,1.63165e-007,0.0128164
,,,1.63565e-007,0.0117116
,,,1.63965e-007,0.0125955
,,,1.64365e-007,0.0128164
,,,1.64765e-007,0.0117116
,,,1.65165e-007,0.0119325
,,,1.65565e-007,0.0123745
,,,1.65965e-007,0.0134794
,,,1.66365e-007,0.0125955
,,,1.66765e-007,0.0123745
,,,1.67165e-007,0.0130374
,,,1.67565e-007,0.0117116
,,,1.67965e-007,0.0123745
,,,1.68365e-007,0.0114906
,,,1.68765e-007,0.0130374
,,,1.69165e-007,0.0119325
,,,1.69565e-007,0.0123745
,,,1.69965e-007,0.0121535
,,,1.70365e-007,0.0114906
,,,1.70765e-007,0.0119325
,,,1.71165e-007,0.0123745
,,,1.71565e-007,0.0119325
,,,1.71965e-007,0.0123745
,,,1.72365e-007,0.0117116
,,,1.72765e-007,0.0123745
,,,1.73165e-007,0.0114906
,,,1.73565e-007,0.0123745
,,,1.73965e-007,0.0121535
,,,1.74365e-007,0.0114906
,,,1.74765e-007,0.0114906
,,,1.75165e-007,0.0125955
,,,1.75565e-007,0.0123745
,,,1.75965e-007,0.0123745
,,,1.76365e-007,0.0125955
,,,1.76765e-007,0.0128164
,,,1.77165e-007,0.0125955
,,,1.77565e-007,0.0125955
,,,1.77965e-007,0.0130374
,,,1.78365e-007,0.0125955
,,,1.78765e-007,0.0132584
,,,1.79165e-007,0.0123745
,,,1.79565e-007,0.0125955
,,,1.79965e-007,0.0117116
,,,1.80365e-007,0.0121535
,,,1.80765e-007,0.0123745
,,,1.81165e-007,0.0123745
,,,1.81565e-007,0.0119325
,,,1.81965e-007,0.0119325
,,,1.82365e-007,0.0123745
,,,1.82765e-007,0.0125955
,,,1.83165e-007,0.0130374
,,,1.83565e-007,0.0128164
,,,1.83965e-007,0.0125955
,,,1.84365e-007,0.0125955
,,,1.84765e-007,0.0123745
,,,1.85165e-007,0.0130374
,,,1.85565e-007,0.0128164
,,,1.85965e-007,0.0128164
,,,1.86365e-007,0.0117116
,,,1.86765e-007,0.0123745
,,,1.87165e-007,0.0132584
,,,1.87565e-007,0.0132584
,,,1.87965e-007,0.0134794
,,,1.88365e-007,0.0134794
,,,1.88765e-007,0.0132584
,,,1.89165e-007,0.0132584
,,,1.89565e-007,0.0134794
,,,1.89965e-007,0.0132584
,,,1.90365e-007,0.0132584
,,,1.90765e-007,0.0137003
,,,1.91165e-007,0.0137003
,,,1.91565e-007,0.0128164
,,,1.91965e-007,0.0137003
,,,1.92365e-007,0.0132584
,,,1.92765e-007,0.0145842
,,,1.93165e-007,0.0139213
,,,1.93565e-007,0.0130374
,,,1.93965e-007,0.0130374
,,,1.94365e-007,0.0137003
,,,1.94765e-007,0.0134794
,,,1.95165e-007,0.0125955
,,,1.95565e-007,0.0134794
,,,1.95965e-007,0.0132584
,,,1.96365e-007,0.0134794
,,,1.96765e-007,0.0137003
,,,1.97165e-007,0.0128164
,,,1.97565e-007,0.0132584
,,,1.97965e-007,0.0130374
,,,1.98365e-007,0.0130374
,,,1.98765e-007,0.0132584
,,,1.99165e-007,0.0128164
,,,1.99565e-007,0.0119325
,,,1.99965e-007,0.0132584
,,,2.00365e-007,0.0123745
,,,2.00765e-007,0.0132584
,,,2.01165e-007,0.0125955
,,,2.01565e-007,0.0128164
,,,2.01965e-007,0.0132584
,,,2.02365e-007,0.0123745
,,,2.02765e-007,0.0132584
,,,2.03165e-007,0.0119325
,,,2.03565e-007,0.0123745
,,,2.03965e-007,0.0119325
,,,2.04365e-007,0.0117116
,,,2.04765e-007,0.0112696
,,,2.05165e-007,0.0117116
,,,2.05565e-007,0.0108277
,,,2.05965e-007,0.00994378
,,,2.06365e-007,0.0108277
,,,2.06765e-007,0.00972281
,,,2.07165e-007,0.00994378
,,,2.07565e-007,0.00994378
,,,2.07965e-007,0.00861795
,,,2.08365e-007,0.00861795
,,,2.08765e-007,0.00950184
,,,2.09165e-007,0.00905989
,,,2.09565e-007,0.00905989
,,,2.09965e-007,0.00883892
,,,2.10365e-007,0.00751308
,,,2.10765e-007,0.00773405
,,,2.11165e-007,0.00751308
,,,2.11565e-007,0.00707114
,,,2.11965e-007,0.00640822
,,,2.12365e-007,0.00596627
,,,2.12765e-007,0.0057453
,,,2.13165e-007,0.00618724
,,,2.13565e-007,0.00552432
,,,2.13965e-007,0.00486141
,,,2.14365e-007,0.00508238
,,,2.14765e-007,0.00508238
,,,2.15165e-007,0.00441946
,,,2.15565e-007,0.00375654
,,,2.15965e-007,0.00375654
,,,2.16365e-007,0.00419849
,,,2.16765e-007,0.00375654
,,,2.17165e-007,0.00331459
,,,2.17565e-007,0.00309362
,,,2.17965e-007,0.0024307
,,,2.18365e-007,0.00198876
,,,2.18765e-007,0.00220973
,,,2.19165e-007,0.00287265
,,,2.19565e-007,0.00176778
,,,2.19965e-007,0.00220973
,,,2.20365e-007,0.00220973
,,,2.20765e-007,0.0024307
,,,2.21165e-007,0.00176778
,,,2.21565e-007,0.00198876
,,,2.21965e-007,0.000662919
,,,2.22365e-007,0.00132584
,,,2.22765e-007,0.00176778
,,,2.23165e-007,0.00198876
,,,2.23565e-007,0.00132584
,,,2.23965e-007,0.00110486
,,,2.24365e-007,0.000662919
,,,2.24765e-007,0.00154681
,,,2.25165e-007,0.00110486
,,,2.25565e-007,0.000883892
,,,2.25965e-007,0.00110486
,,,2.26365e-007,0.00132584
,,,2.26765e-007,0.000883892
,,,2.27165e-007,0.000883892
,,,2.27565e-007,0.00110486
,,,2.27965e-007,0.000662919
,,,2.28365e-007,0.00132584
,,,2.28765e-007,0.000883892
,,,2.29165e-007,0.000883892
,,,2.29565e-007,0.000883892
,,,2.29965e-007,0.00176778
,,,2.30365e-007,0.000883892
,,,2.30765e-007,0.000662919
,,,2.31165e-007,0.000883892
,,,2.31565e-007,0.000883892
,,,2.31965e-007,0.000662919
,,,2.32365e-007,0.000441946
,,,2.32765e-007,0.000662919
,,,2.33165e-007,0.000662919
,,,2.33565e-007,0.000662919
,,,2.33965e-007,0.000883892
,,,2.34365e-007,0.000662919
,,,2.34765e-007,0
,,,2.35165e-007,0.000220973
,,,2.35565e-007,-0.000220973
,,,2.35965e-007,-0.000662919
,,,2.36365e-007,0.000220973
,,,2.36765e-007,0.000220973
,,,2.37165e-007,0.000441946
,,,2.37565e-007,-0.000220973
,,,2.37965e-007,-0.000220973
,,,2.38365e-007,0.000220973
,,,2.38765e-007,0
,,,2.39165e-007,-0.000441946
,,,2.39565e-007,-0.000441946
,,,2.39965e-007,-0.000220973
,,,2.40365e-007,-0.000662919
,,,2.40765e-007,-0.000220973
,,,2.41165e-007,-0.000220973
,,,2.41565e-007,-0.000220973
,,,2.41965e-007,-0.000220973
,,,2.42365e-007,-0.000662919
,,,2.42765e-007,0
,,,2.43165e-007,0.000662919
,,,2.43565e-007,-0.000220973
,,,2.43965e-007,-0.000883892
,,,2.44365e-007,-0.000441946
,,,2.44765e-007,-0.000883892
,,,2.45165e-007,-0.00110486
,,,2.45565e-007,-0.000662919
,,,2.45965e-007,-0.000441946
,,,2.46365e-007,-0.000220973
,,,2.46765e-007,0
,,,2.47165e-007,0.000441946
,,,2.47565e-007,0
,,,2.47965e-007,0
,,,2.48365e-007,-0.000441946
,,,2.48765e-007,0.000662919
,,,2.49165e-007,0.000883892
,,,2.49565e-007,0.000441946
,,,2.49965e-007,0
,,,2.50365e-007,0.000883892
