"Record Length",1252,"Points",-2.50257e-007,0.000220973
"Sample Interval",4e-010,s,-2.49857e-007,0.000441946
"Trigger Point",625,"Samples",-2.49457e-007,0.000220973
"Trigger Time",0.642384,s,-2.49057e-007,-0.000220973
,,,-2.48657e-007,0.000662919
"Horizontal Offset",-2.50257e-007,s,-2.48257e-007,0.000220973
,,,-2.47857e-007,0.000441946
,,,-2.47457e-007,0.000441946
,,,-2.47057e-007,-0.000441946
,,,-2.46657e-007,-0.000220973
,,,-2.46257e-007,0
,,,-2.45857e-007,-0.000220973
,,,-2.45457e-007,0
,,,-2.45057e-007,0
,,,-2.44657e-007,0.000220973
,,,-2.44257e-007,0.000662919
,,,-2.43857e-007,0.000883892
,,,-2.43457e-007,-0.000220973
,,,-2.43057e-007,0.000441946
,,,-2.42657e-007,0.000662919
,,,-2.42257e-007,0.000220973
,,,-2.41857e-007,-0.000441946
,,,-2.41457e-007,0.000662919
,,,-2.41057e-007,0
,,,-2.40657e-007,0.000220973
,,,-2.40257e-007,0.000441946
,,,-2.39857e-007,0.000220973
,,,-2.39457e-007,0
,,,-2.39057e-007,0.000220973
,,,-2.38657e-007,0
,,,-2.38257e-007,-0.000220973
,,,-2.37857e-007,-0.000441946
,,,-2.37457e-007,0.000220973
,,,-2.37057e-007,0.000220973
,,,-2.36657e-007,0.00110486
,,,-2.36257e-007,0.000441946
,,,-2.35857e-007,0.000441946
,,,-2.35457e-007,0.000441946
,,,-2.35057e-007,0.000441946
,,,-2.34657e-007,0.000441946
,,,-2.34257e-007,0.000662919
,,,-2.33857e-007,0.000220973
,,,-2.33457e-007,0
,,,-2.33057e-007,0.000220973
,,,-2.32657e-007,0.000662919
,,,-2.32257e-007,0.000220973
,,,-2.31857e-007,0.000220973
,,,-2.31457e-007,0.000441946
,,,-2.31057e-007,-0.000220973
,,,-2.30657e-007,0.000662919
,,,-2.30257e-007,0.000220973
,,,-2.29857e-007,-0.000220973
,,,-2.29457e-007,0.000220973
,,,-2.29057e-007,0
,,,-2.28657e-007,0.000662919
,,,-2.28257e-007,0.000883892
,,,-2.27857e-007,0.000220973
,,,-2.27457e-007,-0.000220973
,,,-2.27057e-007,0.000441946
,,,-2.26657e-007,0.000220973
,,,-2.26257e-007,0.000441946
,,,-2.25857e-007,0.000883892
,,,-2.25457e-007,0.000441946
,,,-2.25057e-007,0.000441946
,,,-2.24657e-007,0.000220973
,,,-2.24257e-007,0.000441946
,,,-2.23857e-007,0
,,,-2.23457e-007,0.00132584
,,,-2.23057e-007,0
,,,-2.22657e-007,0.000220973
,,,-2.22257e-007,0
,,,-2.21857e-007,0.000220973
,,,-2.21457e-007,-0.000220973
,,,-2.21057e-007,0
,,,-2.20657e-007,0
,,,-2.20257e-007,-0.000441946
,,,-2.19857e-007,0.000662919
,,,-2.19457e-007,0.000883892
,,,-2.19057e-007,0.000662919
,,,-2.18657e-007,0
,,,-2.18257e-007,-0.000441946
,,,-2.17857e-007,0
,,,-2.17457e-007,0.000441946
,,,-2.17057e-007,0.000441946
,,,-2.16657e-007,0.00110486
,,,-2.16257e-007,0.000662919
,,,-2.15857e-007,0.000441946
,,,-2.15457e-007,0.000220973
,,,-2.15057e-007,-0.000220973
,,,-2.14657e-007,-0.000441946
,,,-2.14257e-007,-0.000220973
,,,-2.13857e-007,-0.000220973
,,,-2.13457e-007,0
,,,-2.13057e-007,0
,,,-2.12657e-007,0
,,,-2.12257e-007,0.000220973
,,,-2.11857e-007,0.000220973
,,,-2.11457e-007,0.000441946
,,,-2.11057e-007,0
,,,-2.10657e-007,0
,,,-2.10257e-007,-0.000441946
,,,-2.09857e-007,-0.000220973
,,,-2.09457e-007,0.000662919
,,,-2.09057e-007,0.000662919
,,,-2.08657e-007,0.000441946
,,,-2.08257e-007,0.000220973
,,,-2.07857e-007,0.000220973
,,,-2.07457e-007,0.000220973
,,,-2.07057e-007,0
,,,-2.06657e-007,-0.000441946
,,,-2.06257e-007,-0.000220973
,,,-2.05857e-007,0
,,,-2.05457e-007,0.000662919
,,,-2.05057e-007,-0.000220973
,,,-2.04657e-007,0.000662919
,,,-2.04257e-007,0.000662919
,,,-2.03857e-007,0.000220973
,,,-2.03457e-007,0
,,,-2.03057e-007,0.000662919
,,,-2.02657e-007,0.000662919
,,,-2.02257e-007,0
,,,-2.01857e-007,0.00132584
,,,-2.01457e-007,0.000441946
,,,-2.01057e-007,0.000220973
,,,-2.00657e-007,0.000441946
,,,-2.00257e-007,0
,,,-1.99857e-007,0.000883892
,,,-1.99457e-007,0.000662919
,,,-1.99057e-007,0.000662919
,,,-1.98657e-007,0
,,,-1.98257e-007,0.000662919
,,,-1.97857e-007,-0.000441946
,,,-1.97457e-007,0.000220973
,,,-1.97057e-007,0.000220973
,,,-1.96657e-007,0.000662919
,,,-1.96257e-007,0.000662919
,,,-1.95857e-007,0.000220973
,,,-1.95457e-007,0
,,,-1.95057e-007,0.000220973
,,,-1.94657e-007,0.000883892
,,,-1.94257e-007,0.000441946
,,,-1.93857e-007,0.000441946
,,,-1.93457e-007,0
,,,-1.93057e-007,0.00110486
,,,-1.92657e-007,0.000441946
,,,-1.92257e-007,0
,,,-1.91857e-007,-0.000441946
,,,-1.91457e-007,0.000220973
,,,-1.91057e-007,0.000883892
,,,-1.90657e-007,0.000220973
,,,-1.90257e-007,-0.000662919
,,,-1.89857e-007,-0.000220973
,,,-1.89457e-007,0.000662919
,,,-1.89057e-007,0.000220973
,,,-1.88657e-007,0.00110486
,,,-1.88257e-007,0.000220973
,,,-1.87857e-007,0.000220973
,,,-1.87457e-007,0.000441946
,,,-1.87057e-007,0
,,,-1.86657e-007,0.000220973
,,,-1.86257e-007,0.000220973
,,,-1.85857e-007,0
,,,-1.85457e-007,0.000220973
,,,-1.85057e-007,0.000662919
,,,-1.84657e-007,0.000220973
,,,-1.84257e-007,0.000220973
,,,-1.83857e-007,0.00110486
,,,-1.83457e-007,-0.000220973
,,,-1.83057e-007,-0.000220973
,,,-1.82657e-007,0.000441946
,,,-1.82257e-007,-0.000441946
,,,-1.81857e-007,-0.000220973
,,,-1.81457e-007,-0.000220973
,,,-1.81057e-007,0
,,,-1.80657e-007,0.000441946
,,,-1.80257e-007,0.000883892
,,,-1.79857e-007,0
,,,-1.79457e-007,0
,,,-1.79057e-007,0.000883892
,,,-1.78657e-007,0
,,,-1.78257e-007,0.000662919
,,,-1.77857e-007,0.000883892
,,,-1.77457e-007,0.000220973
,,,-1.77057e-007,0
,,,-1.76657e-007,0.000883892
,,,-1.76257e-007,0.000220973
,,,-1.75857e-007,0.000662919
,,,-1.75457e-007,0.000883892
,,,-1.75057e-007,0.00110486
,,,-1.74657e-007,0
,,,-1.74257e-007,0
,,,-1.73857e-007,-0.000441946
,,,-1.73457e-007,0.000220973
,,,-1.73057e-007,0.000662919
,,,-1.72657e-007,0.000220973
,,,-1.72257e-007,0.000220973
,,,-1.71857e-007,0.000662919
,,,-1.71457e-007,0
,,,-1.71057e-007,0.000220973
,,,-1.70657e-007,0.000662919
,,,-1.70257e-007,0
,,,-1.69857e-007,0.000441946
,,,-1.69457e-007,-0.000220973
,,,-1.69057e-007,-0.000220973
,,,-1.68657e-007,0.000441946
,,,-1.68257e-007,-0.000220973
,,,-1.67857e-007,0.000441946
,,,-1.67457e-007,0.000220973
,,,-1.67057e-007,0.000441946
,,,-1.66657e-007,-0.000441946
,,,-1.66257e-007,0.000220973
,,,-1.65857e-007,0.000441946
,,,-1.65457e-007,0
,,,-1.65057e-007,0
,,,-1.64657e-007,0.000662919
,,,-1.64257e-007,0.000883892
,,,-1.63857e-007,0.000441946
,,,-1.63457e-007,-0.000220973
,,,-1.63057e-007,0.000220973
,,,-1.62657e-007,0.000441946
,,,-1.62257e-007,0.000883892
,,,-1.61857e-007,0.000220973
,,,-1.61457e-007,0.000220973
,,,-1.61057e-007,0.000441946
,,,-1.60657e-007,0.000662919
,,,-1.60257e-007,0.000220973
,,,-1.59857e-007,0.000883892
,,,-1.59457e-007,-0.000662919
,,,-1.59057e-007,0
,,,-1.58657e-007,0
,,,-1.58257e-007,-0.000441946
,,,-1.57857e-007,0
,,,-1.57457e-007,0.000441946
,,,-1.57057e-007,0.000441946
,,,-1.56657e-007,0.000220973
,,,-1.56257e-007,0.000662919
,,,-1.55857e-007,0.000441946
,,,-1.55457e-007,0.000441946
,,,-1.55057e-007,0.00110486
,,,-1.54657e-007,0.000220973
,,,-1.54257e-007,0
,,,-1.53857e-007,0.000662919
,,,-1.53457e-007,0.000662919
,,,-1.53057e-007,-0.000220973
,,,-1.52657e-007,0.000441946
,,,-1.52257e-007,-0.000220973
,,,-1.51857e-007,0.000441946
,,,-1.51457e-007,0
,,,-1.51057e-007,0.000220973
,,,-1.50657e-007,0
,,,-1.50257e-007,0.000441946
,,,-1.49857e-007,0.000220973
,,,-1.49457e-007,0.000220973
,,,-1.49057e-007,0.000662919
,,,-1.48657e-007,0.000220973
,,,-1.48257e-007,-0.000220973
,,,-1.47857e-007,0.000883892
,,,-1.47457e-007,0.000220973
,,,-1.47057e-007,0.000441946
,,,-1.46657e-007,0
,,,-1.46257e-007,0.000220973
,,,-1.45857e-007,0.000883892
,,,-1.45457e-007,0.00110486
,,,-1.45057e-007,0
,,,-1.44657e-007,0.000220973
,,,-1.44257e-007,0
,,,-1.43857e-007,0.000220973
,,,-1.43457e-007,0
,,,-1.43057e-007,0.000220973
,,,-1.42657e-007,0
,,,-1.42257e-007,-0.000662919
,,,-1.41857e-007,0.000662919
,,,-1.41457e-007,0
,,,-1.41057e-007,-0.000220973
,,,-1.40657e-007,0.000441946
,,,-1.40257e-007,0.000220973
,,,-1.39857e-007,0.000662919
,,,-1.39457e-007,-0.000220973
,,,-1.39057e-007,0.000662919
,,,-1.38657e-007,-0.000441946
,,,-1.38257e-007,0.000220973
,,,-1.37857e-007,-0.000883892
,,,-1.37457e-007,0
,,,-1.37057e-007,0.000662919
,,,-1.36657e-007,0.000662919
,,,-1.36257e-007,0.000220973
,,,-1.35857e-007,0.000441946
,,,-1.35457e-007,0.000220973
,,,-1.35057e-007,-0.000662919
,,,-1.34657e-007,0.000662919
,,,-1.34257e-007,0
,,,-1.33857e-007,-0.000220973
,,,-1.33457e-007,-0.000220973
,,,-1.33057e-007,-0.000220973
,,,-1.32657e-007,0.000441946
,,,-1.32257e-007,0
,,,-1.31857e-007,0.000883892
,,,-1.31457e-007,0
,,,-1.31057e-007,0.000441946
,,,-1.30657e-007,0
,,,-1.30257e-007,0.000220973
,,,-1.29857e-007,0.000662919
,,,-1.29457e-007,0.000220973
,,,-1.29057e-007,0.000662919
,,,-1.28657e-007,0.000441946
,,,-1.28257e-007,0.000220973
,,,-1.27857e-007,0.000441946
,,,-1.27457e-007,0.000441946
,,,-1.27057e-007,0.000220973
,,,-1.26657e-007,0
,,,-1.26257e-007,0.000220973
,,,-1.25857e-007,0.000220973
,,,-1.25457e-007,0.000441946
,,,-1.25057e-007,0
,,,-1.24657e-007,-0.000441946
,,,-1.24257e-007,-0.000883892
,,,-1.23857e-007,0.000662919
,,,-1.23457e-007,0.000220973
,,,-1.23057e-007,0.000220973
,,,-1.22657e-007,0.000662919
,,,-1.22257e-007,0.000220973
,,,-1.21857e-007,0.000220973
,,,-1.21457e-007,-0.000220973
,,,-1.21057e-007,0.000441946
,,,-1.20657e-007,0.000441946
,,,-1.20257e-007,-0.000220973
,,,-1.19857e-007,0.00110486
,,,-1.19457e-007,0.000220973
,,,-1.19057e-007,0.000662919
,,,-1.18657e-007,0
,,,-1.18257e-007,0.000441946
,,,-1.17857e-007,-0.000662919
,,,-1.17457e-007,0.000441946
,,,-1.17057e-007,0.00110486
,,,-1.16657e-007,0.000441946
,,,-1.16257e-007,0
,,,-1.15857e-007,0.000220973
,,,-1.15457e-007,0.00110486
,,,-1.15057e-007,0.000883892
,,,-1.14657e-007,0.000662919
,,,-1.14257e-007,0.000441946
,,,-1.13857e-007,0.000220973
,,,-1.13457e-007,0.000441946
,,,-1.13057e-007,0
,,,-1.12657e-007,0.000441946
,,,-1.12257e-007,0
,,,-1.11857e-007,0.000441946
,,,-1.11457e-007,-0.000220973
,,,-1.11057e-007,0
,,,-1.10657e-007,0.000441946
,,,-1.10257e-007,0.000441946
,,,-1.09857e-007,-0.000441946
,,,-1.09457e-007,-0.000220973
,,,-1.09057e-007,-0.000441946
,,,-1.08657e-007,0.000662919
,,,-1.08257e-007,0
,,,-1.07857e-007,0.000441946
,,,-1.07457e-007,0
,,,-1.07057e-007,0.000662919
,,,-1.06657e-007,0.000220973
,,,-1.06257e-007,0.000220973
,,,-1.05857e-007,0.000441946
,,,-1.05457e-007,0.000220973
,,,-1.05057e-007,0.000220973
,,,-1.04657e-007,0
,,,-1.04257e-007,0.000220973
,,,-1.03857e-007,0.000441946
,,,-1.03457e-007,-0.000220973
,,,-1.03057e-007,0.000220973
,,,-1.02657e-007,0.000220973
,,,-1.02257e-007,0.000883892
,,,-1.01857e-007,0.000220973
,,,-1.01457e-007,-0.000220973
,,,-1.01057e-007,0.000220973
,,,-1.00657e-007,0.000883892
,,,-1.00257e-007,0.000662919
,,,-9.9857e-008,0.000220973
,,,-9.9457e-008,0.000220973
,,,-9.9057e-008,0.000441946
,,,-9.8657e-008,0.000220973
,,,-9.8257e-008,-0.000662919
,,,-9.7857e-008,0
,,,-9.7457e-008,0.000441946
,,,-9.7057e-008,0.000662919
,,,-9.6657e-008,0.000220973
,,,-9.6257e-008,0.000662919
,,,-9.5857e-008,0.000220973
,,,-9.5457e-008,0.000441946
,,,-9.5057e-008,-0.000220973
,,,-9.4657e-008,-0.000441946
,,,-9.4257e-008,-0.000220973
,,,-9.3857e-008,-0.000883892
,,,-9.3457e-008,-0.000220973
,,,-9.3057e-008,0
,,,-9.2657e-008,0.000662919
,,,-9.2257e-008,0.000220973
,,,-9.1857e-008,0.000662919
,,,-9.1457e-008,0.000220973
,,,-9.1057e-008,-0.000220973
,,,-9.0657e-008,-0.000220973
,,,-9.0257e-008,0.000441946
,,,-8.9857e-008,0.000220973
,,,-8.9457e-008,0.000662919
,,,-8.9057e-008,-0.000441946
,,,-8.8657e-008,0.000441946
,,,-8.8257e-008,0
,,,-8.7857e-008,0.000662919
,,,-8.7457e-008,0
,,,-8.7057e-008,0.000441946
,,,-8.6657e-008,0
,,,-8.6257e-008,0
,,,-8.5857e-008,-0.000220973
,,,-8.5457e-008,0.000441946
,,,-8.5057e-008,0.000662919
,,,-8.4657e-008,0.000441946
,,,-8.4257e-008,0.000220973
,,,-8.3857e-008,0.000220973
,,,-8.3457e-008,0.000441946
,,,-8.3057e-008,0.000883892
,,,-8.2657e-008,0.000220973
,,,-8.2257e-008,0.000441946
,,,-8.1857e-008,0.000220973
,,,-8.1457e-008,0.000441946
,,,-8.1057e-008,0.000441946
,,,-8.0657e-008,0.000883892
,,,-8.0257e-008,0
,,,-7.9857e-008,0.000220973
,,,-7.9457e-008,0.000220973
,,,-7.9057e-008,-0.000220973
,,,-7.8657e-008,0
,,,-7.8257e-008,0.000220973
,,,-7.7857e-008,-0.000441946
,,,-7.7457e-008,-0.000441946
,,,-7.7057e-008,0.000883892
,,,-7.6657e-008,0.000662919
,,,-7.6257e-008,0.000662919
,,,-7.5857e-008,0.000441946
,,,-7.5457e-008,-0.000220973
,,,-7.5057e-008,0.000662919
,,,-7.4657e-008,0.000883892
,,,-7.4257e-008,0.000220973
,,,-7.3857e-008,0.000220973
,,,-7.3457e-008,0.000662919
,,,-7.3057e-008,0.000220973
,,,-7.2657e-008,-0.000220973
,,,-7.2257e-008,-0.000220973
,,,-7.1857e-008,0
,,,-7.1457e-008,0.000220973
,,,-7.1057e-008,0
,,,-7.0657e-008,-0.000220973
,,,-7.0257e-008,-0.000220973
,,,-6.9857e-008,0.000662919
,,,-6.9457e-008,0
,,,-6.9057e-008,0
,,,-6.8657e-008,0.000662919
,,,-6.8257e-008,0.000883892
,,,-6.7857e-008,0.000441946
,,,-6.7457e-008,-0.000220973
,,,-6.7057e-008,0.000220973
,,,-6.6657e-008,-0.000883892
,,,-6.6257e-008,0.000662919
,,,-6.5857e-008,0
,,,-6.5457e-008,0.000220973
,,,-6.5057e-008,0.000220973
,,,-6.4657e-008,0.000441946
,,,-6.4257e-008,-0.000883892
,,,-6.3857e-008,-0.000220973
,,,-6.3457e-008,0
,,,-6.3057e-008,0.000220973
,,,-6.2657e-008,0.000220973
,,,-6.2257e-008,-0.000441946
,,,-6.1857e-008,-0.000662919
,,,-6.1457e-008,-0.000662919
,,,-6.1057e-008,0
,,,-6.0657e-008,0.000883892
,,,-6.0257e-008,0.000662919
,,,-5.9857e-008,0.000220973
,,,-5.9457e-008,0.000220973
,,,-5.9057e-008,0.000441946
,,,-5.8657e-008,0
,,,-5.8257e-008,0
,,,-5.7857e-008,0.000220973
,,,-5.7457e-008,0.00110486
,,,-5.7057e-008,0.000220973
,,,-5.6657e-008,0.000441946
,,,-5.6257e-008,0.000441946
,,,-5.5857e-008,0.000220973
,,,-5.5457e-008,0
,,,-5.5057e-008,0.000220973
,,,-5.4657e-008,0
,,,-5.4257e-008,0.000662919
,,,-5.3857e-008,-0.000220973
,,,-5.3457e-008,0.000220973
,,,-5.3057e-008,0.000441946
,,,-5.2657e-008,0.000441946
,,,-5.2257e-008,0
,,,-5.1857e-008,0.000441946
,,,-5.1457e-008,0
,,,-5.1057e-008,0.000662919
,,,-5.0657e-008,0.000441946
,,,-5.0257e-008,0
,,,-4.9857e-008,-0.000220973
,,,-4.9457e-008,-0.000441946
,,,-4.9057e-008,0.000441946
,,,-4.8657e-008,-0.000441946
,,,-4.8257e-008,-0.000220973
,,,-4.7857e-008,-0.000883892
,,,-4.7457e-008,0.000441946
,,,-4.7057e-008,0.000220973
,,,-4.6657e-008,0
,,,-4.6257e-008,0
,,,-4.5857e-008,-0.000220973
,,,-4.5457e-008,0
,,,-4.5057e-008,0.000441946
,,,-4.4657e-008,0.000220973
,,,-4.4257e-008,-0.000220973
,,,-4.3857e-008,0.000220973
,,,-4.3457e-008,0
,,,-4.3057e-008,0.000441946
,,,-4.2657e-008,0
,,,-4.2257e-008,0.000441946
,,,-4.1857e-008,0.000220973
,,,-4.1457e-008,0
,,,-4.1057e-008,0.000662919
,,,-4.0657e-008,0
,,,-4.0257e-008,0.000220973
,,,-3.9857e-008,-0.000220973
,,,-3.9457e-008,-0.000662919
,,,-3.9057e-008,-0.000441946
,,,-3.8657e-008,-0.000662919
,,,-3.8257e-008,-0.000220973
,,,-3.7857e-008,-0.000441946
,,,-3.7457e-008,0.000441946
,,,-3.7057e-008,-0.000662919
,,,-3.6657e-008,0
,,,-3.6257e-008,0.000883892
,,,-3.5857e-008,0.000662919
,,,-3.5457e-008,0.000441946
,,,-3.5057e-008,0.000883892
,,,-3.4657e-008,0.000220973
,,,-3.4257e-008,0.000441946
,,,-3.3857e-008,0.000662919
,,,-3.3457e-008,0
,,,-3.3057e-008,0.000220973
,,,-3.2657e-008,0.000662919
,,,-3.2257e-008,0.000662919
,,,-3.1857e-008,0
,,,-3.1457e-008,0
,,,-3.1057e-008,0
,,,-3.0657e-008,0.000441946
,,,-3.0257e-008,0
,,,-2.9857e-008,-0.000220973
,,,-2.9457e-008,0.000220973
,,,-2.9057e-008,-0.000220973
,,,-2.8657e-008,0.000883892
,,,-2.8257e-008,0.000662919
,,,-2.7857e-008,0.000883892
,,,-2.7457e-008,-0.000220973
,,,-2.7057e-008,0
,,,-2.6657e-008,0.000220973
,,,-2.6257e-008,-0.000441946
,,,-2.5857e-008,0.000220973
,,,-2.5457e-008,0
,,,-2.5057e-008,0.000220973
,,,-2.4657e-008,0.000662919
,,,-2.4257e-008,0.000220973
,,,-2.3857e-008,0.000220973
,,,-2.3457e-008,0
,,,-2.3057e-008,0
,,,-2.2657e-008,0.000220973
,,,-2.2257e-008,0.000220973
,,,-2.1857e-008,-0.000441946
,,,-2.1457e-008,0.000662919
,,,-2.1057e-008,0
,,,-2.0657e-008,-0.000220973
,,,-2.0257e-008,-0.000220973
,,,-1.9857e-008,0
,,,-1.9457e-008,0.000220973
,,,-1.9057e-008,0.000220973
,,,-1.8657e-008,0
,,,-1.8257e-008,0.000220973
,,,-1.7857e-008,0.000220973
,,,-1.7457e-008,0.000220973
,,,-1.7057e-008,0
,,,-1.6657e-008,0.000220973
,,,-1.6257e-008,-0.000662919
,,,-1.5857e-008,-0.000220973
,,,-1.5457e-008,0.000220973
,,,-1.5057e-008,0.000220973
,,,-1.4657e-008,0
,,,-1.4257e-008,-0.000220973
,,,-1.3857e-008,0.000441946
,,,-1.3457e-008,0.000662919
,,,-1.3057e-008,0.000662919
,,,-1.2657e-008,0.000662919
,,,-1.2257e-008,0.000883892
,,,-1.1857e-008,0.000220973
,,,-1.1457e-008,-0.000220973
,,,-1.1057e-008,0.000662919
,,,-1.0657e-008,0.000220973
,,,-1.0257e-008,0
,,,-9.85695e-009,-0.000441946
,,,-9.45695e-009,0.000441946
,,,-9.05695e-009,0
,,,-8.65695e-009,0.000441946
,,,-8.25695e-009,0.000220973
,,,-7.85695e-009,0
,,,-7.45695e-009,-0.000220973
,,,-7.05695e-009,0
,,,-6.65695e-009,0
,,,-6.25695e-009,0.000441946
,,,-5.85695e-009,0
,,,-5.45695e-009,0
,,,-5.05695e-009,-0.000662919
,,,-4.65695e-009,-0.000220973
,,,-4.25695e-009,-0.000220973
,,,-3.85695e-009,-0.000220973
,,,-3.45695e-009,-0.000441946
,,,-3.05695e-009,-0.000441946
,,,-2.65695e-009,0.000662919
,,,-2.25695e-009,0.000220973
,,,-1.85695e-009,0
,,,-1.45695e-009,0
,,,-1.05695e-009,0.000220973
,,,-6.56953e-010,0.000662919
,,,-2.56953e-010,0
,,,1.43047e-010,-0.000220973
,,,5.43047e-010,-0.000220973
,,,9.43047e-010,0
,,,1.34305e-009,0.000220973
,,,1.74305e-009,0.000220973
,,,2.14305e-009,-0.000220973
,,,2.54305e-009,-0.000220973
,,,2.94305e-009,0.000662919
,,,3.34305e-009,0.00132584
,,,3.74305e-009,0
,,,4.14305e-009,0.000220973
,,,4.54305e-009,0.000441946
,,,4.94305e-009,0.000220973
,,,5.34305e-009,0.000662919
,,,5.74305e-009,0.000441946
,,,6.14305e-009,0
,,,6.54305e-009,0.000441946
,,,6.94305e-009,0.000220973
,,,7.34305e-009,0.000441946
,,,7.74305e-009,0
,,,8.14305e-009,-0.000220973
,,,8.54305e-009,-0.000220973
,,,8.94305e-009,0.000220973
,,,9.34305e-009,0.000662919
,,,9.74305e-009,0
,,,1.0143e-008,0
,,,1.0543e-008,0.000220973
,,,1.0943e-008,-0.000441946
,,,1.1343e-008,-0.000441946
,,,1.1743e-008,0.000441946
,,,1.2143e-008,0.000441946
,,,1.2543e-008,0
,,,1.2943e-008,0.000883892
,,,1.3343e-008,0.000441946
,,,1.3743e-008,0.000662919
,,,1.4143e-008,0.000220973
,,,1.4543e-008,0.000220973
,,,1.4943e-008,0.000220973
,,,1.5343e-008,-0.00110486
,,,1.5743e-008,0
,,,1.6143e-008,0.000441946
,,,1.6543e-008,0.000441946
,,,1.6943e-008,-0.000220973
,,,1.7343e-008,-0.000441946
,,,1.7743e-008,-0.000220973
,,,1.8143e-008,-0.000662919
,,,1.8543e-008,0
,,,1.8943e-008,0.000220973
,,,1.9343e-008,0.000441946
,,,1.9743e-008,-0.000220973
,,,2.0143e-008,0.000883892
,,,2.0543e-008,0.000220973
,,,2.0943e-008,0.000441946
,,,2.1343e-008,0.000441946
,,,2.1743e-008,-0.000441946
,,,2.2143e-008,-0.000220973
,,,2.2543e-008,0.000662919
,,,2.2943e-008,0.000441946
,,,2.3343e-008,0.000441946
,,,2.3743e-008,0
,,,2.4143e-008,-0.000220973
,,,2.4543e-008,0
,,,2.4943e-008,-0.000441946
,,,2.5343e-008,0.000220973
,,,2.5743e-008,0
,,,2.6143e-008,-0.000441946
,,,2.6543e-008,0.000220973
,,,2.6943e-008,0
,,,2.7343e-008,0.000662919
,,,2.7743e-008,0.000220973
,,,2.8143e-008,0
,,,2.8543e-008,-0.000441946
,,,2.8943e-008,-0.000441946
,,,2.9343e-008,-0.000441946
,,,2.9743e-008,0.000662919
,,,3.0143e-008,-0.000220973
,,,3.0543e-008,0
,,,3.0943e-008,0.000662919
,,,3.1343e-008,0
,,,3.1743e-008,0.000662919
,,,3.2143e-008,0.000441946
,,,3.2543e-008,0
,,,3.2943e-008,0
,,,3.3343e-008,0
,,,3.3743e-008,0.000441946
,,,3.4143e-008,0
,,,3.4543e-008,-0.000441946
,,,3.4943e-008,0.000220973
,,,3.5343e-008,0.000883892
,,,3.5743e-008,0.000662919
,,,3.6143e-008,0.000220973
,,,3.6543e-008,0
,,,3.6943e-008,0
,,,3.7343e-008,0
,,,3.7743e-008,0.000662919
,,,3.8143e-008,0.000441946
,,,3.8543e-008,0
,,,3.8943e-008,0.000220973
,,,3.9343e-008,0.000441946
,,,3.9743e-008,-0.000220973
,,,4.0143e-008,0.000441946
,,,4.0543e-008,0
,,,4.0943e-008,-0.000441946
,,,4.1343e-008,-0.000220973
,,,4.1743e-008,-0.000441946
,,,4.2143e-008,-0.000441946
,,,4.2543e-008,0.000220973
,,,4.2943e-008,-0.000220973
,,,4.3343e-008,0.000220973
,,,4.3743e-008,0.000441946
,,,4.4143e-008,0.000883892
,,,4.4543e-008,0.000220973
,,,4.4943e-008,0
,,,4.5343e-008,0
,,,4.5743e-008,-0.000220973
,,,4.6143e-008,-0.000441946
,,,4.6543e-008,0.00110486
,,,4.6943e-008,-0.000220973
,,,4.7343e-008,0.000220973
,,,4.7743e-008,0.000441946
,,,4.8143e-008,0
,,,4.8543e-008,-0.000441946
,,,4.8943e-008,-0.000441946
,,,4.9343e-008,-0.000441946
,,,4.9743e-008,0.000220973
,,,5.0143e-008,0.000883892
,,,5.0543e-008,0
,,,5.0943e-008,-0.000441946
,,,5.1343e-008,0.000220973
,,,5.1743e-008,0.000220973
,,,5.2143e-008,0.000441946
,,,5.2543e-008,-0.000441946
,,,5.2943e-008,0.00110486
,,,5.3343e-008,0
,,,5.3743e-008,0.000220973
,,,5.4143e-008,0.000441946
,,,5.4543e-008,0
,,,5.4943e-008,0.000441946
,,,5.5343e-008,-0.000220973
,,,5.5743e-008,-0.000441946
,,,5.6143e-008,0.000662919
,,,5.6543e-008,0.000220973
,,,5.6943e-008,0
,,,5.7343e-008,-0.000441946
,,,5.7743e-008,0
,,,5.8143e-008,-0.000441946
,,,5.8543e-008,0.000883892
,,,5.8943e-008,0.000220973
,,,5.9343e-008,0.000220973
,,,5.9743e-008,0.000662919
,,,6.0143e-008,0
,,,6.0543e-008,0.000220973
,,,6.0943e-008,0.000662919
,,,6.1343e-008,0
,,,6.1743e-008,0.000220973
,,,6.2143e-008,0.000441946
,,,6.2543e-008,0.000220973
,,,6.2943e-008,0.000441946
,,,6.3343e-008,0.000662919
,,,6.3743e-008,0.000662919
,,,6.4143e-008,0.000662919
,,,6.4543e-008,0
,,,6.4943e-008,0
,,,6.5343e-008,0
,,,6.5743e-008,-0.000883892
,,,6.6143e-008,-0.000662919
,,,6.6543e-008,0
,,,6.6943e-008,0.000441946
,,,6.7343e-008,0.000662919
,,,6.7743e-008,0.000662919
,,,6.8143e-008,-0.000220973
,,,6.8543e-008,-0.000220973
,,,6.8943e-008,0.000883892
,,,6.9343e-008,0.000662919
,,,6.9743e-008,0.000220973
,,,7.0143e-008,0.000441946
,,,7.0543e-008,0.000883892
,,,7.0943e-008,0.000441946
,,,7.1343e-008,0.000441946
,,,7.1743e-008,0.000220973
,,,7.2143e-008,0.000441946
,,,7.2543e-008,0.000662919
,,,7.2943e-008,0.000441946
,,,7.3343e-008,0.000220973
,,,7.3743e-008,0
,,,7.4143e-008,0.000220973
,,,7.4543e-008,0.000220973
,,,7.4943e-008,-0.000220973
,,,7.5343e-008,-0.000220973
,,,7.5743e-008,0.000220973
,,,7.6143e-008,0.000220973
,,,7.6543e-008,-0.000441946
,,,7.6943e-008,0.000220973
,,,7.7343e-008,0.000441946
,,,7.7743e-008,0
,,,7.8143e-008,-0.000220973
,,,7.8543e-008,0.000220973
,,,7.8943e-008,0.000662919
,,,7.9343e-008,0.000883892
,,,7.9743e-008,0.000662919
,,,8.0143e-008,0.000220973
,,,8.0543e-008,-0.000662919
,,,8.0943e-008,-0.000883892
,,,8.1343e-008,0.000662919
,,,8.1743e-008,-0.000220973
,,,8.2143e-008,0
,,,8.2543e-008,0.000220973
,,,8.2943e-008,0.000441946
,,,8.3343e-008,0.000662919
,,,8.3743e-008,0.000220973
,,,8.4143e-008,0.000883892
,,,8.4543e-008,-0.000220973
,,,8.4943e-008,0.000883892
,,,8.5343e-008,0.000220973
,,,8.5743e-008,0.000662919
,,,8.6143e-008,0.000220973
,,,8.6543e-008,0.000441946
,,,8.6943e-008,0.000441946
,,,8.7343e-008,0.000662919
,,,8.7743e-008,0.000220973
,,,8.8143e-008,0.000441946
,,,8.8543e-008,0
,,,8.8943e-008,0
,,,8.9343e-008,0.000441946
,,,8.9743e-008,0.000662919
,,,9.0143e-008,0.000662919
,,,9.0543e-008,0.000883892
,,,9.0943e-008,0.000220973
,,,9.1343e-008,0.000441946
,,,9.1743e-008,0.00110486
,,,9.2143e-008,0.000883892
,,,9.2543e-008,0.000662919
,,,9.2943e-008,0.000441946
,,,9.3343e-008,0.00132584
,,,9.3743e-008,0.00198876
,,,9.4143e-008,0.00154681
,,,9.4543e-008,0.00265168
,,,9.4943e-008,0.00331459
,,,9.5343e-008,0.00375654
,,,9.5743e-008,0.00441946
,,,9.6143e-008,0.0057453
,,,9.6543e-008,0.00618724
,,,9.6943e-008,0.00839697
,,,9.7343e-008,0.00994378
,,,9.7743e-008,0.0103857
,,,9.8143e-008,0.0117116
,,,9.8543e-008,0.0125955
,,,9.8943e-008,0.0139213
,,,9.9343e-008,0.0143632
,,,9.9743e-008,0.0156891
,,,1.00143e-007,0.0152471
,,,1.00543e-007,0.0154681
,,,1.00943e-007,0.016352
,,,1.01343e-007,0.016573
,,,1.01743e-007,0.016573
,,,1.02143e-007,0.016352
,,,1.02543e-007,0.0181198
,,,1.02943e-007,0.0176778
,,,1.03343e-007,0.0181198
,,,1.03743e-007,0.0181198
,,,1.04143e-007,0.0170149
,,,1.04543e-007,0.0174569
,,,1.04943e-007,0.0167939
,,,1.05343e-007,0.0167939
,,,1.05743e-007,0.0172359
,,,1.06143e-007,0.0176778
,,,1.06543e-007,0.0183408
,,,1.06943e-007,0.0181198
,,,1.07343e-007,0.0176778
,,,1.07743e-007,0.0172359
,,,1.08143e-007,0.0178988
,,,1.08543e-007,0.0178988
,,,1.08943e-007,0.0185617
,,,1.09343e-007,0.0183408
,,,1.09743e-007,0.0178988
,,,1.10143e-007,0.0181198
,,,1.10543e-007,0.0178988
,,,1.10943e-007,0.0181198
,,,1.11343e-007,0.0183408
,,,1.11743e-007,0.0181198
,,,1.12143e-007,0.0183408
,,,1.12543e-007,0.0178988
,,,1.12943e-007,0.0178988
,,,1.13343e-007,0.0178988
,,,1.13743e-007,0.0181198
,,,1.14143e-007,0.0174569
,,,1.14543e-007,0.0181198
,,,1.14943e-007,0.0178988
,,,1.15343e-007,0.0181198
,,,1.15743e-007,0.0176778
,,,1.16143e-007,0.0178988
,,,1.16543e-007,0.0176778
,,,1.16943e-007,0.0185617
,,,1.17343e-007,0.0174569
,,,1.17743e-007,0.0176778
,,,1.18143e-007,0.0185617
,,,1.18543e-007,0.0183408
,,,1.18943e-007,0.0183408
,,,1.19343e-007,0.0185617
,,,1.19743e-007,0.0183408
,,,1.20143e-007,0.0183408
,,,1.20543e-007,0.0176778
,,,1.20943e-007,0.0181198
,,,1.21343e-007,0.0183408
,,,1.21743e-007,0.0190037
,,,1.22143e-007,0.0187827
,,,1.22543e-007,0.0187827
,,,1.22943e-007,0.0187827
,,,1.23343e-007,0.0201085
,,,1.23743e-007,0.0198876
,,,1.24143e-007,0.0203295
,,,1.24543e-007,0.0201085
,,,1.24943e-007,0.0198876
,,,1.25343e-007,0.0205505
,,,1.25743e-007,0.0212134
,,,1.26143e-007,0.0214344
,,,1.26543e-007,0.0214344
,,,1.26943e-007,0.0205505
,,,1.27343e-007,0.0198876
,,,1.27743e-007,0.0198876
,,,1.28143e-007,0.0198876
,,,1.28543e-007,0.0196666
,,,1.28943e-007,0.0196666
,,,1.29343e-007,0.0183408
,,,1.29743e-007,0.0190037
,,,1.30143e-007,0.0190037
,,,1.30543e-007,0.0183408
,,,1.30943e-007,0.0176778
,,,1.31343e-007,0.0190037
,,,1.31743e-007,0.0185617
,,,1.32143e-007,0.0178988
,,,1.32543e-007,0.0174569
,,,1.32943e-007,0.0174569
,,,1.33343e-007,0.0172359
,,,1.33743e-007,0.0167939
,,,1.34143e-007,0.0167939
,,,1.34543e-007,0.016573
,,,1.34943e-007,0.016352
,,,1.35343e-007,0.016352
,,,1.35743e-007,0.016131
,,,1.36143e-007,0.0172359
,,,1.36543e-007,0.016131
,,,1.36943e-007,0.0167939
,,,1.37343e-007,0.016131
,,,1.37743e-007,0.016573
,,,1.38143e-007,0.0156891
,,,1.38543e-007,0.016131
,,,1.38943e-007,0.016131
,,,1.39343e-007,0.016131
,,,1.39743e-007,0.016131
,,,1.40143e-007,0.016573
,,,1.40543e-007,0.0156891
,,,1.40943e-007,0.0156891
,,,1.41343e-007,0.0156891
,,,1.41743e-007,0.0154681
,,,1.42143e-007,0.0154681
,,,1.42543e-007,0.016131
,,,1.42943e-007,0.0159101
,,,1.43343e-007,0.0154681
,,,1.43743e-007,0.0148052
,,,1.44143e-007,0.0152471
,,,1.44543e-007,0.0150262
,,,1.44943e-007,0.0150262
,,,1.45343e-007,0.0141423
,,,1.45743e-007,0.0145842
,,,1.46143e-007,0.0143632
,,,1.46543e-007,0.0152471
,,,1.46943e-007,0.0145842
,,,1.47343e-007,0.0150262
,,,1.47743e-007,0.0141423
,,,1.48143e-007,0.0148052
,,,1.48543e-007,0.0143632
,,,1.48943e-007,0.0154681
,,,1.49343e-007,0.0145842
,,,1.49743e-007,0.0139213
,,,1.50143e-007,0.0143632
,,,1.50543e-007,0.0143632
,,,1.50943e-007,0.0150262
,,,1.51343e-007,0.0148052
,,,1.51743e-007,0.0141423
,,,1.52143e-007,0.0148052
,,,1.52543e-007,0.0143632
,,,1.52943e-007,0.0139213
,,,1.53343e-007,0.0143632
,,,1.53743e-007,0.0141423
,,,1.54143e-007,0.0134794
,,,1.54543e-007,0.0145842
,,,1.54943e-007,0.0132584
,,,1.55343e-007,0.0134794
,,,1.55743e-007,0.0123745
,,,1.56143e-007,0.0123745
,,,1.56543e-007,0.0121535
,,,1.56943e-007,0.0119325
,,,1.57343e-007,0.0119325
,,,1.57743e-007,0.0125955
,,,1.58143e-007,0.0123745
,,,1.58543e-007,0.0121535
,,,1.58943e-007,0.0121535
,,,1.59343e-007,0.0125955
,,,1.59743e-007,0.0123745
,,,1.60143e-007,0.0119325
,,,1.60543e-007,0.0117116
,,,1.60943e-007,0.0123745
,,,1.61343e-007,0.0121535
,,,1.61743e-007,0.0125955
,,,1.62143e-007,0.0117116
,,,1.62543e-007,0.0121535
,,,1.62943e-007,0.0121535
,,,1.63343e-007,0.0130374
,,,1.63743e-007,0.0121535
,,,1.64143e-007,0.0125955
,,,1.64543e-007,0.0125955
,,,1.64943e-007,0.0125955
,,,1.65343e-007,0.0121535
,,,1.65743e-007,0.0123745
,,,1.66143e-007,0.0121535
,,,1.66543e-007,0.0121535
,,,1.66943e-007,0.0121535
,,,1.67343e-007,0.0123745
,,,1.67743e-007,0.0123745
,,,1.68143e-007,0.0121535
,,,1.68543e-007,0.0117116
,,,1.68943e-007,0.0123745
,,,1.69343e-007,0.0117116
,,,1.69743e-007,0.0114906
,,,1.70143e-007,0.0125955
,,,1.70543e-007,0.0125955
,,,1.70943e-007,0.0117116
,,,1.71343e-007,0.0123745
,,,1.71743e-007,0.0128164
,,,1.72143e-007,0.0121535
,,,1.72543e-007,0.0119325
,,,1.72943e-007,0.0121535
,,,1.73343e-007,0.0117116
,,,1.73743e-007,0.0123745
,,,1.74143e-007,0.0123745
,,,1.74543e-007,0.0119325
,,,1.74943e-007,0.0125955
,,,1.75343e-007,0.0123745
,,,1.75743e-007,0.0117116
,,,1.76143e-007,0.0117116
,,,1.76543e-007,0.0121535
,,,1.76943e-007,0.0117116
,,,1.77343e-007,0.0117116
,,,1.77743e-007,0.0121535
,,,1.78143e-007,0.0125955
,,,1.78543e-007,0.0130374
,,,1.78943e-007,0.0125955
,,,1.79343e-007,0.0128164
,,,1.79743e-007,0.0128164
,,,1.80143e-007,0.0123745
,,,1.80543e-007,0.0119325
,,,1.80943e-007,0.0134794
,,,1.81343e-007,0.0125955
,,,1.81743e-007,0.0128164
,,,1.82143e-007,0.0114906
,,,1.82543e-007,0.0119325
,,,1.82943e-007,0.0123745
,,,1.83343e-007,0.0128164
,,,1.83743e-007,0.0125955
,,,1.84143e-007,0.0130374
,,,1.84543e-007,0.0123745
,,,1.84943e-007,0.0119325
,,,1.85343e-007,0.0121535
,,,1.85743e-007,0.0125955
,,,1.86143e-007,0.0123745
,,,1.86543e-007,0.0130374
,,,1.86943e-007,0.0123745
,,,1.87343e-007,0.0130374
,,,1.87743e-007,0.0130374
,,,1.88143e-007,0.0130374
,,,1.88543e-007,0.0128164
,,,1.88943e-007,0.0134794
,,,1.89343e-007,0.0128164
,,,1.89743e-007,0.0137003
,,,1.90143e-007,0.0132584
,,,1.90543e-007,0.0137003
,,,1.90943e-007,0.0137003
,,,1.91343e-007,0.0132584
,,,1.91743e-007,0.0130374
,,,1.92143e-007,0.0137003
,,,1.92543e-007,0.0134794
,,,1.92943e-007,0.0132584
,,,1.93343e-007,0.0132584
,,,1.93743e-007,0.0130374
,,,1.94143e-007,0.0130374
,,,1.94543e-007,0.0134794
,,,1.94943e-007,0.0134794
,,,1.95343e-007,0.0134794
,,,1.95743e-007,0.0137003
,,,1.96143e-007,0.0128164
,,,1.96543e-007,0.0132584
,,,1.96943e-007,0.0137003
,,,1.97343e-007,0.0139213
,,,1.97743e-007,0.0128164
,,,1.98143e-007,0.0132584
,,,1.98543e-007,0.0134794
,,,1.98943e-007,0.0132584
,,,1.99343e-007,0.0130374
,,,1.99743e-007,0.0125955
,,,2.00143e-007,0.0130374
,,,2.00543e-007,0.0130374
,,,2.00943e-007,0.0123745
,,,2.01343e-007,0.0125955
,,,2.01743e-007,0.0121535
,,,2.02143e-007,0.0112696
,,,2.02543e-007,0.0121535
,,,2.02943e-007,0.0123745
,,,2.03343e-007,0.0112696
,,,2.03743e-007,0.0119325
,,,2.04143e-007,0.0121535
,,,2.04543e-007,0.0110486
,,,2.04943e-007,0.0121535
,,,2.05343e-007,0.0106067
,,,2.05743e-007,0.0112696
,,,2.06143e-007,0.0108277
,,,2.06543e-007,0.0103857
,,,2.06943e-007,0.0108277
,,,2.07343e-007,0.00994378
,,,2.07743e-007,0.00928087
,,,2.08143e-007,0.0101648
,,,2.08543e-007,0.00972281
,,,2.08943e-007,0.008176
,,,2.09343e-007,0.00773405
,,,2.09743e-007,0.00839697
,,,2.10143e-007,0.00795503
,,,2.10543e-007,0.00795503
,,,2.10943e-007,0.00729211
,,,2.11343e-007,0.00707114
,,,2.11743e-007,0.00662919
,,,2.12143e-007,0.00685016
,,,2.12543e-007,0.00530335
,,,2.12943e-007,0.00640822
,,,2.13343e-007,0.00508238
,,,2.13743e-007,0.00508238
,,,2.14143e-007,0.00486141
,,,2.14543e-007,0.00464043
,,,2.14943e-007,0.00353557
,,,2.15343e-007,0.00331459
,,,2.15743e-007,0.00353557
,,,2.16143e-007,0.00353557
,,,2.16543e-007,0.00331459
,,,2.16943e-007,0.0024307
,,,2.17343e-007,0.0024307
,,,2.17743e-007,0.00176778
,,,2.18143e-007,0.00265168
,,,2.18543e-007,0.00220973
,,,2.18943e-007,0.00198876
,,,2.19343e-007,0.0024307
,,,2.19743e-007,0.00220973
,,,2.20143e-007,0.00176778
,,,2.20543e-007,0.0024307
,,,2.20943e-007,0.00154681
,,,2.21343e-007,0.00154681
,,,2.21743e-007,0.00220973
,,,2.22143e-007,0.00154681
,,,2.22543e-007,0.00110486
,,,2.22943e-007,0.00198876
,,,2.23343e-007,0.00198876
,,,2.23743e-007,0.00110486
,,,2.24143e-007,0.00132584
,,,2.24543e-007,0.000662919
,,,2.24943e-007,0.000883892
,,,2.25343e-007,0.00110486
,,,2.25743e-007,0.000662919
,,,2.26143e-007,0.000441946
,,,2.26543e-007,0.00132584
,,,2.26943e-007,0.00110486
,,,2.27343e-007,0.000883892
,,,2.27743e-007,0.00110486
,,,2.28143e-007,0.00132584
,,,2.28543e-007,0.000662919
,,,2.28943e-007,0.00154681
,,,2.29343e-007,0.000220973
,,,2.29743e-007,0.000662919
,,,2.30143e-007,0.00198876
,,,2.30543e-007,0.00110486
,,,2.30943e-007,0.000441946
,,,2.31343e-007,0.00132584
,,,2.31743e-007,0.00110486
,,,2.32143e-007,0.000441946
,,,2.32543e-007,-0.000441946
,,,2.32943e-007,0
,,,2.33343e-007,0
,,,2.33743e-007,0.000441946
,,,2.34143e-007,-0.000220973
,,,2.34543e-007,0.000220973
,,,2.34943e-007,0.000883892
,,,2.35343e-007,0
,,,2.35743e-007,-0.000220973
,,,2.36143e-007,-0.000220973
,,,2.36543e-007,-0.000662919
,,,2.36943e-007,-0.000662919
,,,2.37343e-007,0
,,,2.37743e-007,0
,,,2.38143e-007,-0.000662919
,,,2.38543e-007,-0.000220973
,,,2.38943e-007,-0.000662919
,,,2.39343e-007,0
,,,2.39743e-007,-0.000220973
,,,2.40143e-007,-0.000441946
,,,2.40543e-007,0
,,,2.40943e-007,-0.000883892
,,,2.41343e-007,-0.000441946
,,,2.41743e-007,-0.00132584
,,,2.42143e-007,-0.000220973
,,,2.42543e-007,0
,,,2.42943e-007,-0.000441946
,,,2.43343e-007,0.000662919
,,,2.43743e-007,-0.000441946
,,,2.44143e-007,-0.000220973
,,,2.44543e-007,-0.000662919
,,,2.44943e-007,0.00132584
,,,2.45343e-007,-0.000662919
,,,2.45743e-007,-0.000441946
,,,2.46143e-007,0
,,,2.46543e-007,-0.000220973
,,,2.46943e-007,0
,,,2.47343e-007,-0.000220973
,,,2.47743e-007,0
,,,2.48143e-007,-0.000441946
,,,2.48543e-007,-0.000220973
,,,2.48943e-007,-0.000220973
,,,2.49343e-007,0
,,,2.49743e-007,-0.000220973
,,,2.50143e-007,0.000220973
