"Record Length",1252,"Points",-2.50392e-007,0
"Sample Interval",4e-010,s,-2.49992e-007,0.000441946
"Trigger Point",625,"Samples",-2.49592e-007,0.00132584
"Trigger Time",0.980778,s,-2.49192e-007,0.000662919
,,,-2.48792e-007,0
"Horizontal Offset",-2.50392e-007,s,-2.48392e-007,0.000220973
,,,-2.47992e-007,-0.000220973
,,,-2.47592e-007,0.000220973
,,,-2.47192e-007,0.000662919
,,,-2.46792e-007,0.000883892
,,,-2.46392e-007,0.000220973
,,,-2.45992e-007,0.000883892
,,,-2.45592e-007,0
,,,-2.45192e-007,0
,,,-2.44792e-007,0.000220973
,,,-2.44392e-007,-0.000662919
,,,-2.43992e-007,0.000441946
,,,-2.43592e-007,0.000220973
,,,-2.43192e-007,0
,,,-2.42792e-007,0.000220973
,,,-2.42392e-007,0
,,,-2.41992e-007,0.000220973
,,,-2.41592e-007,-0.000220973
,,,-2.41192e-007,0.000441946
,,,-2.40792e-007,0.000441946
,,,-2.40392e-007,0
,,,-2.39992e-007,0.000220973
,,,-2.39592e-007,0.000220973
,,,-2.39192e-007,0
,,,-2.38792e-007,-0.000441946
,,,-2.38392e-007,0
,,,-2.37992e-007,0
,,,-2.37592e-007,-0.000662919
,,,-2.37192e-007,-0.000441946
,,,-2.36792e-007,-0.000220973
,,,-2.36392e-007,-0.000441946
,,,-2.35992e-007,0.000220973
,,,-2.35592e-007,-0.000441946
,,,-2.35192e-007,0.000883892
,,,-2.34792e-007,0.000220973
,,,-2.34392e-007,0.000220973
,,,-2.33992e-007,0
,,,-2.33592e-007,0
,,,-2.33192e-007,0.000220973
,,,-2.32792e-007,0
,,,-2.32392e-007,-0.000441946
,,,-2.31992e-007,0.000883892
,,,-2.31592e-007,0
,,,-2.31192e-007,0.000662919
,,,-2.30792e-007,0
,,,-2.30392e-007,0.000220973
,,,-2.29992e-007,0
,,,-2.29592e-007,-0.000441946
,,,-2.29192e-007,0.000220973
,,,-2.28792e-007,0
,,,-2.28392e-007,0.000220973
,,,-2.27992e-007,0.000883892
,,,-2.27592e-007,-0.000441946
,,,-2.27192e-007,0.000662919
,,,-2.26792e-007,0.000441946
,,,-2.26392e-007,-0.000220973
,,,-2.25992e-007,-0.000441946
,,,-2.25592e-007,0.000883892
,,,-2.25192e-007,0
,,,-2.24792e-007,-0.000441946
,,,-2.24392e-007,-0.000441946
,,,-2.23992e-007,0.000220973
,,,-2.23592e-007,0.000441946
,,,-2.23192e-007,0.000883892
,,,-2.22792e-007,0.000441946
,,,-2.22392e-007,0.000662919
,,,-2.21992e-007,0.000220973
,,,-2.21592e-007,0.000220973
,,,-2.21192e-007,0.000441946
,,,-2.20792e-007,-0.000220973
,,,-2.20392e-007,0.000220973
,,,-2.19992e-007,0.000220973
,,,-2.19592e-007,0
,,,-2.19192e-007,0.000220973
,,,-2.18792e-007,-0.000441946
,,,-2.18392e-007,0.000220973
,,,-2.17992e-007,-0.000662919
,,,-2.17592e-007,0
,,,-2.17192e-007,0
,,,-2.16792e-007,0
,,,-2.16392e-007,0.000662919
,,,-2.15992e-007,0.000883892
,,,-2.15592e-007,-0.000220973
,,,-2.15192e-007,0.000220973
,,,-2.14792e-007,0.000883892
,,,-2.14392e-007,0
,,,-2.13992e-007,0
,,,-2.13592e-007,0.000441946
,,,-2.13192e-007,0
,,,-2.12792e-007,0.000220973
,,,-2.12392e-007,0.000220973
,,,-2.11992e-007,0
,,,-2.11592e-007,-0.000662919
,,,-2.11192e-007,0.000220973
,,,-2.10792e-007,0
,,,-2.10392e-007,0.000220973
,,,-2.09992e-007,0
,,,-2.09592e-007,0.000662919
,,,-2.09192e-007,-0.000441946
,,,-2.08792e-007,0.000441946
,,,-2.08392e-007,0.000220973
,,,-2.07992e-007,0
,,,-2.07592e-007,-0.000441946
,,,-2.07192e-007,0.000220973
,,,-2.06792e-007,-0.000220973
,,,-2.06392e-007,-0.000220973
,,,-2.05992e-007,0.000220973
,,,-2.05592e-007,0.000220973
,,,-2.05192e-007,-0.000441946
,,,-2.04792e-007,0
,,,-2.04392e-007,0.000441946
,,,-2.03992e-007,0.000883892
,,,-2.03592e-007,0.000441946
,,,-2.03192e-007,0.000220973
,,,-2.02792e-007,0.000441946
,,,-2.02392e-007,-0.000220973
,,,-2.01992e-007,-0.000220973
,,,-2.01592e-007,0.000662919
,,,-2.01192e-007,0
,,,-2.00792e-007,0
,,,-2.00392e-007,0
,,,-1.99992e-007,0.000441946
,,,-1.99592e-007,0.000441946
,,,-1.99192e-007,0.000220973
,,,-1.98792e-007,0.000220973
,,,-1.98392e-007,0.000441946
,,,-1.97992e-007,0.000883892
,,,-1.97592e-007,-0.000220973
,,,-1.97192e-007,-0.000441946
,,,-1.96792e-007,0.000220973
,,,-1.96392e-007,-0.000883892
,,,-1.95992e-007,0
,,,-1.95592e-007,-0.000883892
,,,-1.95192e-007,0.000441946
,,,-1.94792e-007,0.000220973
,,,-1.94392e-007,0.000662919
,,,-1.93992e-007,-0.000220973
,,,-1.93592e-007,0.000220973
,,,-1.93192e-007,0.000220973
,,,-1.92792e-007,0.000441946
,,,-1.92392e-007,0.000441946
,,,-1.91992e-007,0.000883892
,,,-1.91592e-007,0.000441946
,,,-1.91192e-007,0.000441946
,,,-1.90792e-007,-0.000220973
,,,-1.90392e-007,0.000441946
,,,-1.89992e-007,0.000220973
,,,-1.89592e-007,-0.000220973
,,,-1.89192e-007,-0.000441946
,,,-1.88792e-007,0
,,,-1.88392e-007,0.000441946
,,,-1.87992e-007,0
,,,-1.87592e-007,0
,,,-1.87192e-007,0.000220973
,,,-1.86792e-007,0
,,,-1.86392e-007,-0.000220973
,,,-1.85992e-007,0.000662919
,,,-1.85592e-007,0.000441946
,,,-1.85192e-007,0
,,,-1.84792e-007,0.000662919
,,,-1.84392e-007,0.000441946
,,,-1.83992e-007,0.000441946
,,,-1.83592e-007,0.000883892
,,,-1.83192e-007,0.000220973
,,,-1.82792e-007,0.000441946
,,,-1.82392e-007,0.000441946
,,,-1.81992e-007,0.000220973
,,,-1.81592e-007,0.000220973
,,,-1.81192e-007,-0.000441946
,,,-1.80792e-007,0.000220973
,,,-1.80392e-007,-0.000441946
,,,-1.79992e-007,0.000220973
,,,-1.79592e-007,0.000220973
,,,-1.79192e-007,0
,,,-1.78792e-007,0
,,,-1.78392e-007,0.000220973
,,,-1.77992e-007,-0.000220973
,,,-1.77592e-007,0.000220973
,,,-1.77192e-007,0
,,,-1.76792e-007,-0.000220973
,,,-1.76392e-007,0
,,,-1.75992e-007,0.000441946
,,,-1.75592e-007,0.000220973
,,,-1.75192e-007,0.000220973
,,,-1.74792e-007,0.000220973
,,,-1.74392e-007,0.000662919
,,,-1.73992e-007,0.000441946
,,,-1.73592e-007,-0.000220973
,,,-1.73192e-007,-0.000220973
,,,-1.72792e-007,0
,,,-1.72392e-007,-0.000441946
,,,-1.71992e-007,0
,,,-1.71592e-007,0.000220973
,,,-1.71192e-007,0.000662919
,,,-1.70792e-007,0
,,,-1.70392e-007,0.000441946
,,,-1.69992e-007,0.000883892
,,,-1.69592e-007,0.000662919
,,,-1.69192e-007,-0.000220973
,,,-1.68792e-007,-0.000220973
,,,-1.68392e-007,0.000220973
,,,-1.67992e-007,0.000662919
,,,-1.67592e-007,-0.000220973
,,,-1.67192e-007,0
,,,-1.66792e-007,0
,,,-1.66392e-007,0.000662919
,,,-1.65992e-007,0.000662919
,,,-1.65592e-007,0.000441946
,,,-1.65192e-007,-0.000220973
,,,-1.64792e-007,0.000441946
,,,-1.64392e-007,0.000220973
,,,-1.63992e-007,0.000220973
,,,-1.63592e-007,0
,,,-1.63192e-007,0.00110486
,,,-1.62792e-007,0.000441946
,,,-1.62392e-007,0.000220973
,,,-1.61992e-007,0.000220973
,,,-1.61592e-007,0.000662919
,,,-1.61192e-007,0.000441946
,,,-1.60792e-007,-0.000441946
,,,-1.60392e-007,0.000220973
,,,-1.59992e-007,0.000441946
,,,-1.59592e-007,0.000662919
,,,-1.59192e-007,-0.000441946
,,,-1.58792e-007,-0.000662919
,,,-1.58392e-007,0
,,,-1.57992e-007,-0.000883892
,,,-1.57592e-007,-0.000883892
,,,-1.57192e-007,-0.000220973
,,,-1.56792e-007,0
,,,-1.56392e-007,-0.000220973
,,,-1.55992e-007,0
,,,-1.55592e-007,-0.000441946
,,,-1.55192e-007,0
,,,-1.54792e-007,0.000441946
,,,-1.54392e-007,0
,,,-1.53992e-007,-0.000220973
,,,-1.53592e-007,0.000883892
,,,-1.53192e-007,0
,,,-1.52792e-007,0
,,,-1.52392e-007,-0.000220973
,,,-1.51992e-007,0.000441946
,,,-1.51592e-007,0
,,,-1.51192e-007,0.000441946
,,,-1.50792e-007,0.000441946
,,,-1.50392e-007,0.000441946
,,,-1.49992e-007,-0.000662919
,,,-1.49592e-007,0.000220973
,,,-1.49192e-007,-0.000220973
,,,-1.48792e-007,0
,,,-1.48392e-007,-0.000220973
,,,-1.47992e-007,0.000441946
,,,-1.47592e-007,-0.000220973
,,,-1.47192e-007,0.000441946
,,,-1.46792e-007,0.000220973
,,,-1.46392e-007,0.000441946
,,,-1.45992e-007,0.000441946
,,,-1.45592e-007,0.000662919
,,,-1.45192e-007,0
,,,-1.44792e-007,-0.000662919
,,,-1.44392e-007,0.000220973
,,,-1.43992e-007,0.000662919
,,,-1.43592e-007,-0.000441946
,,,-1.43192e-007,0.000220973
,,,-1.42792e-007,0.000441946
,,,-1.42392e-007,0.000441946
,,,-1.41992e-007,0.000220973
,,,-1.41592e-007,-0.000662919
,,,-1.41192e-007,0.000441946
,,,-1.40792e-007,0
,,,-1.40392e-007,-0.000220973
,,,-1.39992e-007,0.000220973
,,,-1.39592e-007,0.000220973
,,,-1.39192e-007,0
,,,-1.38792e-007,0.000220973
,,,-1.38392e-007,0.000220973
,,,-1.37992e-007,0.000220973
,,,-1.37592e-007,0
,,,-1.37192e-007,0.000220973
,,,-1.36792e-007,-0.000441946
,,,-1.36392e-007,0.000220973
,,,-1.35992e-007,0.000220973
,,,-1.35592e-007,0.00110486
,,,-1.35192e-007,0.000220973
,,,-1.34792e-007,0
,,,-1.34392e-007,-0.000220973
,,,-1.33992e-007,0.000220973
,,,-1.33592e-007,0.000220973
,,,-1.33192e-007,0.000441946
,,,-1.32792e-007,-0.000441946
,,,-1.32392e-007,0.000441946
,,,-1.31992e-007,0.000441946
,,,-1.31592e-007,0.000220973
,,,-1.31192e-007,0
,,,-1.30792e-007,0.000441946
,,,-1.30392e-007,0.000220973
,,,-1.29992e-007,0
,,,-1.29592e-007,0.00110486
,,,-1.29192e-007,0.000662919
,,,-1.28792e-007,0
,,,-1.28392e-007,0.000662919
,,,-1.27992e-007,0.000220973
,,,-1.27592e-007,0.000441946
,,,-1.27192e-007,-0.000220973
,,,-1.26792e-007,0
,,,-1.26392e-007,0.000220973
,,,-1.25992e-007,0.000883892
,,,-1.25592e-007,0
,,,-1.25192e-007,0
,,,-1.24792e-007,0
,,,-1.24392e-007,0.000220973
,,,-1.23992e-007,0.000220973
,,,-1.23592e-007,-0.000662919
,,,-1.23192e-007,-0.000662919
,,,-1.22792e-007,-0.000220973
,,,-1.22392e-007,0
,,,-1.21992e-007,0
,,,-1.21592e-007,0.000441946
,,,-1.21192e-007,0.000441946
,,,-1.20792e-007,0.000441946
,,,-1.20392e-007,0.000220973
,,,-1.19992e-007,0.000662919
,,,-1.19592e-007,-0.000220973
,,,-1.19192e-007,-0.000441946
,,,-1.18792e-007,-0.000220973
,,,-1.18392e-007,0.000220973
,,,-1.17992e-007,0.000662919
,,,-1.17592e-007,-0.000441946
,,,-1.17192e-007,-0.000441946
,,,-1.16792e-007,0.000441946
,,,-1.16392e-007,0
,,,-1.15992e-007,0.000441946
,,,-1.15592e-007,0.000220973
,,,-1.15192e-007,0
,,,-1.14792e-007,0
,,,-1.14392e-007,0.000220973
,,,-1.13992e-007,0.000883892
,,,-1.13592e-007,0.000441946
,,,-1.13192e-007,-0.000220973
,,,-1.12792e-007,0.000662919
,,,-1.12392e-007,-0.000220973
,,,-1.11992e-007,0.000441946
,,,-1.11592e-007,0
,,,-1.11192e-007,0.000220973
,,,-1.10792e-007,-0.000441946
,,,-1.10392e-007,0.000883892
,,,-1.09992e-007,0
,,,-1.09592e-007,0.000441946
,,,-1.09192e-007,-0.000441946
,,,-1.08792e-007,-0.000441946
,,,-1.08392e-007,-0.000441946
,,,-1.07992e-007,0.000883892
,,,-1.07592e-007,0
,,,-1.07192e-007,0
,,,-1.06792e-007,0.000441946
,,,-1.06392e-007,-0.000220973
,,,-1.05992e-007,-0.000220973
,,,-1.05592e-007,0.000220973
,,,-1.05192e-007,0
,,,-1.04792e-007,-0.000220973
,,,-1.04392e-007,0.000220973
,,,-1.03992e-007,0.000441946
,,,-1.03592e-007,0.000662919
,,,-1.03192e-007,0.000883892
,,,-1.02792e-007,0.000662919
,,,-1.02392e-007,0.000441946
,,,-1.01992e-007,-0.000220973
,,,-1.01592e-007,-0.000662919
,,,-1.01192e-007,0.000441946
,,,-1.00792e-007,0.000220973
,,,-1.00392e-007,-0.000220973
,,,-9.99923e-008,0.000220973
,,,-9.95923e-008,-0.000220973
,,,-9.91923e-008,0.000883892
,,,-9.87923e-008,0.000441946
,,,-9.83923e-008,-0.000220973
,,,-9.79923e-008,-0.000662919
,,,-9.75923e-008,0.000662919
,,,-9.71923e-008,0.000662919
,,,-9.67923e-008,-0.000441946
,,,-9.63923e-008,0.000441946
,,,-9.59923e-008,0.000662919
,,,-9.55923e-008,0.000883892
,,,-9.51923e-008,0
,,,-9.47923e-008,-0.000441946
,,,-9.43923e-008,-0.000441946
,,,-9.39923e-008,0.000220973
,,,-9.35923e-008,-0.000662919
,,,-9.31923e-008,0.000441946
,,,-9.27923e-008,0.000220973
,,,-9.23923e-008,0.000662919
,,,-9.19923e-008,0.000220973
,,,-9.15923e-008,-0.000220973
,,,-9.11923e-008,0.000662919
,,,-9.07923e-008,0.000220973
,,,-9.03923e-008,0.000220973
,,,-8.99923e-008,-0.000220973
,,,-8.95923e-008,0.000220973
,,,-8.91923e-008,0.000441946
,,,-8.87923e-008,0.000662919
,,,-8.83923e-008,0.000441946
,,,-8.79923e-008,0.000441946
,,,-8.75923e-008,0.000883892
,,,-8.71923e-008,0.000220973
,,,-8.67923e-008,0.000441946
,,,-8.63923e-008,0.000220973
,,,-8.59923e-008,0.000220973
,,,-8.55923e-008,0
,,,-8.51923e-008,-0.000441946
,,,-8.47923e-008,0
,,,-8.43923e-008,-0.000220973
,,,-8.39923e-008,0
,,,-8.35923e-008,0.000662919
,,,-8.31923e-008,0.000441946
,,,-8.27923e-008,-0.000441946
,,,-8.23923e-008,-0.000220973
,,,-8.19923e-008,0.000220973
,,,-8.15923e-008,0
,,,-8.11923e-008,-0.000662919
,,,-8.07923e-008,0.000441946
,,,-8.03923e-008,0.000441946
,,,-7.99923e-008,0.000883892
,,,-7.95923e-008,0.000220973
,,,-7.91923e-008,0
,,,-7.87923e-008,0
,,,-7.83923e-008,0.000662919
,,,-7.79923e-008,0.000441946
,,,-7.75923e-008,0
,,,-7.71923e-008,0
,,,-7.67923e-008,0.000883892
,,,-7.63923e-008,0
,,,-7.59923e-008,0.000220973
,,,-7.55923e-008,0.000441946
,,,-7.51923e-008,0.000883892
,,,-7.47923e-008,0.000662919
,,,-7.43923e-008,0.00110486
,,,-7.39923e-008,0.000220973
,,,-7.35923e-008,0.000220973
,,,-7.31923e-008,0.000662919
,,,-7.27923e-008,0
,,,-7.23923e-008,0.000662919
,,,-7.19923e-008,0.000441946
,,,-7.15923e-008,0.000220973
,,,-7.11923e-008,0
,,,-7.07923e-008,0.000441946
,,,-7.03923e-008,0.000220973
,,,-6.99923e-008,0.000662919
,,,-6.95923e-008,-0.000220973
,,,-6.91923e-008,-0.000220973
,,,-6.87923e-008,-0.000220973
,,,-6.83923e-008,-0.000441946
,,,-6.79923e-008,0
,,,-6.75923e-008,0.000220973
,,,-6.71923e-008,-0.000220973
,,,-6.67923e-008,0.000220973
,,,-6.63923e-008,0
,,,-6.59923e-008,0
,,,-6.55923e-008,0.000220973
,,,-6.51923e-008,-0.000220973
,,,-6.47923e-008,-0.000220973
,,,-6.43923e-008,0.000220973
,,,-6.39923e-008,0.000220973
,,,-6.35923e-008,0.000662919
,,,-6.31923e-008,0.000220973
,,,-6.27923e-008,0.000441946
,,,-6.23923e-008,0.00110486
,,,-6.19923e-008,-0.000220973
,,,-6.15923e-008,-0.000441946
,,,-6.11923e-008,-0.000220973
,,,-6.07923e-008,0
,,,-6.03923e-008,0
,,,-5.99923e-008,-0.000662919
,,,-5.95923e-008,-0.000441946
,,,-5.91923e-008,0
,,,-5.87923e-008,0.000662919
,,,-5.83923e-008,-0.000220973
,,,-5.79923e-008,-0.000441946
,,,-5.75923e-008,0.000220973
,,,-5.71923e-008,0.000441946
,,,-5.67923e-008,0
,,,-5.63923e-008,0.000662919
,,,-5.59923e-008,0.000220973
,,,-5.55923e-008,0.000220973
,,,-5.51923e-008,0
,,,-5.47923e-008,-0.000441946
,,,-5.43923e-008,0.000220973
,,,-5.39923e-008,0.000662919
,,,-5.35923e-008,0.000441946
,,,-5.31923e-008,0
,,,-5.27923e-008,-0.000441946
,,,-5.23923e-008,-0.000441946
,,,-5.19923e-008,0.000441946
,,,-5.15923e-008,0
,,,-5.11923e-008,0.000883892
,,,-5.07923e-008,0.000441946
,,,-5.03923e-008,0.000883892
,,,-4.99923e-008,0
,,,-4.95923e-008,0.000441946
,,,-4.91923e-008,0.000662919
,,,-4.87923e-008,-0.000220973
,,,-4.83923e-008,-0.000220973
,,,-4.79923e-008,-0.000220973
,,,-4.75923e-008,0
,,,-4.71923e-008,-0.000441946
,,,-4.67923e-008,0.000441946
,,,-4.63923e-008,0.000441946
,,,-4.59923e-008,0
,,,-4.55923e-008,0
,,,-4.51923e-008,0.000220973
,,,-4.47923e-008,0.000220973
,,,-4.43923e-008,0.000441946
,,,-4.39923e-008,0.000441946
,,,-4.35923e-008,-0.000220973
,,,-4.31923e-008,-0.000220973
,,,-4.27923e-008,0.000662919
,,,-4.23923e-008,0.000220973
,,,-4.19923e-008,0
,,,-4.15923e-008,0.000441946
,,,-4.11923e-008,-0.000441946
,,,-4.07923e-008,0
,,,-4.03923e-008,0.000220973
,,,-3.99923e-008,0.000883892
,,,-3.95923e-008,0
,,,-3.91923e-008,0
,,,-3.87923e-008,-0.000441946
,,,-3.83923e-008,-0.000220973
,,,-3.79923e-008,0
,,,-3.75923e-008,0
,,,-3.71923e-008,0.000220973
,,,-3.67923e-008,-0.000441946
,,,-3.63923e-008,0.000220973
,,,-3.59923e-008,0.000441946
,,,-3.55923e-008,0
,,,-3.51923e-008,-0.000220973
,,,-3.47923e-008,0.000220973
,,,-3.43923e-008,-0.000220973
,,,-3.39923e-008,-0.000662919
,,,-3.35923e-008,0.000662919
,,,-3.31923e-008,0.000220973
,,,-3.27923e-008,0
,,,-3.23923e-008,-0.000220973
,,,-3.19923e-008,0.000220973
,,,-3.15923e-008,-0.000220973
,,,-3.11923e-008,0.000662919
,,,-3.07923e-008,0
,,,-3.03923e-008,-0.000220973
,,,-2.99923e-008,-0.000441946
,,,-2.95923e-008,-0.000441946
,,,-2.91923e-008,0.000220973
,,,-2.87923e-008,0.000220973
,,,-2.83923e-008,0
,,,-2.79923e-008,-0.000220973
,,,-2.75923e-008,0.000220973
,,,-2.71923e-008,0
,,,-2.67923e-008,0.000883892
,,,-2.63923e-008,0.000662919
,,,-2.59923e-008,-0.000220973
,,,-2.55923e-008,0.000441946
,,,-2.51923e-008,0.000883892
,,,-2.47923e-008,0.000441946
,,,-2.43923e-008,0.000220973
,,,-2.39923e-008,0.000662919
,,,-2.35923e-008,0.000662919
,,,-2.31923e-008,0.000220973
,,,-2.27923e-008,-0.000220973
,,,-2.23923e-008,0
,,,-2.19923e-008,-0.000441946
,,,-2.15923e-008,0
,,,-2.11923e-008,0.000220973
,,,-2.07923e-008,0.000441946
,,,-2.03923e-008,-0.000441946
,,,-1.99923e-008,0.000220973
,,,-1.95923e-008,0.000220973
,,,-1.91923e-008,0.000220973
,,,-1.87923e-008,-0.000220973
,,,-1.83923e-008,0.000220973
,,,-1.79923e-008,-0.000220973
,,,-1.75923e-008,-0.000441946
,,,-1.71923e-008,0
,,,-1.67923e-008,0.000441946
,,,-1.63923e-008,0.000220973
,,,-1.59923e-008,0.000441946
,,,-1.55923e-008,0.000220973
,,,-1.51923e-008,0.000220973
,,,-1.47923e-008,-0.000662919
,,,-1.43923e-008,-0.000441946
,,,-1.39923e-008,-0.000220973
,,,-1.35923e-008,0
,,,-1.31923e-008,0.000662919
,,,-1.27923e-008,0
,,,-1.23923e-008,-0.000220973
,,,-1.19923e-008,-0.000220973
,,,-1.15923e-008,0.000220973
,,,-1.11923e-008,0
,,,-1.07923e-008,0.000441946
,,,-1.03923e-008,-0.000220973
,,,-9.99231e-009,0.000220973
,,,-9.59231e-009,-0.000220973
,,,-9.19231e-009,-0.000220973
,,,-8.79231e-009,0.000441946
,,,-8.39231e-009,0.000441946
,,,-7.99231e-009,0
,,,-7.59231e-009,0
,,,-7.19231e-009,0.000220973
,,,-6.79231e-009,0.000220973
,,,-6.39231e-009,0.000220973
,,,-5.99231e-009,0.000220973
,,,-5.59231e-009,-0.000220973
,,,-5.19231e-009,-0.000441946
,,,-4.79231e-009,0.000220973
,,,-4.39231e-009,0
,,,-3.99231e-009,0
,,,-3.59231e-009,0
,,,-3.19231e-009,0.000220973
,,,-2.79231e-009,0
,,,-2.39231e-009,-0.000220973
,,,-1.99231e-009,-0.000220973
,,,-1.59231e-009,0
,,,-1.19231e-009,0
,,,-7.92311e-010,0.000220973
,,,-3.92311e-010,0
,,,7.68864e-012,0.000441946
,,,4.07689e-010,0.000441946
,,,8.07689e-010,0.000441946
,,,1.20769e-009,0
,,,1.60769e-009,0
,,,2.00769e-009,0.000662919
,,,2.40769e-009,0.000220973
,,,2.80769e-009,0.000441946
,,,3.20769e-009,-0.000220973
,,,3.60769e-009,0.000220973
,,,4.00769e-009,0
,,,4.40769e-009,0
,,,4.80769e-009,0.000220973
,,,5.20769e-009,0.000441946
,,,5.60769e-009,0.000662919
,,,6.00769e-009,-0.000220973
,,,6.40769e-009,0.000220973
,,,6.80769e-009,-0.000441946
,,,7.20769e-009,0
,,,7.60769e-009,0
,,,8.00769e-009,0
,,,8.40769e-009,0.000220973
,,,8.80769e-009,0.000441946
,,,9.20769e-009,0
,,,9.60769e-009,0.000220973
,,,1.00077e-008,0.000441946
,,,1.04077e-008,-0.000220973
,,,1.08077e-008,-0.000220973
,,,1.12077e-008,0.000220973
,,,1.16077e-008,0.000220973
,,,1.20077e-008,0.000441946
,,,1.24077e-008,0.000220973
,,,1.28077e-008,0.000441946
,,,1.32077e-008,0
,,,1.36077e-008,0
,,,1.40077e-008,0.000220973
,,,1.44077e-008,0.000220973
,,,1.48077e-008,0.000441946
,,,1.52077e-008,0.000220973
,,,1.56077e-008,-0.000220973
,,,1.60077e-008,0
,,,1.64077e-008,0
,,,1.68077e-008,0.000220973
,,,1.72077e-008,0
,,,1.76077e-008,-0.000220973
,,,1.80077e-008,0.000220973
,,,1.84077e-008,0
,,,1.88077e-008,0.000220973
,,,1.92077e-008,0.000883892
,,,1.96077e-008,0
,,,2.00077e-008,0.000220973
,,,2.04077e-008,-0.000220973
,,,2.08077e-008,0.000441946
,,,2.12077e-008,0.000441946
,,,2.16077e-008,0.000220973
,,,2.20077e-008,0
,,,2.24077e-008,0.000662919
,,,2.28077e-008,0.000441946
,,,2.32077e-008,-0.000220973
,,,2.36077e-008,0.000220973
,,,2.40077e-008,0.000220973
,,,2.44077e-008,0.000220973
,,,2.48077e-008,0.000220973
,,,2.52077e-008,-0.000220973
,,,2.56077e-008,-0.000220973
,,,2.60077e-008,0.000662919
,,,2.64077e-008,-0.000220973
,,,2.68077e-008,0
,,,2.72077e-008,0
,,,2.76077e-008,-0.000220973
,,,2.80077e-008,0
,,,2.84077e-008,0
,,,2.88077e-008,-0.000220973
,,,2.92077e-008,0
,,,2.96077e-008,0.000220973
,,,3.00077e-008,-0.000441946
,,,3.04077e-008,0
,,,3.08077e-008,0
,,,3.12077e-008,0.000220973
,,,3.16077e-008,0.000220973
,,,3.20077e-008,0.000220973
,,,3.24077e-008,0.000662919
,,,3.28077e-008,0
,,,3.32077e-008,0.000220973
,,,3.36077e-008,0.00110486
,,,3.40077e-008,0.000441946
,,,3.44077e-008,0
,,,3.48077e-008,0.000441946
,,,3.52077e-008,0.000220973
,,,3.56077e-008,0
,,,3.60077e-008,0.000662919
,,,3.64077e-008,0.000441946
,,,3.68077e-008,0.000662919
,,,3.72077e-008,0.000441946
,,,3.76077e-008,0.000220973
,,,3.80077e-008,0.000220973
,,,3.84077e-008,0.000883892
,,,3.88077e-008,0.000441946
,,,3.92077e-008,0.000662919
,,,3.96077e-008,0.000441946
,,,4.00077e-008,0
,,,4.04077e-008,0.000662919
,,,4.08077e-008,0.000662919
,,,4.12077e-008,0.000220973
,,,4.16077e-008,0.000220973
,,,4.20077e-008,0
,,,4.24077e-008,-0.000220973
,,,4.28077e-008,0.000441946
,,,4.32077e-008,0.000220973
,,,4.36077e-008,-0.000220973
,,,4.40077e-008,-0.000220973
,,,4.44077e-008,-0.000441946
,,,4.48077e-008,0
,,,4.52077e-008,0.000220973
,,,4.56077e-008,0.000441946
,,,4.60077e-008,-0.000220973
,,,4.64077e-008,0.000662919
,,,4.68077e-008,0.000441946
,,,4.72077e-008,-0.000220973
,,,4.76077e-008,0
,,,4.80077e-008,0.000662919
,,,4.84077e-008,0.000220973
,,,4.88077e-008,0
,,,4.92077e-008,0.000662919
,,,4.96077e-008,0
,,,5.00077e-008,0.000220973
,,,5.04077e-008,0.000220973
,,,5.08077e-008,-0.000220973
,,,5.12077e-008,-0.000220973
,,,5.16077e-008,-0.000441946
,,,5.20077e-008,-0.000220973
,,,5.24077e-008,0
,,,5.28077e-008,0.000220973
,,,5.32077e-008,0
,,,5.36077e-008,-0.000220973
,,,5.40077e-008,0
,,,5.44077e-008,0
,,,5.48077e-008,-0.000662919
,,,5.52077e-008,0.000441946
,,,5.56077e-008,0.000662919
,,,5.60077e-008,0.000662919
,,,5.64077e-008,0.00110486
,,,5.68077e-008,-0.000220973
,,,5.72077e-008,0.000220973
,,,5.76077e-008,0.000441946
,,,5.80077e-008,0.000220973
,,,5.84077e-008,0.000220973
,,,5.88077e-008,-0.000220973
,,,5.92077e-008,-0.000220973
,,,5.96077e-008,0
,,,6.00077e-008,0.000220973
,,,6.04077e-008,0
,,,6.08077e-008,0.000662919
,,,6.12077e-008,-0.000220973
,,,6.16077e-008,0.000220973
,,,6.20077e-008,-0.000441946
,,,6.24077e-008,0
,,,6.28077e-008,0
,,,6.32077e-008,0.000220973
,,,6.36077e-008,0.000220973
,,,6.40077e-008,-0.000220973
,,,6.44077e-008,0
,,,6.48077e-008,0.00110486
,,,6.52077e-008,0
,,,6.56077e-008,0.000441946
,,,6.60077e-008,-0.000220973
,,,6.64077e-008,-0.000220973
,,,6.68077e-008,0.000662919
,,,6.72077e-008,0.000441946
,,,6.76077e-008,-0.000220973
,,,6.80077e-008,0.000220973
,,,6.84077e-008,0.000220973
,,,6.88077e-008,-0.000220973
,,,6.92077e-008,0.000220973
,,,6.96077e-008,0.000883892
,,,7.00077e-008,0.000220973
,,,7.04077e-008,0.000441946
,,,7.08077e-008,0.000441946
,,,7.12077e-008,0.000220973
,,,7.16077e-008,0.000441946
,,,7.20077e-008,0.000662919
,,,7.24077e-008,-0.000441946
,,,7.28077e-008,0.000220973
,,,7.32077e-008,0.000220973
,,,7.36077e-008,0.000220973
,,,7.40077e-008,0.000441946
,,,7.44077e-008,0
,,,7.48077e-008,0
,,,7.52077e-008,-0.000220973
,,,7.56077e-008,0
,,,7.60077e-008,-0.000220973
,,,7.64077e-008,0
,,,7.68077e-008,-0.000220973
,,,7.72077e-008,-0.000220973
,,,7.76077e-008,0.000441946
,,,7.80077e-008,0.000662919
,,,7.84077e-008,0.000883892
,,,7.88077e-008,-0.000220973
,,,7.92077e-008,0.000441946
,,,7.96077e-008,-0.000662919
,,,8.00077e-008,0.000662919
,,,8.04077e-008,0.000441946
,,,8.08077e-008,-0.000220973
,,,8.12077e-008,0.000662919
,,,8.16077e-008,0.000220973
,,,8.20077e-008,-0.000220973
,,,8.24077e-008,0
,,,8.28077e-008,0.000883892
,,,8.32077e-008,0
,,,8.36077e-008,0
,,,8.40077e-008,0.000220973
,,,8.44077e-008,-0.000220973
,,,8.48077e-008,0.000220973
,,,8.52077e-008,0.000220973
,,,8.56077e-008,0
,,,8.60077e-008,0.000220973
,,,8.64077e-008,0.00110486
,,,8.68077e-008,0.000441946
,,,8.72077e-008,0
,,,8.76077e-008,0.000220973
,,,8.80077e-008,0.000220973
,,,8.84077e-008,0
,,,8.88077e-008,0.000883892
,,,8.92077e-008,-0.000441946
,,,8.96077e-008,-0.000220973
,,,9.00077e-008,0.000220973
,,,9.04077e-008,0
,,,9.08077e-008,-0.000220973
,,,9.12077e-008,0.00110486
,,,9.16077e-008,0.000441946
,,,9.20077e-008,-0.000220973
,,,9.24077e-008,0.000662919
,,,9.28077e-008,0.000883892
,,,9.32077e-008,0.00132584
,,,9.36077e-008,0.0024307
,,,9.40077e-008,0.00110486
,,,9.44077e-008,0.00309362
,,,9.48077e-008,0.00353557
,,,9.52077e-008,0.00419849
,,,9.56077e-008,0.00508238
,,,9.60077e-008,0.00596627
,,,9.64077e-008,0.00707114
,,,9.68077e-008,0.008176
,,,9.72077e-008,0.00861795
,,,9.76077e-008,0.0106067
,,,9.80077e-008,0.0121535
,,,9.84077e-008,0.0130374
,,,9.88077e-008,0.0132584
,,,9.92077e-008,0.0141423
,,,9.96077e-008,0.0143632
,,,1.00008e-007,0.0148052
,,,1.00408e-007,0.0154681
,,,1.00808e-007,0.016352
,,,1.01208e-007,0.016352
,,,1.01608e-007,0.0172359
,,,1.02008e-007,0.016573
,,,1.02408e-007,0.0174569
,,,1.02808e-007,0.0167939
,,,1.03208e-007,0.0174569
,,,1.03608e-007,0.0174569
,,,1.04008e-007,0.0178988
,,,1.04408e-007,0.0178988
,,,1.04808e-007,0.0178988
,,,1.05208e-007,0.0181198
,,,1.05608e-007,0.0181198
,,,1.06008e-007,0.0178988
,,,1.06408e-007,0.0174569
,,,1.06808e-007,0.0174569
,,,1.07208e-007,0.0176778
,,,1.07608e-007,0.016573
,,,1.08008e-007,0.0178988
,,,1.08408e-007,0.0176778
,,,1.08808e-007,0.0181198
,,,1.09208e-007,0.0174569
,,,1.09608e-007,0.0174569
,,,1.10008e-007,0.0178988
,,,1.10408e-007,0.0183408
,,,1.10808e-007,0.0176778
,,,1.11208e-007,0.0187827
,,,1.11608e-007,0.0181198
,,,1.12008e-007,0.0176778
,,,1.12408e-007,0.0170149
,,,1.12808e-007,0.0176778
,,,1.13208e-007,0.0178988
,,,1.13608e-007,0.0176778
,,,1.14008e-007,0.0170149
,,,1.14408e-007,0.0174569
,,,1.14808e-007,0.0181198
,,,1.15208e-007,0.0181198
,,,1.15608e-007,0.0174569
,,,1.16008e-007,0.0174569
,,,1.16408e-007,0.0170149
,,,1.16808e-007,0.0174569
,,,1.17208e-007,0.0176778
,,,1.17608e-007,0.0172359
,,,1.18008e-007,0.0174569
,,,1.18408e-007,0.0178988
,,,1.18808e-007,0.0176778
,,,1.19208e-007,0.0174569
,,,1.19608e-007,0.0185617
,,,1.20008e-007,0.0190037
,,,1.20408e-007,0.0181198
,,,1.20808e-007,0.0185617
,,,1.21208e-007,0.0176778
,,,1.21608e-007,0.0178988
,,,1.22008e-007,0.0190037
,,,1.22408e-007,0.0190037
,,,1.22808e-007,0.0187827
,,,1.23208e-007,0.0185617
,,,1.23608e-007,0.0203295
,,,1.24008e-007,0.0198876
,,,1.24408e-007,0.0201085
,,,1.24808e-007,0.0209924
,,,1.25208e-007,0.0209924
,,,1.25608e-007,0.0212134
,,,1.26008e-007,0.0212134
,,,1.26408e-007,0.0212134
,,,1.26808e-007,0.0205505
,,,1.27208e-007,0.0205505
,,,1.27608e-007,0.0194456
,,,1.28008e-007,0.0198876
,,,1.28408e-007,0.0201085
,,,1.28808e-007,0.0194456
,,,1.29208e-007,0.0192246
,,,1.29608e-007,0.0181198
,,,1.30008e-007,0.0181198
,,,1.30408e-007,0.0183408
,,,1.30808e-007,0.0183408
,,,1.31208e-007,0.0176778
,,,1.31608e-007,0.0178988
,,,1.32008e-007,0.0170149
,,,1.32408e-007,0.0176778
,,,1.32808e-007,0.0172359
,,,1.33208e-007,0.0170149
,,,1.33608e-007,0.0172359
,,,1.34008e-007,0.016573
,,,1.34408e-007,0.0167939
,,,1.34808e-007,0.016573
,,,1.35208e-007,0.0170149
,,,1.35608e-007,0.016573
,,,1.36008e-007,0.016573
,,,1.36408e-007,0.0167939
,,,1.36808e-007,0.016352
,,,1.37208e-007,0.016131
,,,1.37608e-007,0.016131
,,,1.38008e-007,0.016131
,,,1.38408e-007,0.016573
,,,1.38808e-007,0.0167939
,,,1.39208e-007,0.0159101
,,,1.39608e-007,0.0154681
,,,1.40008e-007,0.0154681
,,,1.40408e-007,0.0156891
,,,1.40808e-007,0.016573
,,,1.41208e-007,0.0159101
,,,1.41608e-007,0.016131
,,,1.42008e-007,0.0150262
,,,1.42408e-007,0.0154681
,,,1.42808e-007,0.016352
,,,1.43208e-007,0.0154681
,,,1.43608e-007,0.0152471
,,,1.44008e-007,0.0159101
,,,1.44408e-007,0.0148052
,,,1.44808e-007,0.0150262
,,,1.45208e-007,0.0154681
,,,1.45608e-007,0.0150262
,,,1.46008e-007,0.0150262
,,,1.46408e-007,0.0148052
,,,1.46808e-007,0.0152471
,,,1.47208e-007,0.0150262
,,,1.47608e-007,0.0148052
,,,1.48008e-007,0.0148052
,,,1.48408e-007,0.0148052
,,,1.48808e-007,0.0143632
,,,1.49208e-007,0.0139213
,,,1.49608e-007,0.0148052
,,,1.50008e-007,0.0148052
,,,1.50408e-007,0.0148052
,,,1.50808e-007,0.0145842
,,,1.51208e-007,0.0139213
,,,1.51608e-007,0.0143632
,,,1.52008e-007,0.0145842
,,,1.52408e-007,0.0148052
,,,1.52808e-007,0.0143632
,,,1.53208e-007,0.0139213
,,,1.53608e-007,0.0132584
,,,1.54008e-007,0.0141423
,,,1.54408e-007,0.0130374
,,,1.54808e-007,0.0130374
,,,1.55208e-007,0.0125955
,,,1.55608e-007,0.0123745
,,,1.56008e-007,0.0128164
,,,1.56408e-007,0.0119325
,,,1.56808e-007,0.0119325
,,,1.57208e-007,0.0125955
,,,1.57608e-007,0.0119325
,,,1.58008e-007,0.0112696
,,,1.58408e-007,0.0123745
,,,1.58808e-007,0.0112696
,,,1.59208e-007,0.0117116
,,,1.59608e-007,0.0117116
,,,1.60008e-007,0.0121535
,,,1.60408e-007,0.0119325
,,,1.60808e-007,0.0128164
,,,1.61208e-007,0.0123745
,,,1.61608e-007,0.0123745
,,,1.62008e-007,0.0121535
,,,1.62408e-007,0.0119325
,,,1.62808e-007,0.0114906
,,,1.63208e-007,0.0114906
,,,1.63608e-007,0.0121535
,,,1.64008e-007,0.0117116
,,,1.64408e-007,0.0117116
,,,1.64808e-007,0.0123745
,,,1.65208e-007,0.0128164
,,,1.65608e-007,0.0121535
,,,1.66008e-007,0.0125955
,,,1.66408e-007,0.0123745
,,,1.66808e-007,0.0128164
,,,1.67208e-007,0.0125955
,,,1.67608e-007,0.0119325
,,,1.68008e-007,0.0125955
,,,1.68408e-007,0.0123745
,,,1.68808e-007,0.0128164
,,,1.69208e-007,0.0114906
,,,1.69608e-007,0.0119325
,,,1.70008e-007,0.0119325
,,,1.70408e-007,0.0123745
,,,1.70808e-007,0.0125955
,,,1.71208e-007,0.0112696
,,,1.71608e-007,0.0119325
,,,1.72008e-007,0.0125955
,,,1.72408e-007,0.0121535
,,,1.72808e-007,0.0123745
,,,1.73208e-007,0.0132584
,,,1.73608e-007,0.0121535
,,,1.74008e-007,0.0117116
,,,1.74408e-007,0.0117116
,,,1.74808e-007,0.0123745
,,,1.75208e-007,0.0117116
,,,1.75608e-007,0.0121535
,,,1.76008e-007,0.0125955
,,,1.76408e-007,0.0119325
,,,1.76808e-007,0.0123745
,,,1.77208e-007,0.0119325
,,,1.77608e-007,0.0128164
,,,1.78008e-007,0.0125955
,,,1.78408e-007,0.0123745
,,,1.78808e-007,0.0130374
,,,1.79208e-007,0.0130374
,,,1.79608e-007,0.0123745
,,,1.80008e-007,0.0123745
,,,1.80408e-007,0.0123745
,,,1.80808e-007,0.0121535
,,,1.81208e-007,0.0121535
,,,1.81608e-007,0.0125955
,,,1.82008e-007,0.0119325
,,,1.82408e-007,0.0114906
,,,1.82808e-007,0.0123745
,,,1.83208e-007,0.0117116
,,,1.83608e-007,0.0123745
,,,1.84008e-007,0.0123745
,,,1.84408e-007,0.0121535
,,,1.84808e-007,0.0119325
,,,1.85208e-007,0.0125955
,,,1.85608e-007,0.0121535
,,,1.86008e-007,0.0125955
,,,1.86408e-007,0.0119325
,,,1.86808e-007,0.0119325
,,,1.87208e-007,0.0121535
,,,1.87608e-007,0.0125955
,,,1.88008e-007,0.0119325
,,,1.88408e-007,0.0130374
,,,1.88808e-007,0.0141423
,,,1.89208e-007,0.0139213
,,,1.89608e-007,0.0141423
,,,1.90008e-007,0.0130374
,,,1.90408e-007,0.0123745
,,,1.90808e-007,0.0134794
,,,1.91208e-007,0.0137003
,,,1.91608e-007,0.0139213
,,,1.92008e-007,0.0137003
,,,1.92408e-007,0.0137003
,,,1.92808e-007,0.0141423
,,,1.93208e-007,0.0137003
,,,1.93608e-007,0.0137003
,,,1.94008e-007,0.0130374
,,,1.94408e-007,0.0130374
,,,1.94808e-007,0.0137003
,,,1.95208e-007,0.0137003
,,,1.95608e-007,0.0132584
,,,1.96008e-007,0.0141423
,,,1.96408e-007,0.0128164
,,,1.96808e-007,0.0128164
,,,1.97208e-007,0.0128164
,,,1.97608e-007,0.0134794
,,,1.98008e-007,0.0128164
,,,1.98408e-007,0.0130374
,,,1.98808e-007,0.0123745
,,,1.99208e-007,0.0125955
,,,1.99608e-007,0.0128164
,,,2.00008e-007,0.0125955
,,,2.00408e-007,0.0128164
,,,2.00808e-007,0.0134794
,,,2.01208e-007,0.0128164
,,,2.01608e-007,0.0123745
,,,2.02008e-007,0.0125955
,,,2.02408e-007,0.0114906
,,,2.02808e-007,0.0117116
,,,2.03208e-007,0.0121535
,,,2.03608e-007,0.0114906
,,,2.04008e-007,0.0112696
,,,2.04408e-007,0.0123745
,,,2.04808e-007,0.0121535
,,,2.05208e-007,0.0119325
,,,2.05608e-007,0.0121535
,,,2.06008e-007,0.0108277
,,,2.06408e-007,0.0108277
,,,2.06808e-007,0.0106067
,,,2.07208e-007,0.0106067
,,,2.07608e-007,0.00994378
,,,2.08008e-007,0.00994378
,,,2.08408e-007,0.00950184
,,,2.08808e-007,0.00950184
,,,2.09208e-007,0.00883892
,,,2.09608e-007,0.008176
,,,2.10008e-007,0.00883892
,,,2.10408e-007,0.00751308
,,,2.10808e-007,0.00751308
,,,2.11208e-007,0.00685016
,,,2.11608e-007,0.00640822
,,,2.12008e-007,0.00685016
,,,2.12408e-007,0.00596627
,,,2.12808e-007,0.0057453
,,,2.13208e-007,0.00552432
,,,2.13608e-007,0.00508238
,,,2.14008e-007,0.00441946
,,,2.14408e-007,0.00552432
,,,2.14808e-007,0.00464043
,,,2.15208e-007,0.00309362
,,,2.15608e-007,0.00353557
,,,2.16008e-007,0.00353557
,,,2.16408e-007,0.00331459
,,,2.16808e-007,0.00331459
,,,2.17208e-007,0.00331459
,,,2.17608e-007,0.00331459
,,,2.18008e-007,0.00375654
,,,2.18408e-007,0.00265168
,,,2.18808e-007,0.00220973
,,,2.19208e-007,0.00132584
,,,2.19608e-007,0.00154681
,,,2.20008e-007,0.0024307
,,,2.20408e-007,0.00220973
,,,2.20808e-007,0.00176778
,,,2.21208e-007,0.000883892
,,,2.21608e-007,0.00110486
,,,2.22008e-007,0.00198876
,,,2.22408e-007,0.00176778
,,,2.22808e-007,0.000883892
,,,2.23208e-007,0.000883892
,,,2.23608e-007,0.000662919
,,,2.24008e-007,0.00132584
,,,2.24408e-007,0.00154681
,,,2.24808e-007,0.00110486
,,,2.25208e-007,0.00154681
,,,2.25608e-007,0.00132584
,,,2.26008e-007,0.000220973
,,,2.26408e-007,0.000883892
,,,2.26808e-007,0.000883892
,,,2.27208e-007,0.000220973
,,,2.27608e-007,0.000662919
,,,2.28008e-007,0.000662919
,,,2.28408e-007,0.000662919
,,,2.28808e-007,0.00132584
,,,2.29208e-007,0.000883892
,,,2.29608e-007,0.000662919
,,,2.30008e-007,0
,,,2.30408e-007,0.000883892
,,,2.30808e-007,0.000883892
,,,2.31208e-007,0.000220973
,,,2.31608e-007,0.00110486
,,,2.32008e-007,0.00110486
,,,2.32408e-007,0.00110486
,,,2.32808e-007,0.000883892
,,,2.33208e-007,0.000441946
,,,2.33608e-007,0.000441946
,,,2.34008e-007,0.000662919
,,,2.34408e-007,-0.000220973
,,,2.34808e-007,0.000220973
,,,2.35208e-007,-0.000662919
,,,2.35608e-007,-0.000883892
,,,2.36008e-007,-0.000662919
,,,2.36408e-007,0
,,,2.36808e-007,-0.000441946
,,,2.37208e-007,-0.000441946
,,,2.37608e-007,0
,,,2.38008e-007,-0.000220973
,,,2.38408e-007,0.000220973
,,,2.38808e-007,-0.000441946
,,,2.39208e-007,-0.000441946
,,,2.39608e-007,-0.000662919
,,,2.40008e-007,-0.000662919
,,,2.40408e-007,-0.000662919
,,,2.40808e-007,-0.000441946
,,,2.41208e-007,-0.000441946
,,,2.41608e-007,-0.000220973
,,,2.42008e-007,0.000220973
,,,2.42408e-007,0.000220973
,,,2.42808e-007,-0.000441946
,,,2.43208e-007,-0.000441946
,,,2.43608e-007,-0.00110486
,,,2.44008e-007,-0.00110486
,,,2.44408e-007,-0.000662919
,,,2.44808e-007,-0.000662919
,,,2.45208e-007,-0.000883892
,,,2.45608e-007,-0.000220973
,,,2.46008e-007,-0.000441946
,,,2.46408e-007,0
,,,2.46808e-007,-0.000441946
,,,2.47208e-007,-0.000441946
,,,2.47608e-007,0.00110486
,,,2.48008e-007,0.000441946
,,,2.48408e-007,0.000662919
,,,2.48808e-007,0.000220973
,,,2.49208e-007,0.000441946
,,,2.49608e-007,0.000220973
,,,2.50008e-007,0.000220973
