"Record Length",1252,"Points",-2.50086e-007,0.000441946
"Sample Interval",4e-010,s,-2.49686e-007,0.000220973
"Trigger Point",625,"Samples",-2.49286e-007,-0.000220973
"Trigger Time",0.214329,s,-2.48886e-007,0.000220973
,,,-2.48486e-007,0.000441946
"Horizontal Offset",-2.50086e-007,s,-2.48086e-007,0.000662919
,,,-2.47686e-007,-0.000220973
,,,-2.47286e-007,-0.000441946
,,,-2.46886e-007,-0.000220973
,,,-2.46486e-007,0.000662919
,,,-2.46086e-007,0.000220973
,,,-2.45686e-007,0
,,,-2.45286e-007,0
,,,-2.44886e-007,0
,,,-2.44486e-007,0.000662919
,,,-2.44086e-007,0
,,,-2.43686e-007,-0.000220973
,,,-2.43286e-007,-0.000220973
,,,-2.42886e-007,-0.000441946
,,,-2.42486e-007,0
,,,-2.42086e-007,0.000220973
,,,-2.41686e-007,0.000220973
,,,-2.41286e-007,0.000220973
,,,-2.40886e-007,0.000441946
,,,-2.40486e-007,0
,,,-2.40086e-007,-0.000220973
,,,-2.39686e-007,0.000662919
,,,-2.39286e-007,0
,,,-2.38886e-007,0
,,,-2.38486e-007,0.000220973
,,,-2.38086e-007,0.000662919
,,,-2.37686e-007,0.000441946
,,,-2.37286e-007,0.000220973
,,,-2.36886e-007,-0.000883892
,,,-2.36486e-007,0.000220973
,,,-2.36086e-007,0.000220973
,,,-2.35686e-007,-0.000220973
,,,-2.35286e-007,0
,,,-2.34886e-007,-0.000220973
,,,-2.34486e-007,-0.000220973
,,,-2.34086e-007,0.000220973
,,,-2.33686e-007,0.000662919
,,,-2.33286e-007,0
,,,-2.32886e-007,0.000662919
,,,-2.32486e-007,0.000441946
,,,-2.32086e-007,-0.000441946
,,,-2.31686e-007,0
,,,-2.31286e-007,0.000441946
,,,-2.30886e-007,0.000220973
,,,-2.30486e-007,0.000220973
,,,-2.30086e-007,-0.000220973
,,,-2.29686e-007,0
,,,-2.29286e-007,0.000662919
,,,-2.28886e-007,0.00110486
,,,-2.28486e-007,0.000441946
,,,-2.28086e-007,-0.000883892
,,,-2.27686e-007,0.000441946
,,,-2.27286e-007,0
,,,-2.26886e-007,0.000441946
,,,-2.26486e-007,0.000441946
,,,-2.26086e-007,0.000662919
,,,-2.25686e-007,0.000662919
,,,-2.25286e-007,0.000441946
,,,-2.24886e-007,-0.000441946
,,,-2.24486e-007,0.000220973
,,,-2.24086e-007,-0.000220973
,,,-2.23686e-007,0.000441946
,,,-2.23286e-007,-0.000441946
,,,-2.22886e-007,-0.000220973
,,,-2.22486e-007,0.000220973
,,,-2.22086e-007,0.000662919
,,,-2.21686e-007,0.000441946
,,,-2.21286e-007,0.000441946
,,,-2.20886e-007,0.000441946
,,,-2.20486e-007,-0.000220973
,,,-2.20086e-007,0
,,,-2.19686e-007,0.000220973
,,,-2.19286e-007,0.000441946
,,,-2.18886e-007,0
,,,-2.18486e-007,0
,,,-2.18086e-007,0.000220973
,,,-2.17686e-007,0
,,,-2.17286e-007,-0.000220973
,,,-2.16886e-007,0.000662919
,,,-2.16486e-007,-0.000220973
,,,-2.16086e-007,0.000220973
,,,-2.15686e-007,0.000662919
,,,-2.15286e-007,-0.000220973
,,,-2.14886e-007,0.000220973
,,,-2.14486e-007,0.000883892
,,,-2.14086e-007,0.000441946
,,,-2.13686e-007,0.000441946
,,,-2.13286e-007,0.000220973
,,,-2.12886e-007,0
,,,-2.12486e-007,0.000441946
,,,-2.12086e-007,0.000441946
,,,-2.11686e-007,0
,,,-2.11286e-007,0.000220973
,,,-2.10886e-007,0.000441946
,,,-2.10486e-007,0
,,,-2.10086e-007,0.000220973
,,,-2.09686e-007,0
,,,-2.09286e-007,0.000441946
,,,-2.08886e-007,0
,,,-2.08486e-007,0.000662919
,,,-2.08086e-007,0.000441946
,,,-2.07686e-007,0.00110486
,,,-2.07286e-007,0.000441946
,,,-2.06886e-007,-0.000220973
,,,-2.06486e-007,0.000220973
,,,-2.06086e-007,0.000441946
,,,-2.05686e-007,0.000662919
,,,-2.05286e-007,-0.000220973
,,,-2.04886e-007,-0.000662919
,,,-2.04486e-007,0
,,,-2.04086e-007,0.000220973
,,,-2.03686e-007,0.000220973
,,,-2.03286e-007,-0.000220973
,,,-2.02886e-007,-0.000441946
,,,-2.02486e-007,-0.000662919
,,,-2.02086e-007,0.000441946
,,,-2.01686e-007,-0.000220973
,,,-2.01286e-007,0.000662919
,,,-2.00886e-007,0.000220973
,,,-2.00486e-007,0
,,,-2.00086e-007,0.000662919
,,,-1.99686e-007,0.000220973
,,,-1.99286e-007,0
,,,-1.98886e-007,0.000883892
,,,-1.98486e-007,0.000883892
,,,-1.98086e-007,0.000441946
,,,-1.97686e-007,0.000662919
,,,-1.97286e-007,0.000220973
,,,-1.96886e-007,0
,,,-1.96486e-007,0.000441946
,,,-1.96086e-007,0.000441946
,,,-1.95686e-007,0
,,,-1.95286e-007,0.000220973
,,,-1.94886e-007,0
,,,-1.94486e-007,0.000220973
,,,-1.94086e-007,0.000220973
,,,-1.93686e-007,0.000441946
,,,-1.93286e-007,0.000883892
,,,-1.92886e-007,0.000441946
,,,-1.92486e-007,0.000441946
,,,-1.92086e-007,-0.000441946
,,,-1.91686e-007,0.000220973
,,,-1.91286e-007,0.000662919
,,,-1.90886e-007,0
,,,-1.90486e-007,-0.000662919
,,,-1.90086e-007,0.000441946
,,,-1.89686e-007,-0.000220973
,,,-1.89286e-007,0.000883892
,,,-1.88886e-007,0.000441946
,,,-1.88486e-007,0.000220973
,,,-1.88086e-007,0.000220973
,,,-1.87686e-007,0.000220973
,,,-1.87286e-007,0.000220973
,,,-1.86886e-007,0.000662919
,,,-1.86486e-007,0
,,,-1.86086e-007,0.000220973
,,,-1.85686e-007,0.000883892
,,,-1.85286e-007,0.000441946
,,,-1.84886e-007,0.000220973
,,,-1.84486e-007,-0.000220973
,,,-1.84086e-007,0.000220973
,,,-1.83686e-007,0.000441946
,,,-1.83286e-007,-0.000220973
,,,-1.82886e-007,-0.000220973
,,,-1.82486e-007,0.000441946
,,,-1.82086e-007,0.000441946
,,,-1.81686e-007,0
,,,-1.81286e-007,0.000441946
,,,-1.80886e-007,0.000441946
,,,-1.80486e-007,0
,,,-1.80086e-007,0.000441946
,,,-1.79686e-007,-0.000220973
,,,-1.79286e-007,0.000220973
,,,-1.78886e-007,0.000441946
,,,-1.78486e-007,-0.000441946
,,,-1.78086e-007,0
,,,-1.77686e-007,0
,,,-1.77286e-007,0.000662919
,,,-1.76886e-007,0
,,,-1.76486e-007,0
,,,-1.76086e-007,0
,,,-1.75686e-007,0.000220973
,,,-1.75286e-007,0.000220973
,,,-1.74886e-007,0.000220973
,,,-1.74486e-007,0.000441946
,,,-1.74086e-007,0.000883892
,,,-1.73686e-007,0.000883892
,,,-1.73286e-007,0.000441946
,,,-1.72886e-007,0.000441946
,,,-1.72486e-007,0.000883892
,,,-1.72086e-007,0
,,,-1.71686e-007,0.000220973
,,,-1.71286e-007,0
,,,-1.70886e-007,0.000220973
,,,-1.70486e-007,-0.000441946
,,,-1.70086e-007,0.000220973
,,,-1.69686e-007,0.000220973
,,,-1.69286e-007,0.000220973
,,,-1.68886e-007,-0.000220973
,,,-1.68486e-007,0.000220973
,,,-1.68086e-007,0.000220973
,,,-1.67686e-007,0.000220973
,,,-1.67286e-007,0.000220973
,,,-1.66886e-007,0.000220973
,,,-1.66486e-007,0.000662919
,,,-1.66086e-007,0.000220973
,,,-1.65686e-007,0
,,,-1.65286e-007,0.000220973
,,,-1.64886e-007,-0.000220973
,,,-1.64486e-007,0
,,,-1.64086e-007,0.000220973
,,,-1.63686e-007,-0.000441946
,,,-1.63286e-007,0.000220973
,,,-1.62886e-007,0.000441946
,,,-1.62486e-007,0
,,,-1.62086e-007,0
,,,-1.61686e-007,0.000220973
,,,-1.61286e-007,0
,,,-1.60886e-007,-0.000220973
,,,-1.60486e-007,0.000441946
,,,-1.60086e-007,0.000441946
,,,-1.59686e-007,0.000662919
,,,-1.59286e-007,0.000662919
,,,-1.58886e-007,-0.000220973
,,,-1.58486e-007,0.000220973
,,,-1.58086e-007,0.000441946
,,,-1.57686e-007,0.000220973
,,,-1.57286e-007,0.000662919
,,,-1.56886e-007,0.000441946
,,,-1.56486e-007,0
,,,-1.56086e-007,-0.000220973
,,,-1.55686e-007,-0.000441946
,,,-1.55286e-007,0.000220973
,,,-1.54886e-007,0.000662919
,,,-1.54486e-007,-0.000662919
,,,-1.54086e-007,0.000220973
,,,-1.53686e-007,-0.000220973
,,,-1.53286e-007,0.000883892
,,,-1.52886e-007,0.000220973
,,,-1.52486e-007,0.000883892
,,,-1.52086e-007,0
,,,-1.51686e-007,0.000441946
,,,-1.51286e-007,0.000662919
,,,-1.50886e-007,0.000220973
,,,-1.50486e-007,0.000220973
,,,-1.50086e-007,0.000441946
,,,-1.49686e-007,0.000220973
,,,-1.49286e-007,0.000441946
,,,-1.48886e-007,0.000662919
,,,-1.48486e-007,0.000662919
,,,-1.48086e-007,0.000220973
,,,-1.47686e-007,0.000220973
,,,-1.47286e-007,0.000441946
,,,-1.46886e-007,0.000441946
,,,-1.46486e-007,0
,,,-1.46086e-007,0.000662919
,,,-1.45686e-007,0.000662919
,,,-1.45286e-007,0.000441946
,,,-1.44886e-007,0.000220973
,,,-1.44486e-007,0.000220973
,,,-1.44086e-007,0.000441946
,,,-1.43686e-007,0.000883892
,,,-1.43286e-007,0.000662919
,,,-1.42886e-007,0.000220973
,,,-1.42486e-007,0.000441946
,,,-1.42086e-007,0.000220973
,,,-1.41686e-007,0.000662919
,,,-1.41286e-007,0.00176778
,,,-1.40886e-007,0
,,,-1.40486e-007,0
,,,-1.40086e-007,-0.000220973
,,,-1.39686e-007,0.000441946
,,,-1.39286e-007,0
,,,-1.38886e-007,0
,,,-1.38486e-007,0.000220973
,,,-1.38086e-007,0.000220973
,,,-1.37686e-007,0
,,,-1.37286e-007,0.000220973
,,,-1.36886e-007,0.000441946
,,,-1.36486e-007,0.000220973
,,,-1.36086e-007,-0.000441946
,,,-1.35686e-007,0
,,,-1.35286e-007,0
,,,-1.34886e-007,0.000220973
,,,-1.34486e-007,-0.000220973
,,,-1.34086e-007,0.000441946
,,,-1.33686e-007,0.000662919
,,,-1.33286e-007,0.000220973
,,,-1.32886e-007,0.000220973
,,,-1.32486e-007,0.000220973
,,,-1.32086e-007,0.000220973
,,,-1.31686e-007,-0.000662919
,,,-1.31286e-007,-0.000441946
,,,-1.30886e-007,0
,,,-1.30486e-007,0
,,,-1.30086e-007,0
,,,-1.29686e-007,-0.000220973
,,,-1.29286e-007,-0.000220973
,,,-1.28886e-007,0.000441946
,,,-1.28486e-007,-0.000220973
,,,-1.28086e-007,-0.000441946
,,,-1.27686e-007,0.000441946
,,,-1.27286e-007,0
,,,-1.26886e-007,0
,,,-1.26486e-007,0.000220973
,,,-1.26086e-007,0.000441946
,,,-1.25686e-007,0.000662919
,,,-1.25286e-007,0.000220973
,,,-1.24886e-007,-0.000441946
,,,-1.24486e-007,0.000441946
,,,-1.24086e-007,-0.000220973
,,,-1.23686e-007,0
,,,-1.23286e-007,0.000441946
,,,-1.22886e-007,0.000441946
,,,-1.22486e-007,-0.000220973
,,,-1.22086e-007,0.000441946
,,,-1.21686e-007,0.000662919
,,,-1.21286e-007,0
,,,-1.20886e-007,0.000441946
,,,-1.20486e-007,0.000883892
,,,-1.20086e-007,0
,,,-1.19686e-007,0.000883892
,,,-1.19286e-007,0.000441946
,,,-1.18886e-007,0
,,,-1.18486e-007,0.000441946
,,,-1.18086e-007,0
,,,-1.17686e-007,0.000441946
,,,-1.17286e-007,0
,,,-1.16886e-007,0.000220973
,,,-1.16486e-007,0.000883892
,,,-1.16086e-007,0.000662919
,,,-1.15686e-007,0.000220973
,,,-1.15286e-007,-0.000220973
,,,-1.14886e-007,0
,,,-1.14486e-007,0
,,,-1.14086e-007,0.000220973
,,,-1.13686e-007,-0.000441946
,,,-1.13286e-007,0
,,,-1.12886e-007,0
,,,-1.12486e-007,0.00110486
,,,-1.12086e-007,-0.000441946
,,,-1.11686e-007,0.00110486
,,,-1.11286e-007,0.000662919
,,,-1.10886e-007,-0.000220973
,,,-1.10486e-007,0
,,,-1.10086e-007,0.00110486
,,,-1.09686e-007,0.000441946
,,,-1.09286e-007,0.000441946
,,,-1.08886e-007,0.000220973
,,,-1.08486e-007,0.000441946
,,,-1.08086e-007,0.000441946
,,,-1.07686e-007,0.000662919
,,,-1.07286e-007,0.000441946
,,,-1.06886e-007,0.000220973
,,,-1.06486e-007,0.000220973
,,,-1.06086e-007,0.000220973
,,,-1.05686e-007,0.000220973
,,,-1.05286e-007,0.000883892
,,,-1.04886e-007,0.000220973
,,,-1.04486e-007,-0.000441946
,,,-1.04086e-007,-0.000662919
,,,-1.03686e-007,0.000883892
,,,-1.03286e-007,0
,,,-1.02886e-007,-0.000220973
,,,-1.02486e-007,0.000220973
,,,-1.02086e-007,0.000220973
,,,-1.01686e-007,0.000883892
,,,-1.01286e-007,0.000220973
,,,-1.00886e-007,0.000441946
,,,-1.00486e-007,0.000441946
,,,-1.00086e-007,-0.000662919
,,,-9.96857e-008,0
,,,-9.92857e-008,0.000220973
,,,-9.88857e-008,0
,,,-9.84857e-008,-0.000441946
,,,-9.80857e-008,0.000220973
,,,-9.76857e-008,0.000220973
,,,-9.72857e-008,0.000441946
,,,-9.68857e-008,0.000883892
,,,-9.64857e-008,0
,,,-9.60857e-008,0.000220973
,,,-9.56857e-008,0.000883892
,,,-9.52857e-008,-0.000220973
,,,-9.48857e-008,0
,,,-9.44857e-008,0
,,,-9.40857e-008,0
,,,-9.36857e-008,-0.000441946
,,,-9.32857e-008,0.000662919
,,,-9.28857e-008,0.000220973
,,,-9.24857e-008,0.000220973
,,,-9.20857e-008,0.000662919
,,,-9.16857e-008,0.000220973
,,,-9.12857e-008,-0.000220973
,,,-9.08857e-008,0.000220973
,,,-9.04857e-008,-0.000441946
,,,-9.00857e-008,0
,,,-8.96857e-008,0.000662919
,,,-8.92857e-008,0.000220973
,,,-8.88857e-008,0.000441946
,,,-8.84857e-008,0.000441946
,,,-8.80857e-008,0.000220973
,,,-8.76857e-008,0.000441946
,,,-8.72857e-008,-0.000220973
,,,-8.68857e-008,-0.000220973
,,,-8.64857e-008,0.000220973
,,,-8.60857e-008,0.00110486
,,,-8.56857e-008,0
,,,-8.52857e-008,0.000441946
,,,-8.48857e-008,0.000220973
,,,-8.44857e-008,-0.000441946
,,,-8.40857e-008,0
,,,-8.36857e-008,0.000220973
,,,-8.32857e-008,-0.000220973
,,,-8.28857e-008,0
,,,-8.24857e-008,0
,,,-8.20857e-008,0.000441946
,,,-8.16857e-008,0
,,,-8.12857e-008,0.000883892
,,,-8.08857e-008,-0.000220973
,,,-8.04857e-008,-0.000441946
,,,-8.00857e-008,0.000220973
,,,-7.96857e-008,-0.000220973
,,,-7.92857e-008,0.000220973
,,,-7.88857e-008,0.000220973
,,,-7.84857e-008,0.000441946
,,,-7.80857e-008,0.000662919
,,,-7.76857e-008,0.000220973
,,,-7.72857e-008,0
,,,-7.68857e-008,-0.000220973
,,,-7.64857e-008,-0.000220973
,,,-7.60857e-008,-0.000220973
,,,-7.56857e-008,-0.000441946
,,,-7.52857e-008,0.000220973
,,,-7.48857e-008,0.000441946
,,,-7.44857e-008,-0.000220973
,,,-7.40857e-008,-0.000441946
,,,-7.36857e-008,-0.000220973
,,,-7.32857e-008,0.000220973
,,,-7.28857e-008,0.000662919
,,,-7.24857e-008,-0.000220973
,,,-7.20857e-008,-0.000441946
,,,-7.16857e-008,0.000441946
,,,-7.12857e-008,0.000220973
,,,-7.08857e-008,0
,,,-7.04857e-008,0
,,,-7.00857e-008,0.000441946
,,,-6.96857e-008,0.000662919
,,,-6.92857e-008,0.000662919
,,,-6.88857e-008,-0.000220973
,,,-6.84857e-008,0.000662919
,,,-6.80857e-008,0.000662919
,,,-6.76857e-008,0
,,,-6.72857e-008,0
,,,-6.68857e-008,-0.000220973
,,,-6.64857e-008,-0.000220973
,,,-6.60857e-008,0.000220973
,,,-6.56857e-008,0.000441946
,,,-6.52857e-008,0
,,,-6.48857e-008,0
,,,-6.44857e-008,0.000662919
,,,-6.40857e-008,0.000220973
,,,-6.36857e-008,0.000883892
,,,-6.32857e-008,0
,,,-6.28857e-008,0.000441946
,,,-6.24857e-008,0
,,,-6.20857e-008,0.000220973
,,,-6.16857e-008,-0.000220973
,,,-6.12857e-008,0.000220973
,,,-6.08857e-008,0.000220973
,,,-6.04857e-008,0
,,,-6.00857e-008,0
,,,-5.96857e-008,0.000441946
,,,-5.92857e-008,-0.000441946
,,,-5.88857e-008,0
,,,-5.84857e-008,-0.000662919
,,,-5.80857e-008,0
,,,-5.76857e-008,-0.000220973
,,,-5.72857e-008,0.000441946
,,,-5.68857e-008,0.000441946
,,,-5.64857e-008,0.000441946
,,,-5.60857e-008,-0.000220973
,,,-5.56857e-008,0
,,,-5.52857e-008,0.000220973
,,,-5.48857e-008,0.000662919
,,,-5.44857e-008,0
,,,-5.40857e-008,0.000441946
,,,-5.36857e-008,0.000441946
,,,-5.32857e-008,0.000662919
,,,-5.28857e-008,0.000441946
,,,-5.24857e-008,0.000662919
,,,-5.20857e-008,-0.000220973
,,,-5.16857e-008,-0.000220973
,,,-5.12857e-008,0
,,,-5.08857e-008,0.000220973
,,,-5.04857e-008,0.000441946
,,,-5.00857e-008,0.000441946
,,,-4.96857e-008,0.000662919
,,,-4.92857e-008,0.000441946
,,,-4.88857e-008,0.000441946
,,,-4.84857e-008,0.000441946
,,,-4.80857e-008,0.000441946
,,,-4.76857e-008,0.000662919
,,,-4.72857e-008,-0.000220973
,,,-4.68857e-008,0.000220973
,,,-4.64857e-008,0.000220973
,,,-4.60857e-008,0.000883892
,,,-4.56857e-008,0.000662919
,,,-4.52857e-008,0.000662919
,,,-4.48857e-008,-0.000220973
,,,-4.44857e-008,-0.000220973
,,,-4.40857e-008,0
,,,-4.36857e-008,0
,,,-4.32857e-008,-0.000220973
,,,-4.28857e-008,0
,,,-4.24857e-008,-0.000441946
,,,-4.20857e-008,0.000441946
,,,-4.16857e-008,0.000662919
,,,-4.12857e-008,0.000662919
,,,-4.08857e-008,0.000662919
,,,-4.04857e-008,0.000220973
,,,-4.00857e-008,0
,,,-3.96857e-008,0
,,,-3.92857e-008,0
,,,-3.88857e-008,-0.000441946
,,,-3.84857e-008,0.000441946
,,,-3.80857e-008,0.000441946
,,,-3.76857e-008,0.000441946
,,,-3.72857e-008,0.000220973
,,,-3.68857e-008,0.000883892
,,,-3.64857e-008,0.000220973
,,,-3.60857e-008,0
,,,-3.56857e-008,0.000441946
,,,-3.52857e-008,-0.000220973
,,,-3.48857e-008,-0.000220973
,,,-3.44857e-008,-0.000441946
,,,-3.40857e-008,0.000220973
,,,-3.36857e-008,0.000441946
,,,-3.32857e-008,0.00110486
,,,-3.28857e-008,0.000441946
,,,-3.24857e-008,0.000662919
,,,-3.20857e-008,-0.000220973
,,,-3.16857e-008,0.000441946
,,,-3.12857e-008,0
,,,-3.08857e-008,-0.000441946
,,,-3.04857e-008,0.000662919
,,,-3.00857e-008,0.000220973
,,,-2.96857e-008,0
,,,-2.92857e-008,0.000441946
,,,-2.88857e-008,0.000220973
,,,-2.84857e-008,0.000220973
,,,-2.80857e-008,-0.000220973
,,,-2.76857e-008,0
,,,-2.72857e-008,0.000441946
,,,-2.68857e-008,0.000220973
,,,-2.64857e-008,0
,,,-2.60857e-008,0.000441946
,,,-2.56857e-008,0.000441946
,,,-2.52857e-008,0.000220973
,,,-2.48857e-008,0.000441946
,,,-2.44857e-008,-0.000220973
,,,-2.40857e-008,-0.000220973
,,,-2.36857e-008,0.000441946
,,,-2.32857e-008,0
,,,-2.28857e-008,-0.000220973
,,,-2.24857e-008,0.00110486
,,,-2.20857e-008,0
,,,-2.16857e-008,0
,,,-2.12857e-008,-0.000220973
,,,-2.08857e-008,0.000441946
,,,-2.04857e-008,0.000220973
,,,-2.00857e-008,0.000220973
,,,-1.96857e-008,0.000441946
,,,-1.92857e-008,0.000883892
,,,-1.88857e-008,0.000220973
,,,-1.84857e-008,0.000662919
,,,-1.80857e-008,0.000220973
,,,-1.76857e-008,0.000441946
,,,-1.72857e-008,0.000441946
,,,-1.68857e-008,-0.000220973
,,,-1.64857e-008,0.000220973
,,,-1.60857e-008,0.000220973
,,,-1.56857e-008,0.000441946
,,,-1.52857e-008,-0.000220973
,,,-1.48857e-008,0
,,,-1.44857e-008,-0.000441946
,,,-1.40857e-008,0.000441946
,,,-1.36857e-008,0.000441946
,,,-1.32857e-008,0.000662919
,,,-1.28857e-008,0
,,,-1.24857e-008,-0.000220973
,,,-1.20857e-008,0.000220973
,,,-1.16857e-008,0.000441946
,,,-1.12857e-008,0.000220973
,,,-1.08857e-008,0
,,,-1.04857e-008,0.000441946
,,,-1.00857e-008,0.000220973
,,,-9.68573e-009,-0.000441946
,,,-9.28573e-009,0.000662919
,,,-8.88573e-009,0.000662919
,,,-8.48573e-009,-0.000220973
,,,-8.08573e-009,0
,,,-7.68573e-009,0.000220973
,,,-7.28573e-009,0.000441946
,,,-6.88573e-009,0
,,,-6.48573e-009,0
,,,-6.08573e-009,0.000220973
,,,-5.68573e-009,0.000441946
,,,-5.28573e-009,0.000220973
,,,-4.88573e-009,0.000220973
,,,-4.48573e-009,0.000662919
,,,-4.08573e-009,0
,,,-3.68573e-009,0.000220973
,,,-3.28573e-009,0
,,,-2.88573e-009,-0.000220973
,,,-2.48573e-009,-0.000220973
,,,-2.08573e-009,-0.000220973
,,,-1.68573e-009,0.000220973
,,,-1.28573e-009,0.000662919
,,,-8.85731e-010,0.000441946
,,,-4.85731e-010,0.000441946
,,,-8.57315e-011,-0.000220973
,,,3.14269e-010,0.000220973
,,,7.14269e-010,0.00110486
,,,1.11427e-009,0.000220973
,,,1.51427e-009,0.000441946
,,,1.91427e-009,0.000220973
,,,2.31427e-009,0.000220973
,,,2.71427e-009,0.000220973
,,,3.11427e-009,0
,,,3.51427e-009,0.000441946
,,,3.91427e-009,0
,,,4.31427e-009,0
,,,4.71427e-009,0.000441946
,,,5.11427e-009,0.000662919
,,,5.51427e-009,-0.000220973
,,,5.91427e-009,0.000883892
,,,6.31427e-009,-0.000220973
,,,6.71427e-009,-0.000441946
,,,7.11427e-009,0.000220973
,,,7.51427e-009,0.000220973
,,,7.91427e-009,-0.000220973
,,,8.31427e-009,0.000883892
,,,8.71427e-009,0
,,,9.11427e-009,0.000220973
,,,9.51427e-009,0.00110486
,,,9.91427e-009,0.000441946
,,,1.03143e-008,0.000220973
,,,1.07143e-008,0.000662919
,,,1.11143e-008,0
,,,1.15143e-008,0.000220973
,,,1.19143e-008,0.000441946
,,,1.23143e-008,0
,,,1.27143e-008,0
,,,1.31143e-008,0.000662919
,,,1.35143e-008,-0.000441946
,,,1.39143e-008,0.000220973
,,,1.43143e-008,0.000220973
,,,1.47143e-008,0.000662919
,,,1.51143e-008,0.000220973
,,,1.55143e-008,-0.000220973
,,,1.59143e-008,-0.000220973
,,,1.63143e-008,0.000220973
,,,1.67143e-008,0.000662919
,,,1.71143e-008,0
,,,1.75143e-008,-0.000441946
,,,1.79143e-008,-0.000441946
,,,1.83143e-008,0.000441946
,,,1.87143e-008,0.000220973
,,,1.91143e-008,0
,,,1.95143e-008,0.000441946
,,,1.99143e-008,0.000220973
,,,2.03143e-008,-0.000220973
,,,2.07143e-008,-0.000220973
,,,2.11143e-008,-0.000662919
,,,2.15143e-008,-0.000441946
,,,2.19143e-008,0.000441946
,,,2.23143e-008,-0.000220973
,,,2.27143e-008,0.000220973
,,,2.31143e-008,0.000441946
,,,2.35143e-008,-0.000220973
,,,2.39143e-008,0.000220973
,,,2.43143e-008,0.00110486
,,,2.47143e-008,0.000220973
,,,2.51143e-008,0.000441946
,,,2.55143e-008,0.000662919
,,,2.59143e-008,0.000220973
,,,2.63143e-008,0.000441946
,,,2.67143e-008,0.000441946
,,,2.71143e-008,-0.000220973
,,,2.75143e-008,-0.000220973
,,,2.79143e-008,0
,,,2.83143e-008,0.000220973
,,,2.87143e-008,-0.000662919
,,,2.91143e-008,-0.000220973
,,,2.95143e-008,0
,,,2.99143e-008,0.000220973
,,,3.03143e-008,0.000441946
,,,3.07143e-008,0.000662919
,,,3.11143e-008,0.000883892
,,,3.15143e-008,0.00110486
,,,3.19143e-008,-0.000220973
,,,3.23143e-008,0.000441946
,,,3.27143e-008,0.00110486
,,,3.31143e-008,0
,,,3.35143e-008,0
,,,3.39143e-008,0.000220973
,,,3.43143e-008,-0.000220973
,,,3.47143e-008,0.000883892
,,,3.51143e-008,0.000441946
,,,3.55143e-008,0.000441946
,,,3.59143e-008,-0.000220973
,,,3.63143e-008,0.000662919
,,,3.67143e-008,0.000220973
,,,3.71143e-008,0.000220973
,,,3.75143e-008,-0.000662919
,,,3.79143e-008,0
,,,3.83143e-008,0.000220973
,,,3.87143e-008,0.000220973
,,,3.91143e-008,0.000441946
,,,3.95143e-008,-0.000441946
,,,3.99143e-008,-0.000441946
,,,4.03143e-008,0.000220973
,,,4.07143e-008,0.000441946
,,,4.11143e-008,0.000220973
,,,4.15143e-008,0.000441946
,,,4.19143e-008,0.000220973
,,,4.23143e-008,0.000883892
,,,4.27143e-008,0.000662919
,,,4.31143e-008,0.000220973
,,,4.35143e-008,0.000662919
,,,4.39143e-008,0.000220973
,,,4.43143e-008,-0.000883892
,,,4.47143e-008,0.000441946
,,,4.51143e-008,0.000441946
,,,4.55143e-008,0
,,,4.59143e-008,0.000662919
,,,4.63143e-008,0.000441946
,,,4.67143e-008,0.000883892
,,,4.71143e-008,0.000883892
,,,4.75143e-008,0.000883892
,,,4.79143e-008,0
,,,4.83143e-008,0
,,,4.87143e-008,0.000220973
,,,4.91143e-008,0
,,,4.95143e-008,0.000662919
,,,4.99143e-008,0.000662919
,,,5.03143e-008,0
,,,5.07143e-008,-0.000220973
,,,5.11143e-008,0
,,,5.15143e-008,0.000220973
,,,5.19143e-008,0.000662919
,,,5.23143e-008,0
,,,5.27143e-008,0.000220973
,,,5.31143e-008,0.000220973
,,,5.35143e-008,-0.000662919
,,,5.39143e-008,-0.000220973
,,,5.43143e-008,-0.000441946
,,,5.47143e-008,0.000220973
,,,5.51143e-008,0.000220973
,,,5.55143e-008,-0.000441946
,,,5.59143e-008,-0.000220973
,,,5.63143e-008,0.000441946
,,,5.67143e-008,0.000441946
,,,5.71143e-008,0.000220973
,,,5.75143e-008,0.000220973
,,,5.79143e-008,0.000220973
,,,5.83143e-008,0.000220973
,,,5.87143e-008,0.000220973
,,,5.91143e-008,0.000441946
,,,5.95143e-008,0
,,,5.99143e-008,0.000662919
,,,6.03143e-008,0.000662919
,,,6.07143e-008,0
,,,6.11143e-008,0.000220973
,,,6.15143e-008,0.000220973
,,,6.19143e-008,0.000220973
,,,6.23143e-008,-0.000441946
,,,6.27143e-008,0
,,,6.31143e-008,0.000220973
,,,6.35143e-008,0.000441946
,,,6.39143e-008,0.000662919
,,,6.43143e-008,0.000662919
,,,6.47143e-008,0
,,,6.51143e-008,0.000220973
,,,6.55143e-008,0.000441946
,,,6.59143e-008,0.000662919
,,,6.63143e-008,0.000220973
,,,6.67143e-008,0.000662919
,,,6.71143e-008,0.000662919
,,,6.75143e-008,0.000220973
,,,6.79143e-008,-0.000220973
,,,6.83143e-008,0
,,,6.87143e-008,0.000883892
,,,6.91143e-008,-0.000220973
,,,6.95143e-008,0
,,,6.99143e-008,0.000441946
,,,7.03143e-008,-0.000220973
,,,7.07143e-008,-0.000220973
,,,7.11143e-008,0.000662919
,,,7.15143e-008,0
,,,7.19143e-008,-0.000441946
,,,7.23143e-008,0
,,,7.27143e-008,0.000220973
,,,7.31143e-008,0.000220973
,,,7.35143e-008,0
,,,7.39143e-008,0.000220973
,,,7.43143e-008,0.000441946
,,,7.47143e-008,0.00110486
,,,7.51143e-008,0.000220973
,,,7.55143e-008,0.000441946
,,,7.59143e-008,0.000662919
,,,7.63143e-008,-0.000220973
,,,7.67143e-008,0.000441946
,,,7.71143e-008,0.000662919
,,,7.75143e-008,0.000441946
,,,7.79143e-008,0.000220973
,,,7.83143e-008,0.000662919
,,,7.87143e-008,0.000441946
,,,7.91143e-008,0
,,,7.95143e-008,-0.000441946
,,,7.99143e-008,-0.000220973
,,,8.03143e-008,0.000662919
,,,8.07143e-008,0.000662919
,,,8.11143e-008,0.000662919
,,,8.15143e-008,0.000220973
,,,8.19143e-008,0.000220973
,,,8.23143e-008,0
,,,8.27143e-008,-0.000441946
,,,8.31143e-008,-0.000220973
,,,8.35143e-008,0.000220973
,,,8.39143e-008,0.000441946
,,,8.43143e-008,-0.000441946
,,,8.47143e-008,0
,,,8.51143e-008,0
,,,8.55143e-008,0.000662919
,,,8.59143e-008,0
,,,8.63143e-008,-0.000441946
,,,8.67143e-008,0.000441946
,,,8.71143e-008,-0.000441946
,,,8.75143e-008,-0.000441946
,,,8.79143e-008,0.000662919
,,,8.83143e-008,0.000441946
,,,8.87143e-008,0.000220973
,,,8.91143e-008,0.000441946
,,,8.95143e-008,0.000662919
,,,8.99143e-008,0.000220973
,,,9.03143e-008,0.000883892
,,,9.07143e-008,0.000220973
,,,9.11143e-008,0.000441946
,,,9.15143e-008,-0.000662919
,,,9.19143e-008,0.000441946
,,,9.23143e-008,0.000220973
,,,9.27143e-008,0.000220973
,,,9.31143e-008,0.000441946
,,,9.35143e-008,0.000662919
,,,9.39143e-008,0.00154681
,,,9.43143e-008,0.00176778
,,,9.47143e-008,0.00287265
,,,9.51143e-008,0.00397751
,,,9.55143e-008,0.00397751
,,,9.59143e-008,0.00530335
,,,9.63143e-008,0.00662919
,,,9.67143e-008,0.00751308
,,,9.71143e-008,0.00883892
,,,9.75143e-008,0.0101648
,,,9.79143e-008,0.0108277
,,,9.83143e-008,0.0112696
,,,9.87143e-008,0.0134794
,,,9.91143e-008,0.0139213
,,,9.95143e-008,0.0152471
,,,9.99143e-008,0.0150262
,,,1.00314e-007,0.0150262
,,,1.00714e-007,0.0150262
,,,1.01114e-007,0.0167939
,,,1.01514e-007,0.016352
,,,1.01914e-007,0.0170149
,,,1.02314e-007,0.0170149
,,,1.02714e-007,0.0170149
,,,1.03114e-007,0.0167939
,,,1.03514e-007,0.0167939
,,,1.03914e-007,0.0178988
,,,1.04314e-007,0.0181198
,,,1.04714e-007,0.0170149
,,,1.05114e-007,0.0170149
,,,1.05514e-007,0.0172359
,,,1.05914e-007,0.0178988
,,,1.06314e-007,0.0167939
,,,1.06714e-007,0.016131
,,,1.07114e-007,0.0178988
,,,1.07514e-007,0.0176778
,,,1.07914e-007,0.0176778
,,,1.08314e-007,0.0174569
,,,1.08714e-007,0.0178988
,,,1.09114e-007,0.0174569
,,,1.09514e-007,0.0170149
,,,1.09914e-007,0.0174569
,,,1.10314e-007,0.0185617
,,,1.10714e-007,0.0185617
,,,1.11114e-007,0.0178988
,,,1.11514e-007,0.0181198
,,,1.11914e-007,0.0167939
,,,1.12314e-007,0.0178988
,,,1.12714e-007,0.0176778
,,,1.13114e-007,0.0174569
,,,1.13514e-007,0.0178988
,,,1.13914e-007,0.0187827
,,,1.14314e-007,0.0183408
,,,1.14714e-007,0.0178988
,,,1.15114e-007,0.0176778
,,,1.15514e-007,0.0178988
,,,1.15914e-007,0.0185617
,,,1.16314e-007,0.0178988
,,,1.16714e-007,0.0174569
,,,1.17114e-007,0.0172359
,,,1.17514e-007,0.0181198
,,,1.17914e-007,0.0183408
,,,1.18314e-007,0.0176778
,,,1.18714e-007,0.0181198
,,,1.19114e-007,0.0178988
,,,1.19514e-007,0.0178988
,,,1.19914e-007,0.0181198
,,,1.20314e-007,0.0178988
,,,1.20714e-007,0.0178988
,,,1.21114e-007,0.0185617
,,,1.21514e-007,0.0181198
,,,1.21914e-007,0.0176778
,,,1.22314e-007,0.0185617
,,,1.22714e-007,0.0196666
,,,1.23114e-007,0.0194456
,,,1.23514e-007,0.0192246
,,,1.23914e-007,0.0198876
,,,1.24314e-007,0.0201085
,,,1.24714e-007,0.0203295
,,,1.25114e-007,0.0205505
,,,1.25514e-007,0.0205505
,,,1.25914e-007,0.0212134
,,,1.26314e-007,0.0218763
,,,1.26714e-007,0.0212134
,,,1.27114e-007,0.0205505
,,,1.27514e-007,0.0203295
,,,1.27914e-007,0.0196666
,,,1.28314e-007,0.0196666
,,,1.28714e-007,0.0196666
,,,1.29114e-007,0.0190037
,,,1.29514e-007,0.0190037
,,,1.29914e-007,0.0194456
,,,1.30314e-007,0.0181198
,,,1.30714e-007,0.0185617
,,,1.31114e-007,0.0178988
,,,1.31514e-007,0.0178988
,,,1.31914e-007,0.0178988
,,,1.32314e-007,0.0172359
,,,1.32714e-007,0.0178988
,,,1.33114e-007,0.0170149
,,,1.33514e-007,0.0167939
,,,1.33914e-007,0.0170149
,,,1.34314e-007,0.0174569
,,,1.34714e-007,0.016573
,,,1.35114e-007,0.016131
,,,1.35514e-007,0.0170149
,,,1.35914e-007,0.0170149
,,,1.36314e-007,0.0167939
,,,1.36714e-007,0.0159101
,,,1.37114e-007,0.016352
,,,1.37514e-007,0.0167939
,,,1.37914e-007,0.016573
,,,1.38314e-007,0.016573
,,,1.38714e-007,0.0167939
,,,1.39114e-007,0.016352
,,,1.39514e-007,0.0159101
,,,1.39914e-007,0.0159101
,,,1.40314e-007,0.0154681
,,,1.40714e-007,0.0156891
,,,1.41114e-007,0.016573
,,,1.41514e-007,0.0152471
,,,1.41914e-007,0.0156891
,,,1.42314e-007,0.0152471
,,,1.42714e-007,0.0152471
,,,1.43114e-007,0.0154681
,,,1.43514e-007,0.0154681
,,,1.43914e-007,0.0145842
,,,1.44314e-007,0.0156891
,,,1.44714e-007,0.0152471
,,,1.45114e-007,0.0152471
,,,1.45514e-007,0.0148052
,,,1.45914e-007,0.0148052
,,,1.46314e-007,0.0152471
,,,1.46714e-007,0.0145842
,,,1.47114e-007,0.0141423
,,,1.47514e-007,0.0150262
,,,1.47914e-007,0.0139213
,,,1.48314e-007,0.0143632
,,,1.48714e-007,0.0145842
,,,1.49114e-007,0.0145842
,,,1.49514e-007,0.0143632
,,,1.49914e-007,0.0150262
,,,1.50314e-007,0.0152471
,,,1.50714e-007,0.0143632
,,,1.51114e-007,0.0141423
,,,1.51514e-007,0.0145842
,,,1.51914e-007,0.0148052
,,,1.52314e-007,0.0143632
,,,1.52714e-007,0.0152471
,,,1.53114e-007,0.0145842
,,,1.53514e-007,0.0137003
,,,1.53914e-007,0.0134794
,,,1.54314e-007,0.0137003
,,,1.54714e-007,0.0132584
,,,1.55114e-007,0.0132584
,,,1.55514e-007,0.0125955
,,,1.55914e-007,0.0128164
,,,1.56314e-007,0.0123745
,,,1.56714e-007,0.0114906
,,,1.57114e-007,0.0112696
,,,1.57514e-007,0.0119325
,,,1.57914e-007,0.0114906
,,,1.58314e-007,0.0117116
,,,1.58714e-007,0.0123745
,,,1.59114e-007,0.0128164
,,,1.59514e-007,0.0114906
,,,1.59914e-007,0.0121535
,,,1.60314e-007,0.0128164
,,,1.60714e-007,0.0117116
,,,1.61114e-007,0.0119325
,,,1.61514e-007,0.0130374
,,,1.61914e-007,0.0137003
,,,1.62314e-007,0.0121535
,,,1.62714e-007,0.0125955
,,,1.63114e-007,0.0117116
,,,1.63514e-007,0.0123745
,,,1.63914e-007,0.0123745
,,,1.64314e-007,0.0125955
,,,1.64714e-007,0.0125955
,,,1.65114e-007,0.0125955
,,,1.65514e-007,0.0112696
,,,1.65914e-007,0.0119325
,,,1.66314e-007,0.0125955
,,,1.66714e-007,0.0123745
,,,1.67114e-007,0.0119325
,,,1.67514e-007,0.0121535
,,,1.67914e-007,0.0121535
,,,1.68314e-007,0.0130374
,,,1.68714e-007,0.0121535
,,,1.69114e-007,0.0128164
,,,1.69514e-007,0.0125955
,,,1.69914e-007,0.0128164
,,,1.70314e-007,0.0128164
,,,1.70714e-007,0.0121535
,,,1.71114e-007,0.0125955
,,,1.71514e-007,0.0128164
,,,1.71914e-007,0.0125955
,,,1.72314e-007,0.0125955
,,,1.72714e-007,0.0123745
,,,1.73114e-007,0.0128164
,,,1.73514e-007,0.0121535
,,,1.73914e-007,0.0123745
,,,1.74314e-007,0.0119325
,,,1.74714e-007,0.0125955
,,,1.75114e-007,0.0121535
,,,1.75514e-007,0.0128164
,,,1.75914e-007,0.0125955
,,,1.76314e-007,0.0134794
,,,1.76714e-007,0.0119325
,,,1.77114e-007,0.0121535
,,,1.77514e-007,0.0123745
,,,1.77914e-007,0.0128164
,,,1.78314e-007,0.0123745
,,,1.78714e-007,0.0121535
,,,1.79114e-007,0.0119325
,,,1.79514e-007,0.0121535
,,,1.79914e-007,0.0128164
,,,1.80314e-007,0.0130374
,,,1.80714e-007,0.0123745
,,,1.81114e-007,0.0119325
,,,1.81514e-007,0.0130374
,,,1.81914e-007,0.0128164
,,,1.82314e-007,0.0130374
,,,1.82714e-007,0.0125955
,,,1.83114e-007,0.0123745
,,,1.83514e-007,0.0128164
,,,1.83914e-007,0.0125955
,,,1.84314e-007,0.0119325
,,,1.84714e-007,0.0114906
,,,1.85114e-007,0.0128164
,,,1.85514e-007,0.0132584
,,,1.85914e-007,0.0132584
,,,1.86314e-007,0.0125955
,,,1.86714e-007,0.0125955
,,,1.87114e-007,0.0125955
,,,1.87514e-007,0.0125955
,,,1.87914e-007,0.0128164
,,,1.88314e-007,0.0132584
,,,1.88714e-007,0.0130374
,,,1.89114e-007,0.0130374
,,,1.89514e-007,0.0128164
,,,1.89914e-007,0.0130374
,,,1.90314e-007,0.0130374
,,,1.90714e-007,0.0132584
,,,1.91114e-007,0.0137003
,,,1.91514e-007,0.0137003
,,,1.91914e-007,0.0128164
,,,1.92314e-007,0.0137003
,,,1.92714e-007,0.0132584
,,,1.93114e-007,0.0132584
,,,1.93514e-007,0.0130374
,,,1.93914e-007,0.0137003
,,,1.94314e-007,0.0132584
,,,1.94714e-007,0.0132584
,,,1.95114e-007,0.0125955
,,,1.95514e-007,0.0137003
,,,1.95914e-007,0.0128164
,,,1.96314e-007,0.0137003
,,,1.96714e-007,0.0132584
,,,1.97114e-007,0.0132584
,,,1.97514e-007,0.0130374
,,,1.97914e-007,0.0125955
,,,1.98314e-007,0.0130374
,,,1.98714e-007,0.0130374
,,,1.99114e-007,0.0130374
,,,1.99514e-007,0.0130374
,,,1.99914e-007,0.0128164
,,,2.00314e-007,0.0134794
,,,2.00714e-007,0.0132584
,,,2.01114e-007,0.0123745
,,,2.01514e-007,0.0125955
,,,2.01914e-007,0.0128164
,,,2.02314e-007,0.0121535
,,,2.02714e-007,0.0121535
,,,2.03114e-007,0.0125955
,,,2.03514e-007,0.0112696
,,,2.03914e-007,0.0117116
,,,2.04314e-007,0.0119325
,,,2.04714e-007,0.0112696
,,,2.05114e-007,0.0114906
,,,2.05514e-007,0.0108277
,,,2.05914e-007,0.0117116
,,,2.06314e-007,0.0112696
,,,2.06714e-007,0.0112696
,,,2.07114e-007,0.0106067
,,,2.07514e-007,0.0106067
,,,2.07914e-007,0.00950184
,,,2.08314e-007,0.0103857
,,,2.08714e-007,0.00950184
,,,2.09114e-007,0.00928087
,,,2.09514e-007,0.00861795
,,,2.09914e-007,0.00861795
,,,2.10314e-007,0.00861795
,,,2.10714e-007,0.00729211
,,,2.11114e-007,0.00685016
,,,2.11514e-007,0.00729211
,,,2.11914e-007,0.00596627
,,,2.12314e-007,0.00618724
,,,2.12714e-007,0.00662919
,,,2.13114e-007,0.00508238
,,,2.13514e-007,0.00530335
,,,2.13914e-007,0.00508238
,,,2.14314e-007,0.00464043
,,,2.14714e-007,0.00486141
,,,2.15114e-007,0.00441946
,,,2.15514e-007,0.00397751
,,,2.15914e-007,0.00331459
,,,2.16314e-007,0.00375654
,,,2.16714e-007,0.00331459
,,,2.17114e-007,0.00265168
,,,2.17514e-007,0.00287265
,,,2.17914e-007,0.00198876
,,,2.18314e-007,0.00309362
,,,2.18714e-007,0.00287265
,,,2.19114e-007,0.00110486
,,,2.19514e-007,0.00176778
,,,2.19914e-007,0.00198876
,,,2.20314e-007,0.00198876
,,,2.20714e-007,0.000662919
,,,2.21114e-007,0.00132584
,,,2.21514e-007,0.00110486
,,,2.21914e-007,0.00176778
,,,2.22314e-007,0.00176778
,,,2.22714e-007,0.00220973
,,,2.23114e-007,0.00132584
,,,2.23514e-007,0.00132584
,,,2.23914e-007,0.00132584
,,,2.24314e-007,0.00132584
,,,2.24714e-007,0.00132584
,,,2.25114e-007,0.000662919
,,,2.25514e-007,0.00132584
,,,2.25914e-007,0.00154681
,,,2.26314e-007,0.000883892
,,,2.26714e-007,0.000883892
,,,2.27114e-007,0.000441946
,,,2.27514e-007,0.000662919
,,,2.27914e-007,0.000662919
,,,2.28314e-007,0.000220973
,,,2.28714e-007,0.000883892
,,,2.29114e-007,0.000220973
,,,2.29514e-007,0.000662919
,,,2.29914e-007,0.000662919
,,,2.30314e-007,0.000220973
,,,2.30714e-007,0.000220973
,,,2.31114e-007,0.000441946
,,,2.31514e-007,0.000662919
,,,2.31914e-007,0.000662919
,,,2.32314e-007,0.00110486
,,,2.32714e-007,0.000220973
,,,2.33114e-007,0.000441946
,,,2.33514e-007,-0.000220973
,,,2.33914e-007,0
,,,2.34314e-007,0.000662919
,,,2.34714e-007,0.000441946
,,,2.35114e-007,-0.000220973
,,,2.35514e-007,0.000662919
,,,2.35914e-007,0.000441946
,,,2.36314e-007,-0.000220973
,,,2.36714e-007,0
,,,2.37114e-007,-0.000441946
,,,2.37514e-007,-0.000662919
,,,2.37914e-007,-0.000220973
,,,2.38314e-007,-0.000441946
,,,2.38714e-007,0.000441946
,,,2.39114e-007,-0.000662919
,,,2.39514e-007,-0.000441946
,,,2.39914e-007,-0.000220973
,,,2.40314e-007,0.000662919
,,,2.40714e-007,-0.000441946
,,,2.41114e-007,-0.000220973
,,,2.41514e-007,0.000441946
,,,2.41914e-007,-0.000220973
,,,2.42314e-007,-0.000220973
,,,2.42714e-007,0.000220973
,,,2.43114e-007,-0.000220973
,,,2.43514e-007,-0.000662919
,,,2.43914e-007,-0.00132584
,,,2.44314e-007,-0.000220973
,,,2.44714e-007,0
,,,2.45114e-007,-0.000220973
,,,2.45514e-007,-0.000220973
,,,2.45914e-007,-0.000441946
,,,2.46314e-007,-0.000662919
,,,2.46714e-007,-0.000220973
,,,2.47114e-007,0.000441946
,,,2.47514e-007,0.000220973
,,,2.47914e-007,0
,,,2.48314e-007,0.000441946
,,,2.48714e-007,-0.000220973
,,,2.49114e-007,0.000220973
,,,2.49514e-007,-0.000883892
,,,2.49914e-007,0
,,,2.50314e-007,0.000662919
