"Record Length",1252,"Points",-2.50094e-007,0.000883892
"Sample Interval",4e-010,s,-2.49694e-007,0.000220973
"Trigger Point",625,"Samples",-2.49294e-007,0
"Trigger Time",0.236021,s,-2.48894e-007,0.000441946
,,,-2.48494e-007,0
"Horizontal Offset",-2.50094e-007,s,-2.48094e-007,0.000220973
,,,-2.47694e-007,-0.000441946
,,,-2.47294e-007,-0.000220973
,,,-2.46894e-007,0
,,,-2.46494e-007,-0.000441946
,,,-2.46094e-007,0
,,,-2.45694e-007,0.000441946
,,,-2.45294e-007,0.000220973
,,,-2.44894e-007,0
,,,-2.44494e-007,0.000883892
,,,-2.44094e-007,0.000220973
,,,-2.43694e-007,0.000220973
,,,-2.43294e-007,0.000220973
,,,-2.42894e-007,0
,,,-2.42494e-007,0.000441946
,,,-2.42094e-007,0
,,,-2.41694e-007,0.000441946
,,,-2.41294e-007,0.000220973
,,,-2.40894e-007,0.000220973
,,,-2.40494e-007,0.000220973
,,,-2.40094e-007,0
,,,-2.39694e-007,0.000220973
,,,-2.39294e-007,0.000441946
,,,-2.38894e-007,0.000220973
,,,-2.38494e-007,0.000220973
,,,-2.38094e-007,0
,,,-2.37694e-007,0.000220973
,,,-2.37294e-007,0.000441946
,,,-2.36894e-007,0.000441946
,,,-2.36494e-007,0.000883892
,,,-2.36094e-007,0
,,,-2.35694e-007,0.000220973
,,,-2.35294e-007,0.000220973
,,,-2.34894e-007,0
,,,-2.34494e-007,0.000220973
,,,-2.34094e-007,0.000220973
,,,-2.33694e-007,0.000662919
,,,-2.33294e-007,-0.000220973
,,,-2.32894e-007,0
,,,-2.32494e-007,-0.000220973
,,,-2.32094e-007,-0.000220973
,,,-2.31694e-007,-0.000441946
,,,-2.31294e-007,0.000441946
,,,-2.30894e-007,0.000220973
,,,-2.30494e-007,0
,,,-2.30094e-007,-0.000662919
,,,-2.29694e-007,0
,,,-2.29294e-007,0.000441946
,,,-2.28894e-007,0.000441946
,,,-2.28494e-007,0.000220973
,,,-2.28094e-007,0
,,,-2.27694e-007,0.000220973
,,,-2.27294e-007,0
,,,-2.26894e-007,0.000662919
,,,-2.26494e-007,0.00110486
,,,-2.26094e-007,0.000441946
,,,-2.25694e-007,0
,,,-2.25294e-007,0
,,,-2.24894e-007,0.000441946
,,,-2.24494e-007,0
,,,-2.24094e-007,0.000441946
,,,-2.23694e-007,0.000441946
,,,-2.23294e-007,0
,,,-2.22894e-007,0.000441946
,,,-2.22494e-007,-0.000441946
,,,-2.22094e-007,0.000220973
,,,-2.21694e-007,0.00132584
,,,-2.21294e-007,0.000220973
,,,-2.20894e-007,0.000220973
,,,-2.20494e-007,0.000441946
,,,-2.20094e-007,0
,,,-2.19694e-007,0
,,,-2.19294e-007,0.000883892
,,,-2.18894e-007,-0.000441946
,,,-2.18494e-007,-0.000220973
,,,-2.18094e-007,-0.000220973
,,,-2.17694e-007,0.000662919
,,,-2.17294e-007,0.000441946
,,,-2.16894e-007,0.00110486
,,,-2.16494e-007,-0.000220973
,,,-2.16094e-007,0
,,,-2.15694e-007,0.000441946
,,,-2.15294e-007,0.000441946
,,,-2.14894e-007,0.000441946
,,,-2.14494e-007,0
,,,-2.14094e-007,0.000220973
,,,-2.13694e-007,-0.000441946
,,,-2.13294e-007,0
,,,-2.12894e-007,-0.000441946
,,,-2.12494e-007,0
,,,-2.12094e-007,-0.000441946
,,,-2.11694e-007,0.000662919
,,,-2.11294e-007,0
,,,-2.10894e-007,-0.000220973
,,,-2.10494e-007,0.000441946
,,,-2.10094e-007,0.000220973
,,,-2.09694e-007,0.000883892
,,,-2.09294e-007,0.000220973
,,,-2.08894e-007,0.000220973
,,,-2.08494e-007,0.000883892
,,,-2.08094e-007,0.000441946
,,,-2.07694e-007,0.000662919
,,,-2.07294e-007,0.000662919
,,,-2.06894e-007,0.000441946
,,,-2.06494e-007,0
,,,-2.06094e-007,0.000662919
,,,-2.05694e-007,0
,,,-2.05294e-007,-0.000441946
,,,-2.04894e-007,0.000220973
,,,-2.04494e-007,0.000220973
,,,-2.04094e-007,-0.000220973
,,,-2.03694e-007,0.000220973
,,,-2.03294e-007,0.000220973
,,,-2.02894e-007,0.000220973
,,,-2.02494e-007,0.000883892
,,,-2.02094e-007,0.000220973
,,,-2.01694e-007,0.000220973
,,,-2.01294e-007,0.00132584
,,,-2.00894e-007,0.000441946
,,,-2.00494e-007,-0.000441946
,,,-2.00094e-007,0.000220973
,,,-1.99694e-007,0.000220973
,,,-1.99294e-007,0.000441946
,,,-1.98894e-007,-0.000220973
,,,-1.98494e-007,0
,,,-1.98094e-007,0.000441946
,,,-1.97694e-007,0.000441946
,,,-1.97294e-007,0.000662919
,,,-1.96894e-007,0.000441946
,,,-1.96494e-007,0.000883892
,,,-1.96094e-007,0.000220973
,,,-1.95694e-007,0.000883892
,,,-1.95294e-007,0.000441946
,,,-1.94894e-007,0
,,,-1.94494e-007,0.000662919
,,,-1.94094e-007,0.00132584
,,,-1.93694e-007,0
,,,-1.93294e-007,-0.000220973
,,,-1.92894e-007,0.000441946
,,,-1.92494e-007,0.000441946
,,,-1.92094e-007,0.000220973
,,,-1.91694e-007,-0.000883892
,,,-1.91294e-007,0
,,,-1.90894e-007,-0.000883892
,,,-1.90494e-007,-0.000662919
,,,-1.90094e-007,0.000220973
,,,-1.89694e-007,0.000441946
,,,-1.89294e-007,0.000441946
,,,-1.88894e-007,-0.000220973
,,,-1.88494e-007,0.00110486
,,,-1.88094e-007,0.000662919
,,,-1.87694e-007,0.00110486
,,,-1.87294e-007,0.000883892
,,,-1.86894e-007,0
,,,-1.86494e-007,0.000220973
,,,-1.86094e-007,0.000441946
,,,-1.85694e-007,0.00110486
,,,-1.85294e-007,0.000441946
,,,-1.84894e-007,0.000220973
,,,-1.84494e-007,-0.000220973
,,,-1.84094e-007,-0.000220973
,,,-1.83694e-007,0.000441946
,,,-1.83294e-007,0.000883892
,,,-1.82894e-007,0.000220973
,,,-1.82494e-007,-0.000220973
,,,-1.82094e-007,0.000662919
,,,-1.81694e-007,-0.000220973
,,,-1.81294e-007,0.000441946
,,,-1.80894e-007,-0.000441946
,,,-1.80494e-007,0.000662919
,,,-1.80094e-007,0.000220973
,,,-1.79694e-007,0.000441946
,,,-1.79294e-007,0.000662919
,,,-1.78894e-007,0.000883892
,,,-1.78494e-007,0.000662919
,,,-1.78094e-007,0.000441946
,,,-1.77694e-007,0.000220973
,,,-1.77294e-007,0.000662919
,,,-1.76894e-007,0.000220973
,,,-1.76494e-007,0.00110486
,,,-1.76094e-007,0.000220973
,,,-1.75694e-007,-0.000220973
,,,-1.75294e-007,0
,,,-1.74894e-007,0.000883892
,,,-1.74494e-007,0
,,,-1.74094e-007,0.000662919
,,,-1.73694e-007,-0.000220973
,,,-1.73294e-007,0.000883892
,,,-1.72894e-007,0.000441946
,,,-1.72494e-007,0.000220973
,,,-1.72094e-007,-0.000220973
,,,-1.71694e-007,-0.000220973
,,,-1.71294e-007,-0.000220973
,,,-1.70894e-007,0
,,,-1.70494e-007,0.000441946
,,,-1.70094e-007,0.000220973
,,,-1.69694e-007,0.000220973
,,,-1.69294e-007,0
,,,-1.68894e-007,-0.000220973
,,,-1.68494e-007,0.000441946
,,,-1.68094e-007,0.000441946
,,,-1.67694e-007,0.000220973
,,,-1.67294e-007,0.000220973
,,,-1.66894e-007,0.000220973
,,,-1.66494e-007,0
,,,-1.66094e-007,0
,,,-1.65694e-007,0.000220973
,,,-1.65294e-007,0.000662919
,,,-1.64894e-007,-0.000220973
,,,-1.64494e-007,-0.000220973
,,,-1.64094e-007,0.000441946
,,,-1.63694e-007,0.000662919
,,,-1.63294e-007,0.000883892
,,,-1.62894e-007,0.000441946
,,,-1.62494e-007,0.000662919
,,,-1.62094e-007,0.000441946
,,,-1.61694e-007,0.000220973
,,,-1.61294e-007,0.000220973
,,,-1.60894e-007,-0.000220973
,,,-1.60494e-007,0.000441946
,,,-1.60094e-007,-0.000220973
,,,-1.59694e-007,0.000220973
,,,-1.59294e-007,-0.000441946
,,,-1.58894e-007,0.000441946
,,,-1.58494e-007,-0.000662919
,,,-1.58094e-007,0.000441946
,,,-1.57694e-007,0.000441946
,,,-1.57294e-007,0.000441946
,,,-1.56894e-007,0.000220973
,,,-1.56494e-007,0.000441946
,,,-1.56094e-007,0.000220973
,,,-1.55694e-007,0.000441946
,,,-1.55294e-007,0.000441946
,,,-1.54894e-007,-0.000220973
,,,-1.54494e-007,0
,,,-1.54094e-007,0.000220973
,,,-1.53694e-007,0.000662919
,,,-1.53294e-007,0.000883892
,,,-1.52894e-007,0
,,,-1.52494e-007,-0.000441946
,,,-1.52094e-007,-0.000220973
,,,-1.51694e-007,-0.000220973
,,,-1.51294e-007,0.000441946
,,,-1.50894e-007,0.000220973
,,,-1.50494e-007,-0.000441946
,,,-1.50094e-007,-0.000220973
,,,-1.49694e-007,0.000220973
,,,-1.49294e-007,0.000220973
,,,-1.48894e-007,0.000441946
,,,-1.48494e-007,0.000441946
,,,-1.48094e-007,0.000441946
,,,-1.47694e-007,0.00110486
,,,-1.47294e-007,0.000441946
,,,-1.46894e-007,0
,,,-1.46494e-007,0
,,,-1.46094e-007,0.000441946
,,,-1.45694e-007,0.000220973
,,,-1.45294e-007,0
,,,-1.44894e-007,0
,,,-1.44494e-007,-0.000441946
,,,-1.44094e-007,0.000220973
,,,-1.43694e-007,0
,,,-1.43294e-007,0
,,,-1.42894e-007,0.000220973
,,,-1.42494e-007,0.000220973
,,,-1.42094e-007,0.000662919
,,,-1.41694e-007,0.000220973
,,,-1.41294e-007,0.000883892
,,,-1.40894e-007,0.000883892
,,,-1.40494e-007,0.000662919
,,,-1.40094e-007,0.000441946
,,,-1.39694e-007,0.000220973
,,,-1.39294e-007,0.000441946
,,,-1.38894e-007,0.000220973
,,,-1.38494e-007,0.000441946
,,,-1.38094e-007,0
,,,-1.37694e-007,0.000662919
,,,-1.37294e-007,0.000441946
,,,-1.36894e-007,0
,,,-1.36494e-007,0.000662919
,,,-1.36094e-007,0
,,,-1.35694e-007,-0.000220973
,,,-1.35294e-007,0
,,,-1.34894e-007,0.000441946
,,,-1.34494e-007,-0.000220973
,,,-1.34094e-007,0.000220973
,,,-1.33694e-007,0
,,,-1.33294e-007,0.000220973
,,,-1.32894e-007,0.000441946
,,,-1.32494e-007,0.000441946
,,,-1.32094e-007,0.000220973
,,,-1.31694e-007,0.000662919
,,,-1.31294e-007,0.000441946
,,,-1.30894e-007,0.000441946
,,,-1.30494e-007,0.000662919
,,,-1.30094e-007,0.000662919
,,,-1.29694e-007,0
,,,-1.29294e-007,0.000441946
,,,-1.28894e-007,0
,,,-1.28494e-007,0
,,,-1.28094e-007,-0.000220973
,,,-1.27694e-007,-0.000220973
,,,-1.27294e-007,0.000441946
,,,-1.26894e-007,0
,,,-1.26494e-007,-0.000662919
,,,-1.26094e-007,-0.000220973
,,,-1.25694e-007,0
,,,-1.25294e-007,0.000662919
,,,-1.24894e-007,0.000441946
,,,-1.24494e-007,0.000441946
,,,-1.24094e-007,0.000220973
,,,-1.23694e-007,0.000662919
,,,-1.23294e-007,0.00110486
,,,-1.22894e-007,0.000883892
,,,-1.22494e-007,-0.000220973
,,,-1.22094e-007,0.000441946
,,,-1.21694e-007,0
,,,-1.21294e-007,0.00110486
,,,-1.20894e-007,0.000220973
,,,-1.20494e-007,0.000662919
,,,-1.20094e-007,0.000441946
,,,-1.19694e-007,0.000220973
,,,-1.19294e-007,0.000220973
,,,-1.18894e-007,0
,,,-1.18494e-007,0.000662919
,,,-1.18094e-007,0.000662919
,,,-1.17694e-007,0.000220973
,,,-1.17294e-007,0.00110486
,,,-1.16894e-007,-0.000441946
,,,-1.16494e-007,0.000883892
,,,-1.16094e-007,0
,,,-1.15694e-007,0.000441946
,,,-1.15294e-007,0.000441946
,,,-1.14894e-007,0.000220973
,,,-1.14494e-007,0.000220973
,,,-1.14094e-007,0
,,,-1.13694e-007,0.000662919
,,,-1.13294e-007,0.000220973
,,,-1.12894e-007,0.000441946
,,,-1.12494e-007,0.000441946
,,,-1.12094e-007,0.000662919
,,,-1.11694e-007,-0.000220973
,,,-1.11294e-007,0.000220973
,,,-1.10894e-007,0.000441946
,,,-1.10494e-007,-0.000220973
,,,-1.10094e-007,-0.000220973
,,,-1.09694e-007,-0.000662919
,,,-1.09294e-007,0.000441946
,,,-1.08894e-007,0.00132584
,,,-1.08494e-007,0.000220973
,,,-1.08094e-007,0
,,,-1.07694e-007,0.000662919
,,,-1.07294e-007,0.000220973
,,,-1.06894e-007,0
,,,-1.06494e-007,0.000883892
,,,-1.06094e-007,0.000441946
,,,-1.05694e-007,0.000441946
,,,-1.05294e-007,0.000662919
,,,-1.04894e-007,0.000220973
,,,-1.04494e-007,-0.000662919
,,,-1.04094e-007,0
,,,-1.03694e-007,0.000662919
,,,-1.03294e-007,0.000441946
,,,-1.02894e-007,-0.000220973
,,,-1.02494e-007,0.000220973
,,,-1.02094e-007,-0.000220973
,,,-1.01694e-007,0.000441946
,,,-1.01294e-007,0.000441946
,,,-1.00894e-007,0.000662919
,,,-1.00494e-007,0.000441946
,,,-1.00094e-007,-0.000220973
,,,-9.96944e-008,0.000220973
,,,-9.92944e-008,0.000883892
,,,-9.88944e-008,0.000220973
,,,-9.84944e-008,0.000441946
,,,-9.80944e-008,0.000441946
,,,-9.76944e-008,0
,,,-9.72944e-008,0.000662919
,,,-9.68944e-008,0.000662919
,,,-9.64944e-008,0
,,,-9.60944e-008,0.000220973
,,,-9.56944e-008,0.000441946
,,,-9.52944e-008,0.000220973
,,,-9.48944e-008,0.000662919
,,,-9.44944e-008,-0.000220973
,,,-9.40944e-008,0
,,,-9.36944e-008,0
,,,-9.32944e-008,-0.000220973
,,,-9.28944e-008,0.000883892
,,,-9.24944e-008,-0.000220973
,,,-9.20944e-008,0
,,,-9.16944e-008,0.000220973
,,,-9.12944e-008,0.000441946
,,,-9.08944e-008,0
,,,-9.04944e-008,0.000662919
,,,-9.00944e-008,0.000441946
,,,-8.96944e-008,0.000883892
,,,-8.92944e-008,0.000441946
,,,-8.88944e-008,0.000441946
,,,-8.84944e-008,0.000220973
,,,-8.80944e-008,0.000220973
,,,-8.76944e-008,-0.000662919
,,,-8.72944e-008,0.000220973
,,,-8.68944e-008,0
,,,-8.64944e-008,-0.000220973
,,,-8.60944e-008,0.000441946
,,,-8.56944e-008,-0.000220973
,,,-8.52944e-008,0
,,,-8.48944e-008,0
,,,-8.44944e-008,0.000883892
,,,-8.40944e-008,0.000220973
,,,-8.36944e-008,0.000883892
,,,-8.32944e-008,0
,,,-8.28944e-008,0.000662919
,,,-8.24944e-008,-0.000441946
,,,-8.20944e-008,0.000662919
,,,-8.16944e-008,0.000662919
,,,-8.12944e-008,0.000441946
,,,-8.08944e-008,0.000220973
,,,-8.04944e-008,0.000220973
,,,-8.00944e-008,0.000441946
,,,-7.96944e-008,0
,,,-7.92944e-008,-0.000441946
,,,-7.88944e-008,-0.000220973
,,,-7.84944e-008,0.000220973
,,,-7.80944e-008,0.000662919
,,,-7.76944e-008,0.000883892
,,,-7.72944e-008,0
,,,-7.68944e-008,0.000441946
,,,-7.64944e-008,0.000883892
,,,-7.60944e-008,0.000220973
,,,-7.56944e-008,0.000662919
,,,-7.52944e-008,0.000220973
,,,-7.48944e-008,-0.000441946
,,,-7.44944e-008,0
,,,-7.40944e-008,0.000662919
,,,-7.36944e-008,0.000883892
,,,-7.32944e-008,0.000220973
,,,-7.28944e-008,0.000662919
,,,-7.24944e-008,0.000662919
,,,-7.20944e-008,-0.000220973
,,,-7.16944e-008,0.000220973
,,,-7.12944e-008,-0.000441946
,,,-7.08944e-008,0
,,,-7.04944e-008,0
,,,-7.00944e-008,0.000220973
,,,-6.96944e-008,0.000441946
,,,-6.92944e-008,0.000662919
,,,-6.88944e-008,0.000220973
,,,-6.84944e-008,0.00110486
,,,-6.80944e-008,0.000883892
,,,-6.76944e-008,0.000883892
,,,-6.72944e-008,0.000441946
,,,-6.68944e-008,0.000441946
,,,-6.64944e-008,0.000441946
,,,-6.60944e-008,0.000441946
,,,-6.56944e-008,0
,,,-6.52944e-008,-0.000220973
,,,-6.48944e-008,0.000220973
,,,-6.44944e-008,0
,,,-6.40944e-008,-0.000220973
,,,-6.36944e-008,0.000662919
,,,-6.32944e-008,-0.000662919
,,,-6.28944e-008,-0.000220973
,,,-6.24944e-008,-0.000220973
,,,-6.20944e-008,0.000662919
,,,-6.16944e-008,0.000220973
,,,-6.12944e-008,0.000441946
,,,-6.08944e-008,0.000220973
,,,-6.04944e-008,0.000441946
,,,-6.00944e-008,0.000441946
,,,-5.96944e-008,0.000220973
,,,-5.92944e-008,0.000220973
,,,-5.88944e-008,0.000441946
,,,-5.84944e-008,0.00132584
,,,-5.80944e-008,0.000220973
,,,-5.76944e-008,0
,,,-5.72944e-008,0.00110486
,,,-5.68944e-008,-0.000220973
,,,-5.64944e-008,-0.000220973
,,,-5.60944e-008,0.000441946
,,,-5.56944e-008,-0.000662919
,,,-5.52944e-008,0
,,,-5.48944e-008,0.000883892
,,,-5.44944e-008,0.000441946
,,,-5.40944e-008,0.000441946
,,,-5.36944e-008,0
,,,-5.32944e-008,0
,,,-5.28944e-008,0.000220973
,,,-5.24944e-008,0.000662919
,,,-5.20944e-008,-0.000220973
,,,-5.16944e-008,0.000883892
,,,-5.12944e-008,0.000220973
,,,-5.08944e-008,0.000220973
,,,-5.04944e-008,-0.000441946
,,,-5.00944e-008,0.000662919
,,,-4.96944e-008,0
,,,-4.92944e-008,0.000662919
,,,-4.88944e-008,0.000662919
,,,-4.84944e-008,0.000220973
,,,-4.80944e-008,-0.000441946
,,,-4.76944e-008,-0.000441946
,,,-4.72944e-008,0
,,,-4.68944e-008,0
,,,-4.64944e-008,0.000220973
,,,-4.60944e-008,0.000883892
,,,-4.56944e-008,0.000220973
,,,-4.52944e-008,0.000883892
,,,-4.48944e-008,0.000441946
,,,-4.44944e-008,0.000662919
,,,-4.40944e-008,0.000662919
,,,-4.36944e-008,0.000441946
,,,-4.32944e-008,-0.000662919
,,,-4.28944e-008,-0.000220973
,,,-4.24944e-008,0.000220973
,,,-4.20944e-008,-0.000220973
,,,-4.16944e-008,0
,,,-4.12944e-008,0.00110486
,,,-4.08944e-008,0.000883892
,,,-4.04944e-008,0.000883892
,,,-4.00944e-008,-0.000220973
,,,-3.96944e-008,0.000220973
,,,-3.92944e-008,0.000441946
,,,-3.88944e-008,0.000220973
,,,-3.84944e-008,-0.000662919
,,,-3.80944e-008,0.000441946
,,,-3.76944e-008,0.000220973
,,,-3.72944e-008,0.000662919
,,,-3.68944e-008,0.000883892
,,,-3.64944e-008,0.000220973
,,,-3.60944e-008,0.000220973
,,,-3.56944e-008,0.000441946
,,,-3.52944e-008,0
,,,-3.48944e-008,0.000441946
,,,-3.44944e-008,0.000441946
,,,-3.40944e-008,0.00110486
,,,-3.36944e-008,0.000220973
,,,-3.32944e-008,0.000220973
,,,-3.28944e-008,-0.000220973
,,,-3.24944e-008,0.000220973
,,,-3.20944e-008,-0.000220973
,,,-3.16944e-008,-0.000220973
,,,-3.12944e-008,0.000220973
,,,-3.08944e-008,0
,,,-3.04944e-008,0.000441946
,,,-3.00944e-008,0.000441946
,,,-2.96944e-008,0.000883892
,,,-2.92944e-008,0.000441946
,,,-2.88944e-008,0.000883892
,,,-2.84944e-008,-0.000441946
,,,-2.80944e-008,0
,,,-2.76944e-008,0.000220973
,,,-2.72944e-008,0.000441946
,,,-2.68944e-008,-0.000220973
,,,-2.64944e-008,0.000662919
,,,-2.60944e-008,0.000662919
,,,-2.56944e-008,0.000220973
,,,-2.52944e-008,0
,,,-2.48944e-008,0.000662919
,,,-2.44944e-008,0.000220973
,,,-2.40944e-008,0.000441946
,,,-2.36944e-008,0.000662919
,,,-2.32944e-008,0.000662919
,,,-2.28944e-008,0
,,,-2.24944e-008,-0.000220973
,,,-2.20944e-008,0.000220973
,,,-2.16944e-008,0.000220973
,,,-2.12944e-008,0.000662919
,,,-2.08944e-008,0
,,,-2.04944e-008,0.000441946
,,,-2.00944e-008,0.000662919
,,,-1.96944e-008,0.000441946
,,,-1.92944e-008,0.000220973
,,,-1.88944e-008,-0.000220973
,,,-1.84944e-008,0.000662919
,,,-1.80944e-008,0.000441946
,,,-1.76944e-008,0.00110486
,,,-1.72944e-008,-0.000220973
,,,-1.68944e-008,0
,,,-1.64944e-008,0
,,,-1.60944e-008,0.000883892
,,,-1.56944e-008,0.000441946
,,,-1.52944e-008,0.000662919
,,,-1.48944e-008,0.000441946
,,,-1.44944e-008,0.000220973
,,,-1.40944e-008,-0.000220973
,,,-1.36944e-008,0.000220973
,,,-1.32944e-008,0.000441946
,,,-1.28944e-008,0.000220973
,,,-1.24944e-008,0.000662919
,,,-1.20944e-008,0.000441946
,,,-1.16944e-008,0.000662919
,,,-1.12944e-008,0.000441946
,,,-1.08944e-008,0.000883892
,,,-1.04944e-008,0.000220973
,,,-1.00944e-008,-0.000220973
,,,-9.69441e-009,0.000441946
,,,-9.29441e-009,0.000662919
,,,-8.89441e-009,0.000220973
,,,-8.49441e-009,0.000662919
,,,-8.09441e-009,0
,,,-7.69441e-009,-0.000883892
,,,-7.29441e-009,0.000220973
,,,-6.89441e-009,0.000662919
,,,-6.49441e-009,0
,,,-6.09441e-009,0
,,,-5.69441e-009,0
,,,-5.29441e-009,0.000662919
,,,-4.89441e-009,0.000220973
,,,-4.49441e-009,0.000441946
,,,-4.09441e-009,-0.000441946
,,,-3.69441e-009,0
,,,-3.29441e-009,0.000441946
,,,-2.89441e-009,0.000220973
,,,-2.49441e-009,0.000220973
,,,-2.09441e-009,0
,,,-1.69441e-009,0.000662919
,,,-1.29441e-009,0.000220973
,,,-8.94408e-010,-0.000220973
,,,-4.94408e-010,0.000220973
,,,-9.44082e-011,0.000220973
,,,3.05592e-010,-0.000220973
,,,7.05592e-010,0
,,,1.10559e-009,0.000220973
,,,1.50559e-009,0.000441946
,,,1.90559e-009,0
,,,2.30559e-009,0.000441946
,,,2.70559e-009,0.000441946
,,,3.10559e-009,-0.000220973
,,,3.50559e-009,0.000441946
,,,3.90559e-009,-0.000220973
,,,4.30559e-009,0.000662919
,,,4.70559e-009,0
,,,5.10559e-009,0.000883892
,,,5.50559e-009,-0.000441946
,,,5.90559e-009,0.000441946
,,,6.30559e-009,0.000220973
,,,6.70559e-009,0.000883892
,,,7.10559e-009,0.000441946
,,,7.50559e-009,0.000220973
,,,7.90559e-009,0.000220973
,,,8.30559e-009,0.000883892
,,,8.70559e-009,-0.000220973
,,,9.10559e-009,0
,,,9.50559e-009,-0.000220973
,,,9.90559e-009,0
,,,1.03056e-008,0
,,,1.07056e-008,0.000441946
,,,1.11056e-008,0.000220973
,,,1.15056e-008,0.000441946
,,,1.19056e-008,0.000441946
,,,1.23056e-008,0.000662919
,,,1.27056e-008,0.000220973
,,,1.31056e-008,0
,,,1.35056e-008,0.000883892
,,,1.39056e-008,0.000441946
,,,1.43056e-008,0.000441946
,,,1.47056e-008,0.000662919
,,,1.51056e-008,-0.000220973
,,,1.55056e-008,0.000662919
,,,1.59056e-008,0.000662919
,,,1.63056e-008,0.000220973
,,,1.67056e-008,0.000220973
,,,1.71056e-008,0.000441946
,,,1.75056e-008,-0.000220973
,,,1.79056e-008,0.000441946
,,,1.83056e-008,0.000662919
,,,1.87056e-008,0
,,,1.91056e-008,0.000441946
,,,1.95056e-008,0.000662919
,,,1.99056e-008,0
,,,2.03056e-008,0.000441946
,,,2.07056e-008,0.00110486
,,,2.11056e-008,0.000220973
,,,2.15056e-008,0
,,,2.19056e-008,0.000220973
,,,2.23056e-008,0.000441946
,,,2.27056e-008,0.000441946
,,,2.31056e-008,0.000441946
,,,2.35056e-008,-0.000441946
,,,2.39056e-008,0.000662919
,,,2.43056e-008,0.000220973
,,,2.47056e-008,0
,,,2.51056e-008,0.000441946
,,,2.55056e-008,0.000662919
,,,2.59056e-008,0.000220973
,,,2.63056e-008,0
,,,2.67056e-008,0
,,,2.71056e-008,0.000220973
,,,2.75056e-008,0.000883892
,,,2.79056e-008,0.000441946
,,,2.83056e-008,-0.000220973
,,,2.87056e-008,0.000441946
,,,2.91056e-008,-0.000220973
,,,2.95056e-008,0.000220973
,,,2.99056e-008,0.000441946
,,,3.03056e-008,0.000662919
,,,3.07056e-008,0.000220973
,,,3.11056e-008,-0.000441946
,,,3.15056e-008,0.000441946
,,,3.19056e-008,-0.000220973
,,,3.23056e-008,-0.000220973
,,,3.27056e-008,0.000662919
,,,3.31056e-008,0.000220973
,,,3.35056e-008,0.000441946
,,,3.39056e-008,0.000441946
,,,3.43056e-008,0.000662919
,,,3.47056e-008,0
,,,3.51056e-008,0.000662919
,,,3.55056e-008,0.000662919
,,,3.59056e-008,0.000441946
,,,3.63056e-008,0.00110486
,,,3.67056e-008,-0.000220973
,,,3.71056e-008,0.000441946
,,,3.75056e-008,0.000220973
,,,3.79056e-008,0
,,,3.83056e-008,0.000220973
,,,3.87056e-008,0.000220973
,,,3.91056e-008,0
,,,3.95056e-008,0.000220973
,,,3.99056e-008,0.000441946
,,,4.03056e-008,0.000220973
,,,4.07056e-008,0
,,,4.11056e-008,0.000662919
,,,4.15056e-008,0.000441946
,,,4.19056e-008,0.000220973
,,,4.23056e-008,0
,,,4.27056e-008,0
,,,4.31056e-008,0.000441946
,,,4.35056e-008,0.000662919
,,,4.39056e-008,0
,,,4.43056e-008,0.000220973
,,,4.47056e-008,0.000220973
,,,4.51056e-008,0.000220973
,,,4.55056e-008,0.000441946
,,,4.59056e-008,0.000441946
,,,4.63056e-008,0.000662919
,,,4.67056e-008,0.000441946
,,,4.71056e-008,0.000662919
,,,4.75056e-008,0
,,,4.79056e-008,0.000441946
,,,4.83056e-008,0
,,,4.87056e-008,0
,,,4.91056e-008,-0.000441946
,,,4.95056e-008,0.000220973
,,,4.99056e-008,0.000220973
,,,5.03056e-008,0.000220973
,,,5.07056e-008,0.000441946
,,,5.11056e-008,0.000220973
,,,5.15056e-008,0.000441946
,,,5.19056e-008,0.000441946
,,,5.23056e-008,-0.000220973
,,,5.27056e-008,0.000441946
,,,5.31056e-008,0.000883892
,,,5.35056e-008,0.000220973
,,,5.39056e-008,0.000220973
,,,5.43056e-008,0.000441946
,,,5.47056e-008,0.000220973
,,,5.51056e-008,0.000441946
,,,5.55056e-008,0.000662919
,,,5.59056e-008,-0.000220973
,,,5.63056e-008,-0.000883892
,,,5.67056e-008,0.000441946
,,,5.71056e-008,0.000220973
,,,5.75056e-008,0
,,,5.79056e-008,0.000662919
,,,5.83056e-008,0.000220973
,,,5.87056e-008,0.000220973
,,,5.91056e-008,-0.000220973
,,,5.95056e-008,0.000662919
,,,5.99056e-008,0.00110486
,,,6.03056e-008,0.000441946
,,,6.07056e-008,0.000220973
,,,6.11056e-008,0.000441946
,,,6.15056e-008,0.000662919
,,,6.19056e-008,0.000441946
,,,6.23056e-008,0.000441946
,,,6.27056e-008,0.000662919
,,,6.31056e-008,0.000220973
,,,6.35056e-008,0
,,,6.39056e-008,-0.000220973
,,,6.43056e-008,0.000220973
,,,6.47056e-008,0.000441946
,,,6.51056e-008,0
,,,6.55056e-008,-0.000441946
,,,6.59056e-008,0.000220973
,,,6.63056e-008,0.000883892
,,,6.67056e-008,0.000220973
,,,6.71056e-008,0.000220973
,,,6.75056e-008,0.000220973
,,,6.79056e-008,0
,,,6.83056e-008,0
,,,6.87056e-008,0.000220973
,,,6.91056e-008,0
,,,6.95056e-008,0
,,,6.99056e-008,0.000441946
,,,7.03056e-008,0.000220973
,,,7.07056e-008,0.000883892
,,,7.11056e-008,0.000662919
,,,7.15056e-008,0.000441946
,,,7.19056e-008,0.000220973
,,,7.23056e-008,0.000441946
,,,7.27056e-008,-0.000220973
,,,7.31056e-008,0
,,,7.35056e-008,0.000220973
,,,7.39056e-008,0
,,,7.43056e-008,0
,,,7.47056e-008,0.00132584
,,,7.51056e-008,0.00110486
,,,7.55056e-008,0.000220973
,,,7.59056e-008,0.000220973
,,,7.63056e-008,0
,,,7.67056e-008,0.000220973
,,,7.71056e-008,0.000441946
,,,7.75056e-008,0.000662919
,,,7.79056e-008,0.000220973
,,,7.83056e-008,0.000883892
,,,7.87056e-008,0.000220973
,,,7.91056e-008,0.000220973
,,,7.95056e-008,0.000220973
,,,7.99056e-008,0.000441946
,,,8.03056e-008,0
,,,8.07056e-008,0
,,,8.11056e-008,0.000441946
,,,8.15056e-008,0.000220973
,,,8.19056e-008,-0.000662919
,,,8.23056e-008,0.000220973
,,,8.27056e-008,0.000662919
,,,8.31056e-008,0.00132584
,,,8.35056e-008,-0.000441946
,,,8.39056e-008,-0.000662919
,,,8.43056e-008,0.000662919
,,,8.47056e-008,0.000220973
,,,8.51056e-008,0.000441946
,,,8.55056e-008,-0.000220973
,,,8.59056e-008,0.000220973
,,,8.63056e-008,0.000220973
,,,8.67056e-008,0.000220973
,,,8.71056e-008,0
,,,8.75056e-008,0.000441946
,,,8.79056e-008,0
,,,8.83056e-008,0.000220973
,,,8.87056e-008,-0.000662919
,,,8.91056e-008,0
,,,8.95056e-008,-0.000220973
,,,8.99056e-008,0.000441946
,,,9.03056e-008,0.000220973
,,,9.07056e-008,0.00132584
,,,9.11056e-008,0.000441946
,,,9.15056e-008,0.000220973
,,,9.19056e-008,0.000220973
,,,9.23056e-008,0.000662919
,,,9.27056e-008,0.00110486
,,,9.31056e-008,0.00110486
,,,9.35056e-008,0.00110486
,,,9.39056e-008,0.00154681
,,,9.43056e-008,0.00198876
,,,9.47056e-008,0.00198876
,,,9.51056e-008,0.00353557
,,,9.55056e-008,0.00397751
,,,9.59056e-008,0.00508238
,,,9.63056e-008,0.00618724
,,,9.67056e-008,0.00729211
,,,9.71056e-008,0.00839697
,,,9.75056e-008,0.00905989
,,,9.79056e-008,0.0106067
,,,9.83056e-008,0.0121535
,,,9.87056e-008,0.0130374
,,,9.91056e-008,0.0139213
,,,9.95056e-008,0.0148052
,,,9.99056e-008,0.0150262
,,,1.00306e-007,0.0156891
,,,1.00706e-007,0.0156891
,,,1.01106e-007,0.016573
,,,1.01506e-007,0.0176778
,,,1.01906e-007,0.0181198
,,,1.02306e-007,0.0167939
,,,1.02706e-007,0.0176778
,,,1.03106e-007,0.0167939
,,,1.03506e-007,0.0174569
,,,1.03906e-007,0.0176778
,,,1.04306e-007,0.0172359
,,,1.04706e-007,0.0172359
,,,1.05106e-007,0.0170149
,,,1.05506e-007,0.0170149
,,,1.05906e-007,0.0178988
,,,1.06306e-007,0.0176778
,,,1.06706e-007,0.0185617
,,,1.07106e-007,0.0174569
,,,1.07506e-007,0.0176778
,,,1.07906e-007,0.0172359
,,,1.08306e-007,0.0183408
,,,1.08706e-007,0.0183408
,,,1.09106e-007,0.0178988
,,,1.09506e-007,0.0181198
,,,1.09906e-007,0.0183408
,,,1.10306e-007,0.0181198
,,,1.10706e-007,0.0181198
,,,1.11106e-007,0.0170149
,,,1.11506e-007,0.0185617
,,,1.11906e-007,0.0181198
,,,1.12306e-007,0.0176778
,,,1.12706e-007,0.0181198
,,,1.13106e-007,0.0178988
,,,1.13506e-007,0.0176778
,,,1.13906e-007,0.0178988
,,,1.14306e-007,0.0172359
,,,1.14706e-007,0.0181198
,,,1.15106e-007,0.0187827
,,,1.15506e-007,0.0174569
,,,1.15906e-007,0.0167939
,,,1.16306e-007,0.0174569
,,,1.16706e-007,0.0185617
,,,1.17106e-007,0.0178988
,,,1.17506e-007,0.0176778
,,,1.17906e-007,0.0172359
,,,1.18306e-007,0.0172359
,,,1.18706e-007,0.0183408
,,,1.19106e-007,0.0185617
,,,1.19506e-007,0.0174569
,,,1.19906e-007,0.0185617
,,,1.20306e-007,0.0181198
,,,1.20706e-007,0.0183408
,,,1.21106e-007,0.0181198
,,,1.21506e-007,0.0187827
,,,1.21906e-007,0.0183408
,,,1.22306e-007,0.0183408
,,,1.22706e-007,0.0196666
,,,1.23106e-007,0.0192246
,,,1.23506e-007,0.0190037
,,,1.23906e-007,0.0196666
,,,1.24306e-007,0.0198876
,,,1.24706e-007,0.0201085
,,,1.25106e-007,0.0209924
,,,1.25506e-007,0.0205505
,,,1.25906e-007,0.0209924
,,,1.26306e-007,0.0209924
,,,1.26706e-007,0.0209924
,,,1.27106e-007,0.0205505
,,,1.27506e-007,0.0201085
,,,1.27906e-007,0.0187827
,,,1.28306e-007,0.0196666
,,,1.28706e-007,0.0201085
,,,1.29106e-007,0.0190037
,,,1.29506e-007,0.0187827
,,,1.29906e-007,0.0185617
,,,1.30306e-007,0.0178988
,,,1.30706e-007,0.0185617
,,,1.31106e-007,0.0172359
,,,1.31506e-007,0.0176778
,,,1.31906e-007,0.0174569
,,,1.32306e-007,0.0167939
,,,1.32706e-007,0.0170149
,,,1.33106e-007,0.016131
,,,1.33506e-007,0.016573
,,,1.33906e-007,0.0174569
,,,1.34306e-007,0.016573
,,,1.34706e-007,0.016573
,,,1.35106e-007,0.016573
,,,1.35506e-007,0.0167939
,,,1.35906e-007,0.016573
,,,1.36306e-007,0.016573
,,,1.36706e-007,0.016573
,,,1.37106e-007,0.016573
,,,1.37506e-007,0.016131
,,,1.37906e-007,0.0170149
,,,1.38306e-007,0.016131
,,,1.38706e-007,0.0167939
,,,1.39106e-007,0.016352
,,,1.39506e-007,0.0167939
,,,1.39906e-007,0.016352
,,,1.40306e-007,0.016352
,,,1.40706e-007,0.0156891
,,,1.41106e-007,0.0159101
,,,1.41506e-007,0.0170149
,,,1.41906e-007,0.0159101
,,,1.42306e-007,0.016352
,,,1.42706e-007,0.0150262
,,,1.43106e-007,0.0150262
,,,1.43506e-007,0.0152471
,,,1.43906e-007,0.0159101
,,,1.44306e-007,0.0150262
,,,1.44706e-007,0.0148052
,,,1.45106e-007,0.0150262
,,,1.45506e-007,0.0148052
,,,1.45906e-007,0.0150262
,,,1.46306e-007,0.0139213
,,,1.46706e-007,0.0148052
,,,1.47106e-007,0.0145842
,,,1.47506e-007,0.0148052
,,,1.47906e-007,0.0145842
,,,1.48306e-007,0.0145842
,,,1.48706e-007,0.0145842
,,,1.49106e-007,0.0148052
,,,1.49506e-007,0.0145842
,,,1.49906e-007,0.0145842
,,,1.50306e-007,0.0152471
,,,1.50706e-007,0.0150262
,,,1.51106e-007,0.0145842
,,,1.51506e-007,0.0145842
,,,1.51906e-007,0.0143632
,,,1.52306e-007,0.0137003
,,,1.52706e-007,0.0137003
,,,1.53106e-007,0.0139213
,,,1.53506e-007,0.0134794
,,,1.53906e-007,0.0134794
,,,1.54306e-007,0.0141423
,,,1.54706e-007,0.0137003
,,,1.55106e-007,0.0132584
,,,1.55506e-007,0.0134794
,,,1.55906e-007,0.0117116
,,,1.56306e-007,0.0121535
,,,1.56706e-007,0.0123745
,,,1.57106e-007,0.0119325
,,,1.57506e-007,0.0119325
,,,1.57906e-007,0.0130374
,,,1.58306e-007,0.0119325
,,,1.58706e-007,0.0119325
,,,1.59106e-007,0.0119325
,,,1.59506e-007,0.0119325
,,,1.59906e-007,0.0119325
,,,1.60306e-007,0.0123745
,,,1.60706e-007,0.0121535
,,,1.61106e-007,0.0123745
,,,1.61506e-007,0.0121535
,,,1.61906e-007,0.0112696
,,,1.62306e-007,0.0117116
,,,1.62706e-007,0.0128164
,,,1.63106e-007,0.0125955
,,,1.63506e-007,0.0123745
,,,1.63906e-007,0.0128164
,,,1.64306e-007,0.0128164
,,,1.64706e-007,0.0125955
,,,1.65106e-007,0.0117116
,,,1.65506e-007,0.0119325
,,,1.65906e-007,0.0128164
,,,1.66306e-007,0.0128164
,,,1.66706e-007,0.0125955
,,,1.67106e-007,0.0119325
,,,1.67506e-007,0.0121535
,,,1.67906e-007,0.0119325
,,,1.68306e-007,0.0125955
,,,1.68706e-007,0.0132584
,,,1.69106e-007,0.0123745
,,,1.69506e-007,0.0119325
,,,1.69906e-007,0.0121535
,,,1.70306e-007,0.0128164
,,,1.70706e-007,0.0123745
,,,1.71106e-007,0.0121535
,,,1.71506e-007,0.0121535
,,,1.71906e-007,0.0123745
,,,1.72306e-007,0.0130374
,,,1.72706e-007,0.0132584
,,,1.73106e-007,0.0123745
,,,1.73506e-007,0.0128164
,,,1.73906e-007,0.0130374
,,,1.74306e-007,0.0130374
,,,1.74706e-007,0.0125955
,,,1.75106e-007,0.0121535
,,,1.75506e-007,0.0125955
,,,1.75906e-007,0.0130374
,,,1.76306e-007,0.0119325
,,,1.76706e-007,0.0119325
,,,1.77106e-007,0.0125955
,,,1.77506e-007,0.0119325
,,,1.77906e-007,0.0128164
,,,1.78306e-007,0.0130374
,,,1.78706e-007,0.0125955
,,,1.79106e-007,0.0123745
,,,1.79506e-007,0.0128164
,,,1.79906e-007,0.0123745
,,,1.80306e-007,0.0123745
,,,1.80706e-007,0.0128164
,,,1.81106e-007,0.0125955
,,,1.81506e-007,0.0123745
,,,1.81906e-007,0.0130374
,,,1.82306e-007,0.0125955
,,,1.82706e-007,0.0121535
,,,1.83106e-007,0.0125955
,,,1.83506e-007,0.0123745
,,,1.83906e-007,0.0121535
,,,1.84306e-007,0.0121535
,,,1.84706e-007,0.0112696
,,,1.85106e-007,0.0117116
,,,1.85506e-007,0.0125955
,,,1.85906e-007,0.0123745
,,,1.86306e-007,0.0121535
,,,1.86706e-007,0.0132584
,,,1.87106e-007,0.0137003
,,,1.87506e-007,0.0132584
,,,1.87906e-007,0.0137003
,,,1.88306e-007,0.0137003
,,,1.88706e-007,0.0132584
,,,1.89106e-007,0.0132584
,,,1.89506e-007,0.0139213
,,,1.89906e-007,0.0139213
,,,1.90306e-007,0.0139213
,,,1.90706e-007,0.0139213
,,,1.91106e-007,0.0132584
,,,1.91506e-007,0.0134794
,,,1.91906e-007,0.0134794
,,,1.92306e-007,0.0130374
,,,1.92706e-007,0.0137003
,,,1.93106e-007,0.0139213
,,,1.93506e-007,0.0137003
,,,1.93906e-007,0.0134794
,,,1.94306e-007,0.0137003
,,,1.94706e-007,0.0132584
,,,1.95106e-007,0.0139213
,,,1.95506e-007,0.0130374
,,,1.95906e-007,0.0134794
,,,1.96306e-007,0.0141423
,,,1.96706e-007,0.0134794
,,,1.97106e-007,0.0132584
,,,1.97506e-007,0.0134794
,,,1.97906e-007,0.0128164
,,,1.98306e-007,0.0128164
,,,1.98706e-007,0.0132584
,,,1.99106e-007,0.0134794
,,,1.99506e-007,0.0123745
,,,1.99906e-007,0.0130374
,,,2.00306e-007,0.0119325
,,,2.00706e-007,0.0125955
,,,2.01106e-007,0.0123745
,,,2.01506e-007,0.0121535
,,,2.01906e-007,0.0123745
,,,2.02306e-007,0.0125955
,,,2.02706e-007,0.0132584
,,,2.03106e-007,0.0121535
,,,2.03506e-007,0.0121535
,,,2.03906e-007,0.0112696
,,,2.04306e-007,0.0117116
,,,2.04706e-007,0.0117116
,,,2.05106e-007,0.0112696
,,,2.05506e-007,0.0114906
,,,2.05906e-007,0.0119325
,,,2.06306e-007,0.0112696
,,,2.06706e-007,0.0108277
,,,2.07106e-007,0.0103857
,,,2.07506e-007,0.0101648
,,,2.07906e-007,0.0103857
,,,2.08306e-007,0.00928087
,,,2.08706e-007,0.00928087
,,,2.09106e-007,0.00905989
,,,2.09506e-007,0.00861795
,,,2.09906e-007,0.00905989
,,,2.10306e-007,0.008176
,,,2.10706e-007,0.00839697
,,,2.11106e-007,0.00662919
,,,2.11506e-007,0.00685016
,,,2.11906e-007,0.00662919
,,,2.12306e-007,0.00640822
,,,2.12706e-007,0.0057453
,,,2.13106e-007,0.00552432
,,,2.13506e-007,0.00552432
,,,2.13906e-007,0.00508238
,,,2.14306e-007,0.00486141
,,,2.14706e-007,0.00486141
,,,2.15106e-007,0.00441946
,,,2.15506e-007,0.00353557
,,,2.15906e-007,0.00397751
,,,2.16306e-007,0.00309362
,,,2.16706e-007,0.00375654
,,,2.17106e-007,0.00265168
,,,2.17506e-007,0.00397751
,,,2.17906e-007,0.0024307
,,,2.18306e-007,0.00265168
,,,2.18706e-007,0.00265168
,,,2.19106e-007,0.00220973
,,,2.19506e-007,0.00198876
,,,2.19906e-007,0.00198876
,,,2.20306e-007,0.00220973
,,,2.20706e-007,0.00220973
,,,2.21106e-007,0.00198876
,,,2.21506e-007,0.00198876
,,,2.21906e-007,0.0024307
,,,2.22306e-007,0.0024307
,,,2.22706e-007,0.00176778
,,,2.23106e-007,0.00110486
,,,2.23506e-007,0.00132584
,,,2.23906e-007,0.000883892
,,,2.24306e-007,0.000662919
,,,2.24706e-007,0.00154681
,,,2.25106e-007,0.00132584
,,,2.25506e-007,0.000441946
,,,2.25906e-007,0.000662919
,,,2.26306e-007,0.000220973
,,,2.26706e-007,0.00132584
,,,2.27106e-007,0.00132584
,,,2.27506e-007,0.00154681
,,,2.27906e-007,0.00110486
,,,2.28306e-007,0.00132584
,,,2.28706e-007,0.000883892
,,,2.29106e-007,0.00110486
,,,2.29506e-007,0.00132584
,,,2.29906e-007,0.00110486
,,,2.30306e-007,0.000441946
,,,2.30706e-007,0.000662919
,,,2.31106e-007,0
,,,2.31506e-007,0.000441946
,,,2.31906e-007,0.000662919
,,,2.32306e-007,0.000441946
,,,2.32706e-007,0.000662919
,,,2.33106e-007,0.000441946
,,,2.33506e-007,0.000220973
,,,2.33906e-007,0.000441946
,,,2.34306e-007,0.000441946
,,,2.34706e-007,0.000883892
,,,2.35106e-007,0.000662919
,,,2.35506e-007,0.000441946
,,,2.35906e-007,0
,,,2.36306e-007,0
,,,2.36706e-007,-0.000220973
,,,2.37106e-007,-0.000441946
,,,2.37506e-007,0
,,,2.37906e-007,0.000662919
,,,2.38306e-007,0
,,,2.38706e-007,0
,,,2.39106e-007,-0.000220973
,,,2.39506e-007,-0.000220973
,,,2.39906e-007,-0.000220973
,,,2.40306e-007,-0.000662919
,,,2.40706e-007,-0.00110486
,,,2.41106e-007,-0.000662919
,,,2.41506e-007,-0.000441946
,,,2.41906e-007,0
,,,2.42306e-007,-0.000441946
,,,2.42706e-007,0.000220973
,,,2.43106e-007,0.000220973
,,,2.43506e-007,-0.000220973
,,,2.43906e-007,0
,,,2.44306e-007,-0.000441946
,,,2.44706e-007,-0.000441946
,,,2.45106e-007,0
,,,2.45506e-007,0.000220973
,,,2.45906e-007,0
,,,2.46306e-007,0.000662919
,,,2.46706e-007,0.000220973
,,,2.47106e-007,0
,,,2.47506e-007,0.000662919
,,,2.47906e-007,-0.000441946
,,,2.48306e-007,0
,,,2.48706e-007,0
,,,2.49106e-007,-0.000220973
,,,2.49506e-007,0
,,,2.49906e-007,0.000220973
,,,2.50306e-007,0.000441946
