"Record Length",1252,"Points",-2.50151e-007,0.000220973
"Sample Interval",4e-010,s,-2.49751e-007,0
"Trigger Point",625,"Samples",-2.49351e-007,0.000883892
"Trigger Time",0.377018,s,-2.48951e-007,0.000220973
,,,-2.48551e-007,-0.000662919
"Horizontal Offset",-2.50151e-007,s,-2.48151e-007,0.000883892
,,,-2.47751e-007,0.000220973
,,,-2.47351e-007,0.000220973
,,,-2.46951e-007,0.00110486
,,,-2.46551e-007,0.000441946
,,,-2.46151e-007,0.000662919
,,,-2.45751e-007,0.00154681
,,,-2.45351e-007,-0.000220973
,,,-2.44951e-007,0.000220973
,,,-2.44551e-007,0.000441946
,,,-2.44151e-007,0.000220973
,,,-2.43751e-007,-0.000220973
,,,-2.43351e-007,0.000220973
,,,-2.42951e-007,0.000441946
,,,-2.42551e-007,0.000662919
,,,-2.42151e-007,0.000662919
,,,-2.41751e-007,0.000662919
,,,-2.41351e-007,0.000883892
,,,-2.40951e-007,0.000662919
,,,-2.40551e-007,0
,,,-2.40151e-007,0.000441946
,,,-2.39751e-007,0.000662919
,,,-2.39351e-007,0.000441946
,,,-2.38951e-007,0
,,,-2.38551e-007,0.000441946
,,,-2.38151e-007,0.000220973
,,,-2.37751e-007,0.000441946
,,,-2.37351e-007,0.000883892
,,,-2.36951e-007,0.000441946
,,,-2.36551e-007,0.000441946
,,,-2.36151e-007,0.000662919
,,,-2.35751e-007,0.000441946
,,,-2.35351e-007,0
,,,-2.34951e-007,0.000220973
,,,-2.34551e-007,-0.000662919
,,,-2.34151e-007,-0.000220973
,,,-2.33751e-007,0.000441946
,,,-2.33351e-007,0.000220973
,,,-2.32951e-007,0.000220973
,,,-2.32551e-007,-0.000220973
,,,-2.32151e-007,0.000662919
,,,-2.31751e-007,0.000220973
,,,-2.31351e-007,0.000662919
,,,-2.30951e-007,0.000441946
,,,-2.30551e-007,0.000441946
,,,-2.30151e-007,-0.000662919
,,,-2.29751e-007,-0.000220973
,,,-2.29351e-007,0.000662919
,,,-2.28951e-007,0.000662919
,,,-2.28551e-007,0
,,,-2.28151e-007,-0.000441946
,,,-2.27751e-007,0.00110486
,,,-2.27351e-007,0.000441946
,,,-2.26951e-007,-0.000662919
,,,-2.26551e-007,0.000220973
,,,-2.26151e-007,0
,,,-2.25751e-007,0
,,,-2.25351e-007,0.000441946
,,,-2.24951e-007,0.000220973
,,,-2.24551e-007,0.000220973
,,,-2.24151e-007,0.000883892
,,,-2.23751e-007,0.000441946
,,,-2.23351e-007,0.000441946
,,,-2.22951e-007,0.000662919
,,,-2.22551e-007,0.000220973
,,,-2.22151e-007,0
,,,-2.21751e-007,0.000220973
,,,-2.21351e-007,0.000441946
,,,-2.20951e-007,-0.000220973
,,,-2.20551e-007,0.000662919
,,,-2.20151e-007,0
,,,-2.19751e-007,0.000441946
,,,-2.19351e-007,-0.000220973
,,,-2.18951e-007,0.000220973
,,,-2.18551e-007,0
,,,-2.18151e-007,-0.000220973
,,,-2.17751e-007,0
,,,-2.17351e-007,-0.000220973
,,,-2.16951e-007,0.00110486
,,,-2.16551e-007,0.000441946
,,,-2.16151e-007,0.00110486
,,,-2.15751e-007,0
,,,-2.15351e-007,0.000220973
,,,-2.14951e-007,0.000883892
,,,-2.14551e-007,0.000662919
,,,-2.14151e-007,0.000883892
,,,-2.13751e-007,0.000662919
,,,-2.13351e-007,0.000220973
,,,-2.12951e-007,0.000220973
,,,-2.12551e-007,0.000662919
,,,-2.12151e-007,-0.000220973
,,,-2.11751e-007,0.000662919
,,,-2.11351e-007,0.000441946
,,,-2.10951e-007,-0.000220973
,,,-2.10551e-007,0.000441946
,,,-2.10151e-007,0.000662919
,,,-2.09751e-007,0.000441946
,,,-2.09351e-007,0.000441946
,,,-2.08951e-007,0.000441946
,,,-2.08551e-007,0.000220973
,,,-2.08151e-007,0
,,,-2.07751e-007,0
,,,-2.07351e-007,0.000883892
,,,-2.06951e-007,0.000441946
,,,-2.06551e-007,0.000662919
,,,-2.06151e-007,0.000441946
,,,-2.05751e-007,-0.000220973
,,,-2.05351e-007,0.000220973
,,,-2.04951e-007,0.000220973
,,,-2.04551e-007,-0.000220973
,,,-2.04151e-007,0.000220973
,,,-2.03751e-007,0.000441946
,,,-2.03351e-007,0.000220973
,,,-2.02951e-007,0
,,,-2.02551e-007,0.000662919
,,,-2.02151e-007,0
,,,-2.01751e-007,0.000441946
,,,-2.01351e-007,0.000662919
,,,-2.00951e-007,0.000883892
,,,-2.00551e-007,0
,,,-2.00151e-007,0.000220973
,,,-1.99751e-007,0.000220973
,,,-1.99351e-007,0
,,,-1.98951e-007,0
,,,-1.98551e-007,0.000220973
,,,-1.98151e-007,0
,,,-1.97751e-007,0
,,,-1.97351e-007,0.000441946
,,,-1.96951e-007,0.000441946
,,,-1.96551e-007,0.000220973
,,,-1.96151e-007,0.000220973
,,,-1.95751e-007,0.000220973
,,,-1.95351e-007,0.000220973
,,,-1.94951e-007,0.000220973
,,,-1.94551e-007,0.000441946
,,,-1.94151e-007,0.000220973
,,,-1.93751e-007,0.000883892
,,,-1.93351e-007,0
,,,-1.92951e-007,-0.000220973
,,,-1.92551e-007,0
,,,-1.92151e-007,0.000220973
,,,-1.91751e-007,0.000441946
,,,-1.91351e-007,0.000220973
,,,-1.90951e-007,0.000220973
,,,-1.90551e-007,0.000883892
,,,-1.90151e-007,0.000220973
,,,-1.89751e-007,0.000441946
,,,-1.89351e-007,0
,,,-1.88951e-007,0.000441946
,,,-1.88551e-007,0.000662919
,,,-1.88151e-007,0.000220973
,,,-1.87751e-007,0.000662919
,,,-1.87351e-007,0.000662919
,,,-1.86951e-007,0.000220973
,,,-1.86551e-007,0.000220973
,,,-1.86151e-007,0.000441946
,,,-1.85751e-007,0.00132584
,,,-1.85351e-007,0.000441946
,,,-1.84951e-007,-0.000441946
,,,-1.84551e-007,0
,,,-1.84151e-007,0
,,,-1.83751e-007,0
,,,-1.83351e-007,0.00110486
,,,-1.82951e-007,0.000883892
,,,-1.82551e-007,0.000220973
,,,-1.82151e-007,0.000662919
,,,-1.81751e-007,0.000441946
,,,-1.81351e-007,0.000220973
,,,-1.80951e-007,0.000441946
,,,-1.80551e-007,-0.000220973
,,,-1.80151e-007,0.000883892
,,,-1.79751e-007,0
,,,-1.79351e-007,-0.000220973
,,,-1.78951e-007,0.000220973
,,,-1.78551e-007,0.000441946
,,,-1.78151e-007,0
,,,-1.77751e-007,0.000883892
,,,-1.77351e-007,0.000883892
,,,-1.76951e-007,0.000662919
,,,-1.76551e-007,0.000441946
,,,-1.76151e-007,0.00110486
,,,-1.75751e-007,0.000883892
,,,-1.75351e-007,0.000662919
,,,-1.74951e-007,0.000883892
,,,-1.74551e-007,0.000441946
,,,-1.74151e-007,0
,,,-1.73751e-007,0.00132584
,,,-1.73351e-007,0.000441946
,,,-1.72951e-007,0.000220973
,,,-1.72551e-007,0
,,,-1.72151e-007,0.000220973
,,,-1.71751e-007,-0.000441946
,,,-1.71351e-007,0
,,,-1.70951e-007,0
,,,-1.70551e-007,0.000220973
,,,-1.70151e-007,0.000662919
,,,-1.69751e-007,0.00110486
,,,-1.69351e-007,0
,,,-1.68951e-007,0.000441946
,,,-1.68551e-007,-0.000220973
,,,-1.68151e-007,0.000441946
,,,-1.67751e-007,0.000883892
,,,-1.67351e-007,0.000441946
,,,-1.66951e-007,0.000220973
,,,-1.66551e-007,0.000883892
,,,-1.66151e-007,0.000662919
,,,-1.65751e-007,0.000662919
,,,-1.65351e-007,0.000662919
,,,-1.64951e-007,-0.000220973
,,,-1.64551e-007,0
,,,-1.64151e-007,0.000220973
,,,-1.63751e-007,0.000220973
,,,-1.63351e-007,0.000220973
,,,-1.62951e-007,0
,,,-1.62551e-007,0.000441946
,,,-1.62151e-007,0.000220973
,,,-1.61751e-007,0.000220973
,,,-1.61351e-007,0.000441946
,,,-1.60951e-007,0.000220973
,,,-1.60551e-007,0.000220973
,,,-1.60151e-007,0.000441946
,,,-1.59751e-007,0
,,,-1.59351e-007,0.000662919
,,,-1.58951e-007,0.000220973
,,,-1.58551e-007,0.000441946
,,,-1.58151e-007,0.000220973
,,,-1.57751e-007,0.000662919
,,,-1.57351e-007,0
,,,-1.56951e-007,0.000662919
,,,-1.56551e-007,0.000441946
,,,-1.56151e-007,0.000441946
,,,-1.55751e-007,0
,,,-1.55351e-007,0
,,,-1.54951e-007,-0.000441946
,,,-1.54551e-007,0.000441946
,,,-1.54151e-007,0.000441946
,,,-1.53751e-007,0.000441946
,,,-1.53351e-007,0.000220973
,,,-1.52951e-007,0.000220973
,,,-1.52551e-007,0
,,,-1.52151e-007,0.00110486
,,,-1.51751e-007,0.00110486
,,,-1.51351e-007,-0.000441946
,,,-1.50951e-007,0.000441946
,,,-1.50551e-007,0.000662919
,,,-1.50151e-007,0.000441946
,,,-1.49751e-007,0.000220973
,,,-1.49351e-007,-0.000441946
,,,-1.48951e-007,0.000220973
,,,-1.48551e-007,0.000883892
,,,-1.48151e-007,0.000883892
,,,-1.47751e-007,0.000441946
,,,-1.47351e-007,0
,,,-1.46951e-007,-0.000441946
,,,-1.46551e-007,0.000441946
,,,-1.46151e-007,0.000220973
,,,-1.45751e-007,0.000441946
,,,-1.45351e-007,0.000662919
,,,-1.44951e-007,-0.000441946
,,,-1.44551e-007,0.000220973
,,,-1.44151e-007,0
,,,-1.43751e-007,0.000441946
,,,-1.43351e-007,-0.000220973
,,,-1.42951e-007,0.000220973
,,,-1.42551e-007,0.000220973
,,,-1.42151e-007,-0.000220973
,,,-1.41751e-007,0.000220973
,,,-1.41351e-007,0.000441946
,,,-1.40951e-007,0.000220973
,,,-1.40551e-007,0.000220973
,,,-1.40151e-007,0.000883892
,,,-1.39751e-007,0.000883892
,,,-1.39351e-007,0.000662919
,,,-1.38951e-007,0
,,,-1.38551e-007,0.000662919
,,,-1.38151e-007,0.000662919
,,,-1.37751e-007,0.000883892
,,,-1.37351e-007,0
,,,-1.36951e-007,0.000662919
,,,-1.36551e-007,-0.000441946
,,,-1.36151e-007,0.00132584
,,,-1.35751e-007,0
,,,-1.35351e-007,0
,,,-1.34951e-007,0.000441946
,,,-1.34551e-007,0.000220973
,,,-1.34151e-007,0.000220973
,,,-1.33751e-007,-0.000441946
,,,-1.33351e-007,0
,,,-1.32951e-007,0.000220973
,,,-1.32551e-007,0
,,,-1.32151e-007,0
,,,-1.31751e-007,0.000441946
,,,-1.31351e-007,0.000441946
,,,-1.30951e-007,0
,,,-1.30551e-007,0.000441946
,,,-1.30151e-007,-0.000220973
,,,-1.29751e-007,0
,,,-1.29351e-007,0.000662919
,,,-1.28951e-007,0.000220973
,,,-1.28551e-007,0.000220973
,,,-1.28151e-007,0.000441946
,,,-1.27751e-007,0.000220973
,,,-1.27351e-007,0.000441946
,,,-1.26951e-007,0
,,,-1.26551e-007,0.000441946
,,,-1.26151e-007,0.000662919
,,,-1.25751e-007,0.00132584
,,,-1.25351e-007,0.000220973
,,,-1.24951e-007,0.000662919
,,,-1.24551e-007,0.000441946
,,,-1.24151e-007,0.000441946
,,,-1.23751e-007,0.000220973
,,,-1.23351e-007,0
,,,-1.22951e-007,-0.000220973
,,,-1.22551e-007,0.000662919
,,,-1.22151e-007,0.000220973
,,,-1.21751e-007,0.000220973
,,,-1.21351e-007,0
,,,-1.20951e-007,0
,,,-1.20551e-007,-0.000441946
,,,-1.20151e-007,0.00110486
,,,-1.19751e-007,0.00110486
,,,-1.19351e-007,0.000220973
,,,-1.18951e-007,0.000220973
,,,-1.18551e-007,0.000662919
,,,-1.18151e-007,0
,,,-1.17751e-007,0.000662919
,,,-1.17351e-007,0.000662919
,,,-1.16951e-007,0.000220973
,,,-1.16551e-007,0.000220973
,,,-1.16151e-007,0.000220973
,,,-1.15751e-007,0.000441946
,,,-1.15351e-007,0.000662919
,,,-1.14951e-007,0.000662919
,,,-1.14551e-007,0.00110486
,,,-1.14151e-007,0
,,,-1.13751e-007,0.00110486
,,,-1.13351e-007,0.000220973
,,,-1.12951e-007,0
,,,-1.12551e-007,0.00110486
,,,-1.12151e-007,0.00110486
,,,-1.11751e-007,0.000662919
,,,-1.11351e-007,0.000662919
,,,-1.10951e-007,0.000220973
,,,-1.10551e-007,0.000441946
,,,-1.10151e-007,0.000883892
,,,-1.09751e-007,0.000441946
,,,-1.09351e-007,0.000883892
,,,-1.08951e-007,0.000441946
,,,-1.08551e-007,0.000662919
,,,-1.08151e-007,0
,,,-1.07751e-007,0
,,,-1.07351e-007,-0.000220973
,,,-1.06951e-007,0.000220973
,,,-1.06551e-007,0
,,,-1.06151e-007,0.00110486
,,,-1.05751e-007,0.000441946
,,,-1.05351e-007,0.000441946
,,,-1.04951e-007,0.000883892
,,,-1.04551e-007,-0.000220973
,,,-1.04151e-007,0.000441946
,,,-1.03751e-007,-0.000220973
,,,-1.03351e-007,0.000441946
,,,-1.02951e-007,0.00110486
,,,-1.02551e-007,0.000441946
,,,-1.02151e-007,0.000220973
,,,-1.01751e-007,0.000662919
,,,-1.01351e-007,0.000662919
,,,-1.00951e-007,0.000883892
,,,-1.00551e-007,0.000441946
,,,-1.00151e-007,0
,,,-9.97508e-008,0.000441946
,,,-9.93508e-008,0.000441946
,,,-9.89508e-008,-0.000220973
,,,-9.85508e-008,-0.000220973
,,,-9.81508e-008,0.000441946
,,,-9.77508e-008,0.000662919
,,,-9.73508e-008,0.000662919
,,,-9.69508e-008,0.000883892
,,,-9.65508e-008,0.000441946
,,,-9.61508e-008,0.000883892
,,,-9.57508e-008,0.000662919
,,,-9.53508e-008,-0.000220973
,,,-9.49508e-008,0.000441946
,,,-9.45508e-008,0.000883892
,,,-9.41508e-008,0.000662919
,,,-9.37508e-008,0.000883892
,,,-9.33508e-008,0
,,,-9.29508e-008,0.000441946
,,,-9.25508e-008,0.000441946
,,,-9.21508e-008,0.000662919
,,,-9.17508e-008,0
,,,-9.13508e-008,0.000220973
,,,-9.09508e-008,0
,,,-9.05508e-008,0.000220973
,,,-9.01508e-008,0
,,,-8.97508e-008,0
,,,-8.93508e-008,0
,,,-8.89508e-008,0.000441946
,,,-8.85508e-008,0.000220973
,,,-8.81508e-008,0.000441946
,,,-8.77508e-008,-0.000220973
,,,-8.73508e-008,0.000883892
,,,-8.69508e-008,-0.000441946
,,,-8.65508e-008,0.000220973
,,,-8.61508e-008,0.000662919
,,,-8.57508e-008,0.000441946
,,,-8.53508e-008,0
,,,-8.49508e-008,0.000883892
,,,-8.45508e-008,0.000220973
,,,-8.41508e-008,0.000441946
,,,-8.37508e-008,0
,,,-8.33508e-008,0
,,,-8.29508e-008,-0.000220973
,,,-8.25508e-008,0
,,,-8.21508e-008,0.000441946
,,,-8.17508e-008,0.000662919
,,,-8.13508e-008,0.000441946
,,,-8.09508e-008,0.000220973
,,,-8.05508e-008,0.000220973
,,,-8.01508e-008,0.00110486
,,,-7.97508e-008,0.000220973
,,,-7.93508e-008,0.000220973
,,,-7.89508e-008,0.000220973
,,,-7.85508e-008,0.000662919
,,,-7.81508e-008,0.000220973
,,,-7.77508e-008,0.000662919
,,,-7.73508e-008,-0.000441946
,,,-7.69508e-008,0.000441946
,,,-7.65508e-008,0.00110486
,,,-7.61508e-008,0.000220973
,,,-7.57508e-008,-0.000220973
,,,-7.53508e-008,-0.000220973
,,,-7.49508e-008,-0.000220973
,,,-7.45508e-008,0.000662919
,,,-7.41508e-008,0.000441946
,,,-7.37508e-008,0.000441946
,,,-7.33508e-008,0
,,,-7.29508e-008,0.000441946
,,,-7.25508e-008,0.000220973
,,,-7.21508e-008,0.00154681
,,,-7.17508e-008,0.000662919
,,,-7.13508e-008,0.000220973
,,,-7.09508e-008,0.000441946
,,,-7.05508e-008,0.000220973
,,,-7.01508e-008,-0.000220973
,,,-6.97508e-008,0.000220973
,,,-6.93508e-008,0.000220973
,,,-6.89508e-008,0
,,,-6.85508e-008,0.000220973
,,,-6.81508e-008,0.000220973
,,,-6.77508e-008,0.000220973
,,,-6.73508e-008,0
,,,-6.69508e-008,0.000883892
,,,-6.65508e-008,0.000883892
,,,-6.61508e-008,0.000220973
,,,-6.57508e-008,0.000662919
,,,-6.53508e-008,0
,,,-6.49508e-008,0
,,,-6.45508e-008,0
,,,-6.41508e-008,0.00110486
,,,-6.37508e-008,0.000662919
,,,-6.33508e-008,0.000220973
,,,-6.29508e-008,-0.000220973
,,,-6.25508e-008,0.000441946
,,,-6.21508e-008,0.000220973
,,,-6.17508e-008,0.000220973
,,,-6.13508e-008,-0.000220973
,,,-6.09508e-008,0
,,,-6.05508e-008,-0.000220973
,,,-6.01508e-008,0
,,,-5.97508e-008,0
,,,-5.93508e-008,0
,,,-5.89508e-008,-0.000220973
,,,-5.85508e-008,0.000220973
,,,-5.81508e-008,0.000883892
,,,-5.77508e-008,0.000883892
,,,-5.73508e-008,0.000441946
,,,-5.69508e-008,0.000441946
,,,-5.65508e-008,-0.000220973
,,,-5.61508e-008,0.000883892
,,,-5.57508e-008,-0.000441946
,,,-5.53508e-008,0
,,,-5.49508e-008,0.000662919
,,,-5.45508e-008,0.000883892
,,,-5.41508e-008,0.000662919
,,,-5.37508e-008,0.000883892
,,,-5.33508e-008,0.000220973
,,,-5.29508e-008,0
,,,-5.25508e-008,-0.000220973
,,,-5.21508e-008,0.000220973
,,,-5.17508e-008,0
,,,-5.13508e-008,0.000220973
,,,-5.09508e-008,0.000220973
,,,-5.05508e-008,0.000441946
,,,-5.01508e-008,0.000662919
,,,-4.97508e-008,0.000220973
,,,-4.93508e-008,0.000441946
,,,-4.89508e-008,0
,,,-4.85508e-008,-0.000220973
,,,-4.81508e-008,0.000220973
,,,-4.77508e-008,0.000220973
,,,-4.73508e-008,0
,,,-4.69508e-008,0.000220973
,,,-4.65508e-008,0
,,,-4.61508e-008,-0.000441946
,,,-4.57508e-008,0.000662919
,,,-4.53508e-008,0.000220973
,,,-4.49508e-008,-0.000441946
,,,-4.45508e-008,-0.000441946
,,,-4.41508e-008,0
,,,-4.37508e-008,-0.000220973
,,,-4.33508e-008,0
,,,-4.29508e-008,0
,,,-4.25508e-008,0.000220973
,,,-4.21508e-008,0.000441946
,,,-4.17508e-008,0.000662919
,,,-4.13508e-008,0.000441946
,,,-4.09508e-008,0.000441946
,,,-4.05508e-008,0.000662919
,,,-4.01508e-008,0.000883892
,,,-3.97508e-008,-0.000220973
,,,-3.93508e-008,0.000662919
,,,-3.89508e-008,0
,,,-3.85508e-008,0.000662919
,,,-3.81508e-008,-0.000220973
,,,-3.77508e-008,0.000662919
,,,-3.73508e-008,0
,,,-3.69508e-008,0.000441946
,,,-3.65508e-008,0.000220973
,,,-3.61508e-008,0
,,,-3.57508e-008,0.000220973
,,,-3.53508e-008,0.000220973
,,,-3.49508e-008,0
,,,-3.45508e-008,0.000662919
,,,-3.41508e-008,0
,,,-3.37508e-008,0.000441946
,,,-3.33508e-008,0.000220973
,,,-3.29508e-008,-0.000220973
,,,-3.25508e-008,0
,,,-3.21508e-008,0.000220973
,,,-3.17508e-008,0.000220973
,,,-3.13508e-008,0
,,,-3.09508e-008,0.000441946
,,,-3.05508e-008,0.000883892
,,,-3.01508e-008,0.000662919
,,,-2.97508e-008,0.000662919
,,,-2.93508e-008,0
,,,-2.89508e-008,0.000220973
,,,-2.85508e-008,0.000662919
,,,-2.81508e-008,0.000220973
,,,-2.77508e-008,-0.000441946
,,,-2.73508e-008,0.000662919
,,,-2.69508e-008,-0.000220973
,,,-2.65508e-008,0.000441946
,,,-2.61508e-008,0.000662919
,,,-2.57508e-008,0.000441946
,,,-2.53508e-008,0.000441946
,,,-2.49508e-008,0.000441946
,,,-2.45508e-008,-0.000441946
,,,-2.41508e-008,0.000662919
,,,-2.37508e-008,0.000220973
,,,-2.33508e-008,0.000220973
,,,-2.29508e-008,0
,,,-2.25508e-008,0.00110486
,,,-2.21508e-008,0.000220973
,,,-2.17508e-008,0.000883892
,,,-2.13508e-008,-0.000220973
,,,-2.09508e-008,-0.000662919
,,,-2.05508e-008,0.000220973
,,,-2.01508e-008,0.000662919
,,,-1.97508e-008,0
,,,-1.93508e-008,0.000220973
,,,-1.89508e-008,0.000441946
,,,-1.85508e-008,0.000441946
,,,-1.81508e-008,0.000441946
,,,-1.77508e-008,0.00110486
,,,-1.73508e-008,0.000662919
,,,-1.69508e-008,0.000662919
,,,-1.65508e-008,0.000662919
,,,-1.61508e-008,0.000220973
,,,-1.57508e-008,0.000441946
,,,-1.53508e-008,0.000662919
,,,-1.49508e-008,0.000220973
,,,-1.45508e-008,0.000441946
,,,-1.41508e-008,0.00154681
,,,-1.37508e-008,0.000662919
,,,-1.33508e-008,0.000883892
,,,-1.29508e-008,0
,,,-1.25508e-008,0.000220973
,,,-1.21508e-008,0.000220973
,,,-1.17508e-008,0.000441946
,,,-1.13508e-008,0.000662919
,,,-1.09508e-008,0
,,,-1.05508e-008,0.000441946
,,,-1.01508e-008,0
,,,-9.75081e-009,0.000220973
,,,-9.35081e-009,0.000220973
,,,-8.95081e-009,0.00110486
,,,-8.55081e-009,0
,,,-8.15081e-009,0.000883892
,,,-7.75081e-009,-0.000441946
,,,-7.35081e-009,0.000220973
,,,-6.95081e-009,0.00110486
,,,-6.55081e-009,0.000441946
,,,-6.15081e-009,0.000662919
,,,-5.75081e-009,0.00110486
,,,-5.35081e-009,0.000220973
,,,-4.95081e-009,0.000220973
,,,-4.55081e-009,0.000662919
,,,-4.15081e-009,0
,,,-3.75081e-009,0
,,,-3.35081e-009,0.000441946
,,,-2.95081e-009,0.000220973
,,,-2.55081e-009,0.000220973
,,,-2.15081e-009,0.000441946
,,,-1.75081e-009,0.000220973
,,,-1.35081e-009,0
,,,-9.50807e-010,0
,,,-5.50807e-010,-0.000220973
,,,-1.50807e-010,0
,,,2.49193e-010,0.000220973
,,,6.49193e-010,-0.000220973
,,,1.04919e-009,0.000883892
,,,1.44919e-009,0.000441946
,,,1.84919e-009,0.000220973
,,,2.24919e-009,0.000662919
,,,2.64919e-009,0.000662919
,,,3.04919e-009,0.000441946
,,,3.44919e-009,0.000220973
,,,3.84919e-009,0
,,,4.24919e-009,0.000883892
,,,4.64919e-009,0.000441946
,,,5.04919e-009,0
,,,5.44919e-009,0
,,,5.84919e-009,0.000220973
,,,6.24919e-009,0.000662919
,,,6.64919e-009,0.000220973
,,,7.04919e-009,0.000441946
,,,7.44919e-009,0.000441946
,,,7.84919e-009,0.000883892
,,,8.24919e-009,0.000220973
,,,8.64919e-009,0
,,,9.04919e-009,0.000662919
,,,9.44919e-009,0.000220973
,,,9.84919e-009,0.000883892
,,,1.02492e-008,0.000662919
,,,1.06492e-008,0
,,,1.10492e-008,0.000441946
,,,1.14492e-008,0.000220973
,,,1.18492e-008,0
,,,1.22492e-008,0.000662919
,,,1.26492e-008,-0.000441946
,,,1.30492e-008,-0.000441946
,,,1.34492e-008,-0.000220973
,,,1.38492e-008,0.000662919
,,,1.42492e-008,0.000662919
,,,1.46492e-008,0.00132584
,,,1.50492e-008,0.000441946
,,,1.54492e-008,0.000441946
,,,1.58492e-008,0
,,,1.62492e-008,0.000220973
,,,1.66492e-008,0.000220973
,,,1.70492e-008,0.000220973
,,,1.74492e-008,0.000441946
,,,1.78492e-008,0.000441946
,,,1.82492e-008,-0.000220973
,,,1.86492e-008,-0.000220973
,,,1.90492e-008,0
,,,1.94492e-008,0.000662919
,,,1.98492e-008,0
,,,2.02492e-008,0.000441946
,,,2.06492e-008,0.000220973
,,,2.10492e-008,-0.000441946
,,,2.14492e-008,0.000220973
,,,2.18492e-008,0.000441946
,,,2.22492e-008,0.000220973
,,,2.26492e-008,0.000662919
,,,2.30492e-008,0.000662919
,,,2.34492e-008,0.000220973
,,,2.38492e-008,0.000220973
,,,2.42492e-008,0
,,,2.46492e-008,0.000220973
,,,2.50492e-008,0
,,,2.54492e-008,0.000220973
,,,2.58492e-008,0
,,,2.62492e-008,0.000220973
,,,2.66492e-008,0
,,,2.70492e-008,0.000441946
,,,2.74492e-008,0.000220973
,,,2.78492e-008,-0.000220973
,,,2.82492e-008,0.000220973
,,,2.86492e-008,0.000220973
,,,2.90492e-008,0.000662919
,,,2.94492e-008,0.000441946
,,,2.98492e-008,0
,,,3.02492e-008,0.000441946
,,,3.06492e-008,0.000220973
,,,3.10492e-008,0.000441946
,,,3.14492e-008,-0.000220973
,,,3.18492e-008,0.000441946
,,,3.22492e-008,0.000220973
,,,3.26492e-008,0.000662919
,,,3.30492e-008,0.000883892
,,,3.34492e-008,0.000883892
,,,3.38492e-008,0.000220973
,,,3.42492e-008,0.000441946
,,,3.46492e-008,0.000220973
,,,3.50492e-008,0.000662919
,,,3.54492e-008,0
,,,3.58492e-008,-0.000441946
,,,3.62492e-008,-0.000220973
,,,3.66492e-008,0.000883892
,,,3.70492e-008,-0.000220973
,,,3.74492e-008,-0.000441946
,,,3.78492e-008,0.000220973
,,,3.82492e-008,0.000662919
,,,3.86492e-008,-0.000220973
,,,3.90492e-008,0.000883892
,,,3.94492e-008,0
,,,3.98492e-008,0.000662919
,,,4.02492e-008,0.000220973
,,,4.06492e-008,0.000220973
,,,4.10492e-008,0.000441946
,,,4.14492e-008,0
,,,4.18492e-008,0.000662919
,,,4.22492e-008,0.000883892
,,,4.26492e-008,0
,,,4.30492e-008,0.000441946
,,,4.34492e-008,0.00110486
,,,4.38492e-008,0.000441946
,,,4.42492e-008,0.000441946
,,,4.46492e-008,0.000220973
,,,4.50492e-008,0.000883892
,,,4.54492e-008,0.000662919
,,,4.58492e-008,0.000220973
,,,4.62492e-008,0.000220973
,,,4.66492e-008,-0.000441946
,,,4.70492e-008,0
,,,4.74492e-008,0.000441946
,,,4.78492e-008,0.000441946
,,,4.82492e-008,0.000441946
,,,4.86492e-008,0.000220973
,,,4.90492e-008,0.000441946
,,,4.94492e-008,0.000441946
,,,4.98492e-008,0.000220973
,,,5.02492e-008,0.000220973
,,,5.06492e-008,0.000441946
,,,5.10492e-008,-0.000220973
,,,5.14492e-008,0.000220973
,,,5.18492e-008,-0.000220973
,,,5.22492e-008,0
,,,5.26492e-008,0.000220973
,,,5.30492e-008,0.000441946
,,,5.34492e-008,-0.000220973
,,,5.38492e-008,0
,,,5.42492e-008,-0.000220973
,,,5.46492e-008,0.000441946
,,,5.50492e-008,0.000220973
,,,5.54492e-008,0.000441946
,,,5.58492e-008,0.000662919
,,,5.62492e-008,0.000441946
,,,5.66492e-008,0.000441946
,,,5.70492e-008,0.000220973
,,,5.74492e-008,0.000883892
,,,5.78492e-008,0.000220973
,,,5.82492e-008,0
,,,5.86492e-008,-0.000220973
,,,5.90492e-008,0.000220973
,,,5.94492e-008,0.000441946
,,,5.98492e-008,0.000220973
,,,6.02492e-008,0.000441946
,,,6.06492e-008,-0.000220973
,,,6.10492e-008,0.000662919
,,,6.14492e-008,0.00132584
,,,6.18492e-008,0
,,,6.22492e-008,0
,,,6.26492e-008,0.000883892
,,,6.30492e-008,0.000441946
,,,6.34492e-008,0.000220973
,,,6.38492e-008,0
,,,6.42492e-008,-0.000441946
,,,6.46492e-008,0
,,,6.50492e-008,0.000220973
,,,6.54492e-008,0.000441946
,,,6.58492e-008,0
,,,6.62492e-008,0.000883892
,,,6.66492e-008,0.00110486
,,,6.70492e-008,0.000662919
,,,6.74492e-008,0.000883892
,,,6.78492e-008,-0.000441946
,,,6.82492e-008,0
,,,6.86492e-008,0.000441946
,,,6.90492e-008,0
,,,6.94492e-008,0
,,,6.98492e-008,0.000662919
,,,7.02492e-008,0.000883892
,,,7.06492e-008,0.000441946
,,,7.10492e-008,0.000441946
,,,7.14492e-008,0.000220973
,,,7.18492e-008,0.000883892
,,,7.22492e-008,0.000883892
,,,7.26492e-008,-0.000220973
,,,7.30492e-008,0.000441946
,,,7.34492e-008,0.00110486
,,,7.38492e-008,0.000220973
,,,7.42492e-008,0.000662919
,,,7.46492e-008,-0.000220973
,,,7.50492e-008,0.000662919
,,,7.54492e-008,0
,,,7.58492e-008,0.000662919
,,,7.62492e-008,-0.000441946
,,,7.66492e-008,-0.000441946
,,,7.70492e-008,0.000441946
,,,7.74492e-008,0.000220973
,,,7.78492e-008,0.000220973
,,,7.82492e-008,0.000662919
,,,7.86492e-008,0.000441946
,,,7.90492e-008,0.000441946
,,,7.94492e-008,0.000441946
,,,7.98492e-008,0.000220973
,,,8.02492e-008,0.000662919
,,,8.06492e-008,0.000441946
,,,8.10492e-008,-0.000220973
,,,8.14492e-008,0
,,,8.18492e-008,0.000662919
,,,8.22492e-008,0.000662919
,,,8.26492e-008,0.000662919
,,,8.30492e-008,0
,,,8.34492e-008,0.000220973
,,,8.38492e-008,0
,,,8.42492e-008,0.000883892
,,,8.46492e-008,0.000441946
,,,8.50492e-008,-0.000441946
,,,8.54492e-008,0
,,,8.58492e-008,0.000220973
,,,8.62492e-008,0.000441946
,,,8.66492e-008,0.000883892
,,,8.70492e-008,0.000662919
,,,8.74492e-008,0
,,,8.78492e-008,0.000662919
,,,8.82492e-008,0.000883892
,,,8.86492e-008,0.000220973
,,,8.90492e-008,0.000662919
,,,8.94492e-008,0.000441946
,,,8.98492e-008,0.000662919
,,,9.02492e-008,0.00110486
,,,9.06492e-008,0.000441946
,,,9.10492e-008,0.000220973
,,,9.14492e-008,0.000220973
,,,9.18492e-008,0.000220973
,,,9.22492e-008,0.000662919
,,,9.26492e-008,0.00132584
,,,9.30492e-008,0.000441946
,,,9.34492e-008,0.00154681
,,,9.38492e-008,0.00132584
,,,9.42492e-008,0.00154681
,,,9.46492e-008,0.00287265
,,,9.50492e-008,0.0024307
,,,9.54492e-008,0.00287265
,,,9.58492e-008,0.00441946
,,,9.62492e-008,0.00486141
,,,9.66492e-008,0.00441946
,,,9.70492e-008,0.00618724
,,,9.74492e-008,0.00928087
,,,9.78492e-008,0.00883892
,,,9.82492e-008,0.0101648
,,,9.86492e-008,0.0114906
,,,9.90492e-008,0.0130374
,,,9.94492e-008,0.0141423
,,,9.98492e-008,0.0139213
,,,1.00249e-007,0.0150262
,,,1.00649e-007,0.0150262
,,,1.01049e-007,0.0159101
,,,1.01449e-007,0.0159101
,,,1.01849e-007,0.0156891
,,,1.02249e-007,0.0167939
,,,1.02649e-007,0.0174569
,,,1.03049e-007,0.0176778
,,,1.03449e-007,0.0178988
,,,1.03849e-007,0.0174569
,,,1.04249e-007,0.0183408
,,,1.04649e-007,0.0181198
,,,1.05049e-007,0.0178988
,,,1.05449e-007,0.0181198
,,,1.05849e-007,0.0181198
,,,1.06249e-007,0.0176778
,,,1.06649e-007,0.0172359
,,,1.07049e-007,0.0181198
,,,1.07449e-007,0.0178988
,,,1.07849e-007,0.0167939
,,,1.08249e-007,0.0167939
,,,1.08649e-007,0.0176778
,,,1.09049e-007,0.0178988
,,,1.09449e-007,0.0181198
,,,1.09849e-007,0.0174569
,,,1.10249e-007,0.0183408
,,,1.10649e-007,0.0183408
,,,1.11049e-007,0.0185617
,,,1.11449e-007,0.0181198
,,,1.11849e-007,0.0176778
,,,1.12249e-007,0.0178988
,,,1.12649e-007,0.0183408
,,,1.13049e-007,0.0183408
,,,1.13449e-007,0.0178988
,,,1.13849e-007,0.0187827
,,,1.14249e-007,0.0185617
,,,1.14649e-007,0.0185617
,,,1.15049e-007,0.0181198
,,,1.15449e-007,0.0178988
,,,1.15849e-007,0.0176778
,,,1.16249e-007,0.0178988
,,,1.16649e-007,0.0181198
,,,1.17049e-007,0.0174569
,,,1.17449e-007,0.0181198
,,,1.17849e-007,0.0181198
,,,1.18249e-007,0.0176778
,,,1.18649e-007,0.0183408
,,,1.19049e-007,0.0181198
,,,1.19449e-007,0.0181198
,,,1.19849e-007,0.0185617
,,,1.20249e-007,0.0187827
,,,1.20649e-007,0.0181198
,,,1.21049e-007,0.0185617
,,,1.21449e-007,0.0185617
,,,1.21849e-007,0.0187827
,,,1.22249e-007,0.0187827
,,,1.22649e-007,0.0183408
,,,1.23049e-007,0.0181198
,,,1.23449e-007,0.0190037
,,,1.23849e-007,0.0192246
,,,1.24249e-007,0.0196666
,,,1.24649e-007,0.0201085
,,,1.25049e-007,0.0201085
,,,1.25449e-007,0.0205505
,,,1.25849e-007,0.0207715
,,,1.26249e-007,0.0207715
,,,1.26649e-007,0.0209924
,,,1.27049e-007,0.0212134
,,,1.27449e-007,0.0209924
,,,1.27849e-007,0.0216554
,,,1.28249e-007,0.0209924
,,,1.28649e-007,0.0203295
,,,1.29049e-007,0.0205505
,,,1.29449e-007,0.0203295
,,,1.29849e-007,0.0192246
,,,1.30249e-007,0.0190037
,,,1.30649e-007,0.0190037
,,,1.31049e-007,0.0190037
,,,1.31449e-007,0.0187827
,,,1.31849e-007,0.0185617
,,,1.32249e-007,0.0178988
,,,1.32649e-007,0.0170149
,,,1.33049e-007,0.0172359
,,,1.33449e-007,0.0176778
,,,1.33849e-007,0.0176778
,,,1.34249e-007,0.0183408
,,,1.34649e-007,0.0170149
,,,1.35049e-007,0.0167939
,,,1.35449e-007,0.016573
,,,1.35849e-007,0.0167939
,,,1.36249e-007,0.0154681
,,,1.36649e-007,0.016131
,,,1.37049e-007,0.0167939
,,,1.37449e-007,0.0172359
,,,1.37849e-007,0.016573
,,,1.38249e-007,0.0167939
,,,1.38649e-007,0.0170149
,,,1.39049e-007,0.016131
,,,1.39449e-007,0.0159101
,,,1.39849e-007,0.0156891
,,,1.40249e-007,0.016352
,,,1.40649e-007,0.016131
,,,1.41049e-007,0.0156891
,,,1.41449e-007,0.0156891
,,,1.41849e-007,0.0150262
,,,1.42249e-007,0.0150262
,,,1.42649e-007,0.0159101
,,,1.43049e-007,0.0156891
,,,1.43449e-007,0.0159101
,,,1.43849e-007,0.0159101
,,,1.44249e-007,0.0152471
,,,1.44649e-007,0.0152471
,,,1.45049e-007,0.0148052
,,,1.45449e-007,0.0150262
,,,1.45849e-007,0.0156891
,,,1.46249e-007,0.0154681
,,,1.46649e-007,0.0150262
,,,1.47049e-007,0.0145842
,,,1.47449e-007,0.0150262
,,,1.47849e-007,0.0152471
,,,1.48249e-007,0.0141423
,,,1.48649e-007,0.0141423
,,,1.49049e-007,0.0148052
,,,1.49449e-007,0.0150262
,,,1.49849e-007,0.0145842
,,,1.50249e-007,0.0156891
,,,1.50649e-007,0.0143632
,,,1.51049e-007,0.0152471
,,,1.51449e-007,0.0148052
,,,1.51849e-007,0.0143632
,,,1.52249e-007,0.0143632
,,,1.52649e-007,0.0145842
,,,1.53049e-007,0.0141423
,,,1.53449e-007,0.0148052
,,,1.53849e-007,0.0139213
,,,1.54249e-007,0.0137003
,,,1.54649e-007,0.0139213
,,,1.55049e-007,0.0139213
,,,1.55449e-007,0.0130374
,,,1.55849e-007,0.0128164
,,,1.56249e-007,0.0128164
,,,1.56649e-007,0.0123745
,,,1.57049e-007,0.0119325
,,,1.57449e-007,0.0125955
,,,1.57849e-007,0.0123745
,,,1.58249e-007,0.0125955
,,,1.58649e-007,0.0123745
,,,1.59049e-007,0.0123745
,,,1.59449e-007,0.0121535
,,,1.59849e-007,0.0123745
,,,1.60249e-007,0.0123745
,,,1.60649e-007,0.0119325
,,,1.61049e-007,0.0125955
,,,1.61449e-007,0.0128164
,,,1.61849e-007,0.0119325
,,,1.62249e-007,0.0125955
,,,1.62649e-007,0.0110486
,,,1.63049e-007,0.0130374
,,,1.63449e-007,0.0125955
,,,1.63849e-007,0.0121535
,,,1.64249e-007,0.0117116
,,,1.64649e-007,0.0123745
,,,1.65049e-007,0.0119325
,,,1.65449e-007,0.0128164
,,,1.65849e-007,0.0130374
,,,1.66249e-007,0.0123745
,,,1.66649e-007,0.0117116
,,,1.67049e-007,0.0121535
,,,1.67449e-007,0.0112696
,,,1.67849e-007,0.0125955
,,,1.68249e-007,0.0123745
,,,1.68649e-007,0.0130374
,,,1.69049e-007,0.0130374
,,,1.69449e-007,0.0123745
,,,1.69849e-007,0.0125955
,,,1.70249e-007,0.0123745
,,,1.70649e-007,0.0121535
,,,1.71049e-007,0.0123745
,,,1.71449e-007,0.0121535
,,,1.71849e-007,0.0121535
,,,1.72249e-007,0.0123745
,,,1.72649e-007,0.0117116
,,,1.73049e-007,0.0114906
,,,1.73449e-007,0.0123745
,,,1.73849e-007,0.0123745
,,,1.74249e-007,0.0128164
,,,1.74649e-007,0.0132584
,,,1.75049e-007,0.0119325
,,,1.75449e-007,0.0121535
,,,1.75849e-007,0.0117116
,,,1.76249e-007,0.0117116
,,,1.76649e-007,0.0119325
,,,1.77049e-007,0.0130374
,,,1.77449e-007,0.0128164
,,,1.77849e-007,0.0125955
,,,1.78249e-007,0.0121535
,,,1.78649e-007,0.0123745
,,,1.79049e-007,0.0121535
,,,1.79449e-007,0.0121535
,,,1.79849e-007,0.0132584
,,,1.80249e-007,0.0130374
,,,1.80649e-007,0.0123745
,,,1.81049e-007,0.0125955
,,,1.81449e-007,0.0121535
,,,1.81849e-007,0.0121535
,,,1.82249e-007,0.0121535
,,,1.82649e-007,0.0128164
,,,1.83049e-007,0.0121535
,,,1.83449e-007,0.0114906
,,,1.83849e-007,0.0123745
,,,1.84249e-007,0.0130374
,,,1.84649e-007,0.0121535
,,,1.85049e-007,0.0123745
,,,1.85449e-007,0.0123745
,,,1.85849e-007,0.0123745
,,,1.86249e-007,0.0128164
,,,1.86649e-007,0.0128164
,,,1.87049e-007,0.0132584
,,,1.87449e-007,0.0130374
,,,1.87849e-007,0.0130374
,,,1.88249e-007,0.0125955
,,,1.88649e-007,0.0125955
,,,1.89049e-007,0.0123745
,,,1.89449e-007,0.0137003
,,,1.89849e-007,0.0132584
,,,1.90249e-007,0.0132584
,,,1.90649e-007,0.0128164
,,,1.91049e-007,0.0128164
,,,1.91449e-007,0.0128164
,,,1.91849e-007,0.0128164
,,,1.92249e-007,0.0141423
,,,1.92649e-007,0.0137003
,,,1.93049e-007,0.0141423
,,,1.93449e-007,0.0145842
,,,1.93849e-007,0.0143632
,,,1.94249e-007,0.0137003
,,,1.94649e-007,0.0123745
,,,1.95049e-007,0.0132584
,,,1.95449e-007,0.0137003
,,,1.95849e-007,0.0132584
,,,1.96249e-007,0.0139213
,,,1.96649e-007,0.0141423
,,,1.97049e-007,0.0137003
,,,1.97449e-007,0.0132584
,,,1.97849e-007,0.0130374
,,,1.98249e-007,0.0134794
,,,1.98649e-007,0.0137003
,,,1.99049e-007,0.0132584
,,,1.99449e-007,0.0132584
,,,1.99849e-007,0.0139213
,,,2.00249e-007,0.0132584
,,,2.00649e-007,0.0132584
,,,2.01049e-007,0.0130374
,,,2.01449e-007,0.0125955
,,,2.01849e-007,0.0130374
,,,2.02249e-007,0.0128164
,,,2.02649e-007,0.0125955
,,,2.03049e-007,0.0121535
,,,2.03449e-007,0.0121535
,,,2.03849e-007,0.0119325
,,,2.04249e-007,0.0117116
,,,2.04649e-007,0.0123745
,,,2.05049e-007,0.0121535
,,,2.05449e-007,0.0112696
,,,2.05849e-007,0.0121535
,,,2.06249e-007,0.0103857
,,,2.06649e-007,0.0106067
,,,2.07049e-007,0.0106067
,,,2.07449e-007,0.0106067
,,,2.07849e-007,0.0103857
,,,2.08249e-007,0.0108277
,,,2.08649e-007,0.00950184
,,,2.09049e-007,0.00994378
,,,2.09449e-007,0.00905989
,,,2.09849e-007,0.00972281
,,,2.10249e-007,0.00950184
,,,2.10649e-007,0.00883892
,,,2.11049e-007,0.00795503
,,,2.11449e-007,0.00751308
,,,2.11849e-007,0.00795503
,,,2.12249e-007,0.00751308
,,,2.12649e-007,0.00707114
,,,2.13049e-007,0.00596627
,,,2.13449e-007,0.00618724
,,,2.13849e-007,0.0057453
,,,2.14249e-007,0.00552432
,,,2.14649e-007,0.00441946
,,,2.15049e-007,0.00508238
,,,2.15449e-007,0.00397751
,,,2.15849e-007,0.00486141
,,,2.16249e-007,0.00464043
,,,2.16649e-007,0.00375654
,,,2.17049e-007,0.00375654
,,,2.17449e-007,0.00331459
,,,2.17849e-007,0.00331459
,,,2.18249e-007,0.00287265
,,,2.18649e-007,0.00265168
,,,2.19049e-007,0.00198876
,,,2.19449e-007,0.00309362
,,,2.19849e-007,0.00265168
,,,2.20249e-007,0.00220973
,,,2.20649e-007,0.00176778
,,,2.21049e-007,0.00220973
,,,2.21449e-007,0.00176778
,,,2.21849e-007,0.00132584
,,,2.22249e-007,0.00220973
,,,2.22649e-007,0.00176778
,,,2.23049e-007,0.00154681
,,,2.23449e-007,0.00198876
,,,2.23849e-007,0.00110486
,,,2.24249e-007,0.00110486
,,,2.24649e-007,0.00110486
,,,2.25049e-007,0.00176778
,,,2.25449e-007,0.00110486
,,,2.25849e-007,0.00154681
,,,2.26249e-007,0.00154681
,,,2.26649e-007,0.00110486
,,,2.27049e-007,0.00110486
,,,2.27449e-007,0.000220973
,,,2.27849e-007,0.00110486
,,,2.28249e-007,0.00132584
,,,2.28649e-007,0.000662919
,,,2.29049e-007,0.000441946
,,,2.29449e-007,0.00154681
,,,2.29849e-007,0.00110486
,,,2.30249e-007,0.00154681
,,,2.30649e-007,0.00132584
,,,2.31049e-007,0.00110486
,,,2.31449e-007,0.000441946
,,,2.31849e-007,0.00132584
,,,2.32249e-007,0.000883892
,,,2.32649e-007,0.000662919
,,,2.33049e-007,0.00110486
,,,2.33449e-007,0.000220973
,,,2.33849e-007,0.000662919
,,,2.34249e-007,0.000883892
,,,2.34649e-007,0.000220973
,,,2.35049e-007,0.000441946
,,,2.35449e-007,0.000662919
,,,2.35849e-007,0
,,,2.36249e-007,-0.000220973
,,,2.36649e-007,0.000220973
,,,2.37049e-007,-0.000883892
,,,2.37449e-007,-0.000220973
,,,2.37849e-007,0
,,,2.38249e-007,0.000441946
,,,2.38649e-007,-0.000441946
,,,2.39049e-007,-0.000441946
,,,2.39449e-007,-0.000662919
,,,2.39849e-007,0.000441946
,,,2.40249e-007,-0.000662919
,,,2.40649e-007,-0.000662919
,,,2.41049e-007,-0.000662919
,,,2.41449e-007,-0.000220973
,,,2.41849e-007,-0.000441946
,,,2.42249e-007,-0.000220973
,,,2.42649e-007,-0.000220973
,,,2.43049e-007,-0.000441946
,,,2.43449e-007,-0.000441946
,,,2.43849e-007,-0.000441946
,,,2.44249e-007,-0.000220973
,,,2.44649e-007,-0.000220973
,,,2.45049e-007,-0.000441946
,,,2.45449e-007,-0.000220973
,,,2.45849e-007,0.000441946
,,,2.46249e-007,0
,,,2.46649e-007,-0.000220973
,,,2.47049e-007,0.000441946
,,,2.47449e-007,0.000441946
,,,2.47849e-007,0.000883892
,,,2.48249e-007,-0.000220973
,,,2.48649e-007,0.000220973
,,,2.49049e-007,-0.000220973
,,,2.49449e-007,0.000220973
,,,2.49849e-007,-0.000220973
,,,2.50249e-007,0
