"Record Length",1252,"Points",-2.50092e-007,0.000662919
"Sample Interval",4e-010,s,-2.49692e-007,0.000662919
"Trigger Point",625,"Samples",-2.49292e-007,0.000220973
"Trigger Time",0.230236,s,-2.48892e-007,-0.000220973
,,,-2.48492e-007,0.000220973
"Horizontal Offset",-2.50092e-007,s,-2.48092e-007,0
,,,-2.47692e-007,0.000220973
,,,-2.47292e-007,0
,,,-2.46892e-007,0.000662919
,,,-2.46492e-007,0.000220973
,,,-2.46092e-007,0.000662919
,,,-2.45692e-007,0.000441946
,,,-2.45292e-007,0.000883892
,,,-2.44892e-007,-0.000220973
,,,-2.44492e-007,0.000220973
,,,-2.44092e-007,0.000220973
,,,-2.43692e-007,0
,,,-2.43292e-007,0.00110486
,,,-2.42892e-007,0.000662919
,,,-2.42492e-007,0
,,,-2.42092e-007,-0.000220973
,,,-2.41692e-007,-0.000441946
,,,-2.41292e-007,0.000220973
,,,-2.40892e-007,-0.000220973
,,,-2.40492e-007,-0.000662919
,,,-2.40092e-007,-0.000662919
,,,-2.39692e-007,0
,,,-2.39292e-007,0.000220973
,,,-2.38892e-007,0.000662919
,,,-2.38492e-007,0.000220973
,,,-2.38092e-007,-0.000220973
,,,-2.37692e-007,0.000220973
,,,-2.37292e-007,0
,,,-2.36892e-007,0.000220973
,,,-2.36492e-007,0.000662919
,,,-2.36092e-007,0.000220973
,,,-2.35692e-007,0.000220973
,,,-2.35292e-007,0.000220973
,,,-2.34892e-007,-0.000220973
,,,-2.34492e-007,0
,,,-2.34092e-007,0.000441946
,,,-2.33692e-007,0.000441946
,,,-2.33292e-007,-0.000441946
,,,-2.32892e-007,0.000441946
,,,-2.32492e-007,0.000662919
,,,-2.32092e-007,-0.000220973
,,,-2.31692e-007,0
,,,-2.31292e-007,0.000220973
,,,-2.30892e-007,0.000220973
,,,-2.30492e-007,0.000220973
,,,-2.30092e-007,0.000662919
,,,-2.29692e-007,0.000662919
,,,-2.29292e-007,0.000441946
,,,-2.28892e-007,0.000662919
,,,-2.28492e-007,0
,,,-2.28092e-007,-0.000220973
,,,-2.27692e-007,0.000441946
,,,-2.27292e-007,0
,,,-2.26892e-007,0
,,,-2.26492e-007,0.000883892
,,,-2.26092e-007,0.000220973
,,,-2.25692e-007,-0.000441946
,,,-2.25292e-007,-0.000662919
,,,-2.24892e-007,0
,,,-2.24492e-007,0.000662919
,,,-2.24092e-007,-0.000220973
,,,-2.23692e-007,0.000441946
,,,-2.23292e-007,0
,,,-2.22892e-007,0.000883892
,,,-2.22492e-007,0.000220973
,,,-2.22092e-007,0.000220973
,,,-2.21692e-007,0.000220973
,,,-2.21292e-007,0.000662919
,,,-2.20892e-007,0
,,,-2.20492e-007,0.000883892
,,,-2.20092e-007,0.000220973
,,,-2.19692e-007,0.000662919
,,,-2.19292e-007,-0.000220973
,,,-2.18892e-007,0.000883892
,,,-2.18492e-007,0.000220973
,,,-2.18092e-007,0.000441946
,,,-2.17692e-007,-0.000220973
,,,-2.17292e-007,-0.000220973
,,,-2.16892e-007,0.000662919
,,,-2.16492e-007,0.000883892
,,,-2.16092e-007,-0.000220973
,,,-2.15692e-007,0
,,,-2.15292e-007,0
,,,-2.14892e-007,0.000441946
,,,-2.14492e-007,0.000220973
,,,-2.14092e-007,0.000220973
,,,-2.13692e-007,0
,,,-2.13292e-007,0.000220973
,,,-2.12892e-007,0
,,,-2.12492e-007,0.000441946
,,,-2.12092e-007,0.000883892
,,,-2.11692e-007,-0.000220973
,,,-2.11292e-007,0.000441946
,,,-2.10892e-007,0.00110486
,,,-2.10492e-007,0.000220973
,,,-2.10092e-007,-0.000220973
,,,-2.09692e-007,0.000220973
,,,-2.09292e-007,-0.000220973
,,,-2.08892e-007,0
,,,-2.08492e-007,-0.000220973
,,,-2.08092e-007,0.000441946
,,,-2.07692e-007,0
,,,-2.07292e-007,0
,,,-2.06892e-007,0.000220973
,,,-2.06492e-007,0.000220973
,,,-2.06092e-007,0.000441946
,,,-2.05692e-007,0
,,,-2.05292e-007,0.000220973
,,,-2.04892e-007,0.000883892
,,,-2.04492e-007,0.000220973
,,,-2.04092e-007,0.00110486
,,,-2.03692e-007,0.00110486
,,,-2.03292e-007,-0.000220973
,,,-2.02892e-007,-0.000220973
,,,-2.02492e-007,-0.000662919
,,,-2.02092e-007,0.000220973
,,,-2.01692e-007,-0.000220973
,,,-2.01292e-007,-0.000220973
,,,-2.00892e-007,0.000662919
,,,-2.00492e-007,0.000220973
,,,-2.00092e-007,0.000220973
,,,-1.99692e-007,0
,,,-1.99292e-007,0
,,,-1.98892e-007,-0.000220973
,,,-1.98492e-007,-0.000441946
,,,-1.98092e-007,0.000441946
,,,-1.97692e-007,0.000220973
,,,-1.97292e-007,0.000441946
,,,-1.96892e-007,0.000441946
,,,-1.96492e-007,0
,,,-1.96092e-007,0.000441946
,,,-1.95692e-007,0.000441946
,,,-1.95292e-007,0
,,,-1.94892e-007,0
,,,-1.94492e-007,-0.000220973
,,,-1.94092e-007,0.000220973
,,,-1.93692e-007,-0.000220973
,,,-1.93292e-007,-0.000441946
,,,-1.92892e-007,0.000441946
,,,-1.92492e-007,-0.000220973
,,,-1.92092e-007,-0.000441946
,,,-1.91692e-007,0.000441946
,,,-1.91292e-007,0
,,,-1.90892e-007,0.000220973
,,,-1.90492e-007,0.000883892
,,,-1.90092e-007,0
,,,-1.89692e-007,0.000220973
,,,-1.89292e-007,0.00110486
,,,-1.88892e-007,0.000220973
,,,-1.88492e-007,0
,,,-1.88092e-007,0
,,,-1.87692e-007,0.000662919
,,,-1.87292e-007,0.000220973
,,,-1.86892e-007,0
,,,-1.86492e-007,0.000220973
,,,-1.86092e-007,0.000441946
,,,-1.85692e-007,0.000220973
,,,-1.85292e-007,-0.000441946
,,,-1.84892e-007,0.000220973
,,,-1.84492e-007,0.000220973
,,,-1.84092e-007,0.000220973
,,,-1.83692e-007,0.000220973
,,,-1.83292e-007,-0.000220973
,,,-1.82892e-007,0.000220973
,,,-1.82492e-007,0.000441946
,,,-1.82092e-007,0.000441946
,,,-1.81692e-007,0.000441946
,,,-1.81292e-007,0
,,,-1.80892e-007,0
,,,-1.80492e-007,-0.000220973
,,,-1.80092e-007,-0.000883892
,,,-1.79692e-007,0
,,,-1.79292e-007,0.000220973
,,,-1.78892e-007,0.000220973
,,,-1.78492e-007,0.000220973
,,,-1.78092e-007,-0.000662919
,,,-1.77692e-007,0.000441946
,,,-1.77292e-007,0.000662919
,,,-1.76892e-007,0.000220973
,,,-1.76492e-007,-0.000220973
,,,-1.76092e-007,-0.000220973
,,,-1.75692e-007,0
,,,-1.75292e-007,0.000220973
,,,-1.74892e-007,0.000441946
,,,-1.74492e-007,0.000220973
,,,-1.74092e-007,0
,,,-1.73692e-007,0.000220973
,,,-1.73292e-007,0.000220973
,,,-1.72892e-007,0.000662919
,,,-1.72492e-007,0
,,,-1.72092e-007,0.000220973
,,,-1.71692e-007,0.000662919
,,,-1.71292e-007,0.000662919
,,,-1.70892e-007,0
,,,-1.70492e-007,-0.000220973
,,,-1.70092e-007,0
,,,-1.69692e-007,0
,,,-1.69292e-007,-0.000441946
,,,-1.68892e-007,0.000662919
,,,-1.68492e-007,0
,,,-1.68092e-007,-0.000662919
,,,-1.67692e-007,0.000441946
,,,-1.67292e-007,0
,,,-1.66892e-007,0.000220973
,,,-1.66492e-007,-0.000220973
,,,-1.66092e-007,0.000441946
,,,-1.65692e-007,0
,,,-1.65292e-007,0.000662919
,,,-1.64892e-007,0.000220973
,,,-1.64492e-007,-0.000220973
,,,-1.64092e-007,0.000441946
,,,-1.63692e-007,0.000441946
,,,-1.63292e-007,0.000220973
,,,-1.62892e-007,0.000883892
,,,-1.62492e-007,0.000662919
,,,-1.62092e-007,0.000662919
,,,-1.61692e-007,0.000441946
,,,-1.61292e-007,-0.000220973
,,,-1.60892e-007,0.000220973
,,,-1.60492e-007,-0.000220973
,,,-1.60092e-007,0.000441946
,,,-1.59692e-007,0.000662919
,,,-1.59292e-007,0.000220973
,,,-1.58892e-007,0.000662919
,,,-1.58492e-007,0.000441946
,,,-1.58092e-007,0
,,,-1.57692e-007,-0.000220973
,,,-1.57292e-007,0.000883892
,,,-1.56892e-007,0.00132584
,,,-1.56492e-007,0.000441946
,,,-1.56092e-007,0.000220973
,,,-1.55692e-007,-0.000220973
,,,-1.55292e-007,0
,,,-1.54892e-007,0.000662919
,,,-1.54492e-007,0.000662919
,,,-1.54092e-007,0.000662919
,,,-1.53692e-007,-0.000220973
,,,-1.53292e-007,-0.000220973
,,,-1.52892e-007,-0.000220973
,,,-1.52492e-007,0
,,,-1.52092e-007,0.000220973
,,,-1.51692e-007,0.000662919
,,,-1.51292e-007,0.000220973
,,,-1.50892e-007,0.00110486
,,,-1.50492e-007,0.000441946
,,,-1.50092e-007,0
,,,-1.49692e-007,-0.000662919
,,,-1.49292e-007,0.000441946
,,,-1.48892e-007,0.000220973
,,,-1.48492e-007,0.000883892
,,,-1.48092e-007,0.000883892
,,,-1.47692e-007,0.000441946
,,,-1.47292e-007,0.000662919
,,,-1.46892e-007,0
,,,-1.46492e-007,-0.000883892
,,,-1.46092e-007,0.000220973
,,,-1.45692e-007,0.000441946
,,,-1.45292e-007,0.000220973
,,,-1.44892e-007,0
,,,-1.44492e-007,0
,,,-1.44092e-007,0.000220973
,,,-1.43692e-007,0.000220973
,,,-1.43292e-007,-0.000662919
,,,-1.42892e-007,0.000441946
,,,-1.42492e-007,0.000662919
,,,-1.42092e-007,0.000441946
,,,-1.41692e-007,-0.000441946
,,,-1.41292e-007,0.000220973
,,,-1.40892e-007,-0.000220973
,,,-1.40492e-007,-0.000220973
,,,-1.40092e-007,0
,,,-1.39692e-007,0.000441946
,,,-1.39292e-007,0
,,,-1.38892e-007,0.000441946
,,,-1.38492e-007,-0.000441946
,,,-1.38092e-007,0.000441946
,,,-1.37692e-007,0
,,,-1.37292e-007,-0.000662919
,,,-1.36892e-007,0
,,,-1.36492e-007,0.000883892
,,,-1.36092e-007,-0.000441946
,,,-1.35692e-007,0
,,,-1.35292e-007,0.000220973
,,,-1.34892e-007,0
,,,-1.34492e-007,0.000220973
,,,-1.34092e-007,-0.000662919
,,,-1.33692e-007,0.000220973
,,,-1.33292e-007,0.000883892
,,,-1.32892e-007,-0.000441946
,,,-1.32492e-007,0.000220973
,,,-1.32092e-007,0.000441946
,,,-1.31692e-007,0.000441946
,,,-1.31292e-007,0.000220973
,,,-1.30892e-007,0.000220973
,,,-1.30492e-007,-0.000441946
,,,-1.30092e-007,0.000220973
,,,-1.29692e-007,0.000220973
,,,-1.29292e-007,0.000662919
,,,-1.28892e-007,-0.000220973
,,,-1.28492e-007,0
,,,-1.28092e-007,0.000441946
,,,-1.27692e-007,0
,,,-1.27292e-007,0.000220973
,,,-1.26892e-007,0.000883892
,,,-1.26492e-007,0.000220973
,,,-1.26092e-007,0.000220973
,,,-1.25692e-007,0
,,,-1.25292e-007,0.000883892
,,,-1.24892e-007,0.000441946
,,,-1.24492e-007,-0.000662919
,,,-1.24092e-007,0.000220973
,,,-1.23692e-007,0.000220973
,,,-1.23292e-007,0.000441946
,,,-1.22892e-007,0.000220973
,,,-1.22492e-007,0.000220973
,,,-1.22092e-007,0.000883892
,,,-1.21692e-007,0
,,,-1.21292e-007,-0.000441946
,,,-1.20892e-007,0.000220973
,,,-1.20492e-007,0
,,,-1.20092e-007,0
,,,-1.19692e-007,-0.000441946
,,,-1.19292e-007,0.000441946
,,,-1.18892e-007,0
,,,-1.18492e-007,0.000220973
,,,-1.18092e-007,0.000441946
,,,-1.17692e-007,-0.000441946
,,,-1.17292e-007,0.000220973
,,,-1.16892e-007,0
,,,-1.16492e-007,0
,,,-1.16092e-007,0.00110486
,,,-1.15692e-007,-0.000220973
,,,-1.15292e-007,0
,,,-1.14892e-007,0.000441946
,,,-1.14492e-007,0
,,,-1.14092e-007,0
,,,-1.13692e-007,0.000220973
,,,-1.13292e-007,-0.000220973
,,,-1.12892e-007,0
,,,-1.12492e-007,0.000883892
,,,-1.12092e-007,-0.000220973
,,,-1.11692e-007,0.000220973
,,,-1.11292e-007,0.000220973
,,,-1.10892e-007,0.000662919
,,,-1.10492e-007,-0.000441946
,,,-1.10092e-007,0
,,,-1.09692e-007,0.000220973
,,,-1.09292e-007,0.000662919
,,,-1.08892e-007,0.000883892
,,,-1.08492e-007,0.000220973
,,,-1.08092e-007,0.000441946
,,,-1.07692e-007,0.000220973
,,,-1.07292e-007,0
,,,-1.06892e-007,0
,,,-1.06492e-007,-0.000220973
,,,-1.06092e-007,0.000220973
,,,-1.05692e-007,0
,,,-1.05292e-007,0.000220973
,,,-1.04892e-007,0.000220973
,,,-1.04492e-007,0.000220973
,,,-1.04092e-007,-0.000220973
,,,-1.03692e-007,-0.000220973
,,,-1.03292e-007,-0.000441946
,,,-1.02892e-007,0.000220973
,,,-1.02492e-007,0.000220973
,,,-1.02092e-007,-0.000220973
,,,-1.01692e-007,-0.000220973
,,,-1.01292e-007,0.000220973
,,,-1.00892e-007,0.000220973
,,,-1.00492e-007,-0.000220973
,,,-1.00092e-007,0.000441946
,,,-9.96921e-008,0.000441946
,,,-9.92921e-008,0.000662919
,,,-9.88921e-008,0.000220973
,,,-9.84921e-008,0
,,,-9.80921e-008,-0.000220973
,,,-9.76921e-008,0.000441946
,,,-9.72921e-008,0.000441946
,,,-9.68921e-008,0.000220973
,,,-9.64921e-008,0
,,,-9.60921e-008,0.000220973
,,,-9.56921e-008,0
,,,-9.52921e-008,-0.000220973
,,,-9.48921e-008,0.000441946
,,,-9.44921e-008,0.000441946
,,,-9.40921e-008,0
,,,-9.36921e-008,0.000662919
,,,-9.32921e-008,0.000662919
,,,-9.28921e-008,0
,,,-9.24921e-008,-0.000220973
,,,-9.20921e-008,0.000220973
,,,-9.16921e-008,0
,,,-9.12921e-008,0.000220973
,,,-9.08921e-008,0.000662919
,,,-9.04921e-008,0
,,,-9.00921e-008,0
,,,-8.96921e-008,0.000662919
,,,-8.92921e-008,0
,,,-8.88921e-008,-0.000220973
,,,-8.84921e-008,0.000662919
,,,-8.80921e-008,0
,,,-8.76921e-008,0.000441946
,,,-8.72921e-008,0.000441946
,,,-8.68921e-008,0
,,,-8.64921e-008,0.000441946
,,,-8.60921e-008,0
,,,-8.56921e-008,0.000220973
,,,-8.52921e-008,0.000220973
,,,-8.48921e-008,0
,,,-8.44921e-008,0.000220973
,,,-8.40921e-008,0.000441946
,,,-8.36921e-008,0.000441946
,,,-8.32921e-008,0.000883892
,,,-8.28921e-008,-0.000662919
,,,-8.24921e-008,0.000441946
,,,-8.20921e-008,0.000220973
,,,-8.16921e-008,0.000441946
,,,-8.12921e-008,0.000441946
,,,-8.08921e-008,0
,,,-8.04921e-008,0.000220973
,,,-8.00921e-008,0.000662919
,,,-7.96921e-008,0.000220973
,,,-7.92921e-008,-0.000441946
,,,-7.88921e-008,-0.000220973
,,,-7.84921e-008,-0.000441946
,,,-7.80921e-008,0
,,,-7.76921e-008,-0.000220973
,,,-7.72921e-008,0.000441946
,,,-7.68921e-008,0.000441946
,,,-7.64921e-008,0.000662919
,,,-7.60921e-008,-0.000441946
,,,-7.56921e-008,0.000441946
,,,-7.52921e-008,0.00132584
,,,-7.48921e-008,0.000220973
,,,-7.44921e-008,-0.000441946
,,,-7.40921e-008,0
,,,-7.36921e-008,-0.000662919
,,,-7.32921e-008,0
,,,-7.28921e-008,0
,,,-7.24921e-008,0.000441946
,,,-7.20921e-008,0.000220973
,,,-7.16921e-008,0.00110486
,,,-7.12921e-008,-0.000220973
,,,-7.08921e-008,0
,,,-7.04921e-008,0.000441946
,,,-7.00921e-008,0.000441946
,,,-6.96921e-008,0
,,,-6.92921e-008,0.000662919
,,,-6.88921e-008,0.000220973
,,,-6.84921e-008,-0.000662919
,,,-6.80921e-008,0.000662919
,,,-6.76921e-008,0.000220973
,,,-6.72921e-008,0
,,,-6.68921e-008,0.000883892
,,,-6.64921e-008,-0.000220973
,,,-6.60921e-008,-0.000220973
,,,-6.56921e-008,0.000662919
,,,-6.52921e-008,0.000220973
,,,-6.48921e-008,0.000220973
,,,-6.44921e-008,0.000441946
,,,-6.40921e-008,0
,,,-6.36921e-008,-0.000220973
,,,-6.32921e-008,0
,,,-6.28921e-008,0.000441946
,,,-6.24921e-008,0.000220973
,,,-6.20921e-008,0.00132584
,,,-6.16921e-008,0.000441946
,,,-6.12921e-008,0.000662919
,,,-6.08921e-008,0.000220973
,,,-6.04921e-008,0.000441946
,,,-6.00921e-008,0
,,,-5.96921e-008,0.000441946
,,,-5.92921e-008,0
,,,-5.88921e-008,-0.000220973
,,,-5.84921e-008,0.000220973
,,,-5.80921e-008,0.000441946
,,,-5.76921e-008,0
,,,-5.72921e-008,-0.000220973
,,,-5.68921e-008,0
,,,-5.64921e-008,-0.000220973
,,,-5.60921e-008,0.000883892
,,,-5.56921e-008,0
,,,-5.52921e-008,0
,,,-5.48921e-008,0.000883892
,,,-5.44921e-008,0.000220973
,,,-5.40921e-008,0.000220973
,,,-5.36921e-008,0.000220973
,,,-5.32921e-008,0
,,,-5.28921e-008,-0.000220973
,,,-5.24921e-008,0.000441946
,,,-5.20921e-008,0.000441946
,,,-5.16921e-008,-0.000220973
,,,-5.12921e-008,0.000883892
,,,-5.08921e-008,0.000220973
,,,-5.04921e-008,0.000220973
,,,-5.00921e-008,0.000662919
,,,-4.96921e-008,-0.000883892
,,,-4.92921e-008,-0.000441946
,,,-4.88921e-008,0.000220973
,,,-4.84921e-008,0
,,,-4.80921e-008,0
,,,-4.76921e-008,0.000220973
,,,-4.72921e-008,0.000220973
,,,-4.68921e-008,0.000220973
,,,-4.64921e-008,0.000220973
,,,-4.60921e-008,0.000441946
,,,-4.56921e-008,0.000662919
,,,-4.52921e-008,0.000883892
,,,-4.48921e-008,0.000441946
,,,-4.44921e-008,0
,,,-4.40921e-008,0.000662919
,,,-4.36921e-008,0.000441946
,,,-4.32921e-008,0.000441946
,,,-4.28921e-008,0.000662919
,,,-4.24921e-008,0.000220973
,,,-4.20921e-008,0.000220973
,,,-4.16921e-008,0.000662919
,,,-4.12921e-008,0.000220973
,,,-4.08921e-008,0.000441946
,,,-4.04921e-008,-0.000441946
,,,-4.00921e-008,0.000441946
,,,-3.96921e-008,0.000220973
,,,-3.92921e-008,0.00110486
,,,-3.88921e-008,0.000441946
,,,-3.84921e-008,0.000883892
,,,-3.80921e-008,0.000662919
,,,-3.76921e-008,0.000441946
,,,-3.72921e-008,0.000220973
,,,-3.68921e-008,0.000441946
,,,-3.64921e-008,-0.000220973
,,,-3.60921e-008,0.000662919
,,,-3.56921e-008,0.000441946
,,,-3.52921e-008,-0.000220973
,,,-3.48921e-008,0.000441946
,,,-3.44921e-008,0.000220973
,,,-3.40921e-008,0.000441946
,,,-3.36921e-008,0.000220973
,,,-3.32921e-008,0.000220973
,,,-3.28921e-008,-0.000220973
,,,-3.24921e-008,0
,,,-3.20921e-008,0
,,,-3.16921e-008,-0.000220973
,,,-3.12921e-008,0.000220973
,,,-3.08921e-008,0.000883892
,,,-3.04921e-008,0.000220973
,,,-3.00921e-008,0.000220973
,,,-2.96921e-008,0.000441946
,,,-2.92921e-008,0.000441946
,,,-2.88921e-008,-0.000220973
,,,-2.84921e-008,0.000220973
,,,-2.80921e-008,0
,,,-2.76921e-008,0.000220973
,,,-2.72921e-008,-0.000220973
,,,-2.68921e-008,0.000220973
,,,-2.64921e-008,0
,,,-2.60921e-008,0.000662919
,,,-2.56921e-008,0.000883892
,,,-2.52921e-008,0.000441946
,,,-2.48921e-008,0.000662919
,,,-2.44921e-008,0
,,,-2.40921e-008,0.000220973
,,,-2.36921e-008,0.000220973
,,,-2.32921e-008,0.000220973
,,,-2.28921e-008,0.000441946
,,,-2.24921e-008,0.000662919
,,,-2.20921e-008,0
,,,-2.16921e-008,-0.000662919
,,,-2.12921e-008,0
,,,-2.08921e-008,-0.000220973
,,,-2.04921e-008,0.000883892
,,,-2.00921e-008,-0.000220973
,,,-1.96921e-008,0
,,,-1.92921e-008,0.000220973
,,,-1.88921e-008,0.000662919
,,,-1.84921e-008,-0.000441946
,,,-1.80921e-008,-0.000220973
,,,-1.76921e-008,0.000662919
,,,-1.72921e-008,-0.000441946
,,,-1.68921e-008,-0.000441946
,,,-1.64921e-008,-0.000220973
,,,-1.60921e-008,-0.000441946
,,,-1.56921e-008,-0.000220973
,,,-1.52921e-008,0
,,,-1.48921e-008,0.000662919
,,,-1.44921e-008,-0.000441946
,,,-1.40921e-008,0.000220973
,,,-1.36921e-008,-0.000220973
,,,-1.32921e-008,0.000220973
,,,-1.28921e-008,-0.000441946
,,,-1.24921e-008,-0.000220973
,,,-1.20921e-008,0
,,,-1.16921e-008,0.000220973
,,,-1.12921e-008,-0.000441946
,,,-1.08921e-008,-0.000220973
,,,-1.04921e-008,0.000662919
,,,-1.00921e-008,0
,,,-9.69209e-009,0.000441946
,,,-9.29209e-009,-0.000220973
,,,-8.89209e-009,0.000220973
,,,-8.49209e-009,0
,,,-8.09209e-009,-0.000220973
,,,-7.69209e-009,0.000662919
,,,-7.29209e-009,0
,,,-6.89209e-009,0.00110486
,,,-6.49209e-009,0.000220973
,,,-6.09209e-009,0
,,,-5.69209e-009,0.000220973
,,,-5.29209e-009,0.000662919
,,,-4.89209e-009,0
,,,-4.49209e-009,-0.000662919
,,,-4.09209e-009,0
,,,-3.69209e-009,0.000220973
,,,-3.29209e-009,0.000220973
,,,-2.89209e-009,0.000441946
,,,-2.49209e-009,-0.000220973
,,,-2.09209e-009,0.000220973
,,,-1.69209e-009,0.000220973
,,,-1.29209e-009,0
,,,-8.92094e-010,0.000662919
,,,-4.92094e-010,0.000662919
,,,-9.20944e-011,0.000220973
,,,3.07906e-010,0.000441946
,,,7.07906e-010,-0.000441946
,,,1.10791e-009,0.000441946
,,,1.50791e-009,-0.000220973
,,,1.90791e-009,0
,,,2.30791e-009,0
,,,2.70791e-009,0.000662919
,,,3.10791e-009,0
,,,3.50791e-009,0.000441946
,,,3.90791e-009,0.000662919
,,,4.30791e-009,-0.000441946
,,,4.70791e-009,-0.000441946
,,,5.10791e-009,0.000883892
,,,5.50791e-009,0.000220973
,,,5.90791e-009,0
,,,6.30791e-009,0.000220973
,,,6.70791e-009,0.000220973
,,,7.10791e-009,0
,,,7.50791e-009,0.000220973
,,,7.90791e-009,0
,,,8.30791e-009,0.000220973
,,,8.70791e-009,-0.000220973
,,,9.10791e-009,0.000220973
,,,9.50791e-009,0.00132584
,,,9.90791e-009,0
,,,1.03079e-008,0
,,,1.07079e-008,0.000441946
,,,1.11079e-008,0.000883892
,,,1.15079e-008,0.000220973
,,,1.19079e-008,0
,,,1.23079e-008,0.000662919
,,,1.27079e-008,0.000220973
,,,1.31079e-008,0
,,,1.35079e-008,0.000662919
,,,1.39079e-008,0
,,,1.43079e-008,-0.000220973
,,,1.47079e-008,0.000441946
,,,1.51079e-008,0.000220973
,,,1.55079e-008,0.000220973
,,,1.59079e-008,0
,,,1.63079e-008,0
,,,1.67079e-008,0.000662919
,,,1.71079e-008,0.000220973
,,,1.75079e-008,0.000220973
,,,1.79079e-008,0.000441946
,,,1.83079e-008,0.000441946
,,,1.87079e-008,0
,,,1.91079e-008,0.000220973
,,,1.95079e-008,0
,,,1.99079e-008,0
,,,2.03079e-008,0.000220973
,,,2.07079e-008,-0.000441946
,,,2.11079e-008,0.000441946
,,,2.15079e-008,0
,,,2.19079e-008,0.000220973
,,,2.23079e-008,0
,,,2.27079e-008,0
,,,2.31079e-008,0.000220973
,,,2.35079e-008,0.000441946
,,,2.39079e-008,-0.000220973
,,,2.43079e-008,0.000220973
,,,2.47079e-008,0.000662919
,,,2.51079e-008,0.000441946
,,,2.55079e-008,0.00132584
,,,2.59079e-008,0.000662919
,,,2.63079e-008,-0.000441946
,,,2.67079e-008,0.000441946
,,,2.71079e-008,0
,,,2.75079e-008,0
,,,2.79079e-008,0.000662919
,,,2.83079e-008,0.000662919
,,,2.87079e-008,0.000220973
,,,2.91079e-008,0.000662919
,,,2.95079e-008,-0.000441946
,,,2.99079e-008,-0.000220973
,,,3.03079e-008,0.000662919
,,,3.07079e-008,-0.000220973
,,,3.11079e-008,0.000662919
,,,3.15079e-008,-0.000220973
,,,3.19079e-008,0
,,,3.23079e-008,0.000441946
,,,3.27079e-008,-0.000220973
,,,3.31079e-008,0.00110486
,,,3.35079e-008,0
,,,3.39079e-008,0
,,,3.43079e-008,0
,,,3.47079e-008,0.000441946
,,,3.51079e-008,-0.000441946
,,,3.55079e-008,0
,,,3.59079e-008,-0.000220973
,,,3.63079e-008,0.000662919
,,,3.67079e-008,0.000883892
,,,3.71079e-008,0.000441946
,,,3.75079e-008,0.000662919
,,,3.79079e-008,0.000220973
,,,3.83079e-008,0
,,,3.87079e-008,-0.000220973
,,,3.91079e-008,0
,,,3.95079e-008,-0.000220973
,,,3.99079e-008,0.000220973
,,,4.03079e-008,0.000220973
,,,4.07079e-008,0
,,,4.11079e-008,0
,,,4.15079e-008,0
,,,4.19079e-008,0
,,,4.23079e-008,0.000220973
,,,4.27079e-008,0.00110486
,,,4.31079e-008,0
,,,4.35079e-008,0.000662919
,,,4.39079e-008,0
,,,4.43079e-008,-0.000220973
,,,4.47079e-008,0
,,,4.51079e-008,0.000220973
,,,4.55079e-008,0.000441946
,,,4.59079e-008,0.000220973
,,,4.63079e-008,0.000220973
,,,4.67079e-008,-0.000441946
,,,4.71079e-008,-0.000220973
,,,4.75079e-008,-0.000662919
,,,4.79079e-008,-0.000220973
,,,4.83079e-008,0
,,,4.87079e-008,-0.000220973
,,,4.91079e-008,0.000662919
,,,4.95079e-008,0.000883892
,,,4.99079e-008,0
,,,5.03079e-008,0.000220973
,,,5.07079e-008,0.000883892
,,,5.11079e-008,0.000441946
,,,5.15079e-008,0.000441946
,,,5.19079e-008,0
,,,5.23079e-008,0.000883892
,,,5.27079e-008,0.000441946
,,,5.31079e-008,0.000662919
,,,5.35079e-008,0
,,,5.39079e-008,0
,,,5.43079e-008,0
,,,5.47079e-008,0.000220973
,,,5.51079e-008,0
,,,5.55079e-008,-0.000441946
,,,5.59079e-008,-0.000220973
,,,5.63079e-008,0.000220973
,,,5.67079e-008,-0.000220973
,,,5.71079e-008,-0.000220973
,,,5.75079e-008,-0.000441946
,,,5.79079e-008,0.000220973
,,,5.83079e-008,-0.000220973
,,,5.87079e-008,0.000441946
,,,5.91079e-008,-0.000220973
,,,5.95079e-008,-0.000441946
,,,5.99079e-008,0.000441946
,,,6.03079e-008,0.000220973
,,,6.07079e-008,0.000441946
,,,6.11079e-008,0
,,,6.15079e-008,-0.000220973
,,,6.19079e-008,0
,,,6.23079e-008,0.000441946
,,,6.27079e-008,0.000662919
,,,6.31079e-008,0.000662919
,,,6.35079e-008,0.000441946
,,,6.39079e-008,0.000662919
,,,6.43079e-008,0.000662919
,,,6.47079e-008,0.000441946
,,,6.51079e-008,0.000883892
,,,6.55079e-008,0
,,,6.59079e-008,0.000662919
,,,6.63079e-008,-0.000220973
,,,6.67079e-008,0.000220973
,,,6.71079e-008,-0.000883892
,,,6.75079e-008,-0.000220973
,,,6.79079e-008,0.000220973
,,,6.83079e-008,0.000220973
,,,6.87079e-008,0.000441946
,,,6.91079e-008,0.000441946
,,,6.95079e-008,0.000441946
,,,6.99079e-008,0.000662919
,,,7.03079e-008,0
,,,7.07079e-008,0.000220973
,,,7.11079e-008,0
,,,7.15079e-008,-0.000441946
,,,7.19079e-008,-0.000662919
,,,7.23079e-008,0.000662919
,,,7.27079e-008,0.000220973
,,,7.31079e-008,0
,,,7.35079e-008,0.000662919
,,,7.39079e-008,0
,,,7.43079e-008,0
,,,7.47079e-008,0.000441946
,,,7.51079e-008,0.000220973
,,,7.55079e-008,-0.000220973
,,,7.59079e-008,0.000220973
,,,7.63079e-008,0.000220973
,,,7.67079e-008,0.000220973
,,,7.71079e-008,0
,,,7.75079e-008,0.000441946
,,,7.79079e-008,0.000220973
,,,7.83079e-008,-0.000441946
,,,7.87079e-008,-0.000220973
,,,7.91079e-008,0.000220973
,,,7.95079e-008,0.000662919
,,,7.99079e-008,-0.000441946
,,,8.03079e-008,-0.000220973
,,,8.07079e-008,0.000220973
,,,8.11079e-008,0.000662919
,,,8.15079e-008,0.000220973
,,,8.19079e-008,0.000883892
,,,8.23079e-008,-0.000220973
,,,8.27079e-008,0
,,,8.31079e-008,0.000662919
,,,8.35079e-008,0.000441946
,,,8.39079e-008,-0.000441946
,,,8.43079e-008,0.000441946
,,,8.47079e-008,0.000220973
,,,8.51079e-008,0.000883892
,,,8.55079e-008,0.000662919
,,,8.59079e-008,0.000441946
,,,8.63079e-008,0
,,,8.67079e-008,-0.000220973
,,,8.71079e-008,0
,,,8.75079e-008,0.00110486
,,,8.79079e-008,0.000662919
,,,8.83079e-008,0.000883892
,,,8.87079e-008,0
,,,8.91079e-008,0.000883892
,,,8.95079e-008,0.000220973
,,,8.99079e-008,0
,,,9.03079e-008,0
,,,9.07079e-008,0
,,,9.11079e-008,0.000220973
,,,9.15079e-008,0.000662919
,,,9.19079e-008,0.000441946
,,,9.23079e-008,0.000220973
,,,9.27079e-008,0.000883892
,,,9.31079e-008,0.00110486
,,,9.35079e-008,0.000883892
,,,9.39079e-008,0.00198876
,,,9.43079e-008,0.00198876
,,,9.47079e-008,0.00220973
,,,9.51079e-008,0.00353557
,,,9.55079e-008,0.00464043
,,,9.59079e-008,0.00508238
,,,9.63079e-008,0.00596627
,,,9.67079e-008,0.00729211
,,,9.71079e-008,0.00883892
,,,9.75079e-008,0.0106067
,,,9.79079e-008,0.0119325
,,,9.83079e-008,0.0119325
,,,9.87079e-008,0.0132584
,,,9.91079e-008,0.0134794
,,,9.95079e-008,0.0152471
,,,9.99079e-008,0.0156891
,,,1.00308e-007,0.0154681
,,,1.00708e-007,0.016131
,,,1.01108e-007,0.016573
,,,1.01508e-007,0.016131
,,,1.01908e-007,0.0172359
,,,1.02308e-007,0.0167939
,,,1.02708e-007,0.016352
,,,1.03108e-007,0.0172359
,,,1.03508e-007,0.0172359
,,,1.03908e-007,0.0172359
,,,1.04308e-007,0.0176778
,,,1.04708e-007,0.0174569
,,,1.05108e-007,0.0174569
,,,1.05508e-007,0.0187827
,,,1.05908e-007,0.0183408
,,,1.06308e-007,0.0174569
,,,1.06708e-007,0.0172359
,,,1.07108e-007,0.0176778
,,,1.07508e-007,0.0172359
,,,1.07908e-007,0.0174569
,,,1.08308e-007,0.0178988
,,,1.08708e-007,0.0174569
,,,1.09108e-007,0.0187827
,,,1.09508e-007,0.0181198
,,,1.09908e-007,0.0176778
,,,1.10308e-007,0.0181198
,,,1.10708e-007,0.0172359
,,,1.11108e-007,0.0176778
,,,1.11508e-007,0.0174569
,,,1.11908e-007,0.0172359
,,,1.12308e-007,0.0176778
,,,1.12708e-007,0.0174569
,,,1.13108e-007,0.0178988
,,,1.13508e-007,0.0185617
,,,1.13908e-007,0.0190037
,,,1.14308e-007,0.0172359
,,,1.14708e-007,0.0174569
,,,1.15108e-007,0.0176778
,,,1.15508e-007,0.0176778
,,,1.15908e-007,0.0172359
,,,1.16308e-007,0.0170149
,,,1.16708e-007,0.0176778
,,,1.17108e-007,0.0183408
,,,1.17508e-007,0.0172359
,,,1.17908e-007,0.0172359
,,,1.18308e-007,0.0176778
,,,1.18708e-007,0.0183408
,,,1.19108e-007,0.0170149
,,,1.19508e-007,0.0176778
,,,1.19908e-007,0.0172359
,,,1.20308e-007,0.0174569
,,,1.20708e-007,0.0183408
,,,1.21108e-007,0.0187827
,,,1.21508e-007,0.0187827
,,,1.21908e-007,0.0185617
,,,1.22308e-007,0.0190037
,,,1.22708e-007,0.0192246
,,,1.23108e-007,0.0190037
,,,1.23508e-007,0.0198876
,,,1.23908e-007,0.0205505
,,,1.24308e-007,0.0203295
,,,1.24708e-007,0.0203295
,,,1.25108e-007,0.0207715
,,,1.25508e-007,0.0207715
,,,1.25908e-007,0.0207715
,,,1.26308e-007,0.0207715
,,,1.26708e-007,0.0216554
,,,1.27108e-007,0.0207715
,,,1.27508e-007,0.0205505
,,,1.27908e-007,0.0192246
,,,1.28308e-007,0.0198876
,,,1.28708e-007,0.0201085
,,,1.29108e-007,0.0203295
,,,1.29508e-007,0.0192246
,,,1.29908e-007,0.0183408
,,,1.30308e-007,0.0183408
,,,1.30708e-007,0.0192246
,,,1.31108e-007,0.0181198
,,,1.31508e-007,0.0178988
,,,1.31908e-007,0.0181198
,,,1.32308e-007,0.0174569
,,,1.32708e-007,0.0170149
,,,1.33108e-007,0.0172359
,,,1.33508e-007,0.0170149
,,,1.33908e-007,0.016573
,,,1.34308e-007,0.0170149
,,,1.34708e-007,0.016131
,,,1.35108e-007,0.016573
,,,1.35508e-007,0.016131
,,,1.35908e-007,0.016131
,,,1.36308e-007,0.0167939
,,,1.36708e-007,0.0159101
,,,1.37108e-007,0.0167939
,,,1.37508e-007,0.016573
,,,1.37908e-007,0.0159101
,,,1.38308e-007,0.016131
,,,1.38708e-007,0.0159101
,,,1.39108e-007,0.016352
,,,1.39508e-007,0.016131
,,,1.39908e-007,0.016573
,,,1.40308e-007,0.0167939
,,,1.40708e-007,0.016573
,,,1.41108e-007,0.0159101
,,,1.41508e-007,0.016131
,,,1.41908e-007,0.0159101
,,,1.42308e-007,0.016131
,,,1.42708e-007,0.0152471
,,,1.43108e-007,0.0150262
,,,1.43508e-007,0.0145842
,,,1.43908e-007,0.0148052
,,,1.44308e-007,0.0148052
,,,1.44708e-007,0.0145842
,,,1.45108e-007,0.0148052
,,,1.45508e-007,0.0150262
,,,1.45908e-007,0.0152471
,,,1.46308e-007,0.0150262
,,,1.46708e-007,0.0148052
,,,1.47108e-007,0.0152471
,,,1.47508e-007,0.0145842
,,,1.47908e-007,0.0150262
,,,1.48308e-007,0.0145842
,,,1.48708e-007,0.0150262
,,,1.49108e-007,0.0152471
,,,1.49508e-007,0.0145842
,,,1.49908e-007,0.0148052
,,,1.50308e-007,0.0141423
,,,1.50708e-007,0.0139213
,,,1.51108e-007,0.0148052
,,,1.51508e-007,0.0143632
,,,1.51908e-007,0.0143632
,,,1.52308e-007,0.0143632
,,,1.52708e-007,0.0145842
,,,1.53108e-007,0.0141423
,,,1.53508e-007,0.0139213
,,,1.53908e-007,0.0145842
,,,1.54308e-007,0.0134794
,,,1.54708e-007,0.0139213
,,,1.55108e-007,0.0137003
,,,1.55508e-007,0.0130374
,,,1.55908e-007,0.0130374
,,,1.56308e-007,0.0132584
,,,1.56708e-007,0.0125955
,,,1.57108e-007,0.0128164
,,,1.57508e-007,0.0121535
,,,1.57908e-007,0.0123745
,,,1.58308e-007,0.0125955
,,,1.58708e-007,0.0117116
,,,1.59108e-007,0.0108277
,,,1.59508e-007,0.0114906
,,,1.59908e-007,0.0119325
,,,1.60308e-007,0.0114906
,,,1.60708e-007,0.0112696
,,,1.61108e-007,0.0117116
,,,1.61508e-007,0.0110486
,,,1.61908e-007,0.0119325
,,,1.62308e-007,0.0121535
,,,1.62708e-007,0.0130374
,,,1.63108e-007,0.0119325
,,,1.63508e-007,0.0119325
,,,1.63908e-007,0.0119325
,,,1.64308e-007,0.0121535
,,,1.64708e-007,0.0125955
,,,1.65108e-007,0.0125955
,,,1.65508e-007,0.0119325
,,,1.65908e-007,0.0123745
,,,1.66308e-007,0.0123745
,,,1.66708e-007,0.0117116
,,,1.67108e-007,0.0121535
,,,1.67508e-007,0.0119325
,,,1.67908e-007,0.0121535
,,,1.68308e-007,0.0123745
,,,1.68708e-007,0.0125955
,,,1.69108e-007,0.0123745
,,,1.69508e-007,0.0132584
,,,1.69908e-007,0.0125955
,,,1.70308e-007,0.0117116
,,,1.70708e-007,0.0123745
,,,1.71108e-007,0.0128164
,,,1.71508e-007,0.0123745
,,,1.71908e-007,0.0123745
,,,1.72308e-007,0.0128164
,,,1.72708e-007,0.0121535
,,,1.73108e-007,0.0125955
,,,1.73508e-007,0.0125955
,,,1.73908e-007,0.0121535
,,,1.74308e-007,0.0123745
,,,1.74708e-007,0.0117116
,,,1.75108e-007,0.0119325
,,,1.75508e-007,0.0125955
,,,1.75908e-007,0.0119325
,,,1.76308e-007,0.0117116
,,,1.76708e-007,0.0125955
,,,1.77108e-007,0.0121535
,,,1.77508e-007,0.0128164
,,,1.77908e-007,0.0132584
,,,1.78308e-007,0.0128164
,,,1.78708e-007,0.0132584
,,,1.79108e-007,0.0130374
,,,1.79508e-007,0.0132584
,,,1.79908e-007,0.0121535
,,,1.80308e-007,0.0125955
,,,1.80708e-007,0.0125955
,,,1.81108e-007,0.0132584
,,,1.81508e-007,0.0114906
,,,1.81908e-007,0.0123745
,,,1.82308e-007,0.0119325
,,,1.82708e-007,0.0123745
,,,1.83108e-007,0.0123745
,,,1.83508e-007,0.0125955
,,,1.83908e-007,0.0123745
,,,1.84308e-007,0.0128164
,,,1.84708e-007,0.0119325
,,,1.85108e-007,0.0128164
,,,1.85508e-007,0.0123745
,,,1.85908e-007,0.0128164
,,,1.86308e-007,0.0132584
,,,1.86708e-007,0.0134794
,,,1.87108e-007,0.0128164
,,,1.87508e-007,0.0128164
,,,1.87908e-007,0.0134794
,,,1.88308e-007,0.0130374
,,,1.88708e-007,0.0125955
,,,1.89108e-007,0.0130374
,,,1.89508e-007,0.0128164
,,,1.89908e-007,0.0130374
,,,1.90308e-007,0.0130374
,,,1.90708e-007,0.0134794
,,,1.91108e-007,0.0130374
,,,1.91508e-007,0.0132584
,,,1.91908e-007,0.0137003
,,,1.92308e-007,0.0134794
,,,1.92708e-007,0.0139213
,,,1.93108e-007,0.0148052
,,,1.93508e-007,0.0132584
,,,1.93908e-007,0.0139213
,,,1.94308e-007,0.0137003
,,,1.94708e-007,0.0141423
,,,1.95108e-007,0.0137003
,,,1.95508e-007,0.0130374
,,,1.95908e-007,0.0148052
,,,1.96308e-007,0.0134794
,,,1.96708e-007,0.0132584
,,,1.97108e-007,0.0132584
,,,1.97508e-007,0.0128164
,,,1.97908e-007,0.0130374
,,,1.98308e-007,0.0128164
,,,1.98708e-007,0.0132584
,,,1.99108e-007,0.0121535
,,,1.99508e-007,0.0128164
,,,1.99908e-007,0.0123745
,,,2.00308e-007,0.0128164
,,,2.00708e-007,0.0128164
,,,2.01108e-007,0.0130374
,,,2.01508e-007,0.0123745
,,,2.01908e-007,0.0125955
,,,2.02308e-007,0.0128164
,,,2.02708e-007,0.0119325
,,,2.03108e-007,0.0123745
,,,2.03508e-007,0.0125955
,,,2.03908e-007,0.0121535
,,,2.04308e-007,0.0123745
,,,2.04708e-007,0.0121535
,,,2.05108e-007,0.0114906
,,,2.05508e-007,0.0112696
,,,2.05908e-007,0.0103857
,,,2.06308e-007,0.0110486
,,,2.06708e-007,0.0106067
,,,2.07108e-007,0.0103857
,,,2.07508e-007,0.00994378
,,,2.07908e-007,0.00994378
,,,2.08308e-007,0.00972281
,,,2.08708e-007,0.00905989
,,,2.09108e-007,0.00928087
,,,2.09508e-007,0.00839697
,,,2.09908e-007,0.008176
,,,2.10308e-007,0.00839697
,,,2.10708e-007,0.00751308
,,,2.11108e-007,0.00707114
,,,2.11508e-007,0.00685016
,,,2.11908e-007,0.00729211
,,,2.12308e-007,0.00707114
,,,2.12708e-007,0.0057453
,,,2.13108e-007,0.00552432
,,,2.13508e-007,0.00464043
,,,2.13908e-007,0.00464043
,,,2.14308e-007,0.00419849
,,,2.14708e-007,0.00309362
,,,2.15108e-007,0.00441946
,,,2.15508e-007,0.00375654
,,,2.15908e-007,0.00331459
,,,2.16308e-007,0.00375654
,,,2.16708e-007,0.0024307
,,,2.17108e-007,0.00331459
,,,2.17508e-007,0.00309362
,,,2.17908e-007,0.0024307
,,,2.18308e-007,0.00176778
,,,2.18708e-007,0.0024307
,,,2.19108e-007,0.00265168
,,,2.19508e-007,0.00265168
,,,2.19908e-007,0.0024307
,,,2.20308e-007,0.00265168
,,,2.20708e-007,0.00176778
,,,2.21108e-007,0.00220973
,,,2.21508e-007,0.00154681
,,,2.21908e-007,0.00176778
,,,2.22308e-007,0.00176778
,,,2.22708e-007,0.00110486
,,,2.23108e-007,0.000662919
,,,2.23508e-007,0.00154681
,,,2.23908e-007,0.000883892
,,,2.24308e-007,0.00132584
,,,2.24708e-007,0.00154681
,,,2.25108e-007,0.00132584
,,,2.25508e-007,0.000441946
,,,2.25908e-007,0.000883892
,,,2.26308e-007,0.000441946
,,,2.26708e-007,0.000662919
,,,2.27108e-007,0.00110486
,,,2.27508e-007,0.000662919
,,,2.27908e-007,0.000441946
,,,2.28308e-007,0.000883892
,,,2.28708e-007,0.000883892
,,,2.29108e-007,0.00110486
,,,2.29508e-007,0.000662919
,,,2.29908e-007,0.00110486
,,,2.30308e-007,0.00110486
,,,2.30708e-007,0.000220973
,,,2.31108e-007,-0.000441946
,,,2.31508e-007,0.000441946
,,,2.31908e-007,0.000662919
,,,2.32308e-007,0.000662919
,,,2.32708e-007,0.000441946
,,,2.33108e-007,0.000883892
,,,2.33508e-007,0.000441946
,,,2.33908e-007,0.000220973
,,,2.34308e-007,0
,,,2.34708e-007,0
,,,2.35108e-007,-0.000441946
,,,2.35508e-007,0.000662919
,,,2.35908e-007,0.00110486
,,,2.36308e-007,-0.000220973
,,,2.36708e-007,-0.000662919
,,,2.37108e-007,0.000220973
,,,2.37508e-007,0.000220973
,,,2.37908e-007,0.000220973
,,,2.38308e-007,-0.000883892
,,,2.38708e-007,-0.000662919
,,,2.39108e-007,-0.000441946
,,,2.39508e-007,-0.000883892
,,,2.39908e-007,-0.00110486
,,,2.40308e-007,-0.00132584
,,,2.40708e-007,-0.000883892
,,,2.41108e-007,-0.000220973
,,,2.41508e-007,-0.000662919
,,,2.41908e-007,-0.000662919
,,,2.42308e-007,-0.000662919
,,,2.42708e-007,0
,,,2.43108e-007,0
,,,2.43508e-007,-0.000662919
,,,2.43908e-007,-0.000441946
,,,2.44308e-007,-0.000441946
,,,2.44708e-007,-0.000662919
,,,2.45108e-007,-0.000220973
,,,2.45508e-007,-0.000220973
,,,2.45908e-007,-0.000441946
,,,2.46308e-007,0.000220973
,,,2.46708e-007,-0.000220973
,,,2.47108e-007,-0.000220973
,,,2.47508e-007,0
,,,2.47908e-007,0
,,,2.48308e-007,0.000220973
,,,2.48708e-007,-0.000662919
,,,2.49108e-007,-0.000441946
,,,2.49508e-007,0
,,,2.49908e-007,0.000883892
,,,2.50308e-007,0.000441946
