"Record Length",1252,"Points",-2.5038e-007,0.000662919
"Sample Interval",4e-010,s,-2.4998e-007,0.000883892
"Trigger Point",625,"Samples",-2.4958e-007,0.000220973
"Trigger Time",0.95041,s,-2.4918e-007,0.000220973
,,,-2.4878e-007,0
"Horizontal Offset",-2.5038e-007,s,-2.4838e-007,0
,,,-2.4798e-007,0.000662919
,,,-2.4758e-007,0
,,,-2.4718e-007,-0.000220973
,,,-2.4678e-007,0.000662919
,,,-2.4638e-007,0.000441946
,,,-2.4598e-007,0.000662919
,,,-2.4558e-007,0.000220973
,,,-2.4518e-007,0
,,,-2.4478e-007,-0.000441946
,,,-2.4438e-007,0.000220973
,,,-2.4398e-007,0.000883892
,,,-2.4358e-007,0.000220973
,,,-2.4318e-007,0.000220973
,,,-2.4278e-007,0.000441946
,,,-2.4238e-007,0.000441946
,,,-2.4198e-007,-0.000220973
,,,-2.4158e-007,0
,,,-2.4118e-007,0.000441946
,,,-2.4078e-007,-0.000220973
,,,-2.4038e-007,0.000220973
,,,-2.3998e-007,0.000220973
,,,-2.3958e-007,0.000220973
,,,-2.3918e-007,0.000441946
,,,-2.3878e-007,0
,,,-2.3838e-007,0.000220973
,,,-2.3798e-007,0.000220973
,,,-2.3758e-007,0.000662919
,,,-2.3718e-007,0.000220973
,,,-2.3678e-007,0.000441946
,,,-2.3638e-007,0.000662919
,,,-2.3598e-007,0.000441946
,,,-2.3558e-007,0.000220973
,,,-2.3518e-007,0
,,,-2.3478e-007,-0.000220973
,,,-2.3438e-007,0
,,,-2.3398e-007,0.000441946
,,,-2.3358e-007,0.000662919
,,,-2.3318e-007,0
,,,-2.3278e-007,-0.000441946
,,,-2.3238e-007,0
,,,-2.3198e-007,-0.000441946
,,,-2.3158e-007,-0.000220973
,,,-2.3118e-007,0.000662919
,,,-2.3078e-007,0.000441946
,,,-2.3038e-007,-0.000220973
,,,-2.2998e-007,0.000441946
,,,-2.2958e-007,0.000220973
,,,-2.2918e-007,0.000441946
,,,-2.2878e-007,0
,,,-2.2838e-007,-0.000220973
,,,-2.2798e-007,0.000441946
,,,-2.2758e-007,0.000441946
,,,-2.2718e-007,0
,,,-2.2678e-007,0.000662919
,,,-2.2638e-007,0.000441946
,,,-2.2598e-007,-0.000220973
,,,-2.2558e-007,0.00110486
,,,-2.2518e-007,0.000220973
,,,-2.2478e-007,0.000883892
,,,-2.2438e-007,0.000220973
,,,-2.2398e-007,0.000220973
,,,-2.2358e-007,-0.000220973
,,,-2.2318e-007,0.000220973
,,,-2.2278e-007,-0.000220973
,,,-2.2238e-007,0.000662919
,,,-2.2198e-007,0.000662919
,,,-2.2158e-007,0.000220973
,,,-2.2118e-007,0.000441946
,,,-2.2078e-007,0.000441946
,,,-2.2038e-007,0.000441946
,,,-2.1998e-007,0.000220973
,,,-2.1958e-007,-0.000220973
,,,-2.1918e-007,-0.000441946
,,,-2.1878e-007,0.000220973
,,,-2.1838e-007,0.000220973
,,,-2.1798e-007,0.000441946
,,,-2.1758e-007,0.000441946
,,,-2.1718e-007,0.000441946
,,,-2.1678e-007,0.000220973
,,,-2.1638e-007,0.000220973
,,,-2.1598e-007,0.000441946
,,,-2.1558e-007,0.000662919
,,,-2.1518e-007,0.000220973
,,,-2.1478e-007,-0.000220973
,,,-2.1438e-007,0.000220973
,,,-2.1398e-007,-0.000441946
,,,-2.1358e-007,0.000883892
,,,-2.1318e-007,0.000441946
,,,-2.1278e-007,-0.000220973
,,,-2.1238e-007,-0.000883892
,,,-2.1198e-007,0.000220973
,,,-2.1158e-007,0.000441946
,,,-2.1118e-007,0.000662919
,,,-2.1078e-007,0.000220973
,,,-2.1038e-007,0.000441946
,,,-2.0998e-007,0.000883892
,,,-2.0958e-007,0.000220973
,,,-2.0918e-007,0.000220973
,,,-2.0878e-007,0.000662919
,,,-2.0838e-007,0.000662919
,,,-2.0798e-007,-0.000220973
,,,-2.0758e-007,0.000441946
,,,-2.0718e-007,0.000441946
,,,-2.0678e-007,0
,,,-2.0638e-007,0
,,,-2.0598e-007,0
,,,-2.0558e-007,0.000220973
,,,-2.0518e-007,0
,,,-2.0478e-007,0.000441946
,,,-2.0438e-007,0.000220973
,,,-2.0398e-007,0.000441946
,,,-2.0358e-007,-0.000220973
,,,-2.0318e-007,0.000662919
,,,-2.0278e-007,0.000220973
,,,-2.0238e-007,0
,,,-2.0198e-007,0.000441946
,,,-2.0158e-007,0.000220973
,,,-2.0118e-007,0.000220973
,,,-2.0078e-007,-0.000441946
,,,-2.0038e-007,0.000220973
,,,-1.9998e-007,0.000220973
,,,-1.9958e-007,-0.000220973
,,,-1.9918e-007,0
,,,-1.9878e-007,-0.000662919
,,,-1.9838e-007,-0.000220973
,,,-1.9798e-007,0.000220973
,,,-1.9758e-007,0.000441946
,,,-1.9718e-007,0.000441946
,,,-1.9678e-007,0.000662919
,,,-1.9638e-007,0.000220973
,,,-1.9598e-007,0.000883892
,,,-1.9558e-007,0.00110486
,,,-1.9518e-007,0.000662919
,,,-1.9478e-007,-0.000441946
,,,-1.9438e-007,0.000441946
,,,-1.9398e-007,0.000220973
,,,-1.9358e-007,0.000441946
,,,-1.9318e-007,-0.000220973
,,,-1.9278e-007,0
,,,-1.9238e-007,0
,,,-1.9198e-007,-0.000220973
,,,-1.9158e-007,0.000220973
,,,-1.9118e-007,0
,,,-1.9078e-007,0
,,,-1.9038e-007,0.000220973
,,,-1.8998e-007,-0.000220973
,,,-1.8958e-007,-0.000220973
,,,-1.8918e-007,-0.000220973
,,,-1.8878e-007,0.000220973
,,,-1.8838e-007,0.000662919
,,,-1.8798e-007,0.000220973
,,,-1.8758e-007,-0.000441946
,,,-1.8718e-007,0.000662919
,,,-1.8678e-007,0.000883892
,,,-1.8638e-007,0.00110486
,,,-1.8598e-007,0
,,,-1.8558e-007,-0.000662919
,,,-1.8518e-007,-0.000220973
,,,-1.8478e-007,0.000662919
,,,-1.8438e-007,0.000441946
,,,-1.8398e-007,0.000220973
,,,-1.8358e-007,0.000441946
,,,-1.8318e-007,-0.000441946
,,,-1.8278e-007,-0.000662919
,,,-1.8238e-007,0.000220973
,,,-1.8198e-007,-0.000220973
,,,-1.8158e-007,-0.000220973
,,,-1.8118e-007,0.000220973
,,,-1.8078e-007,-0.000220973
,,,-1.8038e-007,-0.000662919
,,,-1.7998e-007,0.000441946
,,,-1.7958e-007,0.000441946
,,,-1.7918e-007,0.000441946
,,,-1.7878e-007,-0.000220973
,,,-1.7838e-007,0.00110486
,,,-1.7798e-007,0.000441946
,,,-1.7758e-007,0.000662919
,,,-1.7718e-007,0.000441946
,,,-1.7678e-007,-0.000220973
,,,-1.7638e-007,0.000441946
,,,-1.7598e-007,0
,,,-1.7558e-007,0.000220973
,,,-1.7518e-007,0.000220973
,,,-1.7478e-007,0
,,,-1.7438e-007,0.000220973
,,,-1.7398e-007,0
,,,-1.7358e-007,-0.000220973
,,,-1.7318e-007,0.000662919
,,,-1.7278e-007,0.000662919
,,,-1.7238e-007,-0.000441946
,,,-1.7198e-007,0
,,,-1.7158e-007,-0.000220973
,,,-1.7118e-007,0.000220973
,,,-1.7078e-007,0.000441946
,,,-1.7038e-007,0
,,,-1.6998e-007,0.000441946
,,,-1.6958e-007,0.000662919
,,,-1.6918e-007,-0.000220973
,,,-1.6878e-007,-0.000220973
,,,-1.6838e-007,0
,,,-1.6798e-007,-0.000662919
,,,-1.6758e-007,0.000220973
,,,-1.6718e-007,0.000441946
,,,-1.6678e-007,0.000220973
,,,-1.6638e-007,-0.000220973
,,,-1.6598e-007,0.000662919
,,,-1.6558e-007,0.000220973
,,,-1.6518e-007,0
,,,-1.6478e-007,0.000220973
,,,-1.6438e-007,0.000441946
,,,-1.6398e-007,0.000441946
,,,-1.6358e-007,0.000441946
,,,-1.6318e-007,0.000662919
,,,-1.6278e-007,0.000220973
,,,-1.6238e-007,0.000662919
,,,-1.6198e-007,0.000883892
,,,-1.6158e-007,0.00154681
,,,-1.6118e-007,0.000441946
,,,-1.6078e-007,0
,,,-1.6038e-007,0.000220973
,,,-1.5998e-007,0.000220973
,,,-1.5958e-007,0
,,,-1.5918e-007,0
,,,-1.5878e-007,0
,,,-1.5838e-007,0.000220973
,,,-1.5798e-007,0.000441946
,,,-1.5758e-007,0
,,,-1.5718e-007,0.000662919
,,,-1.5678e-007,0.000441946
,,,-1.5638e-007,0.000883892
,,,-1.5598e-007,0.000441946
,,,-1.5558e-007,-0.000220973
,,,-1.5518e-007,-0.000662919
,,,-1.5478e-007,0.000220973
,,,-1.5438e-007,0.000441946
,,,-1.5398e-007,0
,,,-1.5358e-007,-0.000441946
,,,-1.5318e-007,0
,,,-1.5278e-007,0
,,,-1.5238e-007,0
,,,-1.5198e-007,-0.000220973
,,,-1.5158e-007,-0.000220973
,,,-1.5118e-007,0.000220973
,,,-1.5078e-007,-0.000220973
,,,-1.5038e-007,0.000220973
,,,-1.4998e-007,0.000441946
,,,-1.4958e-007,0.000662919
,,,-1.4918e-007,0.000441946
,,,-1.4878e-007,0.000662919
,,,-1.4838e-007,0
,,,-1.4798e-007,0.000883892
,,,-1.4758e-007,0.000662919
,,,-1.4718e-007,-0.000220973
,,,-1.4678e-007,0.000441946
,,,-1.4638e-007,0.000441946
,,,-1.4598e-007,0
,,,-1.4558e-007,0.000220973
,,,-1.4518e-007,0.000883892
,,,-1.4478e-007,0.000662919
,,,-1.4438e-007,0.000441946
,,,-1.4398e-007,-0.000662919
,,,-1.4358e-007,0.000220973
,,,-1.4318e-007,0
,,,-1.4278e-007,0.00110486
,,,-1.4238e-007,0
,,,-1.4198e-007,0
,,,-1.4158e-007,0
,,,-1.4118e-007,0.000220973
,,,-1.4078e-007,0
,,,-1.4038e-007,0.000441946
,,,-1.3998e-007,0.000441946
,,,-1.3958e-007,0.000441946
,,,-1.3918e-007,0.000662919
,,,-1.3878e-007,-0.000220973
,,,-1.3838e-007,0.000220973
,,,-1.3798e-007,0.000662919
,,,-1.3758e-007,0.000883892
,,,-1.3718e-007,0.000220973
,,,-1.3678e-007,0
,,,-1.3638e-007,-0.000441946
,,,-1.3598e-007,-0.000441946
,,,-1.3558e-007,0
,,,-1.3518e-007,0
,,,-1.3478e-007,-0.000220973
,,,-1.3438e-007,0
,,,-1.3398e-007,0.000220973
,,,-1.3358e-007,0.000662919
,,,-1.3318e-007,0.000441946
,,,-1.3278e-007,0.000220973
,,,-1.3238e-007,0.000220973
,,,-1.3198e-007,0.000441946
,,,-1.3158e-007,0.000441946
,,,-1.3118e-007,0
,,,-1.3078e-007,0.000220973
,,,-1.3038e-007,-0.000441946
,,,-1.2998e-007,0
,,,-1.2958e-007,0.000662919
,,,-1.2918e-007,0.000662919
,,,-1.2878e-007,0.000441946
,,,-1.2838e-007,0
,,,-1.2798e-007,0
,,,-1.2758e-007,0.000220973
,,,-1.2718e-007,0.000220973
,,,-1.2678e-007,0.000220973
,,,-1.2638e-007,0.000220973
,,,-1.2598e-007,0.000883892
,,,-1.2558e-007,0.000220973
,,,-1.2518e-007,0.000220973
,,,-1.2478e-007,0
,,,-1.2438e-007,0
,,,-1.2398e-007,0.000220973
,,,-1.2358e-007,0
,,,-1.2318e-007,-0.000220973
,,,-1.2278e-007,0.000441946
,,,-1.2238e-007,0.000662919
,,,-1.2198e-007,0.000883892
,,,-1.2158e-007,0.000220973
,,,-1.2118e-007,0.000220973
,,,-1.2078e-007,-0.000662919
,,,-1.2038e-007,0
,,,-1.1998e-007,0
,,,-1.1958e-007,0.000441946
,,,-1.1918e-007,0.000662919
,,,-1.1878e-007,0.000220973
,,,-1.1838e-007,0.000220973
,,,-1.1798e-007,0.000220973
,,,-1.1758e-007,0.000441946
,,,-1.1718e-007,0.000220973
,,,-1.1678e-007,0.000220973
,,,-1.1638e-007,0.000441946
,,,-1.1598e-007,0.000441946
,,,-1.1558e-007,0.000220973
,,,-1.1518e-007,0.000220973
,,,-1.1478e-007,0
,,,-1.1438e-007,0.000441946
,,,-1.1398e-007,0.000441946
,,,-1.1358e-007,0.000883892
,,,-1.1318e-007,0.000220973
,,,-1.1278e-007,0.000220973
,,,-1.1238e-007,-0.000220973
,,,-1.1198e-007,0
,,,-1.1158e-007,0.000220973
,,,-1.1118e-007,0
,,,-1.1078e-007,0
,,,-1.1038e-007,0.000662919
,,,-1.0998e-007,0.000441946
,,,-1.0958e-007,0
,,,-1.0918e-007,0.000883892
,,,-1.0878e-007,-0.000220973
,,,-1.0838e-007,-0.000662919
,,,-1.0798e-007,0.000662919
,,,-1.0758e-007,0.000441946
,,,-1.0718e-007,0.000441946
,,,-1.0678e-007,0
,,,-1.0638e-007,0
,,,-1.0598e-007,0
,,,-1.0558e-007,0.000441946
,,,-1.0518e-007,0.000441946
,,,-1.0478e-007,0.000441946
,,,-1.0438e-007,0
,,,-1.0398e-007,0.000220973
,,,-1.0358e-007,0
,,,-1.0318e-007,0.000220973
,,,-1.0278e-007,-0.000220973
,,,-1.0238e-007,0.000441946
,,,-1.0198e-007,0.000441946
,,,-1.0158e-007,0.000220973
,,,-1.0118e-007,0.00110486
,,,-1.0078e-007,0.000441946
,,,-1.0038e-007,0.000883892
,,,-9.99802e-008,0
,,,-9.95802e-008,0.000662919
,,,-9.91802e-008,0.000883892
,,,-9.87802e-008,0.000662919
,,,-9.83802e-008,0.00154681
,,,-9.79802e-008,-0.000441946
,,,-9.75802e-008,0.000441946
,,,-9.71802e-008,0
,,,-9.67802e-008,0
,,,-9.63802e-008,-0.000441946
,,,-9.59802e-008,-0.000220973
,,,-9.55802e-008,0
,,,-9.51802e-008,0.000441946
,,,-9.47802e-008,0.000662919
,,,-9.43802e-008,0
,,,-9.39802e-008,0.000441946
,,,-9.35802e-008,0.000883892
,,,-9.31802e-008,0
,,,-9.27802e-008,0.000441946
,,,-9.23802e-008,0.000441946
,,,-9.19802e-008,0.000662919
,,,-9.15802e-008,-0.000441946
,,,-9.11802e-008,0.000220973
,,,-9.07802e-008,0.000662919
,,,-9.03802e-008,0.000220973
,,,-8.99802e-008,0.000883892
,,,-8.95802e-008,0.000220973
,,,-8.91802e-008,0
,,,-8.87802e-008,0.000220973
,,,-8.83802e-008,0.000662919
,,,-8.79802e-008,0.000220973
,,,-8.75802e-008,0.000441946
,,,-8.71802e-008,0.000441946
,,,-8.67802e-008,-0.000441946
,,,-8.63802e-008,0.000883892
,,,-8.59802e-008,0.000220973
,,,-8.55802e-008,0.000662919
,,,-8.51802e-008,0.000220973
,,,-8.47802e-008,0.000883892
,,,-8.43802e-008,0.000662919
,,,-8.39802e-008,0.00110486
,,,-8.35802e-008,0.000662919
,,,-8.31802e-008,0.000441946
,,,-8.27802e-008,0.000662919
,,,-8.23802e-008,0
,,,-8.19802e-008,0.000883892
,,,-8.15802e-008,0.000883892
,,,-8.11802e-008,-0.000220973
,,,-8.07802e-008,-0.000220973
,,,-8.03802e-008,0.000662919
,,,-7.99802e-008,0.000220973
,,,-7.95802e-008,-0.000220973
,,,-7.91802e-008,0
,,,-7.87802e-008,-0.000220973
,,,-7.83802e-008,0.000220973
,,,-7.79802e-008,0.000220973
,,,-7.75802e-008,0.000662919
,,,-7.71802e-008,0.000220973
,,,-7.67802e-008,0.000883892
,,,-7.63802e-008,0.000441946
,,,-7.59802e-008,0.000441946
,,,-7.55802e-008,0.000220973
,,,-7.51802e-008,0.000883892
,,,-7.47802e-008,0.000662919
,,,-7.43802e-008,0.000662919
,,,-7.39802e-008,0.000662919
,,,-7.35802e-008,0.000662919
,,,-7.31802e-008,0.000662919
,,,-7.27802e-008,0
,,,-7.23802e-008,0.000441946
,,,-7.19802e-008,0
,,,-7.15802e-008,0.000220973
,,,-7.11802e-008,-0.000220973
,,,-7.07802e-008,0
,,,-7.03802e-008,0.000220973
,,,-6.99802e-008,0
,,,-6.95802e-008,0.000662919
,,,-6.91802e-008,0.000662919
,,,-6.87802e-008,0.000220973
,,,-6.83802e-008,-0.000220973
,,,-6.79802e-008,0.000883892
,,,-6.75802e-008,0.000662919
,,,-6.71802e-008,0.000441946
,,,-6.67802e-008,0.000441946
,,,-6.63802e-008,0.000662919
,,,-6.59802e-008,-0.000220973
,,,-6.55802e-008,0.000662919
,,,-6.51802e-008,0
,,,-6.47802e-008,0
,,,-6.43802e-008,0
,,,-6.39802e-008,0.000441946
,,,-6.35802e-008,0.000662919
,,,-6.31802e-008,0.000883892
,,,-6.27802e-008,0.000441946
,,,-6.23802e-008,0.000883892
,,,-6.19802e-008,0.000883892
,,,-6.15802e-008,0.000441946
,,,-6.11802e-008,0.000662919
,,,-6.07802e-008,0
,,,-6.03802e-008,0
,,,-5.99802e-008,0.000441946
,,,-5.95802e-008,0.000220973
,,,-5.91802e-008,0.000441946
,,,-5.87802e-008,0.000883892
,,,-5.83802e-008,0.000441946
,,,-5.79802e-008,0.000441946
,,,-5.75802e-008,0.00110486
,,,-5.71802e-008,0.000441946
,,,-5.67802e-008,0.000220973
,,,-5.63802e-008,0.000883892
,,,-5.59802e-008,0.000220973
,,,-5.55802e-008,0.000220973
,,,-5.51802e-008,0.000662919
,,,-5.47802e-008,0
,,,-5.43802e-008,0.000220973
,,,-5.39802e-008,0.000441946
,,,-5.35802e-008,0.000883892
,,,-5.31802e-008,0
,,,-5.27802e-008,0.000441946
,,,-5.23802e-008,0.000220973
,,,-5.19802e-008,0
,,,-5.15802e-008,0.000662919
,,,-5.11802e-008,0.000883892
,,,-5.07802e-008,0.000441946
,,,-5.03802e-008,0.00110486
,,,-4.99802e-008,0
,,,-4.95802e-008,0.00110486
,,,-4.91802e-008,0.000662919
,,,-4.87802e-008,0.000441946
,,,-4.83802e-008,-0.000883892
,,,-4.79802e-008,-0.000441946
,,,-4.75802e-008,0.000220973
,,,-4.71802e-008,0.000441946
,,,-4.67802e-008,0.000662919
,,,-4.63802e-008,0
,,,-4.59802e-008,0.000220973
,,,-4.55802e-008,0.000883892
,,,-4.51802e-008,0.000220973
,,,-4.47802e-008,0.000220973
,,,-4.43802e-008,0.000220973
,,,-4.39802e-008,0
,,,-4.35802e-008,0.000220973
,,,-4.31802e-008,0.000662919
,,,-4.27802e-008,0.000662919
,,,-4.23802e-008,0
,,,-4.19802e-008,0.000883892
,,,-4.15802e-008,0.000220973
,,,-4.11802e-008,0
,,,-4.07802e-008,0.000441946
,,,-4.03802e-008,-0.000220973
,,,-3.99802e-008,-0.000662919
,,,-3.95802e-008,-0.000220973
,,,-3.91802e-008,-0.000220973
,,,-3.87802e-008,-0.000220973
,,,-3.83802e-008,0.000220973
,,,-3.79802e-008,0.000441946
,,,-3.75802e-008,0.000441946
,,,-3.71802e-008,0.000220973
,,,-3.67802e-008,0.000883892
,,,-3.63802e-008,0.000220973
,,,-3.59802e-008,0.000662919
,,,-3.55802e-008,0.000441946
,,,-3.51802e-008,0.000441946
,,,-3.47802e-008,0.000883892
,,,-3.43802e-008,0.000220973
,,,-3.39802e-008,0.000220973
,,,-3.35802e-008,0.000441946
,,,-3.31802e-008,0.000441946
,,,-3.27802e-008,0.000441946
,,,-3.23802e-008,0.000441946
,,,-3.19802e-008,-0.000220973
,,,-3.15802e-008,0
,,,-3.11802e-008,0.000441946
,,,-3.07802e-008,0
,,,-3.03802e-008,0.000441946
,,,-2.99802e-008,0.000220973
,,,-2.95802e-008,0.000441946
,,,-2.91802e-008,0.000883892
,,,-2.87802e-008,0.000883892
,,,-2.83802e-008,0.000220973
,,,-2.79802e-008,0.000662919
,,,-2.75802e-008,0
,,,-2.71802e-008,0.000441946
,,,-2.67802e-008,-0.000662919
,,,-2.63802e-008,0.000662919
,,,-2.59802e-008,0.000220973
,,,-2.55802e-008,0.000220973
,,,-2.51802e-008,0.000220973
,,,-2.47802e-008,0.000441946
,,,-2.43802e-008,0.000220973
,,,-2.39802e-008,0.000883892
,,,-2.35802e-008,0.000883892
,,,-2.31802e-008,0.000441946
,,,-2.27802e-008,0
,,,-2.23802e-008,0
,,,-2.19802e-008,-0.000662919
,,,-2.15802e-008,0.000883892
,,,-2.11802e-008,0
,,,-2.07802e-008,0.000441946
,,,-2.03802e-008,0.000662919
,,,-1.99802e-008,0.000662919
,,,-1.95802e-008,0.000220973
,,,-1.91802e-008,-0.000220973
,,,-1.87802e-008,0.000441946
,,,-1.83802e-008,-0.000220973
,,,-1.79802e-008,0.000662919
,,,-1.75802e-008,0.000220973
,,,-1.71802e-008,0.000441946
,,,-1.67802e-008,0.000220973
,,,-1.63802e-008,-0.000220973
,,,-1.59802e-008,0.000883892
,,,-1.55802e-008,0
,,,-1.51802e-008,-0.000220973
,,,-1.47802e-008,0
,,,-1.43802e-008,0
,,,-1.39802e-008,0.000441946
,,,-1.35802e-008,0.000441946
,,,-1.31802e-008,0.000220973
,,,-1.27802e-008,0.000662919
,,,-1.23802e-008,0
,,,-1.19802e-008,0.000220973
,,,-1.15802e-008,0.000441946
,,,-1.11802e-008,0
,,,-1.07802e-008,0.000662919
,,,-1.03802e-008,0
,,,-9.98016e-009,0.000662919
,,,-9.58016e-009,0.000883892
,,,-9.18016e-009,0.000220973
,,,-8.78016e-009,-0.000220973
,,,-8.38016e-009,0
,,,-7.98016e-009,0
,,,-7.58016e-009,0
,,,-7.18016e-009,0.000220973
,,,-6.78016e-009,0.000220973
,,,-6.38016e-009,-0.000220973
,,,-5.98016e-009,0.000441946
,,,-5.58016e-009,0.00110486
,,,-5.18016e-009,0.000441946
,,,-4.78016e-009,-0.000220973
,,,-4.38016e-009,0.000883892
,,,-3.98016e-009,0.000220973
,,,-3.58016e-009,0.000662919
,,,-3.18016e-009,0.000662919
,,,-2.78016e-009,0.000662919
,,,-2.38016e-009,0.000883892
,,,-1.98016e-009,0
,,,-1.58016e-009,0.000441946
,,,-1.18016e-009,0.000220973
,,,-7.80164e-010,0.000441946
,,,-3.80164e-010,0.000441946
,,,1.98361e-011,0.000220973
,,,4.19836e-010,0.000662919
,,,8.19836e-010,0.000441946
,,,1.21984e-009,0.000662919
,,,1.61984e-009,0
,,,2.01984e-009,0
,,,2.41984e-009,0.000441946
,,,2.81984e-009,0.000441946
,,,3.21984e-009,0
,,,3.61984e-009,0.000662919
,,,4.01984e-009,0.000220973
,,,4.41984e-009,0.000220973
,,,4.81984e-009,-0.000220973
,,,5.21984e-009,0
,,,5.61984e-009,0.000662919
,,,6.01984e-009,0
,,,6.41984e-009,0
,,,6.81984e-009,0.000220973
,,,7.21984e-009,0.000441946
,,,7.61984e-009,0.000220973
,,,8.01984e-009,0.000220973
,,,8.41984e-009,0.000441946
,,,8.81984e-009,0
,,,9.21984e-009,-0.000441946
,,,9.61984e-009,0.000441946
,,,1.00198e-008,-0.000441946
,,,1.04198e-008,0.000441946
,,,1.08198e-008,0.000441946
,,,1.12198e-008,0.000220973
,,,1.16198e-008,-0.000441946
,,,1.20198e-008,0.00110486
,,,1.24198e-008,0.000220973
,,,1.28198e-008,0
,,,1.32198e-008,0.000662919
,,,1.36198e-008,0.000441946
,,,1.40198e-008,-0.000441946
,,,1.44198e-008,0.000220973
,,,1.48198e-008,0.000441946
,,,1.52198e-008,0.000220973
,,,1.56198e-008,-0.000220973
,,,1.60198e-008,0.000220973
,,,1.64198e-008,0
,,,1.68198e-008,-0.000441946
,,,1.72198e-008,0.000220973
,,,1.76198e-008,0.000220973
,,,1.80198e-008,-0.000441946
,,,1.84198e-008,-0.000220973
,,,1.88198e-008,0
,,,1.92198e-008,0
,,,1.96198e-008,-0.000441946
,,,2.00198e-008,0.000441946
,,,2.04198e-008,0.000662919
,,,2.08198e-008,0.000220973
,,,2.12198e-008,-0.000220973
,,,2.16198e-008,0.000662919
,,,2.20198e-008,0.000220973
,,,2.24198e-008,0.000441946
,,,2.28198e-008,0.000662919
,,,2.32198e-008,-0.000220973
,,,2.36198e-008,0.000441946
,,,2.40198e-008,0.000441946
,,,2.44198e-008,0.000220973
,,,2.48198e-008,0.000441946
,,,2.52198e-008,0.000883892
,,,2.56198e-008,0.000441946
,,,2.60198e-008,0
,,,2.64198e-008,0.000441946
,,,2.68198e-008,-0.000220973
,,,2.72198e-008,0.000220973
,,,2.76198e-008,0.000441946
,,,2.80198e-008,0.000220973
,,,2.84198e-008,0
,,,2.88198e-008,0.000220973
,,,2.92198e-008,0.000883892
,,,2.96198e-008,0.000441946
,,,3.00198e-008,-0.000883892
,,,3.04198e-008,0
,,,3.08198e-008,0
,,,3.12198e-008,0.000441946
,,,3.16198e-008,0.000220973
,,,3.20198e-008,-0.000220973
,,,3.24198e-008,0.000441946
,,,3.28198e-008,0.00110486
,,,3.32198e-008,-0.000220973
,,,3.36198e-008,0.000441946
,,,3.40198e-008,0.000441946
,,,3.44198e-008,0.000441946
,,,3.48198e-008,0.000220973
,,,3.52198e-008,-0.000220973
,,,3.56198e-008,0.000220973
,,,3.60198e-008,0.000883892
,,,3.64198e-008,0.000441946
,,,3.68198e-008,0.000441946
,,,3.72198e-008,0.000441946
,,,3.76198e-008,0
,,,3.80198e-008,0.000220973
,,,3.84198e-008,0.000883892
,,,3.88198e-008,0.000220973
,,,3.92198e-008,0.000662919
,,,3.96198e-008,0.000220973
,,,4.00198e-008,-0.000662919
,,,4.04198e-008,-0.000220973
,,,4.08198e-008,-0.000441946
,,,4.12198e-008,0.000220973
,,,4.16198e-008,0.000662919
,,,4.20198e-008,0.000220973
,,,4.24198e-008,0.000441946
,,,4.28198e-008,0.00110486
,,,4.32198e-008,0.000883892
,,,4.36198e-008,-0.000441946
,,,4.40198e-008,0.000441946
,,,4.44198e-008,0.000883892
,,,4.48198e-008,0.000441946
,,,4.52198e-008,0.000220973
,,,4.56198e-008,0.000441946
,,,4.60198e-008,0.000220973
,,,4.64198e-008,0.000441946
,,,4.68198e-008,0.000662919
,,,4.72198e-008,0.000220973
,,,4.76198e-008,0
,,,4.80198e-008,0
,,,4.84198e-008,0
,,,4.88198e-008,0.000220973
,,,4.92198e-008,0
,,,4.96198e-008,0
,,,5.00198e-008,0.000441946
,,,5.04198e-008,0.000441946
,,,5.08198e-008,0.000220973
,,,5.12198e-008,0.000220973
,,,5.16198e-008,-0.000220973
,,,5.20198e-008,0
,,,5.24198e-008,0
,,,5.28198e-008,0.00110486
,,,5.32198e-008,0
,,,5.36198e-008,0.000441946
,,,5.40198e-008,-0.000220973
,,,5.44198e-008,0
,,,5.48198e-008,0.000220973
,,,5.52198e-008,0.000220973
,,,5.56198e-008,0
,,,5.60198e-008,-0.000441946
,,,5.64198e-008,-0.000441946
,,,5.68198e-008,0
,,,5.72198e-008,-0.000662919
,,,5.76198e-008,0.000220973
,,,5.80198e-008,-0.000220973
,,,5.84198e-008,0.000883892
,,,5.88198e-008,0.000883892
,,,5.92198e-008,0.000441946
,,,5.96198e-008,-0.000220973
,,,6.00198e-008,0.000662919
,,,6.04198e-008,0
,,,6.08198e-008,0.000441946
,,,6.12198e-008,0.000441946
,,,6.16198e-008,0.000441946
,,,6.20198e-008,-0.000220973
,,,6.24198e-008,0.000441946
,,,6.28198e-008,0
,,,6.32198e-008,0.000441946
,,,6.36198e-008,0.000220973
,,,6.40198e-008,0
,,,6.44198e-008,0.000220973
,,,6.48198e-008,0.000441946
,,,6.52198e-008,0.000220973
,,,6.56198e-008,0.000441946
,,,6.60198e-008,0.000220973
,,,6.64198e-008,0
,,,6.68198e-008,0.000662919
,,,6.72198e-008,0
,,,6.76198e-008,-0.000441946
,,,6.80198e-008,0.000662919
,,,6.84198e-008,0.000220973
,,,6.88198e-008,0.000220973
,,,6.92198e-008,0.000441946
,,,6.96198e-008,0.000662919
,,,7.00198e-008,0.000220973
,,,7.04198e-008,0.000220973
,,,7.08198e-008,0
,,,7.12198e-008,0
,,,7.16198e-008,0.000220973
,,,7.20198e-008,0.000220973
,,,7.24198e-008,0.000662919
,,,7.28198e-008,0.000441946
,,,7.32198e-008,0.000441946
,,,7.36198e-008,0
,,,7.40198e-008,0
,,,7.44198e-008,-0.000220973
,,,7.48198e-008,0.000441946
,,,7.52198e-008,-0.000220973
,,,7.56198e-008,-0.000220973
,,,7.60198e-008,0.000883892
,,,7.64198e-008,0.000883892
,,,7.68198e-008,0.000883892
,,,7.72198e-008,0.000441946
,,,7.76198e-008,0.000220973
,,,7.80198e-008,0.000441946
,,,7.84198e-008,0.000441946
,,,7.88198e-008,0
,,,7.92198e-008,0.00110486
,,,7.96198e-008,0.000220973
,,,8.00198e-008,-0.000662919
,,,8.04198e-008,0
,,,8.08198e-008,0
,,,8.12198e-008,0.000662919
,,,8.16198e-008,0.000220973
,,,8.20198e-008,0.000220973
,,,8.24198e-008,0
,,,8.28198e-008,0.000441946
,,,8.32198e-008,0.000441946
,,,8.36198e-008,0.000220973
,,,8.40198e-008,0.000662919
,,,8.44198e-008,0.000662919
,,,8.48198e-008,-0.000220973
,,,8.52198e-008,-0.000220973
,,,8.56198e-008,0.000662919
,,,8.60198e-008,0
,,,8.64198e-008,0.00110486
,,,8.68198e-008,0.000883892
,,,8.72198e-008,0
,,,8.76198e-008,-0.000220973
,,,8.80198e-008,0
,,,8.84198e-008,0
,,,8.88198e-008,-0.000662919
,,,8.92198e-008,-0.000662919
,,,8.96198e-008,0
,,,9.00198e-008,0.000662919
,,,9.04198e-008,0.000883892
,,,9.08198e-008,0.000441946
,,,9.12198e-008,0.000662919
,,,9.16198e-008,0.000220973
,,,9.20198e-008,0.000662919
,,,9.24198e-008,0.000441946
,,,9.28198e-008,0.000441946
,,,9.32198e-008,0.000441946
,,,9.36198e-008,0.00176778
,,,9.40198e-008,0.00132584
,,,9.44198e-008,0.00176778
,,,9.48198e-008,0.00198876
,,,9.52198e-008,0.00331459
,,,9.56198e-008,0.00375654
,,,9.60198e-008,0.00441946
,,,9.64198e-008,0.00596627
,,,9.68198e-008,0.00751308
,,,9.72198e-008,0.00751308
,,,9.76198e-008,0.00950184
,,,9.80198e-008,0.0108277
,,,9.84198e-008,0.0123745
,,,9.88198e-008,0.0139213
,,,9.92198e-008,0.0143632
,,,9.96198e-008,0.0152471
,,,1.0002e-007,0.0150262
,,,1.0042e-007,0.0154681
,,,1.0082e-007,0.0156891
,,,1.0122e-007,0.0159101
,,,1.0162e-007,0.0170149
,,,1.0202e-007,0.0174569
,,,1.0242e-007,0.0176778
,,,1.0282e-007,0.016352
,,,1.0322e-007,0.0172359
,,,1.0362e-007,0.0174569
,,,1.0402e-007,0.0176778
,,,1.0442e-007,0.0181198
,,,1.0482e-007,0.0174569
,,,1.0522e-007,0.0176778
,,,1.0562e-007,0.0178988
,,,1.0602e-007,0.0183408
,,,1.0642e-007,0.0181198
,,,1.0682e-007,0.0170149
,,,1.0722e-007,0.0176778
,,,1.0762e-007,0.0178988
,,,1.0802e-007,0.0183408
,,,1.0842e-007,0.0178988
,,,1.0882e-007,0.0176778
,,,1.0922e-007,0.0178988
,,,1.0962e-007,0.0181198
,,,1.1002e-007,0.0181198
,,,1.1042e-007,0.0176778
,,,1.1082e-007,0.0178988
,,,1.1122e-007,0.0178988
,,,1.1162e-007,0.0185617
,,,1.1202e-007,0.0181198
,,,1.1242e-007,0.0185617
,,,1.1282e-007,0.0181198
,,,1.1322e-007,0.0176778
,,,1.1362e-007,0.0178988
,,,1.1402e-007,0.0181198
,,,1.1442e-007,0.0183408
,,,1.1482e-007,0.0187827
,,,1.1522e-007,0.0181198
,,,1.1562e-007,0.0170149
,,,1.1602e-007,0.0176778
,,,1.1642e-007,0.0178988
,,,1.1682e-007,0.0176778
,,,1.1722e-007,0.0174569
,,,1.1762e-007,0.0172359
,,,1.1802e-007,0.0174569
,,,1.1842e-007,0.0185617
,,,1.1882e-007,0.0176778
,,,1.1922e-007,0.0176778
,,,1.1962e-007,0.0181198
,,,1.2002e-007,0.0183408
,,,1.2042e-007,0.0183408
,,,1.2082e-007,0.0183408
,,,1.2122e-007,0.0185617
,,,1.2162e-007,0.0181198
,,,1.2202e-007,0.0185617
,,,1.2242e-007,0.0185617
,,,1.2282e-007,0.0192246
,,,1.2322e-007,0.0203295
,,,1.2362e-007,0.0198876
,,,1.2402e-007,0.0194456
,,,1.2442e-007,0.0207715
,,,1.2482e-007,0.0205505
,,,1.2522e-007,0.0205505
,,,1.2562e-007,0.0214344
,,,1.2602e-007,0.0207715
,,,1.2642e-007,0.0214344
,,,1.2682e-007,0.0203295
,,,1.2722e-007,0.0205505
,,,1.2762e-007,0.0205505
,,,1.2802e-007,0.0205505
,,,1.2842e-007,0.0203295
,,,1.2882e-007,0.0192246
,,,1.2922e-007,0.0192246
,,,1.2962e-007,0.0194456
,,,1.3002e-007,0.0187827
,,,1.3042e-007,0.0192246
,,,1.3082e-007,0.0185617
,,,1.3122e-007,0.0178988
,,,1.3162e-007,0.0181198
,,,1.3202e-007,0.0183408
,,,1.3242e-007,0.0174569
,,,1.3282e-007,0.0178988
,,,1.3322e-007,0.0172359
,,,1.3362e-007,0.0172359
,,,1.3402e-007,0.0174569
,,,1.3442e-007,0.0167939
,,,1.3482e-007,0.0170149
,,,1.3522e-007,0.0172359
,,,1.3562e-007,0.016573
,,,1.3602e-007,0.0156891
,,,1.3642e-007,0.016573
,,,1.3682e-007,0.016352
,,,1.3722e-007,0.0159101
,,,1.3762e-007,0.016131
,,,1.3802e-007,0.016352
,,,1.3842e-007,0.016573
,,,1.3882e-007,0.016131
,,,1.3922e-007,0.016573
,,,1.3962e-007,0.0159101
,,,1.4002e-007,0.016573
,,,1.4042e-007,0.0159101
,,,1.4082e-007,0.016352
,,,1.4122e-007,0.016131
,,,1.4162e-007,0.016573
,,,1.4202e-007,0.0156891
,,,1.4242e-007,0.0150262
,,,1.4282e-007,0.0152471
,,,1.4322e-007,0.0150262
,,,1.4362e-007,0.016131
,,,1.4402e-007,0.0154681
,,,1.4442e-007,0.0154681
,,,1.4482e-007,0.0145842
,,,1.4522e-007,0.0154681
,,,1.4562e-007,0.0154681
,,,1.4602e-007,0.0145842
,,,1.4642e-007,0.0148052
,,,1.4682e-007,0.0148052
,,,1.4722e-007,0.0148052
,,,1.4762e-007,0.0148052
,,,1.4802e-007,0.0150262
,,,1.4842e-007,0.0152471
,,,1.4882e-007,0.0148052
,,,1.4922e-007,0.0148052
,,,1.4962e-007,0.0150262
,,,1.5002e-007,0.0154681
,,,1.5042e-007,0.0145842
,,,1.5082e-007,0.0148052
,,,1.5122e-007,0.0139213
,,,1.5162e-007,0.0141423
,,,1.5202e-007,0.0148052
,,,1.5242e-007,0.0141423
,,,1.5282e-007,0.0141423
,,,1.5322e-007,0.0141423
,,,1.5362e-007,0.0139213
,,,1.5402e-007,0.0141423
,,,1.5442e-007,0.0143632
,,,1.5482e-007,0.0137003
,,,1.5522e-007,0.0137003
,,,1.5562e-007,0.0123745
,,,1.5602e-007,0.0134794
,,,1.5642e-007,0.0132584
,,,1.5682e-007,0.0119325
,,,1.5722e-007,0.0123745
,,,1.5762e-007,0.0125955
,,,1.5802e-007,0.0125955
,,,1.5842e-007,0.0121535
,,,1.5882e-007,0.0119325
,,,1.5922e-007,0.0112696
,,,1.5962e-007,0.0119325
,,,1.6002e-007,0.0125955
,,,1.6042e-007,0.0123745
,,,1.6082e-007,0.0125955
,,,1.6122e-007,0.0119325
,,,1.6162e-007,0.0119325
,,,1.6202e-007,0.0125955
,,,1.6242e-007,0.0123745
,,,1.6282e-007,0.0121535
,,,1.6322e-007,0.0128164
,,,1.6362e-007,0.0130374
,,,1.6402e-007,0.0125955
,,,1.6442e-007,0.0128164
,,,1.6482e-007,0.0128164
,,,1.6522e-007,0.0128164
,,,1.6562e-007,0.0128164
,,,1.6602e-007,0.0125955
,,,1.6642e-007,0.0125955
,,,1.6682e-007,0.0123745
,,,1.6722e-007,0.0125955
,,,1.6762e-007,0.0123745
,,,1.6802e-007,0.0121535
,,,1.6842e-007,0.0130374
,,,1.6882e-007,0.0125955
,,,1.6922e-007,0.0119325
,,,1.6962e-007,0.0121535
,,,1.7002e-007,0.0119325
,,,1.7042e-007,0.0123745
,,,1.7082e-007,0.0123745
,,,1.7122e-007,0.0128164
,,,1.7162e-007,0.0117116
,,,1.7202e-007,0.0125955
,,,1.7242e-007,0.0121535
,,,1.7282e-007,0.0125955
,,,1.7322e-007,0.0128164
,,,1.7362e-007,0.0121535
,,,1.7402e-007,0.0130374
,,,1.7442e-007,0.0128164
,,,1.7482e-007,0.0130374
,,,1.7522e-007,0.0130374
,,,1.7562e-007,0.0125955
,,,1.7602e-007,0.0114906
,,,1.7642e-007,0.0119325
,,,1.7682e-007,0.0121535
,,,1.7722e-007,0.0119325
,,,1.7762e-007,0.0125955
,,,1.7802e-007,0.0128164
,,,1.7842e-007,0.0123745
,,,1.7882e-007,0.0123745
,,,1.7922e-007,0.0130374
,,,1.7962e-007,0.0125955
,,,1.8002e-007,0.0128164
,,,1.8042e-007,0.0128164
,,,1.8082e-007,0.0130374
,,,1.8122e-007,0.0123745
,,,1.8162e-007,0.0125955
,,,1.8202e-007,0.0132584
,,,1.8242e-007,0.0125955
,,,1.8282e-007,0.0132584
,,,1.8322e-007,0.0119325
,,,1.8362e-007,0.0123745
,,,1.8402e-007,0.0128164
,,,1.8442e-007,0.0121535
,,,1.8482e-007,0.0119325
,,,1.8522e-007,0.0114906
,,,1.8562e-007,0.0121535
,,,1.8602e-007,0.0128164
,,,1.8642e-007,0.0137003
,,,1.8682e-007,0.0128164
,,,1.8722e-007,0.0125955
,,,1.8762e-007,0.0128164
,,,1.8802e-007,0.0130374
,,,1.8842e-007,0.0132584
,,,1.8882e-007,0.0134794
,,,1.8922e-007,0.0130374
,,,1.8962e-007,0.0132584
,,,1.9002e-007,0.0137003
,,,1.9042e-007,0.0137003
,,,1.9082e-007,0.0130374
,,,1.9122e-007,0.0134794
,,,1.9162e-007,0.0139213
,,,1.9202e-007,0.0128164
,,,1.9242e-007,0.0132584
,,,1.9282e-007,0.0130374
,,,1.9322e-007,0.0134794
,,,1.9362e-007,0.0139213
,,,1.9402e-007,0.0134794
,,,1.9442e-007,0.0134794
,,,1.9482e-007,0.0139213
,,,1.9522e-007,0.0137003
,,,1.9562e-007,0.0128164
,,,1.9602e-007,0.0137003
,,,1.9642e-007,0.0134794
,,,1.9682e-007,0.0130374
,,,1.9722e-007,0.0134794
,,,1.9762e-007,0.0137003
,,,1.9802e-007,0.0132584
,,,1.9842e-007,0.0134794
,,,1.9882e-007,0.0132584
,,,1.9922e-007,0.0132584
,,,1.9962e-007,0.0134794
,,,2.0002e-007,0.0121535
,,,2.0042e-007,0.0121535
,,,2.0082e-007,0.0121535
,,,2.0122e-007,0.0121535
,,,2.0162e-007,0.0123745
,,,2.0202e-007,0.0125955
,,,2.0242e-007,0.0121535
,,,2.0282e-007,0.0119325
,,,2.0322e-007,0.0123745
,,,2.0362e-007,0.0114906
,,,2.0402e-007,0.0125955
,,,2.0442e-007,0.0119325
,,,2.0482e-007,0.0119325
,,,2.0522e-007,0.0117116
,,,2.0562e-007,0.0112696
,,,2.0602e-007,0.0110486
,,,2.0642e-007,0.0108277
,,,2.0682e-007,0.0114906
,,,2.0722e-007,0.0110486
,,,2.0762e-007,0.00994378
,,,2.0802e-007,0.00972281
,,,2.0842e-007,0.00883892
,,,2.0882e-007,0.00972281
,,,2.0922e-007,0.00773405
,,,2.0962e-007,0.00839697
,,,2.1002e-007,0.00795503
,,,2.1042e-007,0.00795503
,,,2.1082e-007,0.00839697
,,,2.1122e-007,0.00861795
,,,2.1162e-007,0.00685016
,,,2.1202e-007,0.00751308
,,,2.1242e-007,0.00685016
,,,2.1282e-007,0.00596627
,,,2.1322e-007,0.0057453
,,,2.1362e-007,0.0057453
,,,2.1402e-007,0.0057453
,,,2.1442e-007,0.00464043
,,,2.1482e-007,0.00486141
,,,2.1522e-007,0.00419849
,,,2.1562e-007,0.00397751
,,,2.1602e-007,0.00397751
,,,2.1642e-007,0.00353557
,,,2.1682e-007,0.00287265
,,,2.1722e-007,0.00287265
,,,2.1762e-007,0.00353557
,,,2.1802e-007,0.00220973
,,,2.1842e-007,0.00309362
,,,2.1882e-007,0.00331459
,,,2.1922e-007,0.00309362
,,,2.1962e-007,0.00198876
,,,2.2002e-007,0.0024307
,,,2.2042e-007,0.00198876
,,,2.2082e-007,0.00176778
,,,2.2122e-007,0.00198876
,,,2.2162e-007,0.00265168
,,,2.2202e-007,0.00198876
,,,2.2242e-007,0.00110486
,,,2.2282e-007,0.00110486
,,,2.2322e-007,0.00154681
,,,2.2362e-007,0.00176778
,,,2.2402e-007,0.00154681
,,,2.2442e-007,0.00132584
,,,2.2482e-007,0.00154681
,,,2.2522e-007,0.00110486
,,,2.2562e-007,0.00176778
,,,2.2602e-007,0.00132584
,,,2.2642e-007,0.00154681
,,,2.2682e-007,0.00154681
,,,2.2722e-007,0.000883892
,,,2.2762e-007,0.000662919
,,,2.2802e-007,0.00110486
,,,2.2842e-007,0.000883892
,,,2.2882e-007,0.000662919
,,,2.2922e-007,0.00110486
,,,2.2962e-007,0.00132584
,,,2.3002e-007,0.000662919
,,,2.3042e-007,0.00154681
,,,2.3082e-007,0.000220973
,,,2.3122e-007,0.000883892
,,,2.3162e-007,0.00110486
,,,2.3202e-007,0.000883892
,,,2.3242e-007,0.000662919
,,,2.3282e-007,0.000883892
,,,2.3322e-007,0
,,,2.3362e-007,0.000662919
,,,2.3402e-007,0.000883892
,,,2.3442e-007,0.00132584
,,,2.3482e-007,0.000441946
,,,2.3522e-007,-0.000220973
,,,2.3562e-007,-0.000883892
,,,2.3602e-007,0.000441946
,,,2.3642e-007,0.000662919
,,,2.3682e-007,0
,,,2.3722e-007,0.000220973
,,,2.3762e-007,0.000662919
,,,2.3802e-007,0
,,,2.3842e-007,0
,,,2.3882e-007,0
,,,2.3922e-007,0
,,,2.3962e-007,0
,,,2.4002e-007,-0.000441946
,,,2.4042e-007,-0.000662919
,,,2.4082e-007,-0.000883892
,,,2.4122e-007,-0.000662919
,,,2.4162e-007,-0.000220973
,,,2.4202e-007,-0.000662919
,,,2.4242e-007,-0.000220973
,,,2.4282e-007,0.000220973
,,,2.4322e-007,-0.000220973
,,,2.4362e-007,-0.000441946
,,,2.4402e-007,0.000662919
,,,2.4442e-007,0
,,,2.4482e-007,-0.000220973
,,,2.4522e-007,0
,,,2.4562e-007,0.000220973
,,,2.4602e-007,0.000441946
,,,2.4642e-007,0.000441946
,,,2.4682e-007,-0.000441946
,,,2.4722e-007,-0.000441946
,,,2.4762e-007,0
,,,2.4802e-007,0.000220973
,,,2.4842e-007,0.000662919
,,,2.4882e-007,-0.000220973
,,,2.4922e-007,-0.000441946
,,,2.4962e-007,-0.000441946
,,,2.5002e-007,-0.000441946
