"Record Length",1252,"Points",-2.50031e-007,0.000220973
"Sample Interval",4e-010,s,-2.49631e-007,0.000220973
"Trigger Point",625,"Samples",-2.49231e-007,0.000441946
"Trigger Time",0.0783923,s,-2.48831e-007,0.000441946
,,,-2.48431e-007,0.000220973
"Horizontal Offset",-2.50031e-007,s,-2.48031e-007,0.000220973
,,,-2.47631e-007,0.000883892
,,,-2.47231e-007,0.000441946
,,,-2.46831e-007,0.000441946
,,,-2.46431e-007,0
,,,-2.46031e-007,0.000220973
,,,-2.45631e-007,0.00110486
,,,-2.45231e-007,0
,,,-2.44831e-007,0.000220973
,,,-2.44431e-007,0.000220973
,,,-2.44031e-007,-0.000220973
,,,-2.43631e-007,0
,,,-2.43231e-007,0.000662919
,,,-2.42831e-007,0.000883892
,,,-2.42431e-007,0
,,,-2.42031e-007,0.000662919
,,,-2.41631e-007,0
,,,-2.41231e-007,0.000220973
,,,-2.40831e-007,0.000883892
,,,-2.40431e-007,0.000220973
,,,-2.40031e-007,0.000220973
,,,-2.39631e-007,0.00110486
,,,-2.39231e-007,0.000662919
,,,-2.38831e-007,0.000220973
,,,-2.38431e-007,-0.000441946
,,,-2.38031e-007,0
,,,-2.37631e-007,0.000220973
,,,-2.37231e-007,0.000220973
,,,-2.36831e-007,-0.000220973
,,,-2.36431e-007,0.000220973
,,,-2.36031e-007,0.000441946
,,,-2.35631e-007,-0.000220973
,,,-2.35231e-007,0.000441946
,,,-2.34831e-007,0.000441946
,,,-2.34431e-007,0.000441946
,,,-2.34031e-007,0
,,,-2.33631e-007,0
,,,-2.33231e-007,0.000220973
,,,-2.32831e-007,0.000441946
,,,-2.32431e-007,0.000441946
,,,-2.32031e-007,0.000662919
,,,-2.31631e-007,0.000441946
,,,-2.31231e-007,0.000220973
,,,-2.30831e-007,-0.000220973
,,,-2.30431e-007,-0.000220973
,,,-2.30031e-007,0.000220973
,,,-2.29631e-007,-0.000220973
,,,-2.29231e-007,-0.000441946
,,,-2.28831e-007,0.000220973
,,,-2.28431e-007,0
,,,-2.28031e-007,-0.000441946
,,,-2.27631e-007,0.000441946
,,,-2.27231e-007,0.000220973
,,,-2.26831e-007,0.000441946
,,,-2.26431e-007,0.00110486
,,,-2.26031e-007,0.000441946
,,,-2.25631e-007,0.000220973
,,,-2.25231e-007,0.000441946
,,,-2.24831e-007,0.000883892
,,,-2.24431e-007,0.000220973
,,,-2.24031e-007,-0.000441946
,,,-2.23631e-007,-0.000220973
,,,-2.23231e-007,0
,,,-2.22831e-007,0.000883892
,,,-2.22431e-007,-0.000220973
,,,-2.22031e-007,0.000220973
,,,-2.21631e-007,-0.000220973
,,,-2.21231e-007,0.000220973
,,,-2.20831e-007,0
,,,-2.20431e-007,0.000441946
,,,-2.20031e-007,-0.000662919
,,,-2.19631e-007,0.000441946
,,,-2.19231e-007,0.000220973
,,,-2.18831e-007,0
,,,-2.18431e-007,-0.000441946
,,,-2.18031e-007,0.000220973
,,,-2.17631e-007,0.000441946
,,,-2.17231e-007,0.000220973
,,,-2.16831e-007,0.000662919
,,,-2.16431e-007,-0.000441946
,,,-2.16031e-007,-0.000220973
,,,-2.15631e-007,0.000441946
,,,-2.15231e-007,0.000662919
,,,-2.14831e-007,0
,,,-2.14431e-007,0.000441946
,,,-2.14031e-007,-0.000220973
,,,-2.13631e-007,0.000220973
,,,-2.13231e-007,0.000662919
,,,-2.12831e-007,0.000220973
,,,-2.12431e-007,0
,,,-2.12031e-007,-0.000220973
,,,-2.11631e-007,0.000662919
,,,-2.11231e-007,0.000441946
,,,-2.10831e-007,0.000662919
,,,-2.10431e-007,0.000220973
,,,-2.10031e-007,0.000220973
,,,-2.09631e-007,-0.000220973
,,,-2.09231e-007,0.000220973
,,,-2.08831e-007,0.000441946
,,,-2.08431e-007,-0.000220973
,,,-2.08031e-007,0.000220973
,,,-2.07631e-007,0.000441946
,,,-2.07231e-007,0.000220973
,,,-2.06831e-007,0.000441946
,,,-2.06431e-007,-0.000220973
,,,-2.06031e-007,0.000220973
,,,-2.05631e-007,0
,,,-2.05231e-007,0.000220973
,,,-2.04831e-007,0.000441946
,,,-2.04431e-007,-0.000883892
,,,-2.04031e-007,0
,,,-2.03631e-007,0
,,,-2.03231e-007,0.000662919
,,,-2.02831e-007,0.000220973
,,,-2.02431e-007,0
,,,-2.02031e-007,0.000441946
,,,-2.01631e-007,-0.000441946
,,,-2.01231e-007,0.000662919
,,,-2.00831e-007,0.000883892
,,,-2.00431e-007,0.000441946
,,,-2.00031e-007,0.000441946
,,,-1.99631e-007,-0.000220973
,,,-1.99231e-007,0.000883892
,,,-1.98831e-007,0.000883892
,,,-1.98431e-007,0.000220973
,,,-1.98031e-007,0
,,,-1.97631e-007,0.000220973
,,,-1.97231e-007,0.000441946
,,,-1.96831e-007,0.000441946
,,,-1.96431e-007,-0.000441946
,,,-1.96031e-007,-0.000220973
,,,-1.95631e-007,0
,,,-1.95231e-007,0.000220973
,,,-1.94831e-007,-0.000220973
,,,-1.94431e-007,0.000441946
,,,-1.94031e-007,0.00110486
,,,-1.93631e-007,0.000220973
,,,-1.93231e-007,0.000220973
,,,-1.92831e-007,0.00154681
,,,-1.92431e-007,0.000220973
,,,-1.92031e-007,0.000662919
,,,-1.91631e-007,0.000220973
,,,-1.91231e-007,0.000662919
,,,-1.90831e-007,0.000441946
,,,-1.90431e-007,0.000220973
,,,-1.90031e-007,0
,,,-1.89631e-007,0.000441946
,,,-1.89231e-007,0
,,,-1.88831e-007,0
,,,-1.88431e-007,0
,,,-1.88031e-007,0
,,,-1.87631e-007,0
,,,-1.87231e-007,0.000220973
,,,-1.86831e-007,0.000220973
,,,-1.86431e-007,0
,,,-1.86031e-007,0.000441946
,,,-1.85631e-007,0.000662919
,,,-1.85231e-007,0.000441946
,,,-1.84831e-007,0
,,,-1.84431e-007,0.000441946
,,,-1.84031e-007,0.000662919
,,,-1.83631e-007,0.000441946
,,,-1.83231e-007,0.000662919
,,,-1.82831e-007,-0.000220973
,,,-1.82431e-007,0.000220973
,,,-1.82031e-007,0
,,,-1.81631e-007,0
,,,-1.81231e-007,0
,,,-1.80831e-007,0.000220973
,,,-1.80431e-007,0.000220973
,,,-1.80031e-007,0
,,,-1.79631e-007,-0.000441946
,,,-1.79231e-007,0
,,,-1.78831e-007,0.000220973
,,,-1.78431e-007,0.000220973
,,,-1.78031e-007,0.000441946
,,,-1.77631e-007,0
,,,-1.77231e-007,0.00110486
,,,-1.76831e-007,0.000220973
,,,-1.76431e-007,0.000220973
,,,-1.76031e-007,0.000883892
,,,-1.75631e-007,0.000662919
,,,-1.75231e-007,0.000441946
,,,-1.74831e-007,0.000662919
,,,-1.74431e-007,-0.000441946
,,,-1.74031e-007,0.000441946
,,,-1.73631e-007,0
,,,-1.73231e-007,0
,,,-1.72831e-007,-0.000220973
,,,-1.72431e-007,0.000441946
,,,-1.72031e-007,0
,,,-1.71631e-007,0.000441946
,,,-1.71231e-007,0
,,,-1.70831e-007,0.000662919
,,,-1.70431e-007,0.000662919
,,,-1.70031e-007,0.000662919
,,,-1.69631e-007,0.000441946
,,,-1.69231e-007,0.000441946
,,,-1.68831e-007,0
,,,-1.68431e-007,0.000441946
,,,-1.68031e-007,0
,,,-1.67631e-007,0.000662919
,,,-1.67231e-007,0.000220973
,,,-1.66831e-007,0.000220973
,,,-1.66431e-007,0.000441946
,,,-1.66031e-007,0.000220973
,,,-1.65631e-007,0.000662919
,,,-1.65231e-007,0.000441946
,,,-1.64831e-007,0.000441946
,,,-1.64431e-007,0.000220973
,,,-1.64031e-007,0
,,,-1.63631e-007,0.000220973
,,,-1.63231e-007,0.000220973
,,,-1.62831e-007,0.000220973
,,,-1.62431e-007,0.000662919
,,,-1.62031e-007,0.000441946
,,,-1.61631e-007,0
,,,-1.61231e-007,0.000220973
,,,-1.60831e-007,0.000441946
,,,-1.60431e-007,-0.000220973
,,,-1.60031e-007,0.000441946
,,,-1.59631e-007,0.000441946
,,,-1.59231e-007,0
,,,-1.58831e-007,0
,,,-1.58431e-007,0
,,,-1.58031e-007,0.000441946
,,,-1.57631e-007,0.000220973
,,,-1.57231e-007,0.000220973
,,,-1.56831e-007,0
,,,-1.56431e-007,0
,,,-1.56031e-007,0
,,,-1.55631e-007,-0.000220973
,,,-1.55231e-007,-0.000441946
,,,-1.54831e-007,0
,,,-1.54431e-007,0.000662919
,,,-1.54031e-007,0.000441946
,,,-1.53631e-007,-0.000220973
,,,-1.53231e-007,0.000441946
,,,-1.52831e-007,-0.000220973
,,,-1.52431e-007,0.000220973
,,,-1.52031e-007,0.000662919
,,,-1.51631e-007,0.000662919
,,,-1.51231e-007,-0.000441946
,,,-1.50831e-007,0.000662919
,,,-1.50431e-007,0
,,,-1.50031e-007,0
,,,-1.49631e-007,0.000220973
,,,-1.49231e-007,0.000441946
,,,-1.48831e-007,0.000220973
,,,-1.48431e-007,0.000441946
,,,-1.48031e-007,0.000441946
,,,-1.47631e-007,0.000441946
,,,-1.47231e-007,0.000220973
,,,-1.46831e-007,0.000662919
,,,-1.46431e-007,0.000662919
,,,-1.46031e-007,0.000883892
,,,-1.45631e-007,0
,,,-1.45231e-007,0.000220973
,,,-1.44831e-007,0.000662919
,,,-1.44431e-007,0
,,,-1.44031e-007,0.000441946
,,,-1.43631e-007,0.000662919
,,,-1.43231e-007,0.000662919
,,,-1.42831e-007,0.000220973
,,,-1.42431e-007,0
,,,-1.42031e-007,0.000441946
,,,-1.41631e-007,0
,,,-1.41231e-007,-0.000220973
,,,-1.40831e-007,0
,,,-1.40431e-007,0
,,,-1.40031e-007,0.000220973
,,,-1.39631e-007,0.000441946
,,,-1.39231e-007,0.000441946
,,,-1.38831e-007,0.000441946
,,,-1.38431e-007,0.000220973
,,,-1.38031e-007,0.000441946
,,,-1.37631e-007,-0.000220973
,,,-1.37231e-007,0.000441946
,,,-1.36831e-007,-0.000441946
,,,-1.36431e-007,0.000220973
,,,-1.36031e-007,0.000662919
,,,-1.35631e-007,0.000220973
,,,-1.35231e-007,0
,,,-1.34831e-007,0.000220973
,,,-1.34431e-007,0.000662919
,,,-1.34031e-007,0.000441946
,,,-1.33631e-007,-0.000220973
,,,-1.33231e-007,0
,,,-1.32831e-007,0
,,,-1.32431e-007,-0.000441946
,,,-1.32031e-007,-0.000220973
,,,-1.31631e-007,0.000441946
,,,-1.31231e-007,0.000883892
,,,-1.30831e-007,-0.000220973
,,,-1.30431e-007,0.000220973
,,,-1.30031e-007,0
,,,-1.29631e-007,0.000220973
,,,-1.29231e-007,0.000883892
,,,-1.28831e-007,0.000441946
,,,-1.28431e-007,-0.000220973
,,,-1.28031e-007,0.000220973
,,,-1.27631e-007,0
,,,-1.27231e-007,0
,,,-1.26831e-007,0.000883892
,,,-1.26431e-007,0.000441946
,,,-1.26031e-007,-0.000441946
,,,-1.25631e-007,0
,,,-1.25231e-007,0.000441946
,,,-1.24831e-007,-0.000220973
,,,-1.24431e-007,-0.000220973
,,,-1.24031e-007,-0.000441946
,,,-1.23631e-007,-0.000441946
,,,-1.23231e-007,0.000883892
,,,-1.22831e-007,-0.000220973
,,,-1.22431e-007,0
,,,-1.22031e-007,0
,,,-1.21631e-007,-0.000220973
,,,-1.21231e-007,0.000220973
,,,-1.20831e-007,0.000883892
,,,-1.20431e-007,0
,,,-1.20031e-007,0.000220973
,,,-1.19631e-007,0.00132584
,,,-1.19231e-007,0.000220973
,,,-1.18831e-007,0.000220973
,,,-1.18431e-007,0.000441946
,,,-1.18031e-007,0.00110486
,,,-1.17631e-007,0
,,,-1.17231e-007,0.00110486
,,,-1.16831e-007,0.000220973
,,,-1.16431e-007,0.000220973
,,,-1.16031e-007,0.000220973
,,,-1.15631e-007,0
,,,-1.15231e-007,0
,,,-1.14831e-007,0.000883892
,,,-1.14431e-007,0
,,,-1.14031e-007,0
,,,-1.13631e-007,-0.000220973
,,,-1.13231e-007,0.000220973
,,,-1.12831e-007,0
,,,-1.12431e-007,0.000662919
,,,-1.12031e-007,0.000220973
,,,-1.11631e-007,-0.000220973
,,,-1.11231e-007,0.000220973
,,,-1.10831e-007,0
,,,-1.10431e-007,0
,,,-1.10031e-007,0
,,,-1.09631e-007,0.000220973
,,,-1.09231e-007,0
,,,-1.08831e-007,-0.000220973
,,,-1.08431e-007,-0.00110486
,,,-1.08031e-007,0
,,,-1.07631e-007,0.000220973
,,,-1.07231e-007,0.000441946
,,,-1.06831e-007,0
,,,-1.06431e-007,-0.000441946
,,,-1.06031e-007,0.000220973
,,,-1.05631e-007,0
,,,-1.05231e-007,-0.000441946
,,,-1.04831e-007,0.000220973
,,,-1.04431e-007,0
,,,-1.04031e-007,0.000441946
,,,-1.03631e-007,0.000220973
,,,-1.03231e-007,0.000441946
,,,-1.02831e-007,0.000441946
,,,-1.02431e-007,0.000441946
,,,-1.02031e-007,0
,,,-1.01631e-007,0.000883892
,,,-1.01231e-007,0
,,,-1.00831e-007,0.000220973
,,,-1.00431e-007,0.000220973
,,,-1.00031e-007,0
,,,-9.96314e-008,-0.000441946
,,,-9.92314e-008,0.000220973
,,,-9.88314e-008,0
,,,-9.84314e-008,0.000441946
,,,-9.80314e-008,0.000883892
,,,-9.76314e-008,0.000662919
,,,-9.72314e-008,0.000662919
,,,-9.68314e-008,0.000441946
,,,-9.64314e-008,0
,,,-9.60314e-008,0.000441946
,,,-9.56314e-008,0.000662919
,,,-9.52314e-008,0.000220973
,,,-9.48314e-008,0.000441946
,,,-9.44314e-008,-0.000441946
,,,-9.40314e-008,0.000441946
,,,-9.36314e-008,-0.000441946
,,,-9.32314e-008,0.000220973
,,,-9.28314e-008,0.000220973
,,,-9.24314e-008,0
,,,-9.20314e-008,0.000441946
,,,-9.16314e-008,0.000441946
,,,-9.12314e-008,0.000220973
,,,-9.08314e-008,0.000220973
,,,-9.04314e-008,0.000220973
,,,-9.00314e-008,0.000441946
,,,-8.96314e-008,0.000662919
,,,-8.92314e-008,0.000220973
,,,-8.88314e-008,0.000220973
,,,-8.84314e-008,0.000662919
,,,-8.80314e-008,0.000220973
,,,-8.76314e-008,0.00154681
,,,-8.72314e-008,0.000662919
,,,-8.68314e-008,0
,,,-8.64314e-008,-0.000220973
,,,-8.60314e-008,0
,,,-8.56314e-008,0.000662919
,,,-8.52314e-008,-0.000220973
,,,-8.48314e-008,0
,,,-8.44314e-008,0
,,,-8.40314e-008,-0.000220973
,,,-8.36314e-008,-0.000220973
,,,-8.32314e-008,-0.000441946
,,,-8.28314e-008,0.000441946
,,,-8.24314e-008,0.000441946
,,,-8.20314e-008,0.000220973
,,,-8.16314e-008,-0.000441946
,,,-8.12314e-008,0.000220973
,,,-8.08314e-008,-0.000220973
,,,-8.04314e-008,0
,,,-8.00314e-008,0.000662919
,,,-7.96314e-008,0
,,,-7.92314e-008,0.000441946
,,,-7.88314e-008,0.000441946
,,,-7.84314e-008,-0.000220973
,,,-7.80314e-008,0.000220973
,,,-7.76314e-008,0.000441946
,,,-7.72314e-008,0
,,,-7.68314e-008,-0.000441946
,,,-7.64314e-008,0.000662919
,,,-7.60314e-008,-0.000220973
,,,-7.56314e-008,0.000441946
,,,-7.52314e-008,-0.000220973
,,,-7.48314e-008,0.000220973
,,,-7.44314e-008,0.000441946
,,,-7.40314e-008,0.000662919
,,,-7.36314e-008,0.000662919
,,,-7.32314e-008,0
,,,-7.28314e-008,0.000662919
,,,-7.24314e-008,-0.000662919
,,,-7.20314e-008,0.000441946
,,,-7.16314e-008,0
,,,-7.12314e-008,0.000441946
,,,-7.08314e-008,0
,,,-7.04314e-008,0
,,,-7.00314e-008,-0.000220973
,,,-6.96314e-008,0.000441946
,,,-6.92314e-008,-0.000662919
,,,-6.88314e-008,-0.000220973
,,,-6.84314e-008,0
,,,-6.80314e-008,-0.000220973
,,,-6.76314e-008,0.000220973
,,,-6.72314e-008,0.000662919
,,,-6.68314e-008,0.000220973
,,,-6.64314e-008,0.000220973
,,,-6.60314e-008,0
,,,-6.56314e-008,0.00110486
,,,-6.52314e-008,0.00110486
,,,-6.48314e-008,0.000662919
,,,-6.44314e-008,0.000441946
,,,-6.40314e-008,0
,,,-6.36314e-008,0
,,,-6.32314e-008,0.000883892
,,,-6.28314e-008,0.000883892
,,,-6.24314e-008,0.000220973
,,,-6.20314e-008,0
,,,-6.16314e-008,0.000441946
,,,-6.12314e-008,0
,,,-6.08314e-008,0.000441946
,,,-6.04314e-008,0.000883892
,,,-6.00314e-008,0
,,,-5.96314e-008,0.000441946
,,,-5.92314e-008,-0.000220973
,,,-5.88314e-008,-0.000220973
,,,-5.84314e-008,0.000441946
,,,-5.80314e-008,0
,,,-5.76314e-008,0.000441946
,,,-5.72314e-008,0.00110486
,,,-5.68314e-008,0.000441946
,,,-5.64314e-008,0.000220973
,,,-5.60314e-008,0.000220973
,,,-5.56314e-008,0.000662919
,,,-5.52314e-008,0.000662919
,,,-5.48314e-008,0.000662919
,,,-5.44314e-008,0
,,,-5.40314e-008,0.000220973
,,,-5.36314e-008,0.000441946
,,,-5.32314e-008,-0.000220973
,,,-5.28314e-008,0
,,,-5.24314e-008,0.000883892
,,,-5.20314e-008,0
,,,-5.16314e-008,-0.000662919
,,,-5.12314e-008,0.000220973
,,,-5.08314e-008,0.000883892
,,,-5.04314e-008,0.000220973
,,,-5.00314e-008,0.000220973
,,,-4.96314e-008,-0.000220973
,,,-4.92314e-008,0.000662919
,,,-4.88314e-008,0.000441946
,,,-4.84314e-008,0.000220973
,,,-4.80314e-008,0.000441946
,,,-4.76314e-008,0.000220973
,,,-4.72314e-008,0.000220973
,,,-4.68314e-008,0.000662919
,,,-4.64314e-008,0
,,,-4.60314e-008,0
,,,-4.56314e-008,0.000441946
,,,-4.52314e-008,-0.000220973
,,,-4.48314e-008,-0.000441946
,,,-4.44314e-008,0.000662919
,,,-4.40314e-008,0.000441946
,,,-4.36314e-008,-0.000441946
,,,-4.32314e-008,-0.000220973
,,,-4.28314e-008,0.00110486
,,,-4.24314e-008,0
,,,-4.20314e-008,-0.000220973
,,,-4.16314e-008,0.000441946
,,,-4.12314e-008,0.000441946
,,,-4.08314e-008,0.000662919
,,,-4.04314e-008,0.000662919
,,,-4.00314e-008,-0.000220973
,,,-3.96314e-008,0
,,,-3.92314e-008,0.000441946
,,,-3.88314e-008,0.000220973
,,,-3.84314e-008,-0.000220973
,,,-3.80314e-008,0.000441946
,,,-3.76314e-008,0.000220973
,,,-3.72314e-008,-0.000220973
,,,-3.68314e-008,0
,,,-3.64314e-008,0.000220973
,,,-3.60314e-008,0
,,,-3.56314e-008,0
,,,-3.52314e-008,0.000662919
,,,-3.48314e-008,0.000662919
,,,-3.44314e-008,-0.000220973
,,,-3.40314e-008,-0.000220973
,,,-3.36314e-008,0.000220973
,,,-3.32314e-008,0
,,,-3.28314e-008,-0.000220973
,,,-3.24314e-008,0.000662919
,,,-3.20314e-008,0.000662919
,,,-3.16314e-008,0.000220973
,,,-3.12314e-008,0
,,,-3.08314e-008,0.000220973
,,,-3.04314e-008,0.000441946
,,,-3.00314e-008,-0.000220973
,,,-2.96314e-008,0.000662919
,,,-2.92314e-008,0
,,,-2.88314e-008,0.000220973
,,,-2.84314e-008,0.000220973
,,,-2.80314e-008,0.000220973
,,,-2.76314e-008,0.000220973
,,,-2.72314e-008,-0.000220973
,,,-2.68314e-008,0.000220973
,,,-2.64314e-008,0.000441946
,,,-2.60314e-008,-0.000662919
,,,-2.56314e-008,-0.000220973
,,,-2.52314e-008,0
,,,-2.48314e-008,-0.000220973
,,,-2.44314e-008,0.000662919
,,,-2.40314e-008,0.000662919
,,,-2.36314e-008,0
,,,-2.32314e-008,0.000220973
,,,-2.28314e-008,0.000220973
,,,-2.24314e-008,0.000662919
,,,-2.20314e-008,0
,,,-2.16314e-008,0.000220973
,,,-2.12314e-008,-0.000220973
,,,-2.08314e-008,0
,,,-2.04314e-008,0.000883892
,,,-2.00314e-008,0.000441946
,,,-1.96314e-008,0.000220973
,,,-1.92314e-008,0.000220973
,,,-1.88314e-008,0.000883892
,,,-1.84314e-008,0.000220973
,,,-1.80314e-008,0.000220973
,,,-1.76314e-008,-0.000220973
,,,-1.72314e-008,0.000220973
,,,-1.68314e-008,0.000662919
,,,-1.64314e-008,0.000441946
,,,-1.60314e-008,0.000220973
,,,-1.56314e-008,0
,,,-1.52314e-008,0.000662919
,,,-1.48314e-008,0.000883892
,,,-1.44314e-008,0
,,,-1.40314e-008,0.000883892
,,,-1.36314e-008,0.000441946
,,,-1.32314e-008,-0.000220973
,,,-1.28314e-008,0.000441946
,,,-1.24314e-008,-0.000441946
,,,-1.20314e-008,0.000220973
,,,-1.16314e-008,-0.000441946
,,,-1.12314e-008,0.000220973
,,,-1.08314e-008,0.000662919
,,,-1.04314e-008,0
,,,-1.00314e-008,0.000441946
,,,-9.63136e-009,-0.000441946
,,,-9.23136e-009,0.000662919
,,,-8.83136e-009,0.000220973
,,,-8.43136e-009,-0.000441946
,,,-8.03136e-009,0.000883892
,,,-7.63136e-009,-0.000220973
,,,-7.23136e-009,0.00110486
,,,-6.83136e-009,0.000662919
,,,-6.43136e-009,0
,,,-6.03136e-009,0
,,,-5.63136e-009,0.000883892
,,,-5.23136e-009,0.000220973
,,,-4.83136e-009,0
,,,-4.43136e-009,-0.000220973
,,,-4.03136e-009,-0.000220973
,,,-3.63136e-009,-0.000220973
,,,-3.23136e-009,0
,,,-2.83136e-009,0.000220973
,,,-2.43136e-009,0
,,,-2.03136e-009,0.000220973
,,,-1.63136e-009,0
,,,-1.23136e-009,0.000220973
,,,-8.31357e-010,-0.000441946
,,,-4.31357e-010,-0.000220973
,,,-3.13569e-011,0
,,,3.68643e-010,0.000220973
,,,7.68643e-010,0.000220973
,,,1.16864e-009,0.000441946
,,,1.56864e-009,0
,,,1.96864e-009,0
,,,2.36864e-009,0.000220973
,,,2.76864e-009,0.000220973
,,,3.16864e-009,-0.000220973
,,,3.56864e-009,0.000220973
,,,3.96864e-009,0
,,,4.36864e-009,0
,,,4.76864e-009,0
,,,5.16864e-009,0
,,,5.56864e-009,0.000441946
,,,5.96864e-009,0.000220973
,,,6.36864e-009,0.000220973
,,,6.76864e-009,0.000662919
,,,7.16864e-009,0
,,,7.56864e-009,0
,,,7.96864e-009,0.000220973
,,,8.36864e-009,0.000441946
,,,8.76864e-009,0.000883892
,,,9.16864e-009,0.000662919
,,,9.56864e-009,0
,,,9.96864e-009,0
,,,1.03686e-008,0.000441946
,,,1.07686e-008,0.000441946
,,,1.11686e-008,0.000662919
,,,1.15686e-008,-0.000220973
,,,1.19686e-008,-0.000220973
,,,1.23686e-008,0.000220973
,,,1.27686e-008,-0.000441946
,,,1.31686e-008,0
,,,1.35686e-008,0.000220973
,,,1.39686e-008,0
,,,1.43686e-008,0.000662919
,,,1.47686e-008,0.000662919
,,,1.51686e-008,0
,,,1.55686e-008,0.000662919
,,,1.59686e-008,0.000662919
,,,1.63686e-008,0.000441946
,,,1.67686e-008,-0.000220973
,,,1.71686e-008,0.000441946
,,,1.75686e-008,-0.000220973
,,,1.79686e-008,-0.000220973
,,,1.83686e-008,0.000441946
,,,1.87686e-008,0
,,,1.91686e-008,0.000220973
,,,1.95686e-008,0.000220973
,,,1.99686e-008,0
,,,2.03686e-008,-0.000220973
,,,2.07686e-008,0.000441946
,,,2.11686e-008,0.000441946
,,,2.15686e-008,0.000662919
,,,2.19686e-008,0.000662919
,,,2.23686e-008,0
,,,2.27686e-008,0
,,,2.31686e-008,0.000220973
,,,2.35686e-008,0
,,,2.39686e-008,0.000441946
,,,2.43686e-008,0.000220973
,,,2.47686e-008,0.000883892
,,,2.51686e-008,0.000662919
,,,2.55686e-008,0.000883892
,,,2.59686e-008,-0.000441946
,,,2.63686e-008,0
,,,2.67686e-008,-0.000441946
,,,2.71686e-008,-0.000220973
,,,2.75686e-008,-0.000662919
,,,2.79686e-008,0.000220973
,,,2.83686e-008,0.000441946
,,,2.87686e-008,0.000883892
,,,2.91686e-008,0.000883892
,,,2.95686e-008,0.000220973
,,,2.99686e-008,-0.000220973
,,,3.03686e-008,0.000441946
,,,3.07686e-008,0.000662919
,,,3.11686e-008,0
,,,3.15686e-008,0.000662919
,,,3.19686e-008,0.000220973
,,,3.23686e-008,0.000441946
,,,3.27686e-008,0.000662919
,,,3.31686e-008,0.000220973
,,,3.35686e-008,0.000220973
,,,3.39686e-008,0.000441946
,,,3.43686e-008,-0.000220973
,,,3.47686e-008,-0.000441946
,,,3.51686e-008,0.000220973
,,,3.55686e-008,0
,,,3.59686e-008,0
,,,3.63686e-008,0.000662919
,,,3.67686e-008,0.000883892
,,,3.71686e-008,0.000441946
,,,3.75686e-008,-0.000441946
,,,3.79686e-008,0
,,,3.83686e-008,0.000220973
,,,3.87686e-008,0.000220973
,,,3.91686e-008,0.000662919
,,,3.95686e-008,-0.000220973
,,,3.99686e-008,0.000883892
,,,4.03686e-008,0.000441946
,,,4.07686e-008,0.000441946
,,,4.11686e-008,0.00110486
,,,4.15686e-008,0
,,,4.19686e-008,0.000662919
,,,4.23686e-008,0.000441946
,,,4.27686e-008,0.000441946
,,,4.31686e-008,0.000220973
,,,4.35686e-008,0.000220973
,,,4.39686e-008,0.000220973
,,,4.43686e-008,0.000220973
,,,4.47686e-008,0.000441946
,,,4.51686e-008,0.000883892
,,,4.55686e-008,0.000662919
,,,4.59686e-008,0.000662919
,,,4.63686e-008,0.000220973
,,,4.67686e-008,0.000441946
,,,4.71686e-008,0
,,,4.75686e-008,0
,,,4.79686e-008,0.000441946
,,,4.83686e-008,0.00110486
,,,4.87686e-008,0
,,,4.91686e-008,0.000220973
,,,4.95686e-008,0.000662919
,,,4.99686e-008,0.000441946
,,,5.03686e-008,0.000441946
,,,5.07686e-008,0.000662919
,,,5.11686e-008,-0.000441946
,,,5.15686e-008,0.000220973
,,,5.19686e-008,0.000662919
,,,5.23686e-008,0.000220973
,,,5.27686e-008,0.000441946
,,,5.31686e-008,0.000883892
,,,5.35686e-008,0.000883892
,,,5.39686e-008,0
,,,5.43686e-008,0.000220973
,,,5.47686e-008,0.000662919
,,,5.51686e-008,0.000441946
,,,5.55686e-008,0.000220973
,,,5.59686e-008,0.000220973
,,,5.63686e-008,0.000441946
,,,5.67686e-008,0.000662919
,,,5.71686e-008,0.000441946
,,,5.75686e-008,0
,,,5.79686e-008,0.000662919
,,,5.83686e-008,-0.000220973
,,,5.87686e-008,0
,,,5.91686e-008,0.000220973
,,,5.95686e-008,0
,,,5.99686e-008,0
,,,6.03686e-008,-0.000220973
,,,6.07686e-008,0
,,,6.11686e-008,0.00110486
,,,6.15686e-008,0.00154681
,,,6.19686e-008,0.000220973
,,,6.23686e-008,0.000441946
,,,6.27686e-008,0.000662919
,,,6.31686e-008,0.000220973
,,,6.35686e-008,0
,,,6.39686e-008,0
,,,6.43686e-008,0.000662919
,,,6.47686e-008,0.000662919
,,,6.51686e-008,0.000662919
,,,6.55686e-008,0.000220973
,,,6.59686e-008,0.000220973
,,,6.63686e-008,0
,,,6.67686e-008,0.000220973
,,,6.71686e-008,0.000441946
,,,6.75686e-008,0.000220973
,,,6.79686e-008,0.000441946
,,,6.83686e-008,0.000662919
,,,6.87686e-008,0.000883892
,,,6.91686e-008,0.000441946
,,,6.95686e-008,0.000883892
,,,6.99686e-008,0.000662919
,,,7.03686e-008,0.000441946
,,,7.07686e-008,0.000220973
,,,7.11686e-008,0.000441946
,,,7.15686e-008,0.000220973
,,,7.19686e-008,0.00110486
,,,7.23686e-008,0.000662919
,,,7.27686e-008,0.000662919
,,,7.31686e-008,0.00132584
,,,7.35686e-008,0.000662919
,,,7.39686e-008,0.000441946
,,,7.43686e-008,0.000220973
,,,7.47686e-008,0
,,,7.51686e-008,0
,,,7.55686e-008,-0.000220973
,,,7.59686e-008,0.000441946
,,,7.63686e-008,-0.000220973
,,,7.67686e-008,0.000441946
,,,7.71686e-008,0.000662919
,,,7.75686e-008,0.000441946
,,,7.79686e-008,0.000220973
,,,7.83686e-008,0.000220973
,,,7.87686e-008,0.00132584
,,,7.91686e-008,0.000662919
,,,7.95686e-008,0
,,,7.99686e-008,0.000441946
,,,8.03686e-008,0.000883892
,,,8.07686e-008,0.000662919
,,,8.11686e-008,0.000883892
,,,8.15686e-008,0.000220973
,,,8.19686e-008,0.000441946
,,,8.23686e-008,0
,,,8.27686e-008,0.000220973
,,,8.31686e-008,0.000662919
,,,8.35686e-008,0.000220973
,,,8.39686e-008,0.000220973
,,,8.43686e-008,0.000883892
,,,8.47686e-008,0.000441946
,,,8.51686e-008,0.000662919
,,,8.55686e-008,0.000662919
,,,8.59686e-008,0.000883892
,,,8.63686e-008,0.000662919
,,,8.67686e-008,0.000883892
,,,8.71686e-008,-0.000441946
,,,8.75686e-008,0.000220973
,,,8.79686e-008,0.000883892
,,,8.83686e-008,0.000220973
,,,8.87686e-008,0.000441946
,,,8.91686e-008,0.000883892
,,,8.95686e-008,0.000220973
,,,8.99686e-008,0
,,,9.03686e-008,0.000883892
,,,9.07686e-008,0.000662919
,,,9.11686e-008,0
,,,9.15686e-008,0
,,,9.19686e-008,0
,,,9.23686e-008,0.000220973
,,,9.27686e-008,0.000662919
,,,9.31686e-008,0.000441946
,,,9.35686e-008,0.00110486
,,,9.39686e-008,0.00220973
,,,9.43686e-008,0.00198876
,,,9.47686e-008,0.00309362
,,,9.51686e-008,0.00397751
,,,9.55686e-008,0.00419849
,,,9.59686e-008,0.00508238
,,,9.63686e-008,0.00618724
,,,9.67686e-008,0.00707114
,,,9.71686e-008,0.00950184
,,,9.75686e-008,0.0103857
,,,9.79686e-008,0.0108277
,,,9.83686e-008,0.0112696
,,,9.87686e-008,0.0121535
,,,9.91686e-008,0.0145842
,,,9.95686e-008,0.0143632
,,,9.99686e-008,0.0143632
,,,1.00369e-007,0.0145842
,,,1.00769e-007,0.0156891
,,,1.01169e-007,0.016573
,,,1.01569e-007,0.0167939
,,,1.01969e-007,0.0170149
,,,1.02369e-007,0.0172359
,,,1.02769e-007,0.0176778
,,,1.03169e-007,0.0174569
,,,1.03569e-007,0.0174569
,,,1.03969e-007,0.0176778
,,,1.04369e-007,0.0185617
,,,1.04769e-007,0.0176778
,,,1.05169e-007,0.0176778
,,,1.05569e-007,0.0174569
,,,1.05969e-007,0.0181198
,,,1.06369e-007,0.0178988
,,,1.06769e-007,0.0176778
,,,1.07169e-007,0.0167939
,,,1.07569e-007,0.0176778
,,,1.07969e-007,0.0176778
,,,1.08369e-007,0.0178988
,,,1.08769e-007,0.0178988
,,,1.09169e-007,0.0176778
,,,1.09569e-007,0.0185617
,,,1.09969e-007,0.0178988
,,,1.10369e-007,0.0185617
,,,1.10769e-007,0.0187827
,,,1.11169e-007,0.0181198
,,,1.11569e-007,0.0183408
,,,1.11969e-007,0.0181198
,,,1.12369e-007,0.0181198
,,,1.12769e-007,0.0178988
,,,1.13169e-007,0.0187827
,,,1.13569e-007,0.0178988
,,,1.13969e-007,0.0181198
,,,1.14369e-007,0.0185617
,,,1.14769e-007,0.0185617
,,,1.15169e-007,0.0190037
,,,1.15569e-007,0.0174569
,,,1.15969e-007,0.0176778
,,,1.16369e-007,0.0178988
,,,1.16769e-007,0.0178988
,,,1.17169e-007,0.0178988
,,,1.17569e-007,0.0183408
,,,1.17969e-007,0.0181198
,,,1.18369e-007,0.0183408
,,,1.18769e-007,0.0185617
,,,1.19169e-007,0.0178988
,,,1.19569e-007,0.0178988
,,,1.19969e-007,0.0185617
,,,1.20369e-007,0.0183408
,,,1.20769e-007,0.0183408
,,,1.21169e-007,0.0190037
,,,1.21569e-007,0.0174569
,,,1.21969e-007,0.0183408
,,,1.22369e-007,0.0190037
,,,1.22769e-007,0.0192246
,,,1.23169e-007,0.0185617
,,,1.23569e-007,0.0190037
,,,1.23969e-007,0.0196666
,,,1.24369e-007,0.0207715
,,,1.24769e-007,0.0212134
,,,1.25169e-007,0.0214344
,,,1.25569e-007,0.0214344
,,,1.25969e-007,0.0214344
,,,1.26369e-007,0.0212134
,,,1.26769e-007,0.0218763
,,,1.27169e-007,0.0220973
,,,1.27569e-007,0.0203295
,,,1.27969e-007,0.0203295
,,,1.28369e-007,0.0205505
,,,1.28769e-007,0.0194456
,,,1.29169e-007,0.0192246
,,,1.29569e-007,0.0185617
,,,1.29969e-007,0.0185617
,,,1.30369e-007,0.0185617
,,,1.30769e-007,0.0192246
,,,1.31169e-007,0.0185617
,,,1.31569e-007,0.0176778
,,,1.31969e-007,0.0181198
,,,1.32369e-007,0.0178988
,,,1.32769e-007,0.0172359
,,,1.33169e-007,0.0172359
,,,1.33569e-007,0.0170149
,,,1.33969e-007,0.016573
,,,1.34369e-007,0.0167939
,,,1.34769e-007,0.016573
,,,1.35169e-007,0.0167939
,,,1.35569e-007,0.0170149
,,,1.35969e-007,0.016573
,,,1.36369e-007,0.0170149
,,,1.36769e-007,0.0170149
,,,1.37169e-007,0.016573
,,,1.37569e-007,0.0167939
,,,1.37969e-007,0.0159101
,,,1.38369e-007,0.016131
,,,1.38769e-007,0.016131
,,,1.39169e-007,0.016131
,,,1.39569e-007,0.016573
,,,1.39969e-007,0.0152471
,,,1.40369e-007,0.0159101
,,,1.40769e-007,0.016131
,,,1.41169e-007,0.016573
,,,1.41569e-007,0.016131
,,,1.41969e-007,0.0156891
,,,1.42369e-007,0.0156891
,,,1.42769e-007,0.016131
,,,1.43169e-007,0.0156891
,,,1.43569e-007,0.0154681
,,,1.43969e-007,0.0150262
,,,1.44369e-007,0.0156891
,,,1.44769e-007,0.0154681
,,,1.45169e-007,0.0148052
,,,1.45569e-007,0.0145842
,,,1.45969e-007,0.0154681
,,,1.46369e-007,0.0150262
,,,1.46769e-007,0.0148052
,,,1.47169e-007,0.0145842
,,,1.47569e-007,0.0148052
,,,1.47969e-007,0.0148052
,,,1.48369e-007,0.0150262
,,,1.48769e-007,0.0145842
,,,1.49169e-007,0.0145842
,,,1.49569e-007,0.0148052
,,,1.49969e-007,0.0145842
,,,1.50369e-007,0.0143632
,,,1.50769e-007,0.0150262
,,,1.51169e-007,0.0141423
,,,1.51569e-007,0.0150262
,,,1.51969e-007,0.0150262
,,,1.52369e-007,0.0141423
,,,1.52769e-007,0.0145842
,,,1.53169e-007,0.0143632
,,,1.53569e-007,0.0132584
,,,1.53969e-007,0.0132584
,,,1.54369e-007,0.0132584
,,,1.54769e-007,0.0134794
,,,1.55169e-007,0.0134794
,,,1.55569e-007,0.0130374
,,,1.55969e-007,0.0123745
,,,1.56369e-007,0.0125955
,,,1.56769e-007,0.0125955
,,,1.57169e-007,0.0121535
,,,1.57569e-007,0.0125955
,,,1.57969e-007,0.0121535
,,,1.58369e-007,0.0117116
,,,1.58769e-007,0.0128164
,,,1.59169e-007,0.0119325
,,,1.59569e-007,0.0121535
,,,1.59969e-007,0.0123745
,,,1.60369e-007,0.0125955
,,,1.60769e-007,0.0114906
,,,1.61169e-007,0.0121535
,,,1.61569e-007,0.0125955
,,,1.61969e-007,0.0125955
,,,1.62369e-007,0.0119325
,,,1.62769e-007,0.0123745
,,,1.63169e-007,0.0117116
,,,1.63569e-007,0.0125955
,,,1.63969e-007,0.0119325
,,,1.64369e-007,0.0119325
,,,1.64769e-007,0.0125955
,,,1.65169e-007,0.0128164
,,,1.65569e-007,0.0125955
,,,1.65969e-007,0.0125955
,,,1.66369e-007,0.0128164
,,,1.66769e-007,0.0134794
,,,1.67169e-007,0.0125955
,,,1.67569e-007,0.0125955
,,,1.67969e-007,0.0128164
,,,1.68369e-007,0.0128164
,,,1.68769e-007,0.0128164
,,,1.69169e-007,0.0134794
,,,1.69569e-007,0.0128164
,,,1.69969e-007,0.0125955
,,,1.70369e-007,0.0123745
,,,1.70769e-007,0.0128164
,,,1.71169e-007,0.0125955
,,,1.71569e-007,0.0117116
,,,1.71969e-007,0.0121535
,,,1.72369e-007,0.0125955
,,,1.72769e-007,0.0123745
,,,1.73169e-007,0.0125955
,,,1.73569e-007,0.0123745
,,,1.73969e-007,0.0125955
,,,1.74369e-007,0.0123745
,,,1.74769e-007,0.0134794
,,,1.75169e-007,0.0125955
,,,1.75569e-007,0.0123745
,,,1.75969e-007,0.0128164
,,,1.76369e-007,0.0130374
,,,1.76769e-007,0.0128164
,,,1.77169e-007,0.0119325
,,,1.77569e-007,0.0123745
,,,1.77969e-007,0.0123745
,,,1.78369e-007,0.0123745
,,,1.78769e-007,0.0123745
,,,1.79169e-007,0.0125955
,,,1.79569e-007,0.0119325
,,,1.79969e-007,0.0123745
,,,1.80369e-007,0.0128164
,,,1.80769e-007,0.0128164
,,,1.81169e-007,0.0130374
,,,1.81569e-007,0.0128164
,,,1.81969e-007,0.0128164
,,,1.82369e-007,0.0121535
,,,1.82769e-007,0.0128164
,,,1.83169e-007,0.0130374
,,,1.83569e-007,0.0128164
,,,1.83969e-007,0.0123745
,,,1.84369e-007,0.0112696
,,,1.84769e-007,0.0123745
,,,1.85169e-007,0.0123745
,,,1.85569e-007,0.0128164
,,,1.85969e-007,0.0125955
,,,1.86369e-007,0.0130374
,,,1.86769e-007,0.0132584
,,,1.87169e-007,0.0128164
,,,1.87569e-007,0.0125955
,,,1.87969e-007,0.0130374
,,,1.88369e-007,0.0123745
,,,1.88769e-007,0.0125955
,,,1.89169e-007,0.0134794
,,,1.89569e-007,0.0134794
,,,1.89969e-007,0.0130374
,,,1.90369e-007,0.0141423
,,,1.90769e-007,0.0137003
,,,1.91169e-007,0.0139213
,,,1.91569e-007,0.0141423
,,,1.91969e-007,0.0134794
,,,1.92369e-007,0.0134794
,,,1.92769e-007,0.0137003
,,,1.93169e-007,0.0139213
,,,1.93569e-007,0.0137003
,,,1.93969e-007,0.0134794
,,,1.94369e-007,0.0141423
,,,1.94769e-007,0.0132584
,,,1.95169e-007,0.0130374
,,,1.95569e-007,0.0128164
,,,1.95969e-007,0.0130374
,,,1.96369e-007,0.0134794
,,,1.96769e-007,0.0132584
,,,1.97169e-007,0.0139213
,,,1.97569e-007,0.0134794
,,,1.97969e-007,0.0134794
,,,1.98369e-007,0.0132584
,,,1.98769e-007,0.0134794
,,,1.99169e-007,0.0137003
,,,1.99569e-007,0.0128164
,,,1.99969e-007,0.0132584
,,,2.00369e-007,0.0134794
,,,2.00769e-007,0.0121535
,,,2.01169e-007,0.0132584
,,,2.01569e-007,0.0123745
,,,2.01969e-007,0.0130374
,,,2.02369e-007,0.0125955
,,,2.02769e-007,0.0117116
,,,2.03169e-007,0.0128164
,,,2.03569e-007,0.0123745
,,,2.03969e-007,0.0119325
,,,2.04369e-007,0.0112696
,,,2.04769e-007,0.0119325
,,,2.05169e-007,0.0119325
,,,2.05569e-007,0.0117116
,,,2.05969e-007,0.0106067
,,,2.06369e-007,0.0110486
,,,2.06769e-007,0.0114906
,,,2.07169e-007,0.0108277
,,,2.07569e-007,0.0103857
,,,2.07969e-007,0.00994378
,,,2.08369e-007,0.00972281
,,,2.08769e-007,0.00928087
,,,2.09169e-007,0.00928087
,,,2.09569e-007,0.00795503
,,,2.09969e-007,0.00795503
,,,2.10369e-007,0.00839697
,,,2.10769e-007,0.00640822
,,,2.11169e-007,0.00751308
,,,2.11569e-007,0.00662919
,,,2.11969e-007,0.00618724
,,,2.12369e-007,0.0057453
,,,2.12769e-007,0.0057453
,,,2.13169e-007,0.00596627
,,,2.13569e-007,0.0057453
,,,2.13969e-007,0.00486141
,,,2.14369e-007,0.00486141
,,,2.14769e-007,0.00464043
,,,2.15169e-007,0.00441946
,,,2.15569e-007,0.00419849
,,,2.15969e-007,0.00486141
,,,2.16369e-007,0.00441946
,,,2.16769e-007,0.00353557
,,,2.17169e-007,0.00287265
,,,2.17569e-007,0.00331459
,,,2.17969e-007,0.00287265
,,,2.18369e-007,0.00309362
,,,2.18769e-007,0.00287265
,,,2.19169e-007,0.00287265
,,,2.19569e-007,0.00220973
,,,2.19969e-007,0.0024307
,,,2.20369e-007,0.00220973
,,,2.20769e-007,0.00154681
,,,2.21169e-007,0.00198876
,,,2.21569e-007,0.00176778
,,,2.21969e-007,0.00176778
,,,2.22369e-007,0.00154681
,,,2.22769e-007,0.00132584
,,,2.23169e-007,0.00198876
,,,2.23569e-007,0.00265168
,,,2.23969e-007,0.00198876
,,,2.24369e-007,0.0024307
,,,2.24769e-007,0.00176778
,,,2.25169e-007,0.00176778
,,,2.25569e-007,0.000883892
,,,2.25969e-007,0.00132584
,,,2.26369e-007,0.000883892
,,,2.26769e-007,0.000220973
,,,2.27169e-007,0.000883892
,,,2.27569e-007,0.000883892
,,,2.27969e-007,0.000220973
,,,2.28369e-007,0.00110486
,,,2.28769e-007,0.000441946
,,,2.29169e-007,0.000662919
,,,2.29569e-007,0.000220973
,,,2.29969e-007,0.000662919
,,,2.30369e-007,0
,,,2.30769e-007,0.000662919
,,,2.31169e-007,0.000883892
,,,2.31569e-007,0.000662919
,,,2.31969e-007,0.000883892
,,,2.32369e-007,0.000662919
,,,2.32769e-007,0.000441946
,,,2.33169e-007,0.000662919
,,,2.33569e-007,0
,,,2.33969e-007,0.000220973
,,,2.34369e-007,0.00110486
,,,2.34769e-007,0
,,,2.35169e-007,-0.000220973
,,,2.35569e-007,0
,,,2.35969e-007,-0.000883892
,,,2.36369e-007,0
,,,2.36769e-007,-0.000220973
,,,2.37169e-007,0.000883892
,,,2.37569e-007,0.000220973
,,,2.37969e-007,0
,,,2.38369e-007,-0.000662919
,,,2.38769e-007,-0.000220973
,,,2.39169e-007,0.000220973
,,,2.39569e-007,0
,,,2.39969e-007,0.000220973
,,,2.40369e-007,0.000220973
,,,2.40769e-007,-0.000441946
,,,2.41169e-007,0
,,,2.41569e-007,0.000220973
,,,2.41969e-007,0.000441946
,,,2.42369e-007,-0.000662919
,,,2.42769e-007,-0.000883892
,,,2.43169e-007,-0.000883892
,,,2.43569e-007,-0.000220973
,,,2.43969e-007,0.000220973
,,,2.44369e-007,-0.000441946
,,,2.44769e-007,0
,,,2.45169e-007,0.000441946
,,,2.45569e-007,0
,,,2.45969e-007,0
,,,2.46369e-007,0
,,,2.46769e-007,0.000441946
,,,2.47169e-007,0.000220973
,,,2.47569e-007,-0.000220973
,,,2.47969e-007,0
,,,2.48369e-007,0
,,,2.48769e-007,0.000441946
,,,2.49169e-007,0
,,,2.49569e-007,-0.000220973
,,,2.49969e-007,-0.000220973
,,,2.50369e-007,0.000220973
