"Record Length",1252,"Points",-2.50069e-007,0.000441946
"Sample Interval",4e-010,s,-2.49669e-007,0.000220973
"Trigger Point",625,"Samples",-2.49269e-007,0.000662919
"Trigger Time",0.172391,s,-2.48869e-007,0.000220973
,,,-2.48469e-007,0
"Horizontal Offset",-2.50069e-007,s,-2.48069e-007,0
,,,-2.47669e-007,0.000220973
,,,-2.47269e-007,0
,,,-2.46869e-007,-0.000441946
,,,-2.46469e-007,-0.000220973
,,,-2.46069e-007,0
,,,-2.45669e-007,0.000220973
,,,-2.45269e-007,0
,,,-2.44869e-007,0
,,,-2.44469e-007,0.000662919
,,,-2.44069e-007,0
,,,-2.43669e-007,0
,,,-2.43269e-007,0.000883892
,,,-2.42869e-007,0.000662919
,,,-2.42469e-007,-0.000220973
,,,-2.42069e-007,0.000441946
,,,-2.41669e-007,0
,,,-2.41269e-007,0.000220973
,,,-2.40869e-007,0
,,,-2.40469e-007,0.000441946
,,,-2.40069e-007,0.000441946
,,,-2.39669e-007,0.000662919
,,,-2.39269e-007,0
,,,-2.38869e-007,0.000220973
,,,-2.38469e-007,0
,,,-2.38069e-007,0
,,,-2.37669e-007,0
,,,-2.37269e-007,0.000220973
,,,-2.36869e-007,0
,,,-2.36469e-007,-0.000441946
,,,-2.36069e-007,0.000662919
,,,-2.35669e-007,0
,,,-2.35269e-007,0
,,,-2.34869e-007,0.000441946
,,,-2.34469e-007,-0.000662919
,,,-2.34069e-007,0.000220973
,,,-2.33669e-007,0.000441946
,,,-2.33269e-007,0
,,,-2.32869e-007,0
,,,-2.32469e-007,0
,,,-2.32069e-007,-0.000220973
,,,-2.31669e-007,0
,,,-2.31269e-007,0
,,,-2.30869e-007,0.000220973
,,,-2.30469e-007,0.000220973
,,,-2.30069e-007,0.000220973
,,,-2.29669e-007,-0.000441946
,,,-2.29269e-007,0.000220973
,,,-2.28869e-007,-0.000441946
,,,-2.28469e-007,0
,,,-2.28069e-007,-0.000441946
,,,-2.27669e-007,0.00110486
,,,-2.27269e-007,0.000441946
,,,-2.26869e-007,0.000662919
,,,-2.26469e-007,0
,,,-2.26069e-007,0.000220973
,,,-2.25669e-007,0
,,,-2.25269e-007,0.000220973
,,,-2.24869e-007,0.000441946
,,,-2.24469e-007,0
,,,-2.24069e-007,-0.000441946
,,,-2.23669e-007,0.000220973
,,,-2.23269e-007,-0.000220973
,,,-2.22869e-007,-0.000220973
,,,-2.22469e-007,0
,,,-2.22069e-007,-0.000441946
,,,-2.21669e-007,-0.000220973
,,,-2.21269e-007,0.000220973
,,,-2.20869e-007,0.000220973
,,,-2.20469e-007,0
,,,-2.20069e-007,-0.000220973
,,,-2.19669e-007,0.000441946
,,,-2.19269e-007,0.000220973
,,,-2.18869e-007,0.000441946
,,,-2.18469e-007,0.000441946
,,,-2.18069e-007,0
,,,-2.17669e-007,0
,,,-2.17269e-007,0.000441946
,,,-2.16869e-007,0.000662919
,,,-2.16469e-007,0
,,,-2.16069e-007,0
,,,-2.15669e-007,0.000220973
,,,-2.15269e-007,-0.000220973
,,,-2.14869e-007,-0.000220973
,,,-2.14469e-007,0.000220973
,,,-2.14069e-007,-0.000662919
,,,-2.13669e-007,-0.000220973
,,,-2.13269e-007,0.000662919
,,,-2.12869e-007,-0.000220973
,,,-2.12469e-007,0.000441946
,,,-2.12069e-007,0.000441946
,,,-2.11669e-007,0
,,,-2.11269e-007,0
,,,-2.10869e-007,0.000441946
,,,-2.10469e-007,-0.000441946
,,,-2.10069e-007,0
,,,-2.09669e-007,-0.000441946
,,,-2.09269e-007,0
,,,-2.08869e-007,0
,,,-2.08469e-007,0
,,,-2.08069e-007,-0.000441946
,,,-2.07669e-007,-0.000220973
,,,-2.07269e-007,0.000883892
,,,-2.06869e-007,-0.000220973
,,,-2.06469e-007,0
,,,-2.06069e-007,0.000662919
,,,-2.05669e-007,-0.000220973
,,,-2.05269e-007,0.000883892
,,,-2.04869e-007,-0.000883892
,,,-2.04469e-007,-0.000220973
,,,-2.04069e-007,-0.000662919
,,,-2.03669e-007,0.000441946
,,,-2.03269e-007,0
,,,-2.02869e-007,-0.000662919
,,,-2.02469e-007,-0.000662919
,,,-2.02069e-007,-0.000441946
,,,-2.01669e-007,-0.000220973
,,,-2.01269e-007,0.000441946
,,,-2.00869e-007,0.000441946
,,,-2.00469e-007,0.000220973
,,,-2.00069e-007,-0.000220973
,,,-1.99669e-007,0
,,,-1.99269e-007,0
,,,-1.98869e-007,0.000662919
,,,-1.98469e-007,0.000220973
,,,-1.98069e-007,0.000883892
,,,-1.97669e-007,0.000220973
,,,-1.97269e-007,0.000220973
,,,-1.96869e-007,-0.000441946
,,,-1.96469e-007,-0.000220973
,,,-1.96069e-007,0.000220973
,,,-1.95669e-007,0.000441946
,,,-1.95269e-007,0.000883892
,,,-1.94869e-007,0
,,,-1.94469e-007,-0.000441946
,,,-1.94069e-007,-0.000441946
,,,-1.93669e-007,-0.000441946
,,,-1.93269e-007,0
,,,-1.92869e-007,0
,,,-1.92469e-007,0.000220973
,,,-1.92069e-007,-0.000441946
,,,-1.91669e-007,0.000441946
,,,-1.91269e-007,0.000441946
,,,-1.90869e-007,0
,,,-1.90469e-007,-0.000662919
,,,-1.90069e-007,-0.000441946
,,,-1.89669e-007,-0.000220973
,,,-1.89269e-007,0.000441946
,,,-1.88869e-007,0
,,,-1.88469e-007,0.000220973
,,,-1.88069e-007,0
,,,-1.87669e-007,-0.000220973
,,,-1.87269e-007,0.000220973
,,,-1.86869e-007,0
,,,-1.86469e-007,0
,,,-1.86069e-007,0.000441946
,,,-1.85669e-007,-0.000220973
,,,-1.85269e-007,0
,,,-1.84869e-007,0
,,,-1.84469e-007,0.00110486
,,,-1.84069e-007,0.000220973
,,,-1.83669e-007,0.000220973
,,,-1.83269e-007,0.000441946
,,,-1.82869e-007,0.000441946
,,,-1.82469e-007,-0.000662919
,,,-1.82069e-007,-0.000662919
,,,-1.81669e-007,0
,,,-1.81269e-007,0
,,,-1.80869e-007,0
,,,-1.80469e-007,-0.000441946
,,,-1.80069e-007,0.000441946
,,,-1.79669e-007,-0.000220973
,,,-1.79269e-007,0
,,,-1.78869e-007,0.000441946
,,,-1.78469e-007,0.000220973
,,,-1.78069e-007,0.000441946
,,,-1.77669e-007,0
,,,-1.77269e-007,0.000662919
,,,-1.76869e-007,-0.000220973
,,,-1.76469e-007,0.000220973
,,,-1.76069e-007,0.000220973
,,,-1.75669e-007,0.000220973
,,,-1.75269e-007,-0.000220973
,,,-1.74869e-007,0
,,,-1.74469e-007,-0.000220973
,,,-1.74069e-007,-0.000441946
,,,-1.73669e-007,0.000441946
,,,-1.73269e-007,0
,,,-1.72869e-007,0.000662919
,,,-1.72469e-007,-0.000220973
,,,-1.72069e-007,-0.000441946
,,,-1.71669e-007,0.000220973
,,,-1.71269e-007,0.000220973
,,,-1.70869e-007,0
,,,-1.70469e-007,0
,,,-1.70069e-007,0.000220973
,,,-1.69669e-007,-0.000220973
,,,-1.69269e-007,-0.000220973
,,,-1.68869e-007,0.000220973
,,,-1.68469e-007,0
,,,-1.68069e-007,0.000220973
,,,-1.67669e-007,0.000220973
,,,-1.67269e-007,-0.000220973
,,,-1.66869e-007,0.000441946
,,,-1.66469e-007,0
,,,-1.66069e-007,0
,,,-1.65669e-007,-0.000220973
,,,-1.65269e-007,-0.000662919
,,,-1.64869e-007,-0.000441946
,,,-1.64469e-007,0.000220973
,,,-1.64069e-007,-0.000441946
,,,-1.63669e-007,0.000220973
,,,-1.63269e-007,-0.000220973
,,,-1.62869e-007,-0.000220973
,,,-1.62469e-007,-0.000441946
,,,-1.62069e-007,-0.000220973
,,,-1.61669e-007,-0.000220973
,,,-1.61269e-007,0.000220973
,,,-1.60869e-007,0
,,,-1.60469e-007,0.000662919
,,,-1.60069e-007,0.000441946
,,,-1.59669e-007,0.000662919
,,,-1.59269e-007,-0.000220973
,,,-1.58869e-007,-0.000883892
,,,-1.58469e-007,-0.000441946
,,,-1.58069e-007,0.000662919
,,,-1.57669e-007,0
,,,-1.57269e-007,0
,,,-1.56869e-007,0.000662919
,,,-1.56469e-007,0
,,,-1.56069e-007,0.000220973
,,,-1.55669e-007,0.000441946
,,,-1.55269e-007,0.000441946
,,,-1.54869e-007,0.000220973
,,,-1.54469e-007,0.000220973
,,,-1.54069e-007,0.000220973
,,,-1.53669e-007,0.000441946
,,,-1.53269e-007,0.000441946
,,,-1.52869e-007,0.000441946
,,,-1.52469e-007,0.000220973
,,,-1.52069e-007,-0.000441946
,,,-1.51669e-007,-0.000662919
,,,-1.51269e-007,-0.000441946
,,,-1.50869e-007,0.000441946
,,,-1.50469e-007,-0.000220973
,,,-1.50069e-007,-0.000441946
,,,-1.49669e-007,0.000441946
,,,-1.49269e-007,0
,,,-1.48869e-007,-0.000662919
,,,-1.48469e-007,0.000662919
,,,-1.48069e-007,0
,,,-1.47669e-007,0.000441946
,,,-1.47269e-007,0.000220973
,,,-1.46869e-007,0.000220973
,,,-1.46469e-007,0.000220973
,,,-1.46069e-007,0.000441946
,,,-1.45669e-007,0
,,,-1.45269e-007,0
,,,-1.44869e-007,0.000662919
,,,-1.44469e-007,0.000220973
,,,-1.44069e-007,0.000220973
,,,-1.43669e-007,0.000662919
,,,-1.43269e-007,-0.000441946
,,,-1.42869e-007,-0.000441946
,,,-1.42469e-007,0.000220973
,,,-1.42069e-007,-0.000220973
,,,-1.41669e-007,0.000441946
,,,-1.41269e-007,0.000662919
,,,-1.40869e-007,0.000220973
,,,-1.40469e-007,0.000220973
,,,-1.40069e-007,0.000220973
,,,-1.39669e-007,-0.000220973
,,,-1.39269e-007,0.000662919
,,,-1.38869e-007,0.00110486
,,,-1.38469e-007,-0.000441946
,,,-1.38069e-007,0.000662919
,,,-1.37669e-007,0.000220973
,,,-1.37269e-007,-0.000883892
,,,-1.36869e-007,0
,,,-1.36469e-007,0
,,,-1.36069e-007,0.000441946
,,,-1.35669e-007,0.000441946
,,,-1.35269e-007,0
,,,-1.34869e-007,-0.000441946
,,,-1.34469e-007,-0.000220973
,,,-1.34069e-007,-0.000441946
,,,-1.33669e-007,0.000220973
,,,-1.33269e-007,0.000441946
,,,-1.32869e-007,-0.000662919
,,,-1.32469e-007,0
,,,-1.32069e-007,-0.000662919
,,,-1.31669e-007,0
,,,-1.31269e-007,0
,,,-1.30869e-007,0.000220973
,,,-1.30469e-007,0.000441946
,,,-1.30069e-007,0.000662919
,,,-1.29669e-007,-0.000220973
,,,-1.29269e-007,0.00110486
,,,-1.28869e-007,0.000220973
,,,-1.28469e-007,0
,,,-1.28069e-007,-0.000220973
,,,-1.27669e-007,0.000662919
,,,-1.27269e-007,0.00110486
,,,-1.26869e-007,0
,,,-1.26469e-007,0
,,,-1.26069e-007,-0.000220973
,,,-1.25669e-007,-0.000441946
,,,-1.25269e-007,0.000220973
,,,-1.24869e-007,0
,,,-1.24469e-007,0.000220973
,,,-1.24069e-007,-0.000220973
,,,-1.23669e-007,0
,,,-1.23269e-007,0.000220973
,,,-1.22869e-007,0
,,,-1.22469e-007,-0.000441946
,,,-1.22069e-007,-0.000220973
,,,-1.21669e-007,-0.000441946
,,,-1.21269e-007,0
,,,-1.20869e-007,0.000220973
,,,-1.20469e-007,0.000220973
,,,-1.20069e-007,0
,,,-1.19669e-007,0.000441946
,,,-1.19269e-007,-0.000220973
,,,-1.18869e-007,0.000220973
,,,-1.18469e-007,0
,,,-1.18069e-007,-0.000662919
,,,-1.17669e-007,0
,,,-1.17269e-007,-0.000220973
,,,-1.16869e-007,-0.000883892
,,,-1.16469e-007,0
,,,-1.16069e-007,0
,,,-1.15669e-007,0
,,,-1.15269e-007,0.000662919
,,,-1.14869e-007,0.000441946
,,,-1.14469e-007,0.000220973
,,,-1.14069e-007,0.000220973
,,,-1.13669e-007,-0.000441946
,,,-1.13269e-007,0.000441946
,,,-1.12869e-007,0
,,,-1.12469e-007,0
,,,-1.12069e-007,-0.000662919
,,,-1.11669e-007,-0.000220973
,,,-1.11269e-007,-0.000883892
,,,-1.10869e-007,-0.000220973
,,,-1.10469e-007,-0.000220973
,,,-1.10069e-007,-0.000441946
,,,-1.09669e-007,-0.000441946
,,,-1.09269e-007,-0.000441946
,,,-1.08869e-007,-0.000220973
,,,-1.08469e-007,-0.000441946
,,,-1.08069e-007,0
,,,-1.07669e-007,0.000441946
,,,-1.07269e-007,0.000220973
,,,-1.06869e-007,-0.000441946
,,,-1.06469e-007,0.000662919
,,,-1.06069e-007,0.000441946
,,,-1.05669e-007,-0.000441946
,,,-1.05269e-007,0
,,,-1.04869e-007,0.000220973
,,,-1.04469e-007,0.000441946
,,,-1.04069e-007,-0.000441946
,,,-1.03669e-007,-0.000441946
,,,-1.03269e-007,0.000220973
,,,-1.02869e-007,0.000441946
,,,-1.02469e-007,0
,,,-1.02069e-007,0
,,,-1.01669e-007,0
,,,-1.01269e-007,-0.000220973
,,,-1.00869e-007,0
,,,-1.00469e-007,0.000441946
,,,-1.00069e-007,0
,,,-9.9669e-008,0.000662919
,,,-9.9269e-008,0.000441946
,,,-9.8869e-008,0
,,,-9.8469e-008,0
,,,-9.8069e-008,0
,,,-9.7669e-008,-0.000441946
,,,-9.7269e-008,0.000441946
,,,-9.6869e-008,0.000662919
,,,-9.6469e-008,0.000441946
,,,-9.6069e-008,0.000220973
,,,-9.5669e-008,-0.000220973
,,,-9.5269e-008,-0.000220973
,,,-9.4869e-008,-0.000220973
,,,-9.4469e-008,0.000441946
,,,-9.4069e-008,-0.000220973
,,,-9.3669e-008,0
,,,-9.3269e-008,-0.000220973
,,,-9.2869e-008,-0.000883892
,,,-9.2469e-008,0.000220973
,,,-9.2069e-008,0.000220973
,,,-9.1669e-008,0.000441946
,,,-9.1269e-008,0
,,,-9.0869e-008,0.000662919
,,,-9.0469e-008,0
,,,-9.0069e-008,0.000441946
,,,-8.9669e-008,0.00110486
,,,-8.9269e-008,-0.000220973
,,,-8.8869e-008,0
,,,-8.8469e-008,0.000220973
,,,-8.8069e-008,0.000441946
,,,-8.7669e-008,0
,,,-8.7269e-008,0
,,,-8.6869e-008,0
,,,-8.6469e-008,-0.000220973
,,,-8.6069e-008,-0.000220973
,,,-8.5669e-008,-0.000441946
,,,-8.5269e-008,0.000441946
,,,-8.4869e-008,-0.000220973
,,,-8.4469e-008,-0.000441946
,,,-8.4069e-008,-0.000441946
,,,-8.3669e-008,0.000883892
,,,-8.3269e-008,-0.000220973
,,,-8.2869e-008,-0.000883892
,,,-8.2469e-008,-0.000220973
,,,-8.2069e-008,0.000441946
,,,-8.1669e-008,0
,,,-8.1269e-008,-0.000220973
,,,-8.0869e-008,0.000220973
,,,-8.0469e-008,0.000441946
,,,-8.0069e-008,-0.000441946
,,,-7.9669e-008,0.000220973
,,,-7.9269e-008,-0.000441946
,,,-7.8869e-008,0.000441946
,,,-7.8469e-008,0.000220973
,,,-7.8069e-008,-0.000441946
,,,-7.7669e-008,0.000220973
,,,-7.7269e-008,0.000220973
,,,-7.6869e-008,0
,,,-7.6469e-008,0.000220973
,,,-7.6069e-008,0.000220973
,,,-7.5669e-008,0.000662919
,,,-7.5269e-008,0.000220973
,,,-7.4869e-008,0.000220973
,,,-7.4469e-008,-0.000441946
,,,-7.4069e-008,0.000441946
,,,-7.3669e-008,0.000883892
,,,-7.3269e-008,0
,,,-7.2869e-008,0
,,,-7.2469e-008,-0.000220973
,,,-7.2069e-008,0.000220973
,,,-7.1669e-008,0.000441946
,,,-7.1269e-008,0.000220973
,,,-7.0869e-008,0.000220973
,,,-7.0469e-008,0
,,,-7.0069e-008,-0.000662919
,,,-6.9669e-008,0.000220973
,,,-6.9269e-008,-0.000220973
,,,-6.8869e-008,-0.000662919
,,,-6.8469e-008,-0.000220973
,,,-6.8069e-008,0.000662919
,,,-6.7669e-008,0.000441946
,,,-6.7269e-008,-0.000220973
,,,-6.6869e-008,0
,,,-6.6469e-008,0
,,,-6.6069e-008,0.000220973
,,,-6.5669e-008,-0.000220973
,,,-6.5269e-008,-0.000220973
,,,-6.4869e-008,0
,,,-6.4469e-008,0.000662919
,,,-6.4069e-008,0.000220973
,,,-6.3669e-008,0.000441946
,,,-6.3269e-008,0.000220973
,,,-6.2869e-008,0
,,,-6.2469e-008,-0.000220973
,,,-6.2069e-008,0.000441946
,,,-6.1669e-008,-0.000441946
,,,-6.1269e-008,0.000220973
,,,-6.0869e-008,-0.000220973
,,,-6.0469e-008,0
,,,-6.0069e-008,-0.000220973
,,,-5.9669e-008,0.000220973
,,,-5.9269e-008,-0.000220973
,,,-5.8869e-008,0
,,,-5.8469e-008,0.000441946
,,,-5.8069e-008,-0.000220973
,,,-5.7669e-008,0.000441946
,,,-5.7269e-008,0.000220973
,,,-5.6869e-008,0
,,,-5.6469e-008,0.000220973
,,,-5.6069e-008,0
,,,-5.5669e-008,0
,,,-5.5269e-008,0.000220973
,,,-5.4869e-008,0
,,,-5.4469e-008,-0.000662919
,,,-5.4069e-008,-0.000441946
,,,-5.3669e-008,0.000441946
,,,-5.3269e-008,0
,,,-5.2869e-008,-0.000441946
,,,-5.2469e-008,0.000220973
,,,-5.2069e-008,-0.000441946
,,,-5.1669e-008,0.000883892
,,,-5.1269e-008,0.000441946
,,,-5.0869e-008,0.000220973
,,,-5.0469e-008,0
,,,-5.0069e-008,-0.000220973
,,,-4.9669e-008,-0.000441946
,,,-4.9269e-008,-0.000220973
,,,-4.8869e-008,0.000662919
,,,-4.8469e-008,0.000220973
,,,-4.8069e-008,0.000220973
,,,-4.7669e-008,0.000441946
,,,-4.7269e-008,-0.000662919
,,,-4.6869e-008,0.000220973
,,,-4.6469e-008,0.000220973
,,,-4.6069e-008,0.000220973
,,,-4.5669e-008,0.000220973
,,,-4.5269e-008,0.000662919
,,,-4.4869e-008,-0.000441946
,,,-4.4469e-008,-0.000441946
,,,-4.4069e-008,0.000662919
,,,-4.3669e-008,0.000662919
,,,-4.3269e-008,-0.000441946
,,,-4.2869e-008,-0.000441946
,,,-4.2469e-008,-0.000220973
,,,-4.2069e-008,0.000883892
,,,-4.1669e-008,0.000662919
,,,-4.1269e-008,0.000220973
,,,-4.0869e-008,0
,,,-4.0469e-008,0.00132584
,,,-4.0069e-008,0.000220973
,,,-3.9669e-008,0.000662919
,,,-3.9269e-008,0.000883892
,,,-3.8869e-008,-0.000220973
,,,-3.8469e-008,0.000441946
,,,-3.8069e-008,0.000441946
,,,-3.7669e-008,-0.000220973
,,,-3.7269e-008,0.000441946
,,,-3.6869e-008,-0.000441946
,,,-3.6469e-008,0
,,,-3.6069e-008,0.000220973
,,,-3.5669e-008,0.00110486
,,,-3.5269e-008,0.000441946
,,,-3.4869e-008,0.000220973
,,,-3.4469e-008,0
,,,-3.4069e-008,0.000220973
,,,-3.3669e-008,0.000441946
,,,-3.3269e-008,-0.000220973
,,,-3.2869e-008,-0.000220973
,,,-3.2469e-008,-0.000220973
,,,-3.2069e-008,0.000662919
,,,-3.1669e-008,0.000220973
,,,-3.1269e-008,-0.000220973
,,,-3.0869e-008,0
,,,-3.0469e-008,0
,,,-3.0069e-008,-0.000662919
,,,-2.9669e-008,-0.000441946
,,,-2.9269e-008,-0.000662919
,,,-2.8869e-008,-0.000220973
,,,-2.8469e-008,-0.000441946
,,,-2.8069e-008,0
,,,-2.7669e-008,0.000220973
,,,-2.7269e-008,0.000441946
,,,-2.6869e-008,0.000220973
,,,-2.6469e-008,0.000220973
,,,-2.6069e-008,0.000220973
,,,-2.5669e-008,0
,,,-2.5269e-008,-0.000441946
,,,-2.4869e-008,0
,,,-2.4469e-008,0.000662919
,,,-2.4069e-008,-0.000441946
,,,-2.3669e-008,0.000441946
,,,-2.3269e-008,-0.000883892
,,,-2.2869e-008,-0.000220973
,,,-2.2469e-008,0
,,,-2.2069e-008,0
,,,-2.1669e-008,0
,,,-2.1269e-008,0
,,,-2.0869e-008,-0.000220973
,,,-2.0469e-008,0
,,,-2.0069e-008,-0.000441946
,,,-1.9669e-008,0
,,,-1.9269e-008,0.000220973
,,,-1.8869e-008,0
,,,-1.8469e-008,0.000220973
,,,-1.8069e-008,0.000220973
,,,-1.7669e-008,0
,,,-1.7269e-008,-0.000220973
,,,-1.6869e-008,0
,,,-1.6469e-008,0.000883892
,,,-1.6069e-008,0
,,,-1.5669e-008,0.000441946
,,,-1.5269e-008,-0.000220973
,,,-1.4869e-008,-0.000220973
,,,-1.4469e-008,0
,,,-1.4069e-008,0
,,,-1.3669e-008,0.000441946
,,,-1.3269e-008,0
,,,-1.2869e-008,-0.000220973
,,,-1.2469e-008,0.000220973
,,,-1.2069e-008,0
,,,-1.1669e-008,0.000662919
,,,-1.1269e-008,0
,,,-1.0869e-008,0
,,,-1.0469e-008,0.000220973
,,,-1.0069e-008,0.000441946
,,,-9.66896e-009,0.000441946
,,,-9.26896e-009,0.000662919
,,,-8.86896e-009,0.000220973
,,,-8.46896e-009,0.000220973
,,,-8.06896e-009,0.000883892
,,,-7.66896e-009,0.000220973
,,,-7.26896e-009,-0.000662919
,,,-6.86896e-009,0
,,,-6.46896e-009,-0.000220973
,,,-6.06896e-009,0.000220973
,,,-5.66896e-009,0.000220973
,,,-5.26896e-009,0.000662919
,,,-4.86896e-009,0.000220973
,,,-4.46896e-009,0.000220973
,,,-4.06896e-009,0
,,,-3.66896e-009,0.000220973
,,,-3.26896e-009,0.000220973
,,,-2.86896e-009,0
,,,-2.46896e-009,0
,,,-2.06896e-009,0.000441946
,,,-1.66896e-009,0.000662919
,,,-1.26896e-009,-0.000220973
,,,-8.68956e-010,-0.000220973
,,,-4.68956e-010,0.000441946
,,,-6.89563e-011,0.000662919
,,,3.31044e-010,0.000883892
,,,7.31044e-010,0.00132584
,,,1.13104e-009,0.000220973
,,,1.53104e-009,-0.000220973
,,,1.93104e-009,-0.000220973
,,,2.33104e-009,0.000220973
,,,2.73104e-009,-0.000441946
,,,3.13104e-009,-0.000662919
,,,3.53104e-009,0.000220973
,,,3.93104e-009,0.000662919
,,,4.33104e-009,0
,,,4.73104e-009,0.000220973
,,,5.13104e-009,0
,,,5.53104e-009,0.000220973
,,,5.93104e-009,0.000220973
,,,6.33104e-009,0.000662919
,,,6.73104e-009,-0.000220973
,,,7.13104e-009,-0.000662919
,,,7.53104e-009,0.000220973
,,,7.93104e-009,0.000220973
,,,8.33104e-009,0
,,,8.73104e-009,0
,,,9.13104e-009,0
,,,9.53104e-009,-0.000441946
,,,9.93104e-009,0
,,,1.0331e-008,-0.000220973
,,,1.0731e-008,0
,,,1.1131e-008,0
,,,1.1531e-008,-0.000441946
,,,1.1931e-008,-0.000220973
,,,1.2331e-008,0.000220973
,,,1.2731e-008,0
,,,1.3131e-008,-0.000220973
,,,1.3531e-008,-0.000441946
,,,1.3931e-008,0.000441946
,,,1.4331e-008,-0.000441946
,,,1.4731e-008,0.000441946
,,,1.5131e-008,0.000441946
,,,1.5531e-008,0.000662919
,,,1.5931e-008,0
,,,1.6331e-008,-0.000441946
,,,1.6731e-008,0.000220973
,,,1.7131e-008,0.000441946
,,,1.7531e-008,0.000220973
,,,1.7931e-008,0
,,,1.8331e-008,-0.000662919
,,,1.8731e-008,0.000441946
,,,1.9131e-008,0.000220973
,,,1.9531e-008,0.000662919
,,,1.9931e-008,-0.000441946
,,,2.0331e-008,0.000220973
,,,2.0731e-008,-0.000220973
,,,2.1131e-008,-0.000220973
,,,2.1531e-008,-0.000662919
,,,2.1931e-008,0.000441946
,,,2.2331e-008,0
,,,2.2731e-008,0.000441946
,,,2.3131e-008,0.000441946
,,,2.3531e-008,0.000662919
,,,2.3931e-008,-0.000220973
,,,2.4331e-008,0
,,,2.4731e-008,-0.000220973
,,,2.5131e-008,0
,,,2.5531e-008,0
,,,2.5931e-008,0.000441946
,,,2.6331e-008,0
,,,2.6731e-008,-0.000220973
,,,2.7131e-008,-0.000441946
,,,2.7531e-008,0
,,,2.7931e-008,-0.000662919
,,,2.8331e-008,0.000220973
,,,2.8731e-008,0.000220973
,,,2.9131e-008,-0.000220973
,,,2.9531e-008,0
,,,2.9931e-008,0
,,,3.0331e-008,-0.000662919
,,,3.0731e-008,0.000220973
,,,3.1131e-008,0.000220973
,,,3.1531e-008,0
,,,3.1931e-008,0
,,,3.2331e-008,0
,,,3.2731e-008,0.00132584
,,,3.3131e-008,0
,,,3.3531e-008,-0.000441946
,,,3.3931e-008,0.000883892
,,,3.4331e-008,0.000220973
,,,3.4731e-008,0.000441946
,,,3.5131e-008,0
,,,3.5531e-008,0
,,,3.5931e-008,0
,,,3.6331e-008,0.000220973
,,,3.6731e-008,0.000441946
,,,3.7131e-008,0.000441946
,,,3.7531e-008,0
,,,3.7931e-008,0
,,,3.8331e-008,-0.000220973
,,,3.8731e-008,0.000441946
,,,3.9131e-008,0.000220973
,,,3.9531e-008,0.000441946
,,,3.9931e-008,-0.000441946
,,,4.0331e-008,0.000220973
,,,4.0731e-008,0.000220973
,,,4.1131e-008,0
,,,4.1531e-008,0
,,,4.1931e-008,0.000220973
,,,4.2331e-008,0.000883892
,,,4.2731e-008,0.000662919
,,,4.3131e-008,0.000220973
,,,4.3531e-008,0.000662919
,,,4.3931e-008,0.000220973
,,,4.4331e-008,0.000220973
,,,4.4731e-008,0.000441946
,,,4.5131e-008,0.000220973
,,,4.5531e-008,-0.000441946
,,,4.5931e-008,0.000883892
,,,4.6331e-008,-0.000220973
,,,4.6731e-008,0
,,,4.7131e-008,0.000220973
,,,4.7531e-008,0
,,,4.7931e-008,0
,,,4.8331e-008,0.00110486
,,,4.8731e-008,0
,,,4.9131e-008,0
,,,4.9531e-008,0.000220973
,,,4.9931e-008,-0.000220973
,,,5.0331e-008,0
,,,5.0731e-008,-0.000220973
,,,5.1131e-008,-0.000220973
,,,5.1531e-008,-0.000662919
,,,5.1931e-008,0.000441946
,,,5.2331e-008,0.000883892
,,,5.2731e-008,-0.000220973
,,,5.3131e-008,-0.000220973
,,,5.3531e-008,0
,,,5.3931e-008,0.000220973
,,,5.4331e-008,-0.000441946
,,,5.4731e-008,0
,,,5.5131e-008,-0.000662919
,,,5.5531e-008,0
,,,5.5931e-008,0.000441946
,,,5.6331e-008,0.000883892
,,,5.6731e-008,0
,,,5.7131e-008,-0.000441946
,,,5.7531e-008,-0.000220973
,,,5.7931e-008,0
,,,5.8331e-008,-0.000220973
,,,5.8731e-008,-0.000883892
,,,5.9131e-008,-0.000662919
,,,5.9531e-008,0.000883892
,,,5.9931e-008,-0.000220973
,,,6.0331e-008,0.000220973
,,,6.0731e-008,0.000220973
,,,6.1131e-008,0
,,,6.1531e-008,-0.000220973
,,,6.1931e-008,-0.000441946
,,,6.2331e-008,0
,,,6.2731e-008,0.000662919
,,,6.3131e-008,0.000220973
,,,6.3531e-008,0
,,,6.3931e-008,0.000441946
,,,6.4331e-008,-0.000441946
,,,6.4731e-008,0
,,,6.5131e-008,0
,,,6.5531e-008,0.000441946
,,,6.5931e-008,0
,,,6.6331e-008,-0.000220973
,,,6.6731e-008,0.000220973
,,,6.7131e-008,-0.000220973
,,,6.7531e-008,0
,,,6.7931e-008,0.000441946
,,,6.8331e-008,0
,,,6.8731e-008,0.000662919
,,,6.9131e-008,0.000220973
,,,6.9531e-008,0.000441946
,,,6.9931e-008,0
,,,7.0331e-008,0.000662919
,,,7.0731e-008,0.000441946
,,,7.1131e-008,0
,,,7.1531e-008,0
,,,7.1931e-008,0.000441946
,,,7.2331e-008,0.000441946
,,,7.2731e-008,0.000441946
,,,7.3131e-008,0.000220973
,,,7.3531e-008,-0.000883892
,,,7.3931e-008,-0.000883892
,,,7.4331e-008,-0.000441946
,,,7.4731e-008,0.000220973
,,,7.5131e-008,-0.000220973
,,,7.5531e-008,0
,,,7.5931e-008,0.000220973
,,,7.6331e-008,0.000220973
,,,7.6731e-008,0
,,,7.7131e-008,0.000441946
,,,7.7531e-008,0
,,,7.7931e-008,0.000441946
,,,7.8331e-008,0
,,,7.8731e-008,-0.000220973
,,,7.9131e-008,0.000441946
,,,7.9531e-008,0.000662919
,,,7.9931e-008,0.000441946
,,,8.0331e-008,-0.000220973
,,,8.0731e-008,-0.000441946
,,,8.1131e-008,0
,,,8.1531e-008,0.000662919
,,,8.1931e-008,0.000441946
,,,8.2331e-008,0
,,,8.2731e-008,-0.000220973
,,,8.3131e-008,0.000441946
,,,8.3531e-008,0.000441946
,,,8.3931e-008,0.000441946
,,,8.4331e-008,0.00110486
,,,8.4731e-008,0
,,,8.5131e-008,0.000441946
,,,8.5531e-008,-0.000441946
,,,8.5931e-008,0
,,,8.6331e-008,-0.000220973
,,,8.6731e-008,0.000662919
,,,8.7131e-008,0.000441946
,,,8.7531e-008,0.000220973
,,,8.7931e-008,0.000220973
,,,8.8331e-008,0.000662919
,,,8.8731e-008,-0.000220973
,,,8.9131e-008,0
,,,8.9531e-008,0
,,,8.9931e-008,0.000220973
,,,9.0331e-008,-0.000220973
,,,9.0731e-008,0.000220973
,,,9.1131e-008,0.000662919
,,,9.1531e-008,0.000662919
,,,9.1931e-008,0.000220973
,,,9.2331e-008,-0.000220973
,,,9.2731e-008,0.000220973
,,,9.3131e-008,0.000220973
,,,9.3531e-008,0.000220973
,,,9.3931e-008,0.00176778
,,,9.4331e-008,0.00198876
,,,9.4731e-008,0.00176778
,,,9.5131e-008,0.0024307
,,,9.5531e-008,0.00309362
,,,9.5931e-008,0.00441946
,,,9.6331e-008,0.00464043
,,,9.6731e-008,0.00508238
,,,9.7131e-008,0.00707114
,,,9.7531e-008,0.00839697
,,,9.7931e-008,0.00905989
,,,9.8331e-008,0.0101648
,,,9.8731e-008,0.0117116
,,,9.9131e-008,0.0128164
,,,9.9531e-008,0.0137003
,,,9.9931e-008,0.0143632
,,,1.00331e-007,0.0145842
,,,1.00731e-007,0.0152471
,,,1.01131e-007,0.016352
,,,1.01531e-007,0.0159101
,,,1.01931e-007,0.016573
,,,1.02331e-007,0.0170149
,,,1.02731e-007,0.0174569
,,,1.03131e-007,0.0172359
,,,1.03531e-007,0.0172359
,,,1.03931e-007,0.0172359
,,,1.04331e-007,0.0183408
,,,1.04731e-007,0.0174569
,,,1.05131e-007,0.0176778
,,,1.05531e-007,0.0172359
,,,1.05931e-007,0.0170149
,,,1.06331e-007,0.0167939
,,,1.06731e-007,0.0172359
,,,1.07131e-007,0.0167939
,,,1.07531e-007,0.0176778
,,,1.07931e-007,0.0178988
,,,1.08331e-007,0.0172359
,,,1.08731e-007,0.0178988
,,,1.09131e-007,0.0185617
,,,1.09531e-007,0.0174569
,,,1.09931e-007,0.0176778
,,,1.10331e-007,0.0174569
,,,1.10731e-007,0.0178988
,,,1.11131e-007,0.0178988
,,,1.11531e-007,0.0176778
,,,1.11931e-007,0.0176778
,,,1.12331e-007,0.0172359
,,,1.12731e-007,0.0176778
,,,1.13131e-007,0.0181198
,,,1.13531e-007,0.0170149
,,,1.13931e-007,0.0181198
,,,1.14331e-007,0.0172359
,,,1.14731e-007,0.0176778
,,,1.15131e-007,0.0174569
,,,1.15531e-007,0.0170149
,,,1.15931e-007,0.0170149
,,,1.16331e-007,0.0183408
,,,1.16731e-007,0.0172359
,,,1.17131e-007,0.0176778
,,,1.17531e-007,0.0174569
,,,1.17931e-007,0.0183408
,,,1.18331e-007,0.0172359
,,,1.18731e-007,0.0172359
,,,1.19131e-007,0.0172359
,,,1.19531e-007,0.0176778
,,,1.19931e-007,0.0178988
,,,1.20331e-007,0.0176778
,,,1.20731e-007,0.0174569
,,,1.21131e-007,0.0181198
,,,1.21531e-007,0.0187827
,,,1.21931e-007,0.0174569
,,,1.22331e-007,0.0178988
,,,1.22731e-007,0.0181198
,,,1.23131e-007,0.0178988
,,,1.23531e-007,0.0190037
,,,1.23931e-007,0.0190037
,,,1.24331e-007,0.0198876
,,,1.24731e-007,0.0201085
,,,1.25131e-007,0.0205505
,,,1.25531e-007,0.0203295
,,,1.25931e-007,0.0214344
,,,1.26331e-007,0.0203295
,,,1.26731e-007,0.0212134
,,,1.27131e-007,0.0209924
,,,1.27531e-007,0.0207715
,,,1.27931e-007,0.0207715
,,,1.28331e-007,0.0205505
,,,1.28731e-007,0.0198876
,,,1.29131e-007,0.0192246
,,,1.29531e-007,0.0198876
,,,1.29931e-007,0.0192246
,,,1.30331e-007,0.0178988
,,,1.30731e-007,0.0185617
,,,1.31131e-007,0.0181198
,,,1.31531e-007,0.0178988
,,,1.31931e-007,0.0183408
,,,1.32331e-007,0.0178988
,,,1.32731e-007,0.0178988
,,,1.33131e-007,0.0167939
,,,1.33531e-007,0.0172359
,,,1.33931e-007,0.0172359
,,,1.34331e-007,0.0174569
,,,1.34731e-007,0.016352
,,,1.35131e-007,0.016573
,,,1.35531e-007,0.0170149
,,,1.35931e-007,0.0167939
,,,1.36331e-007,0.016573
,,,1.36731e-007,0.0167939
,,,1.37131e-007,0.016573
,,,1.37531e-007,0.0159101
,,,1.37931e-007,0.0159101
,,,1.38331e-007,0.016131
,,,1.38731e-007,0.016352
,,,1.39131e-007,0.0156891
,,,1.39531e-007,0.016131
,,,1.39931e-007,0.016352
,,,1.40331e-007,0.0159101
,,,1.40731e-007,0.0159101
,,,1.41131e-007,0.016352
,,,1.41531e-007,0.0159101
,,,1.41931e-007,0.016131
,,,1.42331e-007,0.0156891
,,,1.42731e-007,0.0152471
,,,1.43131e-007,0.016131
,,,1.43531e-007,0.0156891
,,,1.43931e-007,0.0148052
,,,1.44331e-007,0.0152471
,,,1.44731e-007,0.0145842
,,,1.45131e-007,0.0150262
,,,1.45531e-007,0.0150262
,,,1.45931e-007,0.0154681
,,,1.46331e-007,0.0143632
,,,1.46731e-007,0.0143632
,,,1.47131e-007,0.0143632
,,,1.47531e-007,0.0143632
,,,1.47931e-007,0.0141423
,,,1.48331e-007,0.0150262
,,,1.48731e-007,0.0145842
,,,1.49131e-007,0.0148052
,,,1.49531e-007,0.0139213
,,,1.49931e-007,0.0148052
,,,1.50331e-007,0.0139213
,,,1.50731e-007,0.0143632
,,,1.51131e-007,0.0141423
,,,1.51531e-007,0.0143632
,,,1.51931e-007,0.0143632
,,,1.52331e-007,0.0143632
,,,1.52731e-007,0.0137003
,,,1.53131e-007,0.0139213
,,,1.53531e-007,0.0139213
,,,1.53931e-007,0.0137003
,,,1.54331e-007,0.0139213
,,,1.54731e-007,0.0134794
,,,1.55131e-007,0.0139213
,,,1.55531e-007,0.0130374
,,,1.55931e-007,0.0134794
,,,1.56331e-007,0.0134794
,,,1.56731e-007,0.0130374
,,,1.57131e-007,0.0130374
,,,1.57531e-007,0.0121535
,,,1.57931e-007,0.0123745
,,,1.58331e-007,0.0121535
,,,1.58731e-007,0.0114906
,,,1.59131e-007,0.0123745
,,,1.59531e-007,0.0125955
,,,1.59931e-007,0.0121535
,,,1.60331e-007,0.0121535
,,,1.60731e-007,0.0117116
,,,1.61131e-007,0.0125955
,,,1.61531e-007,0.0125955
,,,1.61931e-007,0.0121535
,,,1.62331e-007,0.0112696
,,,1.62731e-007,0.0112696
,,,1.63131e-007,0.0119325
,,,1.63531e-007,0.0119325
,,,1.63931e-007,0.0125955
,,,1.64331e-007,0.0130374
,,,1.64731e-007,0.0130374
,,,1.65131e-007,0.0132584
,,,1.65531e-007,0.0119325
,,,1.65931e-007,0.0121535
,,,1.66331e-007,0.0121535
,,,1.66731e-007,0.0125955
,,,1.67131e-007,0.0123745
,,,1.67531e-007,0.0123745
,,,1.67931e-007,0.0119325
,,,1.68331e-007,0.0123745
,,,1.68731e-007,0.0130374
,,,1.69131e-007,0.0123745
,,,1.69531e-007,0.0125955
,,,1.69931e-007,0.0121535
,,,1.70331e-007,0.0114906
,,,1.70731e-007,0.0121535
,,,1.71131e-007,0.0112696
,,,1.71531e-007,0.0119325
,,,1.71931e-007,0.0121535
,,,1.72331e-007,0.0128164
,,,1.72731e-007,0.0119325
,,,1.73131e-007,0.0121535
,,,1.73531e-007,0.0125955
,,,1.73931e-007,0.0123745
,,,1.74331e-007,0.0123745
,,,1.74731e-007,0.0121535
,,,1.75131e-007,0.0117116
,,,1.75531e-007,0.0130374
,,,1.75931e-007,0.0128164
,,,1.76331e-007,0.0125955
,,,1.76731e-007,0.0117116
,,,1.77131e-007,0.0125955
,,,1.77531e-007,0.0117116
,,,1.77931e-007,0.0119325
,,,1.78331e-007,0.0119325
,,,1.78731e-007,0.0121535
,,,1.79131e-007,0.0119325
,,,1.79531e-007,0.0125955
,,,1.79931e-007,0.0125955
,,,1.80331e-007,0.0128164
,,,1.80731e-007,0.0125955
,,,1.81131e-007,0.0130374
,,,1.81531e-007,0.0121535
,,,1.81931e-007,0.0128164
,,,1.82331e-007,0.0117116
,,,1.82731e-007,0.0121535
,,,1.83131e-007,0.0121535
,,,1.83531e-007,0.0121535
,,,1.83931e-007,0.0117116
,,,1.84331e-007,0.0128164
,,,1.84731e-007,0.0110486
,,,1.85131e-007,0.0121535
,,,1.85531e-007,0.0121535
,,,1.85931e-007,0.0117116
,,,1.86331e-007,0.0123745
,,,1.86731e-007,0.0123745
,,,1.87131e-007,0.0121535
,,,1.87531e-007,0.0128164
,,,1.87931e-007,0.0125955
,,,1.88331e-007,0.0130374
,,,1.88731e-007,0.0128164
,,,1.89131e-007,0.0134794
,,,1.89531e-007,0.0134794
,,,1.89931e-007,0.0141423
,,,1.90331e-007,0.0137003
,,,1.90731e-007,0.0132584
,,,1.91131e-007,0.0132584
,,,1.91531e-007,0.0130374
,,,1.91931e-007,0.0132584
,,,1.92331e-007,0.0130374
,,,1.92731e-007,0.0134794
,,,1.93131e-007,0.0132584
,,,1.93531e-007,0.0132584
,,,1.93931e-007,0.0134794
,,,1.94331e-007,0.0132584
,,,1.94731e-007,0.0132584
,,,1.95131e-007,0.0134794
,,,1.95531e-007,0.0132584
,,,1.95931e-007,0.0132584
,,,1.96331e-007,0.0137003
,,,1.96731e-007,0.0134794
,,,1.97131e-007,0.0130374
,,,1.97531e-007,0.0130374
,,,1.97931e-007,0.0137003
,,,1.98331e-007,0.0130374
,,,1.98731e-007,0.0132584
,,,1.99131e-007,0.0134794
,,,1.99531e-007,0.0128164
,,,1.99931e-007,0.0139213
,,,2.00331e-007,0.0137003
,,,2.00731e-007,0.0130374
,,,2.01131e-007,0.0128164
,,,2.01531e-007,0.0130374
,,,2.01931e-007,0.0123745
,,,2.02331e-007,0.0128164
,,,2.02731e-007,0.0121535
,,,2.03131e-007,0.0125955
,,,2.03531e-007,0.0123745
,,,2.03931e-007,0.0114906
,,,2.04331e-007,0.0121535
,,,2.04731e-007,0.0121535
,,,2.05131e-007,0.0119325
,,,2.05531e-007,0.0114906
,,,2.05931e-007,0.0112696
,,,2.06331e-007,0.0106067
,,,2.06731e-007,0.0110486
,,,2.07131e-007,0.0103857
,,,2.07531e-007,0.0103857
,,,2.07931e-007,0.0101648
,,,2.08331e-007,0.00950184
,,,2.08731e-007,0.00928087
,,,2.09131e-007,0.00905989
,,,2.09531e-007,0.00861795
,,,2.09931e-007,0.00839697
,,,2.10331e-007,0.00773405
,,,2.10731e-007,0.00729211
,,,2.11131e-007,0.00707114
,,,2.11531e-007,0.00751308
,,,2.11931e-007,0.00685016
,,,2.12331e-007,0.00640822
,,,2.12731e-007,0.0057453
,,,2.13131e-007,0.00596627
,,,2.13531e-007,0.00530335
,,,2.13931e-007,0.00552432
,,,2.14331e-007,0.00419849
,,,2.14731e-007,0.00441946
,,,2.15131e-007,0.00441946
,,,2.15531e-007,0.00353557
,,,2.15931e-007,0.00441946
,,,2.16331e-007,0.00375654
,,,2.16731e-007,0.00331459
,,,2.17131e-007,0.00265168
,,,2.17531e-007,0.0024307
,,,2.17931e-007,0.00220973
,,,2.18331e-007,0.00220973
,,,2.18731e-007,0.0024307
,,,2.19131e-007,0.00220973
,,,2.19531e-007,0.00287265
,,,2.19931e-007,0.0024307
,,,2.20331e-007,0.00220973
,,,2.20731e-007,0.00198876
,,,2.21131e-007,0.00132584
,,,2.21531e-007,0.00198876
,,,2.21931e-007,0.00198876
,,,2.22331e-007,0.00154681
,,,2.22731e-007,0.000883892
,,,2.23131e-007,0.000883892
,,,2.23531e-007,0.00132584
,,,2.23931e-007,0.00198876
,,,2.24331e-007,0.000662919
,,,2.24731e-007,0.000883892
,,,2.25131e-007,0.00132584
,,,2.25531e-007,0.00110486
,,,2.25931e-007,0.00154681
,,,2.26331e-007,0.000662919
,,,2.26731e-007,0.000662919
,,,2.27131e-007,0.00132584
,,,2.27531e-007,-0.000441946
,,,2.27931e-007,0.000441946
,,,2.28331e-007,0.00110486
,,,2.28731e-007,0.000441946
,,,2.29131e-007,0.000441946
,,,2.29531e-007,0.000883892
,,,2.29931e-007,0.000883892
,,,2.30331e-007,0.000441946
,,,2.30731e-007,0.000662919
,,,2.31131e-007,0.000441946
,,,2.31531e-007,0.000441946
,,,2.31931e-007,0.000662919
,,,2.32331e-007,0.000220973
,,,2.32731e-007,0
,,,2.33131e-007,0.00110486
,,,2.33531e-007,0
,,,2.33931e-007,-0.000662919
,,,2.34331e-007,0
,,,2.34731e-007,0.000220973
,,,2.35131e-007,-0.000441946
,,,2.35531e-007,-0.000441946
,,,2.35931e-007,-0.000662919
,,,2.36331e-007,0.000441946
,,,2.36731e-007,0.000662919
,,,2.37131e-007,-0.000441946
,,,2.37531e-007,-0.000883892
,,,2.37931e-007,0.000220973
,,,2.38331e-007,-0.000220973
,,,2.38731e-007,-0.000662919
,,,2.39131e-007,-0.000883892
,,,2.39531e-007,-0.00110486
,,,2.39931e-007,-0.000441946
,,,2.40331e-007,0
,,,2.40731e-007,-0.000441946
,,,2.41131e-007,-0.000883892
,,,2.41531e-007,-0.000441946
,,,2.41931e-007,-0.000220973
,,,2.42331e-007,-0.000883892
,,,2.42731e-007,-0.00110486
,,,2.43131e-007,-0.000441946
,,,2.43531e-007,-0.000441946
,,,2.43931e-007,-0.000441946
,,,2.44331e-007,-0.000220973
,,,2.44731e-007,-0.000220973
,,,2.45131e-007,-0.000220973
,,,2.45531e-007,-0.000883892
,,,2.45931e-007,-0.000441946
,,,2.46331e-007,0
,,,2.46731e-007,0.000220973
,,,2.47131e-007,-0.000220973
,,,2.47531e-007,0
,,,2.47931e-007,-0.000883892
,,,2.48331e-007,0
,,,2.48731e-007,-0.000662919
,,,2.49131e-007,0
,,,2.49531e-007,-0.000220973
,,,2.49931e-007,0
,,,2.50331e-007,0
