"Record Length",1252,"Points",-2.50088e-007,0.000220973
"Sample Interval",4e-010,s,-2.49688e-007,0.000220973
"Trigger Point",625,"Samples",-2.49288e-007,0.000662919
"Trigger Time",0.220836,s,-2.48888e-007,0
,,,-2.48488e-007,0.000220973
"Horizontal Offset",-2.50088e-007,s,-2.48088e-007,0.000220973
,,,-2.47688e-007,0.000220973
,,,-2.47288e-007,-0.000220973
,,,-2.46888e-007,-0.000220973
,,,-2.46488e-007,0.000220973
,,,-2.46088e-007,0.000441946
,,,-2.45688e-007,0
,,,-2.45288e-007,0
,,,-2.44888e-007,0
,,,-2.44488e-007,0
,,,-2.44088e-007,-0.000220973
,,,-2.43688e-007,0.000441946
,,,-2.43288e-007,0
,,,-2.42888e-007,0.000662919
,,,-2.42488e-007,0.000220973
,,,-2.42088e-007,0
,,,-2.41688e-007,0.000662919
,,,-2.41288e-007,0.000220973
,,,-2.40888e-007,-0.000220973
,,,-2.40488e-007,-0.000441946
,,,-2.40088e-007,0
,,,-2.39688e-007,0.000441946
,,,-2.39288e-007,0.000662919
,,,-2.38888e-007,0.000662919
,,,-2.38488e-007,0.000220973
,,,-2.38088e-007,0.000220973
,,,-2.37688e-007,0
,,,-2.37288e-007,0.000220973
,,,-2.36888e-007,0.000883892
,,,-2.36488e-007,0
,,,-2.36088e-007,0
,,,-2.35688e-007,-0.000220973
,,,-2.35288e-007,0.000220973
,,,-2.34888e-007,-0.000220973
,,,-2.34488e-007,0.000662919
,,,-2.34088e-007,0.000441946
,,,-2.33688e-007,0.000220973
,,,-2.33288e-007,0.000441946
,,,-2.32888e-007,0.000220973
,,,-2.32488e-007,-0.000220973
,,,-2.32088e-007,0.000662919
,,,-2.31688e-007,0.000220973
,,,-2.31288e-007,0.000220973
,,,-2.30888e-007,0.000441946
,,,-2.30488e-007,0
,,,-2.30088e-007,0
,,,-2.29688e-007,0.000883892
,,,-2.29288e-007,0.000220973
,,,-2.28888e-007,0.000220973
,,,-2.28488e-007,0.000662919
,,,-2.28088e-007,0.000220973
,,,-2.27688e-007,0.000220973
,,,-2.27288e-007,0.000662919
,,,-2.26888e-007,0
,,,-2.26488e-007,0.000220973
,,,-2.26088e-007,-0.000220973
,,,-2.25688e-007,0.00110486
,,,-2.25288e-007,0.000220973
,,,-2.24888e-007,0.000441946
,,,-2.24488e-007,0.000662919
,,,-2.24088e-007,0.000662919
,,,-2.23688e-007,0
,,,-2.23288e-007,0.000883892
,,,-2.22888e-007,-0.000220973
,,,-2.22488e-007,0
,,,-2.22088e-007,0.000441946
,,,-2.21688e-007,0.000662919
,,,-2.21288e-007,0
,,,-2.20888e-007,0
,,,-2.20488e-007,0.000441946
,,,-2.20088e-007,0
,,,-2.19688e-007,0.000220973
,,,-2.19288e-007,0
,,,-2.18888e-007,-0.000220973
,,,-2.18488e-007,-0.000220973
,,,-2.18088e-007,-0.000662919
,,,-2.17688e-007,-0.000220973
,,,-2.17288e-007,0.000441946
,,,-2.16888e-007,0.000441946
,,,-2.16488e-007,0.000441946
,,,-2.16088e-007,0.00110486
,,,-2.15688e-007,0.000220973
,,,-2.15288e-007,0.000441946
,,,-2.14888e-007,0.000662919
,,,-2.14488e-007,0.000883892
,,,-2.14088e-007,0
,,,-2.13688e-007,0
,,,-2.13288e-007,0
,,,-2.12888e-007,0.000220973
,,,-2.12488e-007,0.000441946
,,,-2.12088e-007,0.000441946
,,,-2.11688e-007,0.000220973
,,,-2.11288e-007,0.000220973
,,,-2.10888e-007,0.000220973
,,,-2.10488e-007,0.000220973
,,,-2.10088e-007,-0.000220973
,,,-2.09688e-007,-0.000220973
,,,-2.09288e-007,-0.000220973
,,,-2.08888e-007,0.000441946
,,,-2.08488e-007,0
,,,-2.08088e-007,0.000662919
,,,-2.07688e-007,0.000662919
,,,-2.07288e-007,-0.000220973
,,,-2.06888e-007,0.000220973
,,,-2.06488e-007,0.000441946
,,,-2.06088e-007,0.000220973
,,,-2.05688e-007,0.000883892
,,,-2.05288e-007,0.000883892
,,,-2.04888e-007,0.000662919
,,,-2.04488e-007,0.000441946
,,,-2.04088e-007,-0.000441946
,,,-2.03688e-007,0.000220973
,,,-2.03288e-007,-0.000220973
,,,-2.02888e-007,-0.000220973
,,,-2.02488e-007,0.000441946
,,,-2.02088e-007,0.000441946
,,,-2.01688e-007,0.000220973
,,,-2.01288e-007,0.000441946
,,,-2.00888e-007,-0.000220973
,,,-2.00488e-007,0
,,,-2.00088e-007,0.000441946
,,,-1.99688e-007,-0.000220973
,,,-1.99288e-007,0.000441946
,,,-1.98888e-007,0
,,,-1.98488e-007,0.000220973
,,,-1.98088e-007,0
,,,-1.97688e-007,0
,,,-1.97288e-007,0
,,,-1.96888e-007,0.000220973
,,,-1.96488e-007,0.000441946
,,,-1.96088e-007,0.000441946
,,,-1.95688e-007,0
,,,-1.95288e-007,-0.000441946
,,,-1.94888e-007,0
,,,-1.94488e-007,-0.000441946
,,,-1.94088e-007,0
,,,-1.93688e-007,0.000220973
,,,-1.93288e-007,0.000441946
,,,-1.92888e-007,0.000220973
,,,-1.92488e-007,-0.000441946
,,,-1.92088e-007,0.000662919
,,,-1.91688e-007,0.000220973
,,,-1.91288e-007,0.000220973
,,,-1.90888e-007,0.00110486
,,,-1.90488e-007,0.000662919
,,,-1.90088e-007,0.000662919
,,,-1.89688e-007,0.000220973
,,,-1.89288e-007,0.000441946
,,,-1.88888e-007,0.000883892
,,,-1.88488e-007,-0.000441946
,,,-1.88088e-007,0
,,,-1.87688e-007,0.000220973
,,,-1.87288e-007,0.000662919
,,,-1.86888e-007,0.000220973
,,,-1.86488e-007,0.000441946
,,,-1.86088e-007,0.000441946
,,,-1.85688e-007,0.000662919
,,,-1.85288e-007,0.000441946
,,,-1.84888e-007,0
,,,-1.84488e-007,0.000441946
,,,-1.84088e-007,0.000883892
,,,-1.83688e-007,-0.000220973
,,,-1.83288e-007,0
,,,-1.82888e-007,0.000662919
,,,-1.82488e-007,0.000441946
,,,-1.82088e-007,0.000220973
,,,-1.81688e-007,0.000220973
,,,-1.81288e-007,-0.000441946
,,,-1.80888e-007,0
,,,-1.80488e-007,0.00110486
,,,-1.80088e-007,0
,,,-1.79688e-007,0.000220973
,,,-1.79288e-007,0.000662919
,,,-1.78888e-007,-0.000220973
,,,-1.78488e-007,0.000220973
,,,-1.78088e-007,-0.000220973
,,,-1.77688e-007,0
,,,-1.77288e-007,0.000220973
,,,-1.76888e-007,0.000883892
,,,-1.76488e-007,-0.000220973
,,,-1.76088e-007,0.000220973
,,,-1.75688e-007,0.000220973
,,,-1.75288e-007,0.000220973
,,,-1.74888e-007,0.000441946
,,,-1.74488e-007,0.000441946
,,,-1.74088e-007,0.000662919
,,,-1.73688e-007,0.000220973
,,,-1.73288e-007,-0.000220973
,,,-1.72888e-007,0
,,,-1.72488e-007,-0.000220973
,,,-1.72088e-007,-0.000220973
,,,-1.71688e-007,0.000220973
,,,-1.71288e-007,0.000441946
,,,-1.70888e-007,0.000220973
,,,-1.70488e-007,0.000220973
,,,-1.70088e-007,0
,,,-1.69688e-007,0.000662919
,,,-1.69288e-007,0.000220973
,,,-1.68888e-007,0.000883892
,,,-1.68488e-007,0.000441946
,,,-1.68088e-007,0
,,,-1.67688e-007,0.000220973
,,,-1.67288e-007,0
,,,-1.66888e-007,0.000662919
,,,-1.66488e-007,0
,,,-1.66088e-007,0.000662919
,,,-1.65688e-007,0.000662919
,,,-1.65288e-007,0
,,,-1.64888e-007,0.000662919
,,,-1.64488e-007,-0.000220973
,,,-1.64088e-007,0
,,,-1.63688e-007,0
,,,-1.63288e-007,-0.000220973
,,,-1.62888e-007,-0.000220973
,,,-1.62488e-007,0.000220973
,,,-1.62088e-007,0
,,,-1.61688e-007,0.000883892
,,,-1.61288e-007,0.000662919
,,,-1.60888e-007,0
,,,-1.60488e-007,0.000883892
,,,-1.60088e-007,0.000220973
,,,-1.59688e-007,0.000220973
,,,-1.59288e-007,-0.000220973
,,,-1.58888e-007,0.000441946
,,,-1.58488e-007,0.000883892
,,,-1.58088e-007,0
,,,-1.57688e-007,0.000220973
,,,-1.57288e-007,-0.000220973
,,,-1.56888e-007,-0.000883892
,,,-1.56488e-007,0
,,,-1.56088e-007,-0.000220973
,,,-1.55688e-007,-0.000441946
,,,-1.55288e-007,0.000883892
,,,-1.54888e-007,-0.000441946
,,,-1.54488e-007,0.000220973
,,,-1.54088e-007,0.000220973
,,,-1.53688e-007,0.000441946
,,,-1.53288e-007,0.000220973
,,,-1.52888e-007,-0.000220973
,,,-1.52488e-007,-0.000441946
,,,-1.52088e-007,-0.000220973
,,,-1.51688e-007,-0.000220973
,,,-1.51288e-007,-0.000441946
,,,-1.50888e-007,0.000441946
,,,-1.50488e-007,0
,,,-1.50088e-007,-0.000220973
,,,-1.49688e-007,-0.000220973
,,,-1.49288e-007,0.000441946
,,,-1.48888e-007,0.000220973
,,,-1.48488e-007,0.000220973
,,,-1.48088e-007,-0.000883892
,,,-1.47688e-007,-0.000220973
,,,-1.47288e-007,0.000220973
,,,-1.46888e-007,0.000220973
,,,-1.46488e-007,0
,,,-1.46088e-007,-0.000220973
,,,-1.45688e-007,0.000883892
,,,-1.45288e-007,0.000662919
,,,-1.44888e-007,0
,,,-1.44488e-007,0.000220973
,,,-1.44088e-007,0.000883892
,,,-1.43688e-007,-0.000220973
,,,-1.43288e-007,0
,,,-1.42888e-007,0.000220973
,,,-1.42488e-007,0
,,,-1.42088e-007,0.000883892
,,,-1.41688e-007,0
,,,-1.41288e-007,0.000441946
,,,-1.40888e-007,0.000662919
,,,-1.40488e-007,-0.000220973
,,,-1.40088e-007,-0.000441946
,,,-1.39688e-007,0.000220973
,,,-1.39288e-007,0.000441946
,,,-1.38888e-007,0.000662919
,,,-1.38488e-007,0.000662919
,,,-1.38088e-007,0
,,,-1.37688e-007,0
,,,-1.37288e-007,0.000662919
,,,-1.36888e-007,-0.000220973
,,,-1.36488e-007,0.000220973
,,,-1.36088e-007,0.000662919
,,,-1.35688e-007,0.000220973
,,,-1.35288e-007,0
,,,-1.34888e-007,0.000441946
,,,-1.34488e-007,0.000220973
,,,-1.34088e-007,0.000883892
,,,-1.33688e-007,-0.000220973
,,,-1.33288e-007,0.000220973
,,,-1.32888e-007,0.000441946
,,,-1.32488e-007,0.000662919
,,,-1.32088e-007,0
,,,-1.31688e-007,0.000441946
,,,-1.31288e-007,0
,,,-1.30888e-007,0
,,,-1.30488e-007,0.000441946
,,,-1.30088e-007,0.000220973
,,,-1.29688e-007,0
,,,-1.29288e-007,0.000883892
,,,-1.28888e-007,0.000662919
,,,-1.28488e-007,-0.000220973
,,,-1.28088e-007,0.000662919
,,,-1.27688e-007,0.000441946
,,,-1.27288e-007,-0.000220973
,,,-1.26888e-007,-0.000662919
,,,-1.26488e-007,0
,,,-1.26088e-007,0.000441946
,,,-1.25688e-007,0.000883892
,,,-1.25288e-007,0
,,,-1.24888e-007,0.000662919
,,,-1.24488e-007,0.000220973
,,,-1.24088e-007,0
,,,-1.23688e-007,-0.000220973
,,,-1.23288e-007,0
,,,-1.22888e-007,0
,,,-1.22488e-007,-0.000441946
,,,-1.22088e-007,0.000441946
,,,-1.21688e-007,-0.000220973
,,,-1.21288e-007,-0.000220973
,,,-1.20888e-007,-0.000220973
,,,-1.20488e-007,0.000441946
,,,-1.20088e-007,0.000441946
,,,-1.19688e-007,-0.000220973
,,,-1.19288e-007,0.000220973
,,,-1.18888e-007,0.000662919
,,,-1.18488e-007,0.000441946
,,,-1.18088e-007,0.000662919
,,,-1.17688e-007,0.000441946
,,,-1.17288e-007,0
,,,-1.16888e-007,0.000662919
,,,-1.16488e-007,0.000662919
,,,-1.16088e-007,0.000441946
,,,-1.15688e-007,0.000883892
,,,-1.15288e-007,-0.000662919
,,,-1.14888e-007,-0.000883892
,,,-1.14488e-007,0.000441946
,,,-1.14088e-007,0.000220973
,,,-1.13688e-007,0.000441946
,,,-1.13288e-007,-0.000220973
,,,-1.12888e-007,0.000220973
,,,-1.12488e-007,-0.000220973
,,,-1.12088e-007,0.000662919
,,,-1.11688e-007,-0.000220973
,,,-1.11288e-007,0
,,,-1.10888e-007,-0.000441946
,,,-1.10488e-007,0.000220973
,,,-1.10088e-007,0.000220973
,,,-1.09688e-007,0.000220973
,,,-1.09288e-007,0
,,,-1.08888e-007,0.000441946
,,,-1.08488e-007,0.000220973
,,,-1.08088e-007,-0.000220973
,,,-1.07688e-007,0
,,,-1.07288e-007,0
,,,-1.06888e-007,0
,,,-1.06488e-007,0
,,,-1.06088e-007,0.000220973
,,,-1.05688e-007,0.000441946
,,,-1.05288e-007,0.000441946
,,,-1.04888e-007,0.000441946
,,,-1.04488e-007,0
,,,-1.04088e-007,0.000441946
,,,-1.03688e-007,0.000441946
,,,-1.03288e-007,0
,,,-1.02888e-007,-0.000220973
,,,-1.02488e-007,0
,,,-1.02088e-007,0
,,,-1.01688e-007,-0.000220973
,,,-1.01288e-007,0
,,,-1.00888e-007,0.000220973
,,,-1.00488e-007,0.000662919
,,,-1.00088e-007,-0.000220973
,,,-9.96883e-008,0
,,,-9.92883e-008,-0.000220973
,,,-9.88883e-008,0
,,,-9.84883e-008,0.000220973
,,,-9.80883e-008,0
,,,-9.76883e-008,0.000220973
,,,-9.72883e-008,0
,,,-9.68883e-008,0
,,,-9.64883e-008,-0.000220973
,,,-9.60883e-008,0.000220973
,,,-9.56883e-008,0
,,,-9.52883e-008,0.000220973
,,,-9.48883e-008,0.000220973
,,,-9.44883e-008,0.000220973
,,,-9.40883e-008,0.000220973
,,,-9.36883e-008,0.000441946
,,,-9.32883e-008,0.000220973
,,,-9.28883e-008,0.000220973
,,,-9.24883e-008,0.00110486
,,,-9.20883e-008,0.000441946
,,,-9.16883e-008,0.000441946
,,,-9.12883e-008,0.000220973
,,,-9.08883e-008,-0.000220973
,,,-9.04883e-008,0.000441946
,,,-9.00883e-008,0.000220973
,,,-8.96883e-008,0.000220973
,,,-8.92883e-008,0.000441946
,,,-8.88883e-008,0
,,,-8.84883e-008,0
,,,-8.80883e-008,0.000662919
,,,-8.76883e-008,0.000662919
,,,-8.72883e-008,0
,,,-8.68883e-008,0.000220973
,,,-8.64883e-008,0.000662919
,,,-8.60883e-008,0.000662919
,,,-8.56883e-008,0.000662919
,,,-8.52883e-008,0
,,,-8.48883e-008,0
,,,-8.44883e-008,0
,,,-8.40883e-008,-0.000220973
,,,-8.36883e-008,0.000441946
,,,-8.32883e-008,0.000220973
,,,-8.28883e-008,-0.000220973
,,,-8.24883e-008,0.000220973
,,,-8.20883e-008,0.000441946
,,,-8.16883e-008,0.000662919
,,,-8.12883e-008,0
,,,-8.08883e-008,0.000662919
,,,-8.04883e-008,0.000220973
,,,-8.00883e-008,0.000441946
,,,-7.96883e-008,0
,,,-7.92883e-008,-0.000220973
,,,-7.88883e-008,0
,,,-7.84883e-008,0.000441946
,,,-7.80883e-008,0.000441946
,,,-7.76883e-008,-0.000220973
,,,-7.72883e-008,0.000441946
,,,-7.68883e-008,0
,,,-7.64883e-008,0.000441946
,,,-7.60883e-008,-0.000220973
,,,-7.56883e-008,-0.000220973
,,,-7.52883e-008,0.000441946
,,,-7.48883e-008,0.000883892
,,,-7.44883e-008,0.000883892
,,,-7.40883e-008,-0.000220973
,,,-7.36883e-008,0.000220973
,,,-7.32883e-008,0.000441946
,,,-7.28883e-008,0
,,,-7.24883e-008,0.000883892
,,,-7.20883e-008,0.000441946
,,,-7.16883e-008,0.000220973
,,,-7.12883e-008,0.000662919
,,,-7.08883e-008,0.000220973
,,,-7.04883e-008,0.000220973
,,,-7.00883e-008,0.000662919
,,,-6.96883e-008,0.000220973
,,,-6.92883e-008,0
,,,-6.88883e-008,0.000220973
,,,-6.84883e-008,-0.000220973
,,,-6.80883e-008,0.000441946
,,,-6.76883e-008,0
,,,-6.72883e-008,0
,,,-6.68883e-008,0.000220973
,,,-6.64883e-008,0.000441946
,,,-6.60883e-008,0.000220973
,,,-6.56883e-008,0.000441946
,,,-6.52883e-008,0.000220973
,,,-6.48883e-008,0.000220973
,,,-6.44883e-008,0.000883892
,,,-6.40883e-008,0.000220973
,,,-6.36883e-008,0
,,,-6.32883e-008,0.000220973
,,,-6.28883e-008,0
,,,-6.24883e-008,0.000662919
,,,-6.20883e-008,-0.000220973
,,,-6.16883e-008,0.000883892
,,,-6.12883e-008,0.000441946
,,,-6.08883e-008,0.000883892
,,,-6.04883e-008,0.000441946
,,,-6.00883e-008,0.000220973
,,,-5.96883e-008,-0.000220973
,,,-5.92883e-008,0
,,,-5.88883e-008,-0.000220973
,,,-5.84883e-008,0
,,,-5.80883e-008,0.000441946
,,,-5.76883e-008,-0.000662919
,,,-5.72883e-008,0.000220973
,,,-5.68883e-008,0.000441946
,,,-5.64883e-008,0.000441946
,,,-5.60883e-008,0.000883892
,,,-5.56883e-008,0
,,,-5.52883e-008,-0.000220973
,,,-5.48883e-008,0.000441946
,,,-5.44883e-008,0.000220973
,,,-5.40883e-008,0.000441946
,,,-5.36883e-008,-0.000220973
,,,-5.32883e-008,0.000883892
,,,-5.28883e-008,0.000220973
,,,-5.24883e-008,0.000441946
,,,-5.20883e-008,0.000220973
,,,-5.16883e-008,0.000220973
,,,-5.12883e-008,0.000662919
,,,-5.08883e-008,0.000220973
,,,-5.04883e-008,0
,,,-5.00883e-008,0.000662919
,,,-4.96883e-008,0.000441946
,,,-4.92883e-008,0.000441946
,,,-4.88883e-008,0.000220973
,,,-4.84883e-008,0
,,,-4.80883e-008,0.000662919
,,,-4.76883e-008,-0.000441946
,,,-4.72883e-008,0
,,,-4.68883e-008,0.000220973
,,,-4.64883e-008,0.000662919
,,,-4.60883e-008,0.000662919
,,,-4.56883e-008,0.000220973
,,,-4.52883e-008,0
,,,-4.48883e-008,0.000662919
,,,-4.44883e-008,0
,,,-4.40883e-008,-0.000441946
,,,-4.36883e-008,0.000441946
,,,-4.32883e-008,0.000220973
,,,-4.28883e-008,0.000220973
,,,-4.24883e-008,0.000441946
,,,-4.20883e-008,-0.000441946
,,,-4.16883e-008,0.000441946
,,,-4.12883e-008,0.000441946
,,,-4.08883e-008,0.000662919
,,,-4.04883e-008,0.000441946
,,,-4.00883e-008,0.000662919
,,,-3.96883e-008,0
,,,-3.92883e-008,0.000220973
,,,-3.88883e-008,0.000441946
,,,-3.84883e-008,0.000220973
,,,-3.80883e-008,-0.000220973
,,,-3.76883e-008,0.000220973
,,,-3.72883e-008,0
,,,-3.68883e-008,0.000441946
,,,-3.64883e-008,0.000662919
,,,-3.60883e-008,0.000220973
,,,-3.56883e-008,-0.000441946
,,,-3.52883e-008,0
,,,-3.48883e-008,-0.000441946
,,,-3.44883e-008,0
,,,-3.40883e-008,0.000220973
,,,-3.36883e-008,0.000441946
,,,-3.32883e-008,0.000883892
,,,-3.28883e-008,0.000220973
,,,-3.24883e-008,0.000220973
,,,-3.20883e-008,0.00110486
,,,-3.16883e-008,0.000662919
,,,-3.12883e-008,0.000441946
,,,-3.08883e-008,0.000220973
,,,-3.04883e-008,0.000883892
,,,-3.00883e-008,0.000662919
,,,-2.96883e-008,0
,,,-2.92883e-008,0.000220973
,,,-2.88883e-008,0.000220973
,,,-2.84883e-008,0.000441946
,,,-2.80883e-008,0.000220973
,,,-2.76883e-008,-0.000220973
,,,-2.72883e-008,0.000220973
,,,-2.68883e-008,-0.000220973
,,,-2.64883e-008,0.000441946
,,,-2.60883e-008,0
,,,-2.56883e-008,0.000662919
,,,-2.52883e-008,0.000220973
,,,-2.48883e-008,-0.000441946
,,,-2.44883e-008,0.000220973
,,,-2.40883e-008,0.000883892
,,,-2.36883e-008,-0.000441946
,,,-2.32883e-008,0.000441946
,,,-2.28883e-008,0.000220973
,,,-2.24883e-008,0.000220973
,,,-2.20883e-008,0
,,,-2.16883e-008,0.000441946
,,,-2.12883e-008,-0.000220973
,,,-2.08883e-008,0.000662919
,,,-2.04883e-008,0.000441946
,,,-2.00883e-008,0.000220973
,,,-1.96883e-008,0
,,,-1.92883e-008,0.000220973
,,,-1.88883e-008,0.000220973
,,,-1.84883e-008,0.000662919
,,,-1.80883e-008,0.000220973
,,,-1.76883e-008,0.000441946
,,,-1.72883e-008,0.000220973
,,,-1.68883e-008,0
,,,-1.64883e-008,-0.000883892
,,,-1.60883e-008,0.000441946
,,,-1.56883e-008,0.000441946
,,,-1.52883e-008,-0.000220973
,,,-1.48883e-008,0.000441946
,,,-1.44883e-008,0.000441946
,,,-1.40883e-008,0.000441946
,,,-1.36883e-008,0.000441946
,,,-1.32883e-008,0.000220973
,,,-1.28883e-008,0.000441946
,,,-1.24883e-008,0.000662919
,,,-1.20883e-008,0.000220973
,,,-1.16883e-008,-0.000220973
,,,-1.12883e-008,0
,,,-1.08883e-008,-0.000441946
,,,-1.04883e-008,-0.000662919
,,,-1.00883e-008,0.000441946
,,,-9.68833e-009,0.000441946
,,,-9.28833e-009,0.000441946
,,,-8.88833e-009,0.000662919
,,,-8.48833e-009,-0.000220973
,,,-8.08833e-009,0
,,,-7.68833e-009,0.000883892
,,,-7.28833e-009,0.000220973
,,,-6.88833e-009,0.000662919
,,,-6.48833e-009,0.00110486
,,,-6.08833e-009,0.000441946
,,,-5.68833e-009,-0.000441946
,,,-5.28833e-009,0.000220973
,,,-4.88833e-009,-0.000220973
,,,-4.48833e-009,0.000441946
,,,-4.08833e-009,0.000441946
,,,-3.68833e-009,0.000220973
,,,-3.28833e-009,-0.000441946
,,,-2.88833e-009,0.000220973
,,,-2.48833e-009,0.000441946
,,,-2.08833e-009,0.000441946
,,,-1.68833e-009,0.00110486
,,,-1.28833e-009,0.000441946
,,,-8.88334e-010,0.000220973
,,,-4.88334e-010,0.000883892
,,,-8.83345e-011,0.000441946
,,,3.11666e-010,-0.000662919
,,,7.11666e-010,0
,,,1.11167e-009,0.000441946
,,,1.51167e-009,0
,,,1.91167e-009,-0.000220973
,,,2.31167e-009,0
,,,2.71167e-009,0.000441946
,,,3.11167e-009,0.000662919
,,,3.51167e-009,0.000441946
,,,3.91167e-009,-0.000883892
,,,4.31167e-009,0.000441946
,,,4.71167e-009,0
,,,5.11167e-009,0
,,,5.51167e-009,0.000441946
,,,5.91167e-009,0.000220973
,,,6.31167e-009,0.000441946
,,,6.71167e-009,0.000662919
,,,7.11167e-009,-0.000220973
,,,7.51167e-009,0.000220973
,,,7.91167e-009,0.000441946
,,,8.31167e-009,0.000220973
,,,8.71167e-009,-0.000220973
,,,9.11167e-009,0.000441946
,,,9.51167e-009,0.000220973
,,,9.91167e-009,0.000662919
,,,1.03117e-008,-0.000220973
,,,1.07117e-008,0
,,,1.11117e-008,0.000220973
,,,1.15117e-008,0.000220973
,,,1.19117e-008,0
,,,1.23117e-008,-0.000220973
,,,1.27117e-008,-0.000220973
,,,1.31117e-008,0.000220973
,,,1.35117e-008,-0.000220973
,,,1.39117e-008,0.000220973
,,,1.43117e-008,0.000220973
,,,1.47117e-008,0
,,,1.51117e-008,0.000662919
,,,1.55117e-008,-0.000220973
,,,1.59117e-008,0.000441946
,,,1.63117e-008,0.000220973
,,,1.67117e-008,-0.000441946
,,,1.71117e-008,-0.000220973
,,,1.75117e-008,0.000883892
,,,1.79117e-008,0.000662919
,,,1.83117e-008,0
,,,1.87117e-008,-0.000662919
,,,1.91117e-008,0.000441946
,,,1.95117e-008,0.000441946
,,,1.99117e-008,-0.000220973
,,,2.03117e-008,0.000220973
,,,2.07117e-008,-0.000441946
,,,2.11117e-008,0.000883892
,,,2.15117e-008,0.000220973
,,,2.19117e-008,0
,,,2.23117e-008,0.000662919
,,,2.27117e-008,0.000220973
,,,2.31117e-008,-0.000220973
,,,2.35117e-008,0.000441946
,,,2.39117e-008,0.000220973
,,,2.43117e-008,-0.000220973
,,,2.47117e-008,0.000883892
,,,2.51117e-008,0.000220973
,,,2.55117e-008,0
,,,2.59117e-008,0.000662919
,,,2.63117e-008,0.000220973
,,,2.67117e-008,0.000220973
,,,2.71117e-008,-0.000220973
,,,2.75117e-008,0.000441946
,,,2.79117e-008,0
,,,2.83117e-008,-0.000441946
,,,2.87117e-008,-0.000441946
,,,2.91117e-008,0
,,,2.95117e-008,-0.000220973
,,,2.99117e-008,-0.000441946
,,,3.03117e-008,0.000441946
,,,3.07117e-008,0.000662919
,,,3.11117e-008,0.000441946
,,,3.15117e-008,0
,,,3.19117e-008,0.000662919
,,,3.23117e-008,0.000441946
,,,3.27117e-008,0.000441946
,,,3.31117e-008,0.000662919
,,,3.35117e-008,0.000662919
,,,3.39117e-008,0
,,,3.43117e-008,0.000883892
,,,3.47117e-008,0
,,,3.51117e-008,0.000220973
,,,3.55117e-008,0.000441946
,,,3.59117e-008,0.000220973
,,,3.63117e-008,0.000220973
,,,3.67117e-008,0.000441946
,,,3.71117e-008,0
,,,3.75117e-008,0.000441946
,,,3.79117e-008,0.000441946
,,,3.83117e-008,-0.000220973
,,,3.87117e-008,0.000441946
,,,3.91117e-008,0.00110486
,,,3.95117e-008,0
,,,3.99117e-008,0.000441946
,,,4.03117e-008,0.000662919
,,,4.07117e-008,0.000662919
,,,4.11117e-008,0.000441946
,,,4.15117e-008,0.000441946
,,,4.19117e-008,0
,,,4.23117e-008,0.000220973
,,,4.27117e-008,-0.000220973
,,,4.31117e-008,-0.000220973
,,,4.35117e-008,0
,,,4.39117e-008,0.000662919
,,,4.43117e-008,0
,,,4.47117e-008,0.000220973
,,,4.51117e-008,-0.000441946
,,,4.55117e-008,0.000441946
,,,4.59117e-008,0.000441946
,,,4.63117e-008,0.000441946
,,,4.67117e-008,0.000662919
,,,4.71117e-008,0.000441946
,,,4.75117e-008,0
,,,4.79117e-008,0.000220973
,,,4.83117e-008,0.000220973
,,,4.87117e-008,0.000220973
,,,4.91117e-008,0.000441946
,,,4.95117e-008,0.000662919
,,,4.99117e-008,0.00132584
,,,5.03117e-008,-0.000220973
,,,5.07117e-008,0.000220973
,,,5.11117e-008,0.000883892
,,,5.15117e-008,-0.000220973
,,,5.19117e-008,-0.000441946
,,,5.23117e-008,0
,,,5.27117e-008,0.000883892
,,,5.31117e-008,0.000220973
,,,5.35117e-008,-0.000220973
,,,5.39117e-008,-0.000441946
,,,5.43117e-008,0.000662919
,,,5.47117e-008,0.00132584
,,,5.51117e-008,0.00110486
,,,5.55117e-008,-0.000441946
,,,5.59117e-008,0.000662919
,,,5.63117e-008,0
,,,5.67117e-008,0
,,,5.71117e-008,-0.000220973
,,,5.75117e-008,-0.000220973
,,,5.79117e-008,0
,,,5.83117e-008,0.000220973
,,,5.87117e-008,0.000883892
,,,5.91117e-008,0.000441946
,,,5.95117e-008,0.000220973
,,,5.99117e-008,0
,,,6.03117e-008,0.000441946
,,,6.07117e-008,0.000220973
,,,6.11117e-008,0.000220973
,,,6.15117e-008,0.000220973
,,,6.19117e-008,0.000220973
,,,6.23117e-008,0
,,,6.27117e-008,-0.000220973
,,,6.31117e-008,0.000220973
,,,6.35117e-008,0.000220973
,,,6.39117e-008,0
,,,6.43117e-008,0
,,,6.47117e-008,0
,,,6.51117e-008,0.000662919
,,,6.55117e-008,0.000883892
,,,6.59117e-008,0
,,,6.63117e-008,0
,,,6.67117e-008,0
,,,6.71117e-008,-0.000220973
,,,6.75117e-008,0.000220973
,,,6.79117e-008,0.000662919
,,,6.83117e-008,0.000441946
,,,6.87117e-008,0.000441946
,,,6.91117e-008,0.000662919
,,,6.95117e-008,0.000220973
,,,6.99117e-008,0
,,,7.03117e-008,0.000883892
,,,7.07117e-008,0.000883892
,,,7.11117e-008,0.000441946
,,,7.15117e-008,0.000441946
,,,7.19117e-008,0.000441946
,,,7.23117e-008,-0.000662919
,,,7.27117e-008,0.000441946
,,,7.31117e-008,0.000662919
,,,7.35117e-008,0.000883892
,,,7.39117e-008,0.000441946
,,,7.43117e-008,0
,,,7.47117e-008,0.000662919
,,,7.51117e-008,-0.000441946
,,,7.55117e-008,0
,,,7.59117e-008,-0.000220973
,,,7.63117e-008,0.000662919
,,,7.67117e-008,0.000441946
,,,7.71117e-008,0.000220973
,,,7.75117e-008,0
,,,7.79117e-008,-0.000220973
,,,7.83117e-008,0.000441946
,,,7.87117e-008,0.000883892
,,,7.91117e-008,0.000441946
,,,7.95117e-008,0
,,,7.99117e-008,0.000441946
,,,8.03117e-008,0.000220973
,,,8.07117e-008,-0.000220973
,,,8.11117e-008,0.000662919
,,,8.15117e-008,0.000662919
,,,8.19117e-008,0
,,,8.23117e-008,-0.000220973
,,,8.27117e-008,0
,,,8.31117e-008,0.000883892
,,,8.35117e-008,0.000662919
,,,8.39117e-008,0
,,,8.43117e-008,0.000220973
,,,8.47117e-008,-0.000220973
,,,8.51117e-008,0.000220973
,,,8.55117e-008,0
,,,8.59117e-008,0.000220973
,,,8.63117e-008,0.000220973
,,,8.67117e-008,0.000662919
,,,8.71117e-008,0.000441946
,,,8.75117e-008,0.000220973
,,,8.79117e-008,0.000220973
,,,8.83117e-008,-0.000220973
,,,8.87117e-008,-0.000220973
,,,8.91117e-008,0.000220973
,,,8.95117e-008,0.000220973
,,,8.99117e-008,0.000220973
,,,9.03117e-008,0
,,,9.07117e-008,0.000220973
,,,9.11117e-008,0
,,,9.15117e-008,0.000662919
,,,9.19117e-008,0.000883892
,,,9.23117e-008,0.000662919
,,,9.27117e-008,0.000441946
,,,9.31117e-008,0.000441946
,,,9.35117e-008,0.00110486
,,,9.39117e-008,0.00176778
,,,9.43117e-008,0.00154681
,,,9.47117e-008,0.00265168
,,,9.51117e-008,0.00309362
,,,9.55117e-008,0.00419849
,,,9.59117e-008,0.00530335
,,,9.63117e-008,0.00530335
,,,9.67117e-008,0.00618724
,,,9.71117e-008,0.00773405
,,,9.75117e-008,0.00950184
,,,9.79117e-008,0.0110486
,,,9.83117e-008,0.0119325
,,,9.87117e-008,0.0130374
,,,9.91117e-008,0.0137003
,,,9.95117e-008,0.0148052
,,,9.99117e-008,0.0143632
,,,1.00312e-007,0.0152471
,,,1.00712e-007,0.0156891
,,,1.01112e-007,0.0154681
,,,1.01512e-007,0.016573
,,,1.01912e-007,0.0167939
,,,1.02312e-007,0.0176778
,,,1.02712e-007,0.0174569
,,,1.03112e-007,0.0176778
,,,1.03512e-007,0.0172359
,,,1.03912e-007,0.0167939
,,,1.04312e-007,0.016573
,,,1.04712e-007,0.0176778
,,,1.05112e-007,0.0181198
,,,1.05512e-007,0.0178988
,,,1.05912e-007,0.0178988
,,,1.06312e-007,0.0172359
,,,1.06712e-007,0.0172359
,,,1.07112e-007,0.0174569
,,,1.07512e-007,0.0183408
,,,1.07912e-007,0.0172359
,,,1.08312e-007,0.0176778
,,,1.08712e-007,0.0170149
,,,1.09112e-007,0.0170149
,,,1.09512e-007,0.0178988
,,,1.09912e-007,0.0178988
,,,1.10312e-007,0.0174569
,,,1.10712e-007,0.0176778
,,,1.11112e-007,0.0183408
,,,1.11512e-007,0.0178988
,,,1.11912e-007,0.0181198
,,,1.12312e-007,0.0183408
,,,1.12712e-007,0.0178988
,,,1.13112e-007,0.0178988
,,,1.13512e-007,0.0176778
,,,1.13912e-007,0.0178988
,,,1.14312e-007,0.0185617
,,,1.14712e-007,0.0172359
,,,1.15112e-007,0.0178988
,,,1.15512e-007,0.0178988
,,,1.15912e-007,0.0174569
,,,1.16312e-007,0.0176778
,,,1.16712e-007,0.0183408
,,,1.17112e-007,0.0183408
,,,1.17512e-007,0.0170149
,,,1.17912e-007,0.0174569
,,,1.18312e-007,0.0178988
,,,1.18712e-007,0.0178988
,,,1.19112e-007,0.0178988
,,,1.19512e-007,0.0176778
,,,1.19912e-007,0.0183408
,,,1.20312e-007,0.0183408
,,,1.20712e-007,0.0183408
,,,1.21112e-007,0.0183408
,,,1.21512e-007,0.0190037
,,,1.21912e-007,0.0192246
,,,1.22312e-007,0.0178988
,,,1.22712e-007,0.0194456
,,,1.23112e-007,0.0194456
,,,1.23512e-007,0.0187827
,,,1.23912e-007,0.0190037
,,,1.24312e-007,0.0201085
,,,1.24712e-007,0.0196666
,,,1.25112e-007,0.0203295
,,,1.25512e-007,0.0205505
,,,1.25912e-007,0.0207715
,,,1.26312e-007,0.0212134
,,,1.26712e-007,0.0214344
,,,1.27112e-007,0.0207715
,,,1.27512e-007,0.0196666
,,,1.27912e-007,0.0203295
,,,1.28312e-007,0.0192246
,,,1.28712e-007,0.0190037
,,,1.29112e-007,0.0196666
,,,1.29512e-007,0.0192246
,,,1.29912e-007,0.0192246
,,,1.30312e-007,0.0187827
,,,1.30712e-007,0.0178988
,,,1.31112e-007,0.0187827
,,,1.31512e-007,0.0181198
,,,1.31912e-007,0.0174569
,,,1.32312e-007,0.0172359
,,,1.32712e-007,0.0174569
,,,1.33112e-007,0.016573
,,,1.33512e-007,0.0174569
,,,1.33912e-007,0.016352
,,,1.34312e-007,0.0170149
,,,1.34712e-007,0.0172359
,,,1.35112e-007,0.0170149
,,,1.35512e-007,0.0172359
,,,1.35912e-007,0.0172359
,,,1.36312e-007,0.016352
,,,1.36712e-007,0.0156891
,,,1.37112e-007,0.0159101
,,,1.37512e-007,0.0167939
,,,1.37912e-007,0.016352
,,,1.38312e-007,0.0156891
,,,1.38712e-007,0.016352
,,,1.39112e-007,0.0167939
,,,1.39512e-007,0.0159101
,,,1.39912e-007,0.0152471
,,,1.40312e-007,0.016573
,,,1.40712e-007,0.0159101
,,,1.41112e-007,0.0159101
,,,1.41512e-007,0.016131
,,,1.41912e-007,0.0156891
,,,1.42312e-007,0.0159101
,,,1.42712e-007,0.0159101
,,,1.43112e-007,0.016352
,,,1.43512e-007,0.0150262
,,,1.43912e-007,0.0154681
,,,1.44312e-007,0.0154681
,,,1.44712e-007,0.0154681
,,,1.45112e-007,0.0159101
,,,1.45512e-007,0.0152471
,,,1.45912e-007,0.0150262
,,,1.46312e-007,0.0154681
,,,1.46712e-007,0.0148052
,,,1.47112e-007,0.0150262
,,,1.47512e-007,0.0152471
,,,1.47912e-007,0.0145842
,,,1.48312e-007,0.0145842
,,,1.48712e-007,0.0143632
,,,1.49112e-007,0.0143632
,,,1.49512e-007,0.0150262
,,,1.49912e-007,0.0141423
,,,1.50312e-007,0.0145842
,,,1.50712e-007,0.0150262
,,,1.51112e-007,0.0148052
,,,1.51512e-007,0.0143632
,,,1.51912e-007,0.0148052
,,,1.52312e-007,0.0141423
,,,1.52712e-007,0.0141423
,,,1.53112e-007,0.0141423
,,,1.53512e-007,0.0141423
,,,1.53912e-007,0.0143632
,,,1.54312e-007,0.0139213
,,,1.54712e-007,0.0137003
,,,1.55112e-007,0.0130374
,,,1.55512e-007,0.0130374
,,,1.55912e-007,0.0125955
,,,1.56312e-007,0.0121535
,,,1.56712e-007,0.0125955
,,,1.57112e-007,0.0121535
,,,1.57512e-007,0.0117116
,,,1.57912e-007,0.0112696
,,,1.58312e-007,0.0123745
,,,1.58712e-007,0.0114906
,,,1.59112e-007,0.0117116
,,,1.59512e-007,0.0121535
,,,1.59912e-007,0.0121535
,,,1.60312e-007,0.0125955
,,,1.60712e-007,0.0114906
,,,1.61112e-007,0.0117116
,,,1.61512e-007,0.0121535
,,,1.61912e-007,0.0119325
,,,1.62312e-007,0.0125955
,,,1.62712e-007,0.0119325
,,,1.63112e-007,0.0125955
,,,1.63512e-007,0.0119325
,,,1.63912e-007,0.0125955
,,,1.64312e-007,0.0125955
,,,1.64712e-007,0.0123745
,,,1.65112e-007,0.0125955
,,,1.65512e-007,0.0121535
,,,1.65912e-007,0.0123745
,,,1.66312e-007,0.0119325
,,,1.66712e-007,0.0119325
,,,1.67112e-007,0.0121535
,,,1.67512e-007,0.0128164
,,,1.67912e-007,0.0132584
,,,1.68312e-007,0.0123745
,,,1.68712e-007,0.0114906
,,,1.69112e-007,0.0128164
,,,1.69512e-007,0.0125955
,,,1.69912e-007,0.0125955
,,,1.70312e-007,0.0119325
,,,1.70712e-007,0.0117116
,,,1.71112e-007,0.0114906
,,,1.71512e-007,0.0121535
,,,1.71912e-007,0.0121535
,,,1.72312e-007,0.0125955
,,,1.72712e-007,0.0128164
,,,1.73112e-007,0.0119325
,,,1.73512e-007,0.0121535
,,,1.73912e-007,0.0123745
,,,1.74312e-007,0.0121535
,,,1.74712e-007,0.0125955
,,,1.75112e-007,0.0123745
,,,1.75512e-007,0.0123745
,,,1.75912e-007,0.0130374
,,,1.76312e-007,0.0121535
,,,1.76712e-007,0.0121535
,,,1.77112e-007,0.0125955
,,,1.77512e-007,0.0128164
,,,1.77912e-007,0.0128164
,,,1.78312e-007,0.0128164
,,,1.78712e-007,0.0125955
,,,1.79112e-007,0.0121535
,,,1.79512e-007,0.0125955
,,,1.79912e-007,0.0123745
,,,1.80312e-007,0.0123745
,,,1.80712e-007,0.0128164
,,,1.81112e-007,0.0121535
,,,1.81512e-007,0.0119325
,,,1.81912e-007,0.0123745
,,,1.82312e-007,0.0130374
,,,1.82712e-007,0.0121535
,,,1.83112e-007,0.0125955
,,,1.83512e-007,0.0117116
,,,1.83912e-007,0.0119325
,,,1.84312e-007,0.0123745
,,,1.84712e-007,0.0121535
,,,1.85112e-007,0.0121535
,,,1.85512e-007,0.0119325
,,,1.85912e-007,0.0123745
,,,1.86312e-007,0.0125955
,,,1.86712e-007,0.0130374
,,,1.87112e-007,0.0130374
,,,1.87512e-007,0.0130374
,,,1.87912e-007,0.0125955
,,,1.88312e-007,0.0132584
,,,1.88712e-007,0.0134794
,,,1.89112e-007,0.0132584
,,,1.89512e-007,0.0130374
,,,1.89912e-007,0.0134794
,,,1.90312e-007,0.0134794
,,,1.90712e-007,0.0134794
,,,1.91112e-007,0.0134794
,,,1.91512e-007,0.0139213
,,,1.91912e-007,0.0141423
,,,1.92312e-007,0.0139213
,,,1.92712e-007,0.0128164
,,,1.93112e-007,0.0141423
,,,1.93512e-007,0.0134794
,,,1.93912e-007,0.0132584
,,,1.94312e-007,0.0141423
,,,1.94712e-007,0.0137003
,,,1.95112e-007,0.0132584
,,,1.95512e-007,0.0134794
,,,1.95912e-007,0.0125955
,,,1.96312e-007,0.0132584
,,,1.96712e-007,0.0132584
,,,1.97112e-007,0.0134794
,,,1.97512e-007,0.0132584
,,,1.97912e-007,0.0141423
,,,1.98312e-007,0.0132584
,,,1.98712e-007,0.0130374
,,,1.99112e-007,0.0132584
,,,1.99512e-007,0.0125955
,,,1.99912e-007,0.0132584
,,,2.00312e-007,0.0123745
,,,2.00712e-007,0.0128164
,,,2.01112e-007,0.0130374
,,,2.01512e-007,0.0123745
,,,2.01912e-007,0.0121535
,,,2.02312e-007,0.0123745
,,,2.02712e-007,0.0123745
,,,2.03112e-007,0.0128164
,,,2.03512e-007,0.0119325
,,,2.03912e-007,0.0119325
,,,2.04312e-007,0.0123745
,,,2.04712e-007,0.0117116
,,,2.05112e-007,0.0117116
,,,2.05512e-007,0.0117116
,,,2.05912e-007,0.0110486
,,,2.06312e-007,0.0117116
,,,2.06712e-007,0.0110486
,,,2.07112e-007,0.0103857
,,,2.07512e-007,0.0101648
,,,2.07912e-007,0.0103857
,,,2.08312e-007,0.00972281
,,,2.08712e-007,0.00928087
,,,2.09112e-007,0.00950184
,,,2.09512e-007,0.00861795
,,,2.09912e-007,0.00928087
,,,2.10312e-007,0.00795503
,,,2.10712e-007,0.00707114
,,,2.11112e-007,0.00707114
,,,2.11512e-007,0.00640822
,,,2.11912e-007,0.00640822
,,,2.12312e-007,0.0057453
,,,2.12712e-007,0.0057453
,,,2.13112e-007,0.00596627
,,,2.13512e-007,0.00508238
,,,2.13912e-007,0.00486141
,,,2.14312e-007,0.0057453
,,,2.14712e-007,0.00508238
,,,2.15112e-007,0.00441946
,,,2.15512e-007,0.00419849
,,,2.15912e-007,0.00397751
,,,2.16312e-007,0.00397751
,,,2.16712e-007,0.00375654
,,,2.17112e-007,0.00309362
,,,2.17512e-007,0.00287265
,,,2.17912e-007,0.00331459
,,,2.18312e-007,0.00287265
,,,2.18712e-007,0.00220973
,,,2.19112e-007,0.00220973
,,,2.19512e-007,0.00220973
,,,2.19912e-007,0.00154681
,,,2.20312e-007,0.00198876
,,,2.20712e-007,0.00176778
,,,2.21112e-007,0.00154681
,,,2.21512e-007,0.00220973
,,,2.21912e-007,0.00132584
,,,2.22312e-007,0.00176778
,,,2.22712e-007,0.00154681
,,,2.23112e-007,0.00132584
,,,2.23512e-007,0.00110486
,,,2.23912e-007,0.00176778
,,,2.24312e-007,0.00154681
,,,2.24712e-007,0.00154681
,,,2.25112e-007,0.00176778
,,,2.25512e-007,0.0024307
,,,2.25912e-007,0.00110486
,,,2.26312e-007,0.00154681
,,,2.26712e-007,0.00110486
,,,2.27112e-007,0.00132584
,,,2.27512e-007,0.000662919
,,,2.27912e-007,0.000883892
,,,2.28312e-007,0.000662919
,,,2.28712e-007,0.000883892
,,,2.29112e-007,0.000441946
,,,2.29512e-007,0.000662919
,,,2.29912e-007,0.000883892
,,,2.30312e-007,0.000883892
,,,2.30712e-007,0.000662919
,,,2.31112e-007,0.000662919
,,,2.31512e-007,0.000220973
,,,2.31912e-007,0.000883892
,,,2.32312e-007,0.000662919
,,,2.32712e-007,0.000441946
,,,2.33112e-007,0.000662919
,,,2.33512e-007,0.000662919
,,,2.33912e-007,0.000662919
,,,2.34312e-007,0
,,,2.34712e-007,0.000441946
,,,2.35112e-007,0
,,,2.35512e-007,0
,,,2.35912e-007,0.000662919
,,,2.36312e-007,0
,,,2.36712e-007,0
,,,2.37112e-007,-0.000441946
,,,2.37512e-007,-0.000662919
,,,2.37912e-007,-0.000220973
,,,2.38312e-007,0
,,,2.38712e-007,-0.000662919
,,,2.39112e-007,-0.00176778
,,,2.39512e-007,-0.000883892
,,,2.39912e-007,0
,,,2.40312e-007,-0.000883892
,,,2.40712e-007,-0.00110486
,,,2.41112e-007,0.000220973
,,,2.41512e-007,-0.000220973
,,,2.41912e-007,-0.000883892
,,,2.42312e-007,-0.00110486
,,,2.42712e-007,-0.00132584
,,,2.43112e-007,-0.000220973
,,,2.43512e-007,-0.000883892
,,,2.43912e-007,-0.000662919
,,,2.44312e-007,-0.000883892
,,,2.44712e-007,-0.000220973
,,,2.45112e-007,0
,,,2.45512e-007,-0.000220973
,,,2.45912e-007,-0.000220973
,,,2.46312e-007,-0.000883892
,,,2.46712e-007,0.000441946
,,,2.47112e-007,-0.000220973
,,,2.47512e-007,-0.000441946
,,,2.47912e-007,-0.000220973
,,,2.48312e-007,0
,,,2.48712e-007,0
,,,2.49112e-007,0
,,,2.49512e-007,-0.000220973
,,,2.49912e-007,0.000441946
,,,2.50312e-007,0
