"Record Length",1252,"Points",-2.50002e-007,0
"Sample Interval",4e-010,s,-2.49602e-007,-0.000441946
"Trigger Point",625,"Samples",-2.49202e-007,0.000441946
"Trigger Time",0.00536263,s,-2.48802e-007,0
,,,-2.48402e-007,-0.000220973
"Horizontal Offset",-2.50002e-007,s,-2.48002e-007,-0.000220973
,,,-2.47602e-007,0.000220973
,,,-2.47202e-007,0.000662919
,,,-2.46802e-007,0.000662919
,,,-2.46402e-007,0.000441946
,,,-2.46002e-007,0.000220973
,,,-2.45602e-007,0.000441946
,,,-2.45202e-007,0.000220973
,,,-2.44802e-007,0
,,,-2.44402e-007,0.000220973
,,,-2.44002e-007,0.000662919
,,,-2.43602e-007,0.000441946
,,,-2.43202e-007,0.000441946
,,,-2.42802e-007,0.000220973
,,,-2.42402e-007,0
,,,-2.42002e-007,0
,,,-2.41602e-007,0
,,,-2.41202e-007,0.000662919
,,,-2.40802e-007,0.000662919
,,,-2.40402e-007,0
,,,-2.40002e-007,0.000441946
,,,-2.39602e-007,0
,,,-2.39202e-007,0.000220973
,,,-2.38802e-007,0.000220973
,,,-2.38402e-007,-0.000220973
,,,-2.38002e-007,-0.000220973
,,,-2.37602e-007,0.000220973
,,,-2.37202e-007,0
,,,-2.36802e-007,-0.000220973
,,,-2.36402e-007,0.000662919
,,,-2.36002e-007,0.000441946
,,,-2.35602e-007,0
,,,-2.35202e-007,0.000662919
,,,-2.34802e-007,0.000220973
,,,-2.34402e-007,0.000441946
,,,-2.34002e-007,0.000662919
,,,-2.33602e-007,0
,,,-2.33202e-007,0
,,,-2.32802e-007,0
,,,-2.32402e-007,-0.000441946
,,,-2.32002e-007,0.000220973
,,,-2.31602e-007,0.000441946
,,,-2.31202e-007,0.000220973
,,,-2.30802e-007,0
,,,-2.30402e-007,-0.000662919
,,,-2.30002e-007,-0.000220973
,,,-2.29602e-007,0
,,,-2.29202e-007,-0.000441946
,,,-2.28802e-007,0
,,,-2.28402e-007,0.000220973
,,,-2.28002e-007,0.000662919
,,,-2.27602e-007,0.000220973
,,,-2.27202e-007,0.000220973
,,,-2.26802e-007,0.000662919
,,,-2.26402e-007,0.000441946
,,,-2.26002e-007,0
,,,-2.25602e-007,-0.000883892
,,,-2.25202e-007,0.000220973
,,,-2.24802e-007,0.000220973
,,,-2.24402e-007,-0.000220973
,,,-2.24002e-007,-0.000220973
,,,-2.23602e-007,0.000441946
,,,-2.23202e-007,0.000662919
,,,-2.22802e-007,0.000220973
,,,-2.22402e-007,0
,,,-2.22002e-007,0
,,,-2.21602e-007,0
,,,-2.21202e-007,0.000441946
,,,-2.20802e-007,0.000883892
,,,-2.20402e-007,0.000441946
,,,-2.20002e-007,0.000220973
,,,-2.19602e-007,0.000441946
,,,-2.19202e-007,0.000662919
,,,-2.18802e-007,0.000662919
,,,-2.18402e-007,0.000220973
,,,-2.18002e-007,-0.000220973
,,,-2.17602e-007,0
,,,-2.17202e-007,0.000220973
,,,-2.16802e-007,0.000220973
,,,-2.16402e-007,0.000220973
,,,-2.16002e-007,0.000662919
,,,-2.15602e-007,0
,,,-2.15202e-007,0
,,,-2.14802e-007,0.000220973
,,,-2.14402e-007,-0.000662919
,,,-2.14002e-007,0
,,,-2.13602e-007,0.000883892
,,,-2.13202e-007,0.000441946
,,,-2.12802e-007,0.000441946
,,,-2.12402e-007,0.000883892
,,,-2.12002e-007,0.000662919
,,,-2.11602e-007,0.000220973
,,,-2.11202e-007,0.00110486
,,,-2.10802e-007,0.000441946
,,,-2.10402e-007,0.000220973
,,,-2.10002e-007,-0.000441946
,,,-2.09602e-007,0
,,,-2.09202e-007,0
,,,-2.08802e-007,0.000441946
,,,-2.08402e-007,0.000220973
,,,-2.08002e-007,0.000441946
,,,-2.07602e-007,0.000662919
,,,-2.07202e-007,0
,,,-2.06802e-007,0
,,,-2.06402e-007,0.000441946
,,,-2.06002e-007,-0.000441946
,,,-2.05602e-007,0
,,,-2.05202e-007,0.000220973
,,,-2.04802e-007,-0.000883892
,,,-2.04402e-007,0.000662919
,,,-2.04002e-007,0.000441946
,,,-2.03602e-007,0.000220973
,,,-2.03202e-007,0.000220973
,,,-2.02802e-007,0.000441946
,,,-2.02402e-007,-0.000441946
,,,-2.02002e-007,-0.000220973
,,,-2.01602e-007,0.000441946
,,,-2.01202e-007,0
,,,-2.00802e-007,0
,,,-2.00402e-007,0.000220973
,,,-2.00002e-007,0.000441946
,,,-1.99602e-007,0.000220973
,,,-1.99202e-007,0.000441946
,,,-1.98802e-007,-0.000441946
,,,-1.98402e-007,0
,,,-1.98002e-007,0
,,,-1.97602e-007,0
,,,-1.97202e-007,0.000220973
,,,-1.96802e-007,0
,,,-1.96402e-007,0
,,,-1.96002e-007,0.000662919
,,,-1.95602e-007,0.000441946
,,,-1.95202e-007,0.000441946
,,,-1.94802e-007,0.000220973
,,,-1.94402e-007,-0.000220973
,,,-1.94002e-007,-0.000220973
,,,-1.93602e-007,-0.000662919
,,,-1.93202e-007,0.000441946
,,,-1.92802e-007,-0.000220973
,,,-1.92402e-007,0.000441946
,,,-1.92002e-007,0.000220973
,,,-1.91602e-007,0.000662919
,,,-1.91202e-007,0
,,,-1.90802e-007,-0.000441946
,,,-1.90402e-007,0
,,,-1.90002e-007,0
,,,-1.89602e-007,0.00154681
,,,-1.89202e-007,0.000662919
,,,-1.88802e-007,0.000441946
,,,-1.88402e-007,0
,,,-1.88002e-007,-0.000441946
,,,-1.87602e-007,0.000662919
,,,-1.87202e-007,0
,,,-1.86802e-007,0.000220973
,,,-1.86402e-007,0
,,,-1.86002e-007,0
,,,-1.85602e-007,-0.000220973
,,,-1.85202e-007,0
,,,-1.84802e-007,-0.000220973
,,,-1.84402e-007,-0.000441946
,,,-1.84002e-007,0.000441946
,,,-1.83602e-007,0.000220973
,,,-1.83202e-007,-0.000220973
,,,-1.82802e-007,0
,,,-1.82402e-007,-0.000220973
,,,-1.82002e-007,-0.000441946
,,,-1.81602e-007,-0.000441946
,,,-1.81202e-007,0.000441946
,,,-1.80802e-007,0.000220973
,,,-1.80402e-007,0
,,,-1.80002e-007,0.000883892
,,,-1.79602e-007,0.000441946
,,,-1.79202e-007,-0.000662919
,,,-1.78802e-007,-0.000441946
,,,-1.78402e-007,-0.000220973
,,,-1.78002e-007,0.000441946
,,,-1.77602e-007,0.000220973
,,,-1.77202e-007,0.000441946
,,,-1.76802e-007,0
,,,-1.76402e-007,-0.000220973
,,,-1.76002e-007,0
,,,-1.75602e-007,0.000220973
,,,-1.75202e-007,-0.000220973
,,,-1.74802e-007,0.000220973
,,,-1.74402e-007,0.000441946
,,,-1.74002e-007,0.000662919
,,,-1.73602e-007,0
,,,-1.73202e-007,0.000220973
,,,-1.72802e-007,0.000441946
,,,-1.72402e-007,0.000220973
,,,-1.72002e-007,-0.000441946
,,,-1.71602e-007,0
,,,-1.71202e-007,-0.000441946
,,,-1.70802e-007,-0.000883892
,,,-1.70402e-007,-0.000662919
,,,-1.70002e-007,0.000220973
,,,-1.69602e-007,0.000220973
,,,-1.69202e-007,0
,,,-1.68802e-007,0
,,,-1.68402e-007,0
,,,-1.68002e-007,0.000662919
,,,-1.67602e-007,-0.000220973
,,,-1.67202e-007,0.000662919
,,,-1.66802e-007,0.000441946
,,,-1.66402e-007,0.000441946
,,,-1.66002e-007,0.000441946
,,,-1.65602e-007,0.000441946
,,,-1.65202e-007,0
,,,-1.64802e-007,0.000441946
,,,-1.64402e-007,0.000662919
,,,-1.64002e-007,0.000441946
,,,-1.63602e-007,0.000220973
,,,-1.63202e-007,0.000441946
,,,-1.62802e-007,-0.000883892
,,,-1.62402e-007,0.000220973
,,,-1.62002e-007,-0.000662919
,,,-1.61602e-007,-0.000220973
,,,-1.61202e-007,0
,,,-1.60802e-007,0.000441946
,,,-1.60402e-007,-0.000662919
,,,-1.60002e-007,-0.000441946
,,,-1.59602e-007,-0.000220973
,,,-1.59202e-007,0.000441946
,,,-1.58802e-007,0
,,,-1.58402e-007,0.000662919
,,,-1.58002e-007,-0.000220973
,,,-1.57602e-007,0.000220973
,,,-1.57202e-007,-0.000441946
,,,-1.56802e-007,0.000441946
,,,-1.56402e-007,-0.000220973
,,,-1.56002e-007,0.000441946
,,,-1.55602e-007,0.000220973
,,,-1.55202e-007,0.000662919
,,,-1.54802e-007,0.000662919
,,,-1.54402e-007,0.000662919
,,,-1.54002e-007,0.000441946
,,,-1.53602e-007,0.000220973
,,,-1.53202e-007,-0.000441946
,,,-1.52802e-007,0
,,,-1.52402e-007,0
,,,-1.52002e-007,0.000220973
,,,-1.51602e-007,0.000220973
,,,-1.51202e-007,0.000662919
,,,-1.50802e-007,0.000220973
,,,-1.50402e-007,0.000662919
,,,-1.50002e-007,0.000220973
,,,-1.49602e-007,-0.000220973
,,,-1.49202e-007,0.000441946
,,,-1.48802e-007,0.000220973
,,,-1.48402e-007,0
,,,-1.48002e-007,0.000220973
,,,-1.47602e-007,0.000662919
,,,-1.47202e-007,0.000220973
,,,-1.46802e-007,-0.000220973
,,,-1.46402e-007,0.000441946
,,,-1.46002e-007,0.000441946
,,,-1.45602e-007,0
,,,-1.45202e-007,0.000441946
,,,-1.44802e-007,0.000441946
,,,-1.44402e-007,-0.000441946
,,,-1.44002e-007,0
,,,-1.43602e-007,-0.000220973
,,,-1.43202e-007,-0.000220973
,,,-1.42802e-007,0.000441946
,,,-1.42402e-007,0.000441946
,,,-1.42002e-007,0
,,,-1.41602e-007,0.000220973
,,,-1.41202e-007,0
,,,-1.40802e-007,0.000220973
,,,-1.40402e-007,-0.000220973
,,,-1.40002e-007,0
,,,-1.39602e-007,-0.000441946
,,,-1.39202e-007,0.000662919
,,,-1.38802e-007,0
,,,-1.38402e-007,0
,,,-1.38002e-007,0.000883892
,,,-1.37602e-007,-0.000441946
,,,-1.37202e-007,0.000662919
,,,-1.36802e-007,-0.000883892
,,,-1.36402e-007,-0.000662919
,,,-1.36002e-007,0
,,,-1.35602e-007,0.000662919
,,,-1.35202e-007,0.000883892
,,,-1.34802e-007,0.000220973
,,,-1.34402e-007,0.000220973
,,,-1.34002e-007,-0.000662919
,,,-1.33602e-007,0.000441946
,,,-1.33202e-007,0
,,,-1.32802e-007,0.000220973
,,,-1.32402e-007,0
,,,-1.32002e-007,0.000662919
,,,-1.31602e-007,0
,,,-1.31202e-007,0.000662919
,,,-1.30802e-007,0.000441946
,,,-1.30402e-007,0
,,,-1.30002e-007,0
,,,-1.29602e-007,0.000441946
,,,-1.29202e-007,0.000220973
,,,-1.28802e-007,0
,,,-1.28402e-007,0.000662919
,,,-1.28002e-007,0
,,,-1.27602e-007,0
,,,-1.27202e-007,-0.000220973
,,,-1.26802e-007,0.000220973
,,,-1.26402e-007,0.000441946
,,,-1.26002e-007,-0.000220973
,,,-1.25602e-007,0.000220973
,,,-1.25202e-007,0.000220973
,,,-1.24802e-007,0.000883892
,,,-1.24402e-007,0.000662919
,,,-1.24002e-007,0.000220973
,,,-1.23602e-007,0.000662919
,,,-1.23202e-007,0.000441946
,,,-1.22802e-007,0.000441946
,,,-1.22402e-007,0.000662919
,,,-1.22002e-007,0.000220973
,,,-1.21602e-007,0
,,,-1.21202e-007,-0.000441946
,,,-1.20802e-007,-0.000220973
,,,-1.20402e-007,0.000220973
,,,-1.20002e-007,-0.000441946
,,,-1.19602e-007,-0.000220973
,,,-1.19202e-007,0.000441946
,,,-1.18802e-007,0.000662919
,,,-1.18402e-007,-0.000220973
,,,-1.18002e-007,0
,,,-1.17602e-007,0.000220973
,,,-1.17202e-007,0.000441946
,,,-1.16802e-007,0.000220973
,,,-1.16402e-007,0
,,,-1.16002e-007,0
,,,-1.15602e-007,0.000220973
,,,-1.15202e-007,0.000883892
,,,-1.14802e-007,0.000441946
,,,-1.14402e-007,0.000220973
,,,-1.14002e-007,0
,,,-1.13602e-007,-0.000220973
,,,-1.13202e-007,-0.000220973
,,,-1.12802e-007,-0.000220973
,,,-1.12402e-007,-0.000220973
,,,-1.12002e-007,0
,,,-1.11602e-007,0.000220973
,,,-1.11202e-007,0.000220973
,,,-1.10802e-007,-0.000220973
,,,-1.10402e-007,-0.000220973
,,,-1.10002e-007,-0.000662919
,,,-1.09602e-007,0.000220973
,,,-1.09202e-007,0
,,,-1.08802e-007,-0.000662919
,,,-1.08402e-007,0.000220973
,,,-1.08002e-007,0.000662919
,,,-1.07602e-007,0.000441946
,,,-1.07202e-007,0.000441946
,,,-1.06802e-007,-0.000220973
,,,-1.06402e-007,0.000220973
,,,-1.06002e-007,0.000441946
,,,-1.05602e-007,-0.000220973
,,,-1.05202e-007,-0.000441946
,,,-1.04802e-007,0.000220973
,,,-1.04402e-007,-0.000441946
,,,-1.04002e-007,0.000220973
,,,-1.03602e-007,0.000220973
,,,-1.03202e-007,0.000662919
,,,-1.02802e-007,-0.000220973
,,,-1.02402e-007,0.000220973
,,,-1.02002e-007,0.000441946
,,,-1.01602e-007,0
,,,-1.01202e-007,-0.000220973
,,,-1.00802e-007,-0.000220973
,,,-1.00402e-007,-0.000220973
,,,-1.00002e-007,0.000441946
,,,-9.96021e-008,0
,,,-9.92021e-008,0.000662919
,,,-9.88021e-008,0.000220973
,,,-9.84021e-008,0.000662919
,,,-9.80021e-008,-0.000220973
,,,-9.76021e-008,-0.000441946
,,,-9.72021e-008,0.000662919
,,,-9.68021e-008,0.000220973
,,,-9.64021e-008,0.000220973
,,,-9.60021e-008,0
,,,-9.56021e-008,-0.000220973
,,,-9.52021e-008,0.000662919
,,,-9.48021e-008,0
,,,-9.44021e-008,0
,,,-9.40021e-008,0
,,,-9.36021e-008,0.000220973
,,,-9.32021e-008,-0.000441946
,,,-9.28021e-008,-0.000220973
,,,-9.24021e-008,0.000883892
,,,-9.20021e-008,0.000220973
,,,-9.16021e-008,0.000220973
,,,-9.12021e-008,0
,,,-9.08021e-008,-0.000220973
,,,-9.04021e-008,0.000220973
,,,-9.00021e-008,0
,,,-8.96021e-008,-0.000441946
,,,-8.92021e-008,-0.000883892
,,,-8.88021e-008,-0.000441946
,,,-8.84021e-008,-0.000220973
,,,-8.80021e-008,0.000441946
,,,-8.76021e-008,0
,,,-8.72021e-008,0.000220973
,,,-8.68021e-008,-0.000220973
,,,-8.64021e-008,-0.000441946
,,,-8.60021e-008,0.000220973
,,,-8.56021e-008,0
,,,-8.52021e-008,0.000662919
,,,-8.48021e-008,0
,,,-8.44021e-008,0.000662919
,,,-8.40021e-008,0.000220973
,,,-8.36021e-008,0.000220973
,,,-8.32021e-008,0.000662919
,,,-8.28021e-008,0.000662919
,,,-8.24021e-008,-0.000220973
,,,-8.20021e-008,-0.000220973
,,,-8.16021e-008,-0.000220973
,,,-8.12021e-008,-0.000441946
,,,-8.08021e-008,0.000220973
,,,-8.04021e-008,0.000662919
,,,-8.00021e-008,0
,,,-7.96021e-008,0.000441946
,,,-7.92021e-008,0.000441946
,,,-7.88021e-008,-0.000220973
,,,-7.84021e-008,0
,,,-7.80021e-008,0.000441946
,,,-7.76021e-008,0.000220973
,,,-7.72021e-008,-0.000662919
,,,-7.68021e-008,-0.000220973
,,,-7.64021e-008,0.000441946
,,,-7.60021e-008,0.000662919
,,,-7.56021e-008,0.000441946
,,,-7.52021e-008,0.000662919
,,,-7.48021e-008,0.000220973
,,,-7.44021e-008,0.000662919
,,,-7.40021e-008,0
,,,-7.36021e-008,0.000220973
,,,-7.32021e-008,0.000220973
,,,-7.28021e-008,0
,,,-7.24021e-008,-0.000220973
,,,-7.20021e-008,0.000662919
,,,-7.16021e-008,0
,,,-7.12021e-008,0.000220973
,,,-7.08021e-008,0.000220973
,,,-7.04021e-008,0.000441946
,,,-7.00021e-008,0
,,,-6.96021e-008,0.000662919
,,,-6.92021e-008,0.000220973
,,,-6.88021e-008,0
,,,-6.84021e-008,0.00110486
,,,-6.80021e-008,0.000662919
,,,-6.76021e-008,0.000441946
,,,-6.72021e-008,0.000220973
,,,-6.68021e-008,-0.000220973
,,,-6.64021e-008,-0.000441946
,,,-6.60021e-008,0.000220973
,,,-6.56021e-008,0
,,,-6.52021e-008,0
,,,-6.48021e-008,0
,,,-6.44021e-008,0
,,,-6.40021e-008,-0.000441946
,,,-6.36021e-008,-0.000441946
,,,-6.32021e-008,-0.00110486
,,,-6.28021e-008,0.000220973
,,,-6.24021e-008,0.000441946
,,,-6.20021e-008,0.000220973
,,,-6.16021e-008,0.000441946
,,,-6.12021e-008,0.000441946
,,,-6.08021e-008,0.000220973
,,,-6.04021e-008,0.000220973
,,,-6.00021e-008,0.000441946
,,,-5.96021e-008,-0.000441946
,,,-5.92021e-008,0.000441946
,,,-5.88021e-008,0.000220973
,,,-5.84021e-008,-0.000441946
,,,-5.80021e-008,0.000220973
,,,-5.76021e-008,0
,,,-5.72021e-008,-0.000220973
,,,-5.68021e-008,0
,,,-5.64021e-008,-0.000220973
,,,-5.60021e-008,-0.000441946
,,,-5.56021e-008,0
,,,-5.52021e-008,0.000441946
,,,-5.48021e-008,0.000441946
,,,-5.44021e-008,-0.000220973
,,,-5.40021e-008,0.000441946
,,,-5.36021e-008,0
,,,-5.32021e-008,0.000662919
,,,-5.28021e-008,0
,,,-5.24021e-008,0
,,,-5.20021e-008,0.000441946
,,,-5.16021e-008,0
,,,-5.12021e-008,0.000441946
,,,-5.08021e-008,0.000220973
,,,-5.04021e-008,-0.000220973
,,,-5.00021e-008,-0.000220973
,,,-4.96021e-008,-0.000662919
,,,-4.92021e-008,0.000883892
,,,-4.88021e-008,0.000883892
,,,-4.84021e-008,-0.000662919
,,,-4.80021e-008,0.000662919
,,,-4.76021e-008,0
,,,-4.72021e-008,0.000220973
,,,-4.68021e-008,0.000441946
,,,-4.64021e-008,0.000220973
,,,-4.60021e-008,0
,,,-4.56021e-008,0
,,,-4.52021e-008,0.000220973
,,,-4.48021e-008,0.000220973
,,,-4.44021e-008,0
,,,-4.40021e-008,0
,,,-4.36021e-008,-0.000220973
,,,-4.32021e-008,-0.000220973
,,,-4.28021e-008,-0.000662919
,,,-4.24021e-008,0.000662919
,,,-4.20021e-008,0.000662919
,,,-4.16021e-008,-0.000220973
,,,-4.12021e-008,-0.000220973
,,,-4.08021e-008,-0.000220973
,,,-4.04021e-008,0
,,,-4.00021e-008,0.000220973
,,,-3.96021e-008,-0.000662919
,,,-3.92021e-008,0
,,,-3.88021e-008,0
,,,-3.84021e-008,0.000883892
,,,-3.80021e-008,0
,,,-3.76021e-008,0.000662919
,,,-3.72021e-008,0.000441946
,,,-3.68021e-008,0
,,,-3.64021e-008,0
,,,-3.60021e-008,0.000883892
,,,-3.56021e-008,0.000883892
,,,-3.52021e-008,0.00110486
,,,-3.48021e-008,0.000220973
,,,-3.44021e-008,-0.000220973
,,,-3.40021e-008,-0.000220973
,,,-3.36021e-008,-0.000662919
,,,-3.32021e-008,0
,,,-3.28021e-008,0.000441946
,,,-3.24021e-008,-0.000662919
,,,-3.20021e-008,0.000220973
,,,-3.16021e-008,0.000662919
,,,-3.12021e-008,0.000883892
,,,-3.08021e-008,0.000662919
,,,-3.04021e-008,0.000220973
,,,-3.00021e-008,0.000220973
,,,-2.96021e-008,0.000441946
,,,-2.92021e-008,0.000441946
,,,-2.88021e-008,0.000662919
,,,-2.84021e-008,0.000441946
,,,-2.80021e-008,0.000441946
,,,-2.76021e-008,0.00154681
,,,-2.72021e-008,0.000220973
,,,-2.68021e-008,-0.000441946
,,,-2.64021e-008,0.000441946
,,,-2.60021e-008,0
,,,-2.56021e-008,-0.000662919
,,,-2.52021e-008,0.000441946
,,,-2.48021e-008,0
,,,-2.44021e-008,0
,,,-2.40021e-008,0.000883892
,,,-2.36021e-008,0.000441946
,,,-2.32021e-008,0.000662919
,,,-2.28021e-008,0.000441946
,,,-2.24021e-008,0.000441946
,,,-2.20021e-008,0.000441946
,,,-2.16021e-008,-0.000220973
,,,-2.12021e-008,-0.000220973
,,,-2.08021e-008,0.000220973
,,,-2.04021e-008,0.000441946
,,,-2.00021e-008,0.00132584
,,,-1.96021e-008,0
,,,-1.92021e-008,0.000441946
,,,-1.88021e-008,0.000662919
,,,-1.84021e-008,0
,,,-1.80021e-008,0.000441946
,,,-1.76021e-008,-0.000662919
,,,-1.72021e-008,0.000441946
,,,-1.68021e-008,-0.000220973
,,,-1.64021e-008,-0.000441946
,,,-1.60021e-008,0.000441946
,,,-1.56021e-008,0.000220973
,,,-1.52021e-008,0
,,,-1.48021e-008,0.000662919
,,,-1.44021e-008,0.000441946
,,,-1.40021e-008,0.000220973
,,,-1.36021e-008,0.000220973
,,,-1.32021e-008,0.000220973
,,,-1.28021e-008,0.000662919
,,,-1.24021e-008,0.000220973
,,,-1.20021e-008,-0.000220973
,,,-1.16021e-008,-0.000220973
,,,-1.12021e-008,0.000220973
,,,-1.08021e-008,-0.000220973
,,,-1.04021e-008,0
,,,-1.00021e-008,-0.000441946
,,,-9.60215e-009,0.000220973
,,,-9.20215e-009,0.000220973
,,,-8.80215e-009,-0.000220973
,,,-8.40215e-009,-0.000220973
,,,-8.00215e-009,-0.000441946
,,,-7.60215e-009,-0.000220973
,,,-7.20215e-009,0.000220973
,,,-6.80215e-009,-0.000220973
,,,-6.40215e-009,0
,,,-6.00215e-009,-0.000220973
,,,-5.60215e-009,0.000220973
,,,-5.20215e-009,0
,,,-4.80215e-009,0
,,,-4.40215e-009,0.000220973
,,,-4.00215e-009,0
,,,-3.60215e-009,0.000883892
,,,-3.20215e-009,0.00110486
,,,-2.80215e-009,0
,,,-2.40215e-009,0.000220973
,,,-2.00215e-009,0.000220973
,,,-1.60215e-009,-0.000662919
,,,-1.20215e-009,0.00110486
,,,-8.02145e-010,-0.000662919
,,,-4.02145e-010,0.000220973
,,,-2.14505e-012,0
,,,3.97855e-010,0.000441946
,,,7.97855e-010,0.000220973
,,,1.19785e-009,0.000883892
,,,1.59785e-009,0.000220973
,,,1.99785e-009,0
,,,2.39785e-009,0.000220973
,,,2.79785e-009,0
,,,3.19785e-009,0.000220973
,,,3.59785e-009,-0.000220973
,,,3.99785e-009,0.000662919
,,,4.39785e-009,0.000441946
,,,4.79785e-009,0
,,,5.19785e-009,0.000220973
,,,5.59785e-009,0.000441946
,,,5.99785e-009,0.00110486
,,,6.39785e-009,0
,,,6.79785e-009,-0.000441946
,,,7.19785e-009,0
,,,7.59785e-009,0.000220973
,,,7.99785e-009,-0.000220973
,,,8.39785e-009,0.000220973
,,,8.79785e-009,0.000441946
,,,9.19785e-009,-0.000441946
,,,9.59785e-009,0.000883892
,,,9.99785e-009,0.000220973
,,,1.03979e-008,0.000441946
,,,1.07979e-008,0.000662919
,,,1.11979e-008,0.000220973
,,,1.15979e-008,0.000441946
,,,1.19979e-008,0.00132584
,,,1.23979e-008,0.000220973
,,,1.27979e-008,0.000883892
,,,1.31979e-008,-0.000220973
,,,1.35979e-008,0
,,,1.39979e-008,-0.000220973
,,,1.43979e-008,-0.000441946
,,,1.47979e-008,0.000220973
,,,1.51979e-008,0.000220973
,,,1.55979e-008,0
,,,1.59979e-008,0.000220973
,,,1.63979e-008,0.000441946
,,,1.67979e-008,0.00110486
,,,1.71979e-008,0.000220973
,,,1.75979e-008,0
,,,1.79979e-008,0.000220973
,,,1.83979e-008,-0.000220973
,,,1.87979e-008,0.000662919
,,,1.91979e-008,0.000883892
,,,1.95979e-008,0
,,,1.99979e-008,0
,,,2.03979e-008,0.000441946
,,,2.07979e-008,0
,,,2.11979e-008,0
,,,2.15979e-008,0.000662919
,,,2.19979e-008,0.000662919
,,,2.23979e-008,-0.000220973
,,,2.27979e-008,0.000220973
,,,2.31979e-008,0.000662919
,,,2.35979e-008,0.000220973
,,,2.39979e-008,-0.000220973
,,,2.43979e-008,0.000220973
,,,2.47979e-008,0.000441946
,,,2.51979e-008,0.000441946
,,,2.55979e-008,0.000220973
,,,2.59979e-008,-0.000883892
,,,2.63979e-008,0
,,,2.67979e-008,0.000441946
,,,2.71979e-008,-0.000220973
,,,2.75979e-008,0.000662919
,,,2.79979e-008,0.000441946
,,,2.83979e-008,0.000220973
,,,2.87979e-008,0.000662919
,,,2.91979e-008,-0.000220973
,,,2.95979e-008,0.000220973
,,,2.99979e-008,0.000441946
,,,3.03979e-008,-0.000220973
,,,3.07979e-008,0
,,,3.11979e-008,-0.000441946
,,,3.15979e-008,0.000662919
,,,3.19979e-008,0.000662919
,,,3.23979e-008,0.000441946
,,,3.27979e-008,0.000662919
,,,3.31979e-008,0.000662919
,,,3.35979e-008,0.000220973
,,,3.39979e-008,0.000220973
,,,3.43979e-008,-0.000220973
,,,3.47979e-008,0.000883892
,,,3.51979e-008,0.000441946
,,,3.55979e-008,0.000441946
,,,3.59979e-008,-0.000220973
,,,3.63979e-008,0
,,,3.67979e-008,0.000441946
,,,3.71979e-008,0.000441946
,,,3.75979e-008,0
,,,3.79979e-008,0.000220973
,,,3.83979e-008,0.000883892
,,,3.87979e-008,0.000441946
,,,3.91979e-008,0.000220973
,,,3.95979e-008,-0.000441946
,,,3.99979e-008,0
,,,4.03979e-008,0.000441946
,,,4.07979e-008,0.000662919
,,,4.11979e-008,0.000220973
,,,4.15979e-008,-0.000220973
,,,4.19979e-008,-0.000441946
,,,4.23979e-008,0.000662919
,,,4.27979e-008,0.000883892
,,,4.31979e-008,0.000662919
,,,4.35979e-008,0.000441946
,,,4.39979e-008,0.000441946
,,,4.43979e-008,0.000220973
,,,4.47979e-008,0.000220973
,,,4.51979e-008,0
,,,4.55979e-008,0.000220973
,,,4.59979e-008,0.000441946
,,,4.63979e-008,0
,,,4.67979e-008,0.000441946
,,,4.71979e-008,0
,,,4.75979e-008,-0.00110486
,,,4.79979e-008,-0.000220973
,,,4.83979e-008,-0.000220973
,,,4.87979e-008,0.000220973
,,,4.91979e-008,0.000220973
,,,4.95979e-008,0.000441946
,,,4.99979e-008,0.000220973
,,,5.03979e-008,-0.000220973
,,,5.07979e-008,-0.000441946
,,,5.11979e-008,0
,,,5.15979e-008,0.000441946
,,,5.19979e-008,0.000441946
,,,5.23979e-008,0
,,,5.27979e-008,0
,,,5.31979e-008,0.000220973
,,,5.35979e-008,0.000662919
,,,5.39979e-008,-0.000662919
,,,5.43979e-008,-0.000441946
,,,5.47979e-008,0
,,,5.51979e-008,0.000220973
,,,5.55979e-008,0.000220973
,,,5.59979e-008,-0.000441946
,,,5.63979e-008,0.000220973
,,,5.67979e-008,0.000220973
,,,5.71979e-008,0
,,,5.75979e-008,0.000220973
,,,5.79979e-008,0
,,,5.83979e-008,0.000662919
,,,5.87979e-008,-0.000220973
,,,5.91979e-008,0
,,,5.95979e-008,0
,,,5.99979e-008,0.000441946
,,,6.03979e-008,0
,,,6.07979e-008,0.000662919
,,,6.11979e-008,0.000662919
,,,6.15979e-008,0
,,,6.19979e-008,0.000441946
,,,6.23979e-008,-0.000220973
,,,6.27979e-008,0.000441946
,,,6.31979e-008,0
,,,6.35979e-008,0.000220973
,,,6.39979e-008,0
,,,6.43979e-008,0.000220973
,,,6.47979e-008,0.000883892
,,,6.51979e-008,0.000441946
,,,6.55979e-008,0
,,,6.59979e-008,0.000441946
,,,6.63979e-008,0.000441946
,,,6.67979e-008,0.000441946
,,,6.71979e-008,0.000441946
,,,6.75979e-008,0.000883892
,,,6.79979e-008,0.000441946
,,,6.83979e-008,0.00132584
,,,6.87979e-008,0.000441946
,,,6.91979e-008,0.000220973
,,,6.95979e-008,-0.000220973
,,,6.99979e-008,-0.000441946
,,,7.03979e-008,0
,,,7.07979e-008,0.000883892
,,,7.11979e-008,0.000220973
,,,7.15979e-008,-0.000220973
,,,7.19979e-008,0
,,,7.23979e-008,0.000220973
,,,7.27979e-008,0.000883892
,,,7.31979e-008,0
,,,7.35979e-008,0.000220973
,,,7.39979e-008,0.000220973
,,,7.43979e-008,0.000883892
,,,7.47979e-008,0.00110486
,,,7.51979e-008,0.000662919
,,,7.55979e-008,0.000441946
,,,7.59979e-008,0.000220973
,,,7.63979e-008,0.000220973
,,,7.67979e-008,0.000441946
,,,7.71979e-008,0
,,,7.75979e-008,0.000220973
,,,7.79979e-008,0.000662919
,,,7.83979e-008,0.000441946
,,,7.87979e-008,0.000662919
,,,7.91979e-008,0.000220973
,,,7.95979e-008,-0.000220973
,,,7.99979e-008,0.000441946
,,,8.03979e-008,0.000220973
,,,8.07979e-008,-0.000220973
,,,8.11979e-008,0
,,,8.15979e-008,0
,,,8.19979e-008,0.000441946
,,,8.23979e-008,0.000883892
,,,8.27979e-008,0.000220973
,,,8.31979e-008,-0.000441946
,,,8.35979e-008,0
,,,8.39979e-008,0.000220973
,,,8.43979e-008,0.00110486
,,,8.47979e-008,0.000441946
,,,8.51979e-008,-0.000441946
,,,8.55979e-008,-0.000220973
,,,8.59979e-008,0.000220973
,,,8.63979e-008,0.000441946
,,,8.67979e-008,0.000441946
,,,8.71979e-008,0.000220973
,,,8.75979e-008,0.000220973
,,,8.79979e-008,0.000220973
,,,8.83979e-008,-0.000220973
,,,8.87979e-008,0.000662919
,,,8.91979e-008,0.000441946
,,,8.95979e-008,0
,,,8.99979e-008,-0.000662919
,,,9.03979e-008,0.000662919
,,,9.07979e-008,0.000220973
,,,9.11979e-008,0.000883892
,,,9.15979e-008,-0.000220973
,,,9.19979e-008,0.000441946
,,,9.23979e-008,0.000662919
,,,9.27979e-008,0.00110486
,,,9.31979e-008,0.000662919
,,,9.35979e-008,0.00154681
,,,9.39979e-008,0.00154681
,,,9.43979e-008,0.00176778
,,,9.47979e-008,0.00265168
,,,9.51979e-008,0.00331459
,,,9.55979e-008,0.00441946
,,,9.59979e-008,0.00552432
,,,9.63979e-008,0.00662919
,,,9.67979e-008,0.00795503
,,,9.71979e-008,0.00972281
,,,9.75979e-008,0.0103857
,,,9.79979e-008,0.0114906
,,,9.83979e-008,0.0132584
,,,9.87979e-008,0.0137003
,,,9.91979e-008,0.0143632
,,,9.95979e-008,0.0150262
,,,9.99979e-008,0.0152471
,,,1.00398e-007,0.0159101
,,,1.00798e-007,0.016573
,,,1.01198e-007,0.016573
,,,1.01598e-007,0.016352
,,,1.01998e-007,0.0167939
,,,1.02398e-007,0.0172359
,,,1.02798e-007,0.0174569
,,,1.03198e-007,0.0178988
,,,1.03598e-007,0.0167939
,,,1.03998e-007,0.0172359
,,,1.04398e-007,0.0167939
,,,1.04798e-007,0.0178988
,,,1.05198e-007,0.0174569
,,,1.05598e-007,0.0170149
,,,1.05998e-007,0.0170149
,,,1.06398e-007,0.0176778
,,,1.06798e-007,0.0183408
,,,1.07198e-007,0.0172359
,,,1.07598e-007,0.0185617
,,,1.07998e-007,0.0176778
,,,1.08398e-007,0.0178988
,,,1.08798e-007,0.0172359
,,,1.09198e-007,0.0170149
,,,1.09598e-007,0.0172359
,,,1.09998e-007,0.0187827
,,,1.10398e-007,0.0174569
,,,1.10798e-007,0.0174569
,,,1.11198e-007,0.0174569
,,,1.11598e-007,0.0170149
,,,1.11998e-007,0.0167939
,,,1.12398e-007,0.0187827
,,,1.12798e-007,0.0181198
,,,1.13198e-007,0.0176778
,,,1.13598e-007,0.0170149
,,,1.13998e-007,0.0170149
,,,1.14398e-007,0.0183408
,,,1.14798e-007,0.0183408
,,,1.15198e-007,0.016573
,,,1.15598e-007,0.0176778
,,,1.15998e-007,0.0178988
,,,1.16398e-007,0.0170149
,,,1.16798e-007,0.0181198
,,,1.17198e-007,0.0174569
,,,1.17598e-007,0.0174569
,,,1.17998e-007,0.0176778
,,,1.18398e-007,0.0181198
,,,1.18798e-007,0.0167939
,,,1.19198e-007,0.0174569
,,,1.19598e-007,0.0176778
,,,1.19998e-007,0.0183408
,,,1.20398e-007,0.0176778
,,,1.20798e-007,0.0187827
,,,1.21198e-007,0.0190037
,,,1.21598e-007,0.0187827
,,,1.21998e-007,0.0185617
,,,1.22398e-007,0.0198876
,,,1.22798e-007,0.0192246
,,,1.23198e-007,0.0201085
,,,1.23598e-007,0.0198876
,,,1.23998e-007,0.0201085
,,,1.24398e-007,0.0196666
,,,1.24798e-007,0.0207715
,,,1.25198e-007,0.0207715
,,,1.25598e-007,0.0207715
,,,1.25998e-007,0.0212134
,,,1.26398e-007,0.0209924
,,,1.26798e-007,0.0201085
,,,1.27198e-007,0.0198876
,,,1.27598e-007,0.0203295
,,,1.27998e-007,0.0205505
,,,1.28398e-007,0.0194456
,,,1.28798e-007,0.0196666
,,,1.29198e-007,0.0194456
,,,1.29598e-007,0.0187827
,,,1.29998e-007,0.0185617
,,,1.30398e-007,0.0190037
,,,1.30798e-007,0.0183408
,,,1.31198e-007,0.0183408
,,,1.31598e-007,0.0181198
,,,1.31998e-007,0.0176778
,,,1.32398e-007,0.0174569
,,,1.32798e-007,0.0172359
,,,1.33198e-007,0.0176778
,,,1.33598e-007,0.0167939
,,,1.33998e-007,0.0167939
,,,1.34398e-007,0.016131
,,,1.34798e-007,0.016352
,,,1.35198e-007,0.0170149
,,,1.35598e-007,0.016573
,,,1.35998e-007,0.016573
,,,1.36398e-007,0.016573
,,,1.36798e-007,0.016573
,,,1.37198e-007,0.016131
,,,1.37598e-007,0.0167939
,,,1.37998e-007,0.016352
,,,1.38398e-007,0.0167939
,,,1.38798e-007,0.016573
,,,1.39198e-007,0.016352
,,,1.39598e-007,0.016352
,,,1.39998e-007,0.016131
,,,1.40398e-007,0.016352
,,,1.40798e-007,0.0159101
,,,1.41198e-007,0.0152471
,,,1.41598e-007,0.0159101
,,,1.41998e-007,0.0154681
,,,1.42398e-007,0.0154681
,,,1.42798e-007,0.0154681
,,,1.43198e-007,0.0154681
,,,1.43598e-007,0.0152471
,,,1.43998e-007,0.0152471
,,,1.44398e-007,0.0148052
,,,1.44798e-007,0.0152471
,,,1.45198e-007,0.0152471
,,,1.45598e-007,0.0150262
,,,1.45998e-007,0.0148052
,,,1.46398e-007,0.0148052
,,,1.46798e-007,0.0143632
,,,1.47198e-007,0.0143632
,,,1.47598e-007,0.0148052
,,,1.47998e-007,0.0145842
,,,1.48398e-007,0.0148052
,,,1.48798e-007,0.0148052
,,,1.49198e-007,0.0141423
,,,1.49598e-007,0.0145842
,,,1.49998e-007,0.0137003
,,,1.50398e-007,0.0141423
,,,1.50798e-007,0.0150262
,,,1.51198e-007,0.0148052
,,,1.51598e-007,0.0139213
,,,1.51998e-007,0.0148052
,,,1.52398e-007,0.0141423
,,,1.52798e-007,0.0134794
,,,1.53198e-007,0.0139213
,,,1.53598e-007,0.0145842
,,,1.53998e-007,0.0139213
,,,1.54398e-007,0.0143632
,,,1.54798e-007,0.0130374
,,,1.55198e-007,0.0130374
,,,1.55598e-007,0.0123745
,,,1.55998e-007,0.0125955
,,,1.56398e-007,0.0123745
,,,1.56798e-007,0.0119325
,,,1.57198e-007,0.0112696
,,,1.57598e-007,0.0108277
,,,1.57998e-007,0.0119325
,,,1.58398e-007,0.0119325
,,,1.58798e-007,0.0117116
,,,1.59198e-007,0.0114906
,,,1.59598e-007,0.0125955
,,,1.59998e-007,0.0123745
,,,1.60398e-007,0.0119325
,,,1.60798e-007,0.0114906
,,,1.61198e-007,0.0125955
,,,1.61598e-007,0.0117116
,,,1.61998e-007,0.0123745
,,,1.62398e-007,0.0123745
,,,1.62798e-007,0.0128164
,,,1.63198e-007,0.0121535
,,,1.63598e-007,0.0121535
,,,1.63998e-007,0.0119325
,,,1.64398e-007,0.0128164
,,,1.64798e-007,0.0123745
,,,1.65198e-007,0.0123745
,,,1.65598e-007,0.0123745
,,,1.65998e-007,0.0123745
,,,1.66398e-007,0.0119325
,,,1.66798e-007,0.0123745
,,,1.67198e-007,0.0130374
,,,1.67598e-007,0.0114906
,,,1.67998e-007,0.0123745
,,,1.68398e-007,0.0123745
,,,1.68798e-007,0.0123745
,,,1.69198e-007,0.0123745
,,,1.69598e-007,0.0125955
,,,1.69998e-007,0.0130374
,,,1.70398e-007,0.0117116
,,,1.70798e-007,0.0123745
,,,1.71198e-007,0.0128164
,,,1.71598e-007,0.0125955
,,,1.71998e-007,0.0123745
,,,1.72398e-007,0.0117116
,,,1.72798e-007,0.0119325
,,,1.73198e-007,0.0125955
,,,1.73598e-007,0.0134794
,,,1.73998e-007,0.0125955
,,,1.74398e-007,0.0123745
,,,1.74798e-007,0.0121535
,,,1.75198e-007,0.0125955
,,,1.75598e-007,0.0117116
,,,1.75998e-007,0.0121535
,,,1.76398e-007,0.0125955
,,,1.76798e-007,0.0125955
,,,1.77198e-007,0.0121535
,,,1.77598e-007,0.0117116
,,,1.77998e-007,0.0119325
,,,1.78398e-007,0.0123745
,,,1.78798e-007,0.0132584
,,,1.79198e-007,0.0125955
,,,1.79598e-007,0.0125955
,,,1.79998e-007,0.0130374
,,,1.80398e-007,0.0132584
,,,1.80798e-007,0.0130374
,,,1.81198e-007,0.0123745
,,,1.81598e-007,0.0121535
,,,1.81998e-007,0.0125955
,,,1.82398e-007,0.0128164
,,,1.82798e-007,0.0125955
,,,1.83198e-007,0.0119325
,,,1.83598e-007,0.0119325
,,,1.83998e-007,0.0128164
,,,1.84398e-007,0.0117116
,,,1.84798e-007,0.0114906
,,,1.85198e-007,0.0128164
,,,1.85598e-007,0.0121535
,,,1.85998e-007,0.0119325
,,,1.86398e-007,0.0128164
,,,1.86798e-007,0.0132584
,,,1.87198e-007,0.0125955
,,,1.87598e-007,0.0132584
,,,1.87998e-007,0.0137003
,,,1.88398e-007,0.0141423
,,,1.88798e-007,0.0132584
,,,1.89198e-007,0.0128164
,,,1.89598e-007,0.0123745
,,,1.89998e-007,0.0128164
,,,1.90398e-007,0.0132584
,,,1.90798e-007,0.0128164
,,,1.91198e-007,0.0128164
,,,1.91598e-007,0.0128164
,,,1.91998e-007,0.0130374
,,,1.92398e-007,0.0132584
,,,1.92798e-007,0.0128164
,,,1.93198e-007,0.0134794
,,,1.93598e-007,0.0132584
,,,1.93998e-007,0.0130374
,,,1.94398e-007,0.0134794
,,,1.94798e-007,0.0137003
,,,1.95198e-007,0.0139213
,,,1.95598e-007,0.0134794
,,,1.95998e-007,0.0132584
,,,1.96398e-007,0.0132584
,,,1.96798e-007,0.0132584
,,,1.97198e-007,0.0128164
,,,1.97598e-007,0.0123745
,,,1.97998e-007,0.0128164
,,,1.98398e-007,0.0132584
,,,1.98798e-007,0.0128164
,,,1.99198e-007,0.0123745
,,,1.99598e-007,0.0119325
,,,1.99998e-007,0.0132584
,,,2.00398e-007,0.0125955
,,,2.00798e-007,0.0128164
,,,2.01198e-007,0.0123745
,,,2.01598e-007,0.0125955
,,,2.01998e-007,0.0125955
,,,2.02398e-007,0.0123745
,,,2.02798e-007,0.0132584
,,,2.03198e-007,0.0125955
,,,2.03598e-007,0.0117116
,,,2.03998e-007,0.0125955
,,,2.04398e-007,0.0108277
,,,2.04798e-007,0.0110486
,,,2.05198e-007,0.0114906
,,,2.05598e-007,0.0106067
,,,2.05998e-007,0.0110486
,,,2.06398e-007,0.0110486
,,,2.06798e-007,0.0110486
,,,2.07198e-007,0.0110486
,,,2.07598e-007,0.00972281
,,,2.07998e-007,0.00950184
,,,2.08398e-007,0.00883892
,,,2.08798e-007,0.00972281
,,,2.09198e-007,0.00839697
,,,2.09598e-007,0.00795503
,,,2.09998e-007,0.00795503
,,,2.10398e-007,0.00795503
,,,2.10798e-007,0.00773405
,,,2.11198e-007,0.00729211
,,,2.11598e-007,0.00707114
,,,2.11998e-007,0.00707114
,,,2.12398e-007,0.00596627
,,,2.12798e-007,0.00552432
,,,2.13198e-007,0.00464043
,,,2.13598e-007,0.00486141
,,,2.13998e-007,0.00508238
,,,2.14398e-007,0.00552432
,,,2.14798e-007,0.00464043
,,,2.15198e-007,0.00375654
,,,2.15598e-007,0.00331459
,,,2.15998e-007,0.00375654
,,,2.16398e-007,0.00287265
,,,2.16798e-007,0.00309362
,,,2.17198e-007,0.0024307
,,,2.17598e-007,0.00198876
,,,2.17998e-007,0.0024307
,,,2.18398e-007,0.00265168
,,,2.18798e-007,0.0024307
,,,2.19198e-007,0.00198876
,,,2.19598e-007,0.00154681
,,,2.19998e-007,0.00198876
,,,2.20398e-007,0.00176778
,,,2.20798e-007,0.00176778
,,,2.21198e-007,0.00132584
,,,2.21598e-007,0.00154681
,,,2.21998e-007,0.0024307
,,,2.22398e-007,0.00132584
,,,2.22798e-007,0.000220973
,,,2.23198e-007,0.00110486
,,,2.23598e-007,0.000883892
,,,2.23998e-007,0.00154681
,,,2.24398e-007,0.000883892
,,,2.24798e-007,0.00132584
,,,2.25198e-007,0.00110486
,,,2.25598e-007,0.00110486
,,,2.25998e-007,0.000441946
,,,2.26398e-007,0.000662919
,,,2.26798e-007,0.00154681
,,,2.27198e-007,0.000883892
,,,2.27598e-007,0.000883892
,,,2.27998e-007,0.000883892
,,,2.28398e-007,0.000883892
,,,2.28798e-007,0.000883892
,,,2.29198e-007,0.00110486
,,,2.29598e-007,-0.000220973
,,,2.29998e-007,0.000220973
,,,2.30398e-007,0
,,,2.30798e-007,0.000883892
,,,2.31198e-007,0.000441946
,,,2.31598e-007,0
,,,2.31998e-007,0
,,,2.32398e-007,0.000883892
,,,2.32798e-007,0.00132584
,,,2.33198e-007,0.000220973
,,,2.33598e-007,0.000441946
,,,2.33998e-007,0.000220973
,,,2.34398e-007,0.000220973
,,,2.34798e-007,-0.000662919
,,,2.35198e-007,-0.000220973
,,,2.35598e-007,0
,,,2.35998e-007,0
,,,2.36398e-007,-0.000662919
,,,2.36798e-007,-0.000220973
,,,2.37198e-007,-0.000220973
,,,2.37598e-007,-0.000662919
,,,2.37998e-007,-0.000220973
,,,2.38398e-007,-0.000441946
,,,2.38798e-007,-0.000662919
,,,2.39198e-007,-0.000441946
,,,2.39598e-007,-0.000220973
,,,2.39998e-007,0
,,,2.40398e-007,-0.00110486
,,,2.40798e-007,-0.000883892
,,,2.41198e-007,-0.000883892
,,,2.41598e-007,0
,,,2.41998e-007,-0.000662919
,,,2.42398e-007,-0.000220973
,,,2.42798e-007,0
,,,2.43198e-007,-0.000662919
,,,2.43598e-007,0
,,,2.43998e-007,0
,,,2.44398e-007,-0.000441946
,,,2.44798e-007,0.000441946
,,,2.45198e-007,-0.000441946
,,,2.45598e-007,-0.000220973
,,,2.45998e-007,0
,,,2.46398e-007,-0.000220973
,,,2.46798e-007,0
,,,2.47198e-007,-0.000220973
,,,2.47598e-007,-0.000441946
,,,2.47998e-007,0
,,,2.48398e-007,-0.000441946
,,,2.48798e-007,-0.000220973
,,,2.49198e-007,-0.000220973
,,,2.49598e-007,0.000441946
,,,2.49998e-007,-0.000441946
,,,2.50398e-007,0.000441946
