"Record Length",1252,"Points",-2.50349e-007,0.000220973
"Sample Interval",4e-010,s,-2.49949e-007,0.000883892
"Trigger Point",625,"Samples",-2.49549e-007,0
"Trigger Time",0.871595,s,-2.49149e-007,0.000441946
,,,-2.48749e-007,0
"Horizontal Offset",-2.50349e-007,s,-2.48349e-007,0.000220973
,,,-2.47949e-007,0.000220973
,,,-2.47549e-007,-0.000220973
,,,-2.47149e-007,0
,,,-2.46749e-007,-0.000220973
,,,-2.46349e-007,-0.000662919
,,,-2.45949e-007,0.000441946
,,,-2.45549e-007,0
,,,-2.45149e-007,0
,,,-2.44749e-007,0.000441946
,,,-2.44349e-007,0
,,,-2.43949e-007,-0.000441946
,,,-2.43549e-007,0.000662919
,,,-2.43149e-007,0.000220973
,,,-2.42749e-007,0.000441946
,,,-2.42349e-007,0.000441946
,,,-2.41949e-007,0.000220973
,,,-2.41549e-007,0.000441946
,,,-2.41149e-007,-0.000220973
,,,-2.40749e-007,-0.000883892
,,,-2.40349e-007,-0.000441946
,,,-2.39949e-007,-0.000220973
,,,-2.39549e-007,-0.000441946
,,,-2.39149e-007,-0.000662919
,,,-2.38749e-007,0.000441946
,,,-2.38349e-007,-0.000441946
,,,-2.37949e-007,-0.000441946
,,,-2.37549e-007,0
,,,-2.37149e-007,0.000220973
,,,-2.36749e-007,0.000662919
,,,-2.36349e-007,-0.000441946
,,,-2.35949e-007,-0.000662919
,,,-2.35549e-007,0.000220973
,,,-2.35149e-007,0.000441946
,,,-2.34749e-007,0
,,,-2.34349e-007,-0.000441946
,,,-2.33949e-007,0
,,,-2.33549e-007,0.000441946
,,,-2.33149e-007,0.000441946
,,,-2.32749e-007,0.000662919
,,,-2.32349e-007,-0.000220973
,,,-2.31949e-007,0
,,,-2.31549e-007,0.000220973
,,,-2.31149e-007,-0.000441946
,,,-2.30749e-007,-0.000220973
,,,-2.30349e-007,0
,,,-2.29949e-007,0
,,,-2.29549e-007,-0.000441946
,,,-2.29149e-007,0.000220973
,,,-2.28749e-007,0
,,,-2.28349e-007,-0.000441946
,,,-2.27949e-007,-0.000220973
,,,-2.27549e-007,0.000441946
,,,-2.27149e-007,0.000441946
,,,-2.26749e-007,-0.000220973
,,,-2.26349e-007,0.000220973
,,,-2.25949e-007,0.000441946
,,,-2.25549e-007,0.000441946
,,,-2.25149e-007,0
,,,-2.24749e-007,0
,,,-2.24349e-007,0
,,,-2.23949e-007,0
,,,-2.23549e-007,0.000220973
,,,-2.23149e-007,0.000883892
,,,-2.22749e-007,0.000441946
,,,-2.22349e-007,-0.000220973
,,,-2.21949e-007,0.000662919
,,,-2.21549e-007,0
,,,-2.21149e-007,0
,,,-2.20749e-007,0.000220973
,,,-2.20349e-007,0.000662919
,,,-2.19949e-007,-0.000441946
,,,-2.19549e-007,0.000662919
,,,-2.19149e-007,0.000441946
,,,-2.18749e-007,0.000220973
,,,-2.18349e-007,-0.000220973
,,,-2.17949e-007,0.00132584
,,,-2.17549e-007,0.000220973
,,,-2.17149e-007,-0.000662919
,,,-2.16749e-007,-0.000220973
,,,-2.16349e-007,-0.000441946
,,,-2.15949e-007,-0.000220973
,,,-2.15549e-007,0
,,,-2.15149e-007,-0.000662919
,,,-2.14749e-007,-0.000441946
,,,-2.14349e-007,-0.000220973
,,,-2.13949e-007,-0.000441946
,,,-2.13549e-007,-0.000220973
,,,-2.13149e-007,0.000441946
,,,-2.12749e-007,0
,,,-2.12349e-007,0.000441946
,,,-2.11949e-007,0.000220973
,,,-2.11549e-007,0.000441946
,,,-2.11149e-007,0.000441946
,,,-2.10749e-007,0.000220973
,,,-2.10349e-007,-0.000220973
,,,-2.09949e-007,0.000441946
,,,-2.09549e-007,0.000441946
,,,-2.09149e-007,0.000220973
,,,-2.08749e-007,-0.000220973
,,,-2.08349e-007,-0.000220973
,,,-2.07949e-007,0
,,,-2.07549e-007,0
,,,-2.07149e-007,0
,,,-2.06749e-007,0
,,,-2.06349e-007,0
,,,-2.05949e-007,0
,,,-2.05549e-007,0.000441946
,,,-2.05149e-007,0.000441946
,,,-2.04749e-007,0.000220973
,,,-2.04349e-007,0
,,,-2.03949e-007,0.000662919
,,,-2.03549e-007,0.000220973
,,,-2.03149e-007,0.000220973
,,,-2.02749e-007,0.000220973
,,,-2.02349e-007,0.000883892
,,,-2.01949e-007,0.000441946
,,,-2.01549e-007,0.000883892
,,,-2.01149e-007,0
,,,-2.00749e-007,0.000883892
,,,-2.00349e-007,0.000220973
,,,-1.99949e-007,0.000220973
,,,-1.99549e-007,-0.000441946
,,,-1.99149e-007,0.000441946
,,,-1.98749e-007,0
,,,-1.98349e-007,-0.000220973
,,,-1.97949e-007,-0.000220973
,,,-1.97549e-007,-0.000441946
,,,-1.97149e-007,0.000220973
,,,-1.96749e-007,0.000662919
,,,-1.96349e-007,0.000220973
,,,-1.95949e-007,0.000220973
,,,-1.95549e-007,0
,,,-1.95149e-007,0.000220973
,,,-1.94749e-007,0.000662919
,,,-1.94349e-007,0.000220973
,,,-1.93949e-007,0
,,,-1.93549e-007,0
,,,-1.93149e-007,0.000441946
,,,-1.92749e-007,-0.000441946
,,,-1.92349e-007,0.000220973
,,,-1.91949e-007,0
,,,-1.91549e-007,-0.000220973
,,,-1.91149e-007,-0.000662919
,,,-1.90749e-007,0.000441946
,,,-1.90349e-007,-0.000441946
,,,-1.89949e-007,0
,,,-1.89549e-007,-0.000441946
,,,-1.89149e-007,0.000220973
,,,-1.88749e-007,0
,,,-1.88349e-007,0.000220973
,,,-1.87949e-007,0.000220973
,,,-1.87549e-007,0.000441946
,,,-1.87149e-007,0.000441946
,,,-1.86749e-007,0.000441946
,,,-1.86349e-007,0.000220973
,,,-1.85949e-007,0.000220973
,,,-1.85549e-007,0.000441946
,,,-1.85149e-007,0.000220973
,,,-1.84749e-007,0.000220973
,,,-1.84349e-007,-0.000441946
,,,-1.83949e-007,0.000220973
,,,-1.83549e-007,0
,,,-1.83149e-007,0.000220973
,,,-1.82749e-007,-0.000662919
,,,-1.82349e-007,-0.000220973
,,,-1.81949e-007,0
,,,-1.81549e-007,-0.000662919
,,,-1.81149e-007,0.000441946
,,,-1.80749e-007,-0.000220973
,,,-1.80349e-007,-0.000220973
,,,-1.79949e-007,0.000220973
,,,-1.79549e-007,0.000220973
,,,-1.79149e-007,-0.000220973
,,,-1.78749e-007,0.000220973
,,,-1.78349e-007,0.000441946
,,,-1.77949e-007,0.000441946
,,,-1.77549e-007,-0.000883892
,,,-1.77149e-007,0.000220973
,,,-1.76749e-007,0.000220973
,,,-1.76349e-007,0.000220973
,,,-1.75949e-007,0
,,,-1.75549e-007,0
,,,-1.75149e-007,0.000220973
,,,-1.74749e-007,-0.000220973
,,,-1.74349e-007,-0.000220973
,,,-1.73949e-007,0
,,,-1.73549e-007,-0.000441946
,,,-1.73149e-007,0
,,,-1.72749e-007,0.000662919
,,,-1.72349e-007,0.000441946
,,,-1.71949e-007,0.000220973
,,,-1.71549e-007,0.000662919
,,,-1.71149e-007,0
,,,-1.70749e-007,-0.000220973
,,,-1.70349e-007,0
,,,-1.69949e-007,0
,,,-1.69549e-007,0.000220973
,,,-1.69149e-007,0.000220973
,,,-1.68749e-007,0
,,,-1.68349e-007,-0.000441946
,,,-1.67949e-007,-0.000662919
,,,-1.67549e-007,-0.000441946
,,,-1.67149e-007,-0.000441946
,,,-1.66749e-007,0.000662919
,,,-1.66349e-007,-0.000441946
,,,-1.65949e-007,0
,,,-1.65549e-007,0
,,,-1.65149e-007,0.000220973
,,,-1.64749e-007,-0.000662919
,,,-1.64349e-007,-0.000441946
,,,-1.63949e-007,0
,,,-1.63549e-007,0
,,,-1.63149e-007,0.000441946
,,,-1.62749e-007,-0.00110486
,,,-1.62349e-007,0
,,,-1.61949e-007,0.000220973
,,,-1.61549e-007,-0.000220973
,,,-1.61149e-007,-0.000220973
,,,-1.60749e-007,0.000220973
,,,-1.60349e-007,0.000220973
,,,-1.59949e-007,0
,,,-1.59549e-007,-0.00132584
,,,-1.59149e-007,0.000220973
,,,-1.58749e-007,0.000441946
,,,-1.58349e-007,-0.000883892
,,,-1.57949e-007,0
,,,-1.57549e-007,-0.000441946
,,,-1.57149e-007,0.000441946
,,,-1.56749e-007,0.000220973
,,,-1.56349e-007,0
,,,-1.55949e-007,0.000441946
,,,-1.55549e-007,0
,,,-1.55149e-007,0
,,,-1.54749e-007,0
,,,-1.54349e-007,0.000441946
,,,-1.53949e-007,0.000220973
,,,-1.53549e-007,0.000220973
,,,-1.53149e-007,0.000662919
,,,-1.52749e-007,0.000220973
,,,-1.52349e-007,0.000662919
,,,-1.51949e-007,-0.000220973
,,,-1.51549e-007,-0.000220973
,,,-1.51149e-007,-0.000441946
,,,-1.50749e-007,-0.000441946
,,,-1.50349e-007,-0.000441946
,,,-1.49949e-007,-0.000662919
,,,-1.49549e-007,-0.000220973
,,,-1.49149e-007,0.000662919
,,,-1.48749e-007,0.000220973
,,,-1.48349e-007,0.000220973
,,,-1.47949e-007,-0.000220973
,,,-1.47549e-007,0.000441946
,,,-1.47149e-007,0
,,,-1.46749e-007,-0.000220973
,,,-1.46349e-007,0.000662919
,,,-1.45949e-007,-0.000220973
,,,-1.45549e-007,0.000441946
,,,-1.45149e-007,0.000220973
,,,-1.44749e-007,0.000220973
,,,-1.44349e-007,0
,,,-1.43949e-007,0
,,,-1.43549e-007,-0.000220973
,,,-1.43149e-007,-0.000662919
,,,-1.42749e-007,-0.000662919
,,,-1.42349e-007,-0.000662919
,,,-1.41949e-007,-0.000220973
,,,-1.41549e-007,0.000220973
,,,-1.41149e-007,0.000220973
,,,-1.40749e-007,0.000441946
,,,-1.40349e-007,0.000220973
,,,-1.39949e-007,0.000220973
,,,-1.39549e-007,-0.000220973
,,,-1.39149e-007,0.000220973
,,,-1.38749e-007,-0.000441946
,,,-1.38349e-007,0
,,,-1.37949e-007,0.000441946
,,,-1.37549e-007,0.000441946
,,,-1.37149e-007,0.000662919
,,,-1.36749e-007,0.000220973
,,,-1.36349e-007,-0.000441946
,,,-1.35949e-007,-0.000220973
,,,-1.35549e-007,-0.000441946
,,,-1.35149e-007,0
,,,-1.34749e-007,0
,,,-1.34349e-007,-0.000441946
,,,-1.33949e-007,0.000220973
,,,-1.33549e-007,0
,,,-1.33149e-007,0.000220973
,,,-1.32749e-007,0
,,,-1.32349e-007,0.000441946
,,,-1.31949e-007,0.000220973
,,,-1.31549e-007,-0.000441946
,,,-1.31149e-007,-0.000220973
,,,-1.30749e-007,0.000220973
,,,-1.30349e-007,0.000220973
,,,-1.29949e-007,0.000441946
,,,-1.29549e-007,-0.000441946
,,,-1.29149e-007,-0.000220973
,,,-1.28749e-007,-0.000220973
,,,-1.28349e-007,0
,,,-1.27949e-007,0
,,,-1.27549e-007,0
,,,-1.27149e-007,-0.000662919
,,,-1.26749e-007,0.000220973
,,,-1.26349e-007,0
,,,-1.25949e-007,0.000662919
,,,-1.25549e-007,0.000220973
,,,-1.25149e-007,0
,,,-1.24749e-007,0.000441946
,,,-1.24349e-007,0
,,,-1.23949e-007,0.000441946
,,,-1.23549e-007,0.000220973
,,,-1.23149e-007,0
,,,-1.22749e-007,-0.000220973
,,,-1.22349e-007,0.000441946
,,,-1.21949e-007,-0.000441946
,,,-1.21549e-007,-0.000220973
,,,-1.21149e-007,-0.000220973
,,,-1.20749e-007,0.000220973
,,,-1.20349e-007,0.000220973
,,,-1.19949e-007,0.000220973
,,,-1.19549e-007,0
,,,-1.19149e-007,0
,,,-1.18749e-007,0
,,,-1.18349e-007,-0.000441946
,,,-1.17949e-007,-0.000441946
,,,-1.17549e-007,0
,,,-1.17149e-007,0.000883892
,,,-1.16749e-007,0.000662919
,,,-1.16349e-007,0.000441946
,,,-1.15949e-007,0
,,,-1.15549e-007,0.000441946
,,,-1.15149e-007,0.000220973
,,,-1.14749e-007,-0.000220973
,,,-1.14349e-007,0.000220973
,,,-1.13949e-007,0.000441946
,,,-1.13549e-007,0.000662919
,,,-1.13149e-007,0.000220973
,,,-1.12749e-007,0.000441946
,,,-1.12349e-007,-0.000220973
,,,-1.11949e-007,-0.000220973
,,,-1.11549e-007,-0.000883892
,,,-1.11149e-007,-0.000441946
,,,-1.10749e-007,-0.000441946
,,,-1.10349e-007,-0.000220973
,,,-1.09949e-007,0
,,,-1.09549e-007,0
,,,-1.09149e-007,0.000441946
,,,-1.08749e-007,0.000220973
,,,-1.08349e-007,-0.000662919
,,,-1.07949e-007,0
,,,-1.07549e-007,-0.000220973
,,,-1.07149e-007,0
,,,-1.06749e-007,-0.000220973
,,,-1.06349e-007,0.000441946
,,,-1.05949e-007,0
,,,-1.05549e-007,0.000662919
,,,-1.05149e-007,-0.000220973
,,,-1.04749e-007,0.000220973
,,,-1.04349e-007,0.000441946
,,,-1.03949e-007,0
,,,-1.03549e-007,-0.000220973
,,,-1.03149e-007,0
,,,-1.02749e-007,-0.000441946
,,,-1.02349e-007,-0.000883892
,,,-1.01949e-007,-0.000662919
,,,-1.01549e-007,-0.000441946
,,,-1.01149e-007,0.000220973
,,,-1.00749e-007,0.000220973
,,,-1.00349e-007,0.000220973
,,,-9.99486e-008,-0.000883892
,,,-9.95486e-008,0.000220973
,,,-9.91486e-008,-0.000220973
,,,-9.87486e-008,-0.000220973
,,,-9.83486e-008,0
,,,-9.79486e-008,-0.000220973
,,,-9.75486e-008,0
,,,-9.71486e-008,-0.000220973
,,,-9.67486e-008,0
,,,-9.63486e-008,0.000220973
,,,-9.59486e-008,0.000220973
,,,-9.55486e-008,-0.000220973
,,,-9.51486e-008,-0.000220973
,,,-9.47486e-008,-0.000662919
,,,-9.43486e-008,0
,,,-9.39486e-008,-0.000441946
,,,-9.35486e-008,-0.000220973
,,,-9.31486e-008,0.000220973
,,,-9.27486e-008,0
,,,-9.23486e-008,0.000220973
,,,-9.19486e-008,0.000220973
,,,-9.15486e-008,0.000662919
,,,-9.11486e-008,0.000220973
,,,-9.07486e-008,0
,,,-9.03486e-008,0
,,,-8.99486e-008,-0.000441946
,,,-8.95486e-008,0.000220973
,,,-8.91486e-008,0.000441946
,,,-8.87486e-008,-0.000220973
,,,-8.83486e-008,0
,,,-8.79486e-008,-0.000220973
,,,-8.75486e-008,-0.000441946
,,,-8.71486e-008,0
,,,-8.67486e-008,0
,,,-8.63486e-008,0.000441946
,,,-8.59486e-008,0.000220973
,,,-8.55486e-008,-0.000220973
,,,-8.51486e-008,0.000883892
,,,-8.47486e-008,0.000220973
,,,-8.43486e-008,-0.000441946
,,,-8.39486e-008,-0.00132584
,,,-8.35486e-008,0.000220973
,,,-8.31486e-008,0
,,,-8.27486e-008,-0.000220973
,,,-8.23486e-008,0.000220973
,,,-8.19486e-008,0
,,,-8.15486e-008,0.000662919
,,,-8.11486e-008,-0.000220973
,,,-8.07486e-008,-0.000441946
,,,-8.03486e-008,0.000220973
,,,-7.99486e-008,0
,,,-7.95486e-008,-0.000220973
,,,-7.91486e-008,0
,,,-7.87486e-008,0
,,,-7.83486e-008,0
,,,-7.79486e-008,-0.000441946
,,,-7.75486e-008,-0.000220973
,,,-7.71486e-008,-0.000220973
,,,-7.67486e-008,-0.000441946
,,,-7.63486e-008,-0.000441946
,,,-7.59486e-008,-0.000220973
,,,-7.55486e-008,0.000883892
,,,-7.51486e-008,0
,,,-7.47486e-008,0.000220973
,,,-7.43486e-008,0.000883892
,,,-7.39486e-008,0
,,,-7.35486e-008,-0.000220973
,,,-7.31486e-008,-0.000220973
,,,-7.27486e-008,-0.000441946
,,,-7.23486e-008,-0.000441946
,,,-7.19486e-008,0.000441946
,,,-7.15486e-008,0
,,,-7.11486e-008,0.000220973
,,,-7.07486e-008,-0.000441946
,,,-7.03486e-008,0
,,,-6.99486e-008,-0.000441946
,,,-6.95486e-008,0.000441946
,,,-6.91486e-008,0
,,,-6.87486e-008,-0.000441946
,,,-6.83486e-008,0.000441946
,,,-6.79486e-008,0.000220973
,,,-6.75486e-008,0.000220973
,,,-6.71486e-008,0
,,,-6.67486e-008,-0.000441946
,,,-6.63486e-008,-0.000220973
,,,-6.59486e-008,0
,,,-6.55486e-008,-0.000220973
,,,-6.51486e-008,0
,,,-6.47486e-008,-0.000662919
,,,-6.43486e-008,0
,,,-6.39486e-008,0
,,,-6.35486e-008,-0.000220973
,,,-6.31486e-008,-0.000662919
,,,-6.27486e-008,0.000220973
,,,-6.23486e-008,0.000220973
,,,-6.19486e-008,-0.000220973
,,,-6.15486e-008,0.000220973
,,,-6.11486e-008,-0.000441946
,,,-6.07486e-008,-0.000220973
,,,-6.03486e-008,-0.000441946
,,,-5.99486e-008,0
,,,-5.95486e-008,0.000220973
,,,-5.91486e-008,0.000441946
,,,-5.87486e-008,0.000220973
,,,-5.83486e-008,-0.000220973
,,,-5.79486e-008,0.000220973
,,,-5.75486e-008,0.000662919
,,,-5.71486e-008,0.000662919
,,,-5.67486e-008,-0.000220973
,,,-5.63486e-008,0.000662919
,,,-5.59486e-008,0
,,,-5.55486e-008,-0.000662919
,,,-5.51486e-008,-0.000441946
,,,-5.47486e-008,-0.000441946
,,,-5.43486e-008,-0.000220973
,,,-5.39486e-008,-0.000441946
,,,-5.35486e-008,-0.000441946
,,,-5.31486e-008,0.000441946
,,,-5.27486e-008,0.000441946
,,,-5.23486e-008,0.000220973
,,,-5.19486e-008,-0.000441946
,,,-5.15486e-008,0.000441946
,,,-5.11486e-008,0.000220973
,,,-5.07486e-008,-0.000662919
,,,-5.03486e-008,0
,,,-4.99486e-008,-0.000220973
,,,-4.95486e-008,0.000441946
,,,-4.91486e-008,-0.000441946
,,,-4.87486e-008,-0.000441946
,,,-4.83486e-008,0.000441946
,,,-4.79486e-008,0.000441946
,,,-4.75486e-008,-0.000220973
,,,-4.71486e-008,-0.000662919
,,,-4.67486e-008,-0.000220973
,,,-4.63486e-008,0.000220973
,,,-4.59486e-008,0.000441946
,,,-4.55486e-008,0
,,,-4.51486e-008,0.000441946
,,,-4.47486e-008,0.000662919
,,,-4.43486e-008,0.000220973
,,,-4.39486e-008,0
,,,-4.35486e-008,0
,,,-4.31486e-008,0.000220973
,,,-4.27486e-008,0.000220973
,,,-4.23486e-008,0.000441946
,,,-4.19486e-008,-0.000441946
,,,-4.15486e-008,0.000220973
,,,-4.11486e-008,0
,,,-4.07486e-008,-0.000220973
,,,-4.03486e-008,-0.000441946
,,,-3.99486e-008,-0.000220973
,,,-3.95486e-008,0.000220973
,,,-3.91486e-008,-0.000662919
,,,-3.87486e-008,-0.000441946
,,,-3.83486e-008,0.000220973
,,,-3.79486e-008,-0.000220973
,,,-3.75486e-008,0
,,,-3.71486e-008,0.000441946
,,,-3.67486e-008,0.000441946
,,,-3.63486e-008,0.000220973
,,,-3.59486e-008,0.000220973
,,,-3.55486e-008,0.000441946
,,,-3.51486e-008,0.000220973
,,,-3.47486e-008,0.000441946
,,,-3.43486e-008,0.000662919
,,,-3.39486e-008,0.000662919
,,,-3.35486e-008,0.000220973
,,,-3.31486e-008,0
,,,-3.27486e-008,-0.000220973
,,,-3.23486e-008,0.000220973
,,,-3.19486e-008,0.000220973
,,,-3.15486e-008,-0.000441946
,,,-3.11486e-008,0
,,,-3.07486e-008,0
,,,-3.03486e-008,-0.000662919
,,,-2.99486e-008,0.000220973
,,,-2.95486e-008,-0.000662919
,,,-2.91486e-008,0
,,,-2.87486e-008,0
,,,-2.83486e-008,0.000220973
,,,-2.79486e-008,-0.000220973
,,,-2.75486e-008,0.000662919
,,,-2.71486e-008,0
,,,-2.67486e-008,-0.000662919
,,,-2.63486e-008,0.000441946
,,,-2.59486e-008,0
,,,-2.55486e-008,0.000441946
,,,-2.51486e-008,0.00132584
,,,-2.47486e-008,-0.000220973
,,,-2.43486e-008,-0.000441946
,,,-2.39486e-008,0.000662919
,,,-2.35486e-008,-0.000441946
,,,-2.31486e-008,-0.000441946
,,,-2.27486e-008,-0.000220973
,,,-2.23486e-008,-0.000220973
,,,-2.19486e-008,0
,,,-2.15486e-008,0.000441946
,,,-2.11486e-008,0.000220973
,,,-2.07486e-008,-0.000662919
,,,-2.03486e-008,0.000662919
,,,-1.99486e-008,0.000220973
,,,-1.95486e-008,-0.000441946
,,,-1.91486e-008,-0.000662919
,,,-1.87486e-008,0
,,,-1.83486e-008,0.000441946
,,,-1.79486e-008,0.000662919
,,,-1.75486e-008,0
,,,-1.71486e-008,-0.000220973
,,,-1.67486e-008,-0.000662919
,,,-1.63486e-008,-0.000220973
,,,-1.59486e-008,0.000220973
,,,-1.55486e-008,-0.000441946
,,,-1.51486e-008,-0.000441946
,,,-1.47486e-008,0.000220973
,,,-1.43486e-008,0
,,,-1.39486e-008,-0.000441946
,,,-1.35486e-008,-0.000883892
,,,-1.31486e-008,0
,,,-1.27486e-008,0
,,,-1.23486e-008,0.000441946
,,,-1.19486e-008,-0.000441946
,,,-1.15486e-008,-0.000441946
,,,-1.11486e-008,0.000441946
,,,-1.07486e-008,-0.000662919
,,,-1.03486e-008,-0.000220973
,,,-9.94864e-009,0.000220973
,,,-9.54864e-009,0.00110486
,,,-9.14864e-009,-0.000220973
,,,-8.74864e-009,-0.000220973
,,,-8.34864e-009,0.000220973
,,,-7.94864e-009,-0.000220973
,,,-7.54864e-009,-0.000441946
,,,-7.14864e-009,-0.000220973
,,,-6.74864e-009,-0.000220973
,,,-6.34864e-009,-0.000441946
,,,-5.94864e-009,-0.000883892
,,,-5.54864e-009,0
,,,-5.14864e-009,0
,,,-4.74864e-009,0.000883892
,,,-4.34864e-009,0.00110486
,,,-3.94864e-009,0
,,,-3.54864e-009,-0.000220973
,,,-3.14864e-009,0.000220973
,,,-2.74864e-009,-0.000441946
,,,-2.34864e-009,0.000220973
,,,-1.94864e-009,0
,,,-1.54864e-009,0
,,,-1.14864e-009,-0.000220973
,,,-7.48638e-010,0
,,,-3.48638e-010,0
,,,5.13618e-011,0.000220973
,,,4.51362e-010,0.000220973
,,,8.51362e-010,-0.000220973
,,,1.25136e-009,-0.000220973
,,,1.65136e-009,-0.000662919
,,,2.05136e-009,0.000441946
,,,2.45136e-009,0.000441946
,,,2.85136e-009,-0.000220973
,,,3.25136e-009,0.000441946
,,,3.65136e-009,0
,,,4.05136e-009,0
,,,4.45136e-009,0.000441946
,,,4.85136e-009,0.000441946
,,,5.25136e-009,-0.000220973
,,,5.65136e-009,0
,,,6.05136e-009,0.000220973
,,,6.45136e-009,-0.000220973
,,,6.85136e-009,0.000220973
,,,7.25136e-009,0
,,,7.65136e-009,-0.000220973
,,,8.05136e-009,0
,,,8.45136e-009,-0.000220973
,,,8.85136e-009,0.000441946
,,,9.25136e-009,-0.000441946
,,,9.65136e-009,-0.000441946
,,,1.00514e-008,0.000220973
,,,1.04514e-008,0
,,,1.08514e-008,0.000441946
,,,1.12514e-008,-0.000441946
,,,1.16514e-008,0
,,,1.20514e-008,0
,,,1.24514e-008,0.000220973
,,,1.28514e-008,0.000662919
,,,1.32514e-008,-0.000883892
,,,1.36514e-008,0
,,,1.40514e-008,0
,,,1.44514e-008,0
,,,1.48514e-008,0
,,,1.52514e-008,-0.00110486
,,,1.56514e-008,-0.000441946
,,,1.60514e-008,-0.000220973
,,,1.64514e-008,-0.000220973
,,,1.68514e-008,-0.000441946
,,,1.72514e-008,0
,,,1.76514e-008,-0.000220973
,,,1.80514e-008,-0.000220973
,,,1.84514e-008,-0.000441946
,,,1.88514e-008,0.000220973
,,,1.92514e-008,-0.000441946
,,,1.96514e-008,0.000220973
,,,2.00514e-008,0
,,,2.04514e-008,0.00110486
,,,2.08514e-008,0
,,,2.12514e-008,-0.000441946
,,,2.16514e-008,0.000220973
,,,2.20514e-008,0.000220973
,,,2.24514e-008,0.000662919
,,,2.28514e-008,-0.000220973
,,,2.32514e-008,-0.000220973
,,,2.36514e-008,0
,,,2.40514e-008,-0.000220973
,,,2.44514e-008,0.000220973
,,,2.48514e-008,-0.000441946
,,,2.52514e-008,0.000220973
,,,2.56514e-008,0
,,,2.60514e-008,-0.000220973
,,,2.64514e-008,0.000220973
,,,2.68514e-008,0.000220973
,,,2.72514e-008,0.000220973
,,,2.76514e-008,0.000662919
,,,2.80514e-008,0.000220973
,,,2.84514e-008,0
,,,2.88514e-008,0.000441946
,,,2.92514e-008,-0.000220973
,,,2.96514e-008,0
,,,3.00514e-008,0.000662919
,,,3.04514e-008,0.000441946
,,,3.08514e-008,0.000441946
,,,3.12514e-008,0.000662919
,,,3.16514e-008,0.000441946
,,,3.20514e-008,-0.000441946
,,,3.24514e-008,-0.000220973
,,,3.28514e-008,-0.000220973
,,,3.32514e-008,0
,,,3.36514e-008,0.000220973
,,,3.40514e-008,0.000220973
,,,3.44514e-008,0.000662919
,,,3.48514e-008,0.000220973
,,,3.52514e-008,0.000441946
,,,3.56514e-008,0.000220973
,,,3.60514e-008,-0.000220973
,,,3.64514e-008,0.000220973
,,,3.68514e-008,0.000883892
,,,3.72514e-008,0
,,,3.76514e-008,-0.000220973
,,,3.80514e-008,0
,,,3.84514e-008,0.000220973
,,,3.88514e-008,0
,,,3.92514e-008,0.000220973
,,,3.96514e-008,0.000662919
,,,4.00514e-008,0
,,,4.04514e-008,-0.000220973
,,,4.08514e-008,-0.000441946
,,,4.12514e-008,-0.000441946
,,,4.16514e-008,-0.000220973
,,,4.20514e-008,0.000220973
,,,4.24514e-008,-0.000441946
,,,4.28514e-008,0.000441946
,,,4.32514e-008,0.000441946
,,,4.36514e-008,0.000220973
,,,4.40514e-008,-0.000662919
,,,4.44514e-008,-0.000441946
,,,4.48514e-008,-0.000441946
,,,4.52514e-008,0
,,,4.56514e-008,0
,,,4.60514e-008,-0.000220973
,,,4.64514e-008,0
,,,4.68514e-008,0.000220973
,,,4.72514e-008,-0.000441946
,,,4.76514e-008,0
,,,4.80514e-008,-0.000220973
,,,4.84514e-008,-0.000441946
,,,4.88514e-008,0
,,,4.92514e-008,0
,,,4.96514e-008,0
,,,5.00514e-008,-0.000883892
,,,5.04514e-008,-0.000220973
,,,5.08514e-008,0.000220973
,,,5.12514e-008,-0.000220973
,,,5.16514e-008,-0.000220973
,,,5.20514e-008,-0.000220973
,,,5.24514e-008,0
,,,5.28514e-008,-0.000220973
,,,5.32514e-008,-0.000220973
,,,5.36514e-008,0.000662919
,,,5.40514e-008,-0.000220973
,,,5.44514e-008,-0.000441946
,,,5.48514e-008,0
,,,5.52514e-008,0.000883892
,,,5.56514e-008,-0.000441946
,,,5.60514e-008,0.000220973
,,,5.64514e-008,-0.000220973
,,,5.68514e-008,-0.000220973
,,,5.72514e-008,-0.000662919
,,,5.76514e-008,0.000220973
,,,5.80514e-008,0.000220973
,,,5.84514e-008,0
,,,5.88514e-008,0.000441946
,,,5.92514e-008,0.000662919
,,,5.96514e-008,0
,,,6.00514e-008,0.000220973
,,,6.04514e-008,0.000441946
,,,6.08514e-008,0
,,,6.12514e-008,-0.000220973
,,,6.16514e-008,0.000883892
,,,6.20514e-008,0.000441946
,,,6.24514e-008,0.000220973
,,,6.28514e-008,0.000220973
,,,6.32514e-008,-0.000441946
,,,6.36514e-008,-0.000220973
,,,6.40514e-008,0.000883892
,,,6.44514e-008,-0.000220973
,,,6.48514e-008,0.000220973
,,,6.52514e-008,0.000220973
,,,6.56514e-008,-0.000441946
,,,6.60514e-008,0.000220973
,,,6.64514e-008,-0.000220973
,,,6.68514e-008,0
,,,6.72514e-008,0.000662919
,,,6.76514e-008,0.000441946
,,,6.80514e-008,-0.000662919
,,,6.84514e-008,0.000220973
,,,6.88514e-008,-0.000220973
,,,6.92514e-008,-0.000220973
,,,6.96514e-008,0.000220973
,,,7.00514e-008,0.000220973
,,,7.04514e-008,0.000220973
,,,7.08514e-008,-0.000220973
,,,7.12514e-008,0.000662919
,,,7.16514e-008,0.000220973
,,,7.20514e-008,0.000441946
,,,7.24514e-008,-0.000662919
,,,7.28514e-008,-0.000883892
,,,7.32514e-008,-0.000662919
,,,7.36514e-008,-0.000441946
,,,7.40514e-008,0.000441946
,,,7.44514e-008,0
,,,7.48514e-008,0
,,,7.52514e-008,0.000662919
,,,7.56514e-008,0.000662919
,,,7.60514e-008,0
,,,7.64514e-008,0.000441946
,,,7.68514e-008,0
,,,7.72514e-008,-0.000441946
,,,7.76514e-008,-0.000220973
,,,7.80514e-008,0.000662919
,,,7.84514e-008,-0.000220973
,,,7.88514e-008,0.000220973
,,,7.92514e-008,-0.000220973
,,,7.96514e-008,0
,,,8.00514e-008,0.000662919
,,,8.04514e-008,0.000662919
,,,8.08514e-008,0
,,,8.12514e-008,0.000220973
,,,8.16514e-008,0
,,,8.20514e-008,0.000441946
,,,8.24514e-008,0
,,,8.28514e-008,0
,,,8.32514e-008,0
,,,8.36514e-008,0.000662919
,,,8.40514e-008,0.000220973
,,,8.44514e-008,0.000220973
,,,8.48514e-008,-0.000220973
,,,8.52514e-008,0.000220973
,,,8.56514e-008,-0.000220973
,,,8.60514e-008,0.000220973
,,,8.64514e-008,0.000441946
,,,8.68514e-008,-0.000220973
,,,8.72514e-008,0
,,,8.76514e-008,0.000220973
,,,8.80514e-008,-0.000220973
,,,8.84514e-008,0.000220973
,,,8.88514e-008,0.000883892
,,,8.92514e-008,-0.000220973
,,,8.96514e-008,-0.000220973
,,,9.00514e-008,-0.000441946
,,,9.04514e-008,0
,,,9.08514e-008,0.000662919
,,,9.12514e-008,0.000662919
,,,9.16514e-008,0.000662919
,,,9.20514e-008,0.000441946
,,,9.24514e-008,0.000883892
,,,9.28514e-008,0.000441946
,,,9.32514e-008,0.000441946
,,,9.36514e-008,0.00176778
,,,9.40514e-008,0.00154681
,,,9.44514e-008,0.00176778
,,,9.48514e-008,0.0024307
,,,9.52514e-008,0.00331459
,,,9.56514e-008,0.00419849
,,,9.60514e-008,0.0057453
,,,9.64514e-008,0.00552432
,,,9.68514e-008,0.00729211
,,,9.72514e-008,0.00839697
,,,9.76514e-008,0.00950184
,,,9.80514e-008,0.0114906
,,,9.84514e-008,0.0119325
,,,9.88514e-008,0.0125955
,,,9.92514e-008,0.0148052
,,,9.96514e-008,0.0148052
,,,1.00051e-007,0.0148052
,,,1.00451e-007,0.0152471
,,,1.00851e-007,0.0154681
,,,1.01251e-007,0.016131
,,,1.01651e-007,0.0167939
,,,1.02051e-007,0.0167939
,,,1.02451e-007,0.0167939
,,,1.02851e-007,0.0167939
,,,1.03251e-007,0.016573
,,,1.03651e-007,0.0178988
,,,1.04051e-007,0.0176778
,,,1.04451e-007,0.016352
,,,1.04851e-007,0.016573
,,,1.05251e-007,0.0174569
,,,1.05651e-007,0.0167939
,,,1.06051e-007,0.0174569
,,,1.06451e-007,0.0170149
,,,1.06851e-007,0.0174569
,,,1.07251e-007,0.0172359
,,,1.07651e-007,0.0183408
,,,1.08051e-007,0.0170149
,,,1.08451e-007,0.0176778
,,,1.08851e-007,0.0172359
,,,1.09251e-007,0.0176778
,,,1.09651e-007,0.0174569
,,,1.10051e-007,0.0178988
,,,1.10451e-007,0.0167939
,,,1.10851e-007,0.0174569
,,,1.11251e-007,0.0174569
,,,1.11651e-007,0.0178988
,,,1.12051e-007,0.0176778
,,,1.12451e-007,0.0178988
,,,1.12851e-007,0.0174569
,,,1.13251e-007,0.0170149
,,,1.13651e-007,0.0174569
,,,1.14051e-007,0.0176778
,,,1.14451e-007,0.0176778
,,,1.14851e-007,0.0178988
,,,1.15251e-007,0.0174569
,,,1.15651e-007,0.0174569
,,,1.16051e-007,0.0174569
,,,1.16451e-007,0.0176778
,,,1.16851e-007,0.0178988
,,,1.17251e-007,0.0174569
,,,1.17651e-007,0.0172359
,,,1.18051e-007,0.0172359
,,,1.18451e-007,0.0174569
,,,1.18851e-007,0.0176778
,,,1.19251e-007,0.0174569
,,,1.19651e-007,0.0181198
,,,1.20051e-007,0.0178988
,,,1.20451e-007,0.0178988
,,,1.20851e-007,0.0187827
,,,1.21251e-007,0.0174569
,,,1.21651e-007,0.0178988
,,,1.22051e-007,0.0183408
,,,1.22451e-007,0.0190037
,,,1.22851e-007,0.0187827
,,,1.23251e-007,0.0194456
,,,1.23651e-007,0.0201085
,,,1.24051e-007,0.0203295
,,,1.24451e-007,0.0205505
,,,1.24851e-007,0.0207715
,,,1.25251e-007,0.0205505
,,,1.25651e-007,0.0207715
,,,1.26051e-007,0.0207715
,,,1.26451e-007,0.0203295
,,,1.26851e-007,0.0209924
,,,1.27251e-007,0.0201085
,,,1.27651e-007,0.0203295
,,,1.28051e-007,0.0203295
,,,1.28451e-007,0.0192246
,,,1.28851e-007,0.0194456
,,,1.29251e-007,0.0194456
,,,1.29651e-007,0.0178988
,,,1.30051e-007,0.0178988
,,,1.30451e-007,0.0183408
,,,1.30851e-007,0.0190037
,,,1.31251e-007,0.0185617
,,,1.31651e-007,0.0181198
,,,1.32051e-007,0.0178988
,,,1.32451e-007,0.0176778
,,,1.32851e-007,0.0178988
,,,1.33251e-007,0.0170149
,,,1.33651e-007,0.0172359
,,,1.34051e-007,0.0174569
,,,1.34451e-007,0.016573
,,,1.34851e-007,0.016131
,,,1.35251e-007,0.016573
,,,1.35651e-007,0.016573
,,,1.36051e-007,0.0167939
,,,1.36451e-007,0.016131
,,,1.36851e-007,0.0156891
,,,1.37251e-007,0.016352
,,,1.37651e-007,0.0159101
,,,1.38051e-007,0.016352
,,,1.38451e-007,0.0154681
,,,1.38851e-007,0.0159101
,,,1.39251e-007,0.0159101
,,,1.39651e-007,0.0170149
,,,1.40051e-007,0.0154681
,,,1.40451e-007,0.0154681
,,,1.40851e-007,0.016131
,,,1.41251e-007,0.0156891
,,,1.41651e-007,0.0150262
,,,1.42051e-007,0.0150262
,,,1.42451e-007,0.0150262
,,,1.42851e-007,0.0154681
,,,1.43251e-007,0.0150262
,,,1.43651e-007,0.0154681
,,,1.44051e-007,0.0150262
,,,1.44451e-007,0.0150262
,,,1.44851e-007,0.0145842
,,,1.45251e-007,0.0145842
,,,1.45651e-007,0.0154681
,,,1.46051e-007,0.0152471
,,,1.46451e-007,0.0143632
,,,1.46851e-007,0.0148052
,,,1.47251e-007,0.0148052
,,,1.47651e-007,0.0145842
,,,1.48051e-007,0.0145842
,,,1.48451e-007,0.0154681
,,,1.48851e-007,0.0150262
,,,1.49251e-007,0.0141423
,,,1.49651e-007,0.0145842
,,,1.50051e-007,0.0150262
,,,1.50451e-007,0.0145842
,,,1.50851e-007,0.0148052
,,,1.51251e-007,0.0148052
,,,1.51651e-007,0.0145842
,,,1.52051e-007,0.0145842
,,,1.52451e-007,0.0143632
,,,1.52851e-007,0.0148052
,,,1.53251e-007,0.0134794
,,,1.53651e-007,0.0132584
,,,1.54051e-007,0.0130374
,,,1.54451e-007,0.0130374
,,,1.54851e-007,0.0134794
,,,1.55251e-007,0.0130374
,,,1.55651e-007,0.0132584
,,,1.56051e-007,0.0128164
,,,1.56451e-007,0.0121535
,,,1.56851e-007,0.0112696
,,,1.57251e-007,0.0117116
,,,1.57651e-007,0.0117116
,,,1.58051e-007,0.0114906
,,,1.58451e-007,0.0123745
,,,1.58851e-007,0.0119325
,,,1.59251e-007,0.0114906
,,,1.59651e-007,0.0121535
,,,1.60051e-007,0.0110486
,,,1.60451e-007,0.0123745
,,,1.60851e-007,0.0125955
,,,1.61251e-007,0.0121535
,,,1.61651e-007,0.0114906
,,,1.62051e-007,0.0121535
,,,1.62451e-007,0.0128164
,,,1.62851e-007,0.0125955
,,,1.63251e-007,0.0119325
,,,1.63651e-007,0.0125955
,,,1.64051e-007,0.0128164
,,,1.64451e-007,0.0125955
,,,1.64851e-007,0.0125955
,,,1.65251e-007,0.0128164
,,,1.65651e-007,0.0123745
,,,1.66051e-007,0.0125955
,,,1.66451e-007,0.0121535
,,,1.66851e-007,0.0123745
,,,1.67251e-007,0.0128164
,,,1.67651e-007,0.0123745
,,,1.68051e-007,0.0125955
,,,1.68451e-007,0.0123745
,,,1.68851e-007,0.0119325
,,,1.69251e-007,0.0123745
,,,1.69651e-007,0.0117116
,,,1.70051e-007,0.0125955
,,,1.70451e-007,0.0121535
,,,1.70851e-007,0.0128164
,,,1.71251e-007,0.0117116
,,,1.71651e-007,0.0121535
,,,1.72051e-007,0.0123745
,,,1.72451e-007,0.0123745
,,,1.72851e-007,0.0119325
,,,1.73251e-007,0.0119325
,,,1.73651e-007,0.0121535
,,,1.74051e-007,0.0119325
,,,1.74451e-007,0.0119325
,,,1.74851e-007,0.0125955
,,,1.75251e-007,0.0121535
,,,1.75651e-007,0.0130374
,,,1.76051e-007,0.0119325
,,,1.76451e-007,0.0112696
,,,1.76851e-007,0.0121535
,,,1.77251e-007,0.0123745
,,,1.77651e-007,0.0123745
,,,1.78051e-007,0.0123745
,,,1.78451e-007,0.0125955
,,,1.78851e-007,0.0130374
,,,1.79251e-007,0.0123745
,,,1.79651e-007,0.0117116
,,,1.80051e-007,0.0119325
,,,1.80451e-007,0.0119325
,,,1.80851e-007,0.0123745
,,,1.81251e-007,0.0132584
,,,1.81651e-007,0.0130374
,,,1.82051e-007,0.0121535
,,,1.82451e-007,0.0123745
,,,1.82851e-007,0.0114906
,,,1.83251e-007,0.0112696
,,,1.83651e-007,0.0114906
,,,1.84051e-007,0.0117116
,,,1.84451e-007,0.0121535
,,,1.84851e-007,0.0123745
,,,1.85251e-007,0.0121535
,,,1.85651e-007,0.0117116
,,,1.86051e-007,0.0125955
,,,1.86451e-007,0.0125955
,,,1.86851e-007,0.0134794
,,,1.87251e-007,0.0128164
,,,1.87651e-007,0.0132584
,,,1.88051e-007,0.0134794
,,,1.88451e-007,0.0132584
,,,1.88851e-007,0.0137003
,,,1.89251e-007,0.0137003
,,,1.89651e-007,0.0125955
,,,1.90051e-007,0.0137003
,,,1.90451e-007,0.0139213
,,,1.90851e-007,0.0134794
,,,1.91251e-007,0.0134794
,,,1.91651e-007,0.0132584
,,,1.92051e-007,0.0130374
,,,1.92451e-007,0.0139213
,,,1.92851e-007,0.0134794
,,,1.93251e-007,0.0130374
,,,1.93651e-007,0.0137003
,,,1.94051e-007,0.0132584
,,,1.94451e-007,0.0132584
,,,1.94851e-007,0.0134794
,,,1.95251e-007,0.0141423
,,,1.95651e-007,0.0137003
,,,1.96051e-007,0.0137003
,,,1.96451e-007,0.0139213
,,,1.96851e-007,0.0137003
,,,1.97251e-007,0.0130374
,,,1.97651e-007,0.0132584
,,,1.98051e-007,0.0134794
,,,1.98451e-007,0.0132584
,,,1.98851e-007,0.0132584
,,,1.99251e-007,0.0121535
,,,1.99651e-007,0.0128164
,,,2.00051e-007,0.0123745
,,,2.00451e-007,0.0128164
,,,2.00851e-007,0.0128164
,,,2.01251e-007,0.0119325
,,,2.01651e-007,0.0114906
,,,2.02051e-007,0.0123745
,,,2.02451e-007,0.0123745
,,,2.02851e-007,0.0119325
,,,2.03251e-007,0.0112696
,,,2.03651e-007,0.0119325
,,,2.04051e-007,0.0119325
,,,2.04451e-007,0.0123745
,,,2.04851e-007,0.0112696
,,,2.05251e-007,0.0114906
,,,2.05651e-007,0.0112696
,,,2.06051e-007,0.0114906
,,,2.06451e-007,0.0103857
,,,2.06851e-007,0.0112696
,,,2.07251e-007,0.0101648
,,,2.07651e-007,0.0103857
,,,2.08051e-007,0.00972281
,,,2.08451e-007,0.00883892
,,,2.08851e-007,0.00883892
,,,2.09251e-007,0.00883892
,,,2.09651e-007,0.00795503
,,,2.10051e-007,0.00839697
,,,2.10451e-007,0.008176
,,,2.10851e-007,0.008176
,,,2.11251e-007,0.008176
,,,2.11651e-007,0.00685016
,,,2.12051e-007,0.00618724
,,,2.12451e-007,0.00707114
,,,2.12851e-007,0.00596627
,,,2.13251e-007,0.00596627
,,,2.13651e-007,0.00530335
,,,2.14051e-007,0.00508238
,,,2.14451e-007,0.00530335
,,,2.14851e-007,0.00464043
,,,2.15251e-007,0.00441946
,,,2.15651e-007,0.00441946
,,,2.16051e-007,0.00331459
,,,2.16451e-007,0.00331459
,,,2.16851e-007,0.00331459
,,,2.17251e-007,0.00375654
,,,2.17651e-007,0.00287265
,,,2.18051e-007,0.0024307
,,,2.18451e-007,0.00265168
,,,2.18851e-007,0.00220973
,,,2.19251e-007,0.00220973
,,,2.19651e-007,0.0024307
,,,2.20051e-007,0.00198876
,,,2.20451e-007,0.00176778
,,,2.20851e-007,0.00198876
,,,2.21251e-007,0.00132584
,,,2.21651e-007,0.00176778
,,,2.22051e-007,0.00198876
,,,2.22451e-007,0.00220973
,,,2.22851e-007,0.00198876
,,,2.23251e-007,0.00132584
,,,2.23651e-007,0.00176778
,,,2.24051e-007,0.00176778
,,,2.24451e-007,0.00132584
,,,2.24851e-007,0.00154681
,,,2.25251e-007,0.000883892
,,,2.25651e-007,0.000662919
,,,2.26051e-007,0.00110486
,,,2.26451e-007,0.000441946
,,,2.26851e-007,0
,,,2.27251e-007,0.000883892
,,,2.27651e-007,0.000662919
,,,2.28051e-007,0.000662919
,,,2.28451e-007,0.000883892
,,,2.28851e-007,0.00110486
,,,2.29251e-007,0.00110486
,,,2.29651e-007,0.000662919
,,,2.30051e-007,0.000662919
,,,2.30451e-007,0.000883892
,,,2.30851e-007,0.000220973
,,,2.31251e-007,-0.000220973
,,,2.31651e-007,0.000883892
,,,2.32051e-007,0.000441946
,,,2.32451e-007,-0.000220973
,,,2.32851e-007,0
,,,2.33251e-007,0.000441946
,,,2.33651e-007,0.000220973
,,,2.34051e-007,0.000441946
,,,2.34451e-007,0
,,,2.34851e-007,0.000441946
,,,2.35251e-007,0.000441946
,,,2.35651e-007,0.000441946
,,,2.36051e-007,-0.000883892
,,,2.36451e-007,0
,,,2.36851e-007,0
,,,2.37251e-007,0
,,,2.37651e-007,-0.000220973
,,,2.38051e-007,0
,,,2.38451e-007,-0.000220973
,,,2.38851e-007,-0.000220973
,,,2.39251e-007,-0.00110486
,,,2.39651e-007,-0.000441946
,,,2.40051e-007,-0.000441946
,,,2.40451e-007,-0.000883892
,,,2.40851e-007,-0.000220973
,,,2.41251e-007,-0.000220973
,,,2.41651e-007,-0.000662919
,,,2.42051e-007,-0.000441946
,,,2.42451e-007,0
,,,2.42851e-007,-0.000662919
,,,2.43251e-007,-0.000441946
,,,2.43651e-007,-0.000662919
,,,2.44051e-007,-0.000883892
,,,2.44451e-007,-0.000441946
,,,2.44851e-007,-0.000662919
,,,2.45251e-007,-0.000441946
,,,2.45651e-007,-0.000441946
,,,2.46051e-007,-0.000220973
,,,2.46451e-007,-0.000883892
,,,2.46851e-007,-0.000220973
,,,2.47251e-007,-0.000441946
,,,2.47651e-007,-0.000662919
,,,2.48051e-007,-0.000662919
,,,2.48451e-007,0
,,,2.48851e-007,-0.000220973
,,,2.49251e-007,-0.000662919
,,,2.49651e-007,-0.000662919
,,,2.50051e-007,0
