"Record Length",1252,"Points",-2.50014e-007,0.000220973
"Sample Interval",4e-010,s,-2.49614e-007,0.000883892
"Trigger Point",625,"Samples",-2.49214e-007,0.000883892
"Trigger Time",0.0357314,s,-2.48814e-007,0.000441946
,,,-2.48414e-007,0
"Horizontal Offset",-2.50014e-007,s,-2.48014e-007,0.000883892
,,,-2.47614e-007,0.000220973
,,,-2.47214e-007,-0.000220973
,,,-2.46814e-007,-0.000441946
,,,-2.46414e-007,-0.000441946
,,,-2.46014e-007,0
,,,-2.45614e-007,0.00110486
,,,-2.45214e-007,-0.000220973
,,,-2.44814e-007,0
,,,-2.44414e-007,0.000662919
,,,-2.44014e-007,0
,,,-2.43614e-007,0
,,,-2.43214e-007,0.000441946
,,,-2.42814e-007,0.000220973
,,,-2.42414e-007,0.000441946
,,,-2.42014e-007,0.000220973
,,,-2.41614e-007,-0.000220973
,,,-2.41214e-007,0.000441946
,,,-2.40814e-007,0.000662919
,,,-2.40414e-007,0
,,,-2.40014e-007,0
,,,-2.39614e-007,0.000220973
,,,-2.39214e-007,-0.000441946
,,,-2.38814e-007,-0.000441946
,,,-2.38414e-007,0
,,,-2.38014e-007,-0.000441946
,,,-2.37614e-007,0
,,,-2.37214e-007,0.000220973
,,,-2.36814e-007,0.000441946
,,,-2.36414e-007,0
,,,-2.36014e-007,0.000441946
,,,-2.35614e-007,0.000662919
,,,-2.35214e-007,0.000662919
,,,-2.34814e-007,0
,,,-2.34414e-007,-0.000441946
,,,-2.34014e-007,0
,,,-2.33614e-007,0.000220973
,,,-2.33214e-007,0.000220973
,,,-2.32814e-007,0.000220973
,,,-2.32414e-007,-0.000220973
,,,-2.32014e-007,0
,,,-2.31614e-007,0.000662919
,,,-2.31214e-007,0.000441946
,,,-2.30814e-007,-0.000441946
,,,-2.30414e-007,0.000220973
,,,-2.30014e-007,0
,,,-2.29614e-007,-0.000220973
,,,-2.29214e-007,-0.000441946
,,,-2.28814e-007,-0.000441946
,,,-2.28414e-007,0
,,,-2.28014e-007,0.000441946
,,,-2.27614e-007,0.000441946
,,,-2.27214e-007,0.000220973
,,,-2.26814e-007,-0.000441946
,,,-2.26414e-007,0
,,,-2.26014e-007,0.00110486
,,,-2.25614e-007,0.000441946
,,,-2.25214e-007,0.000662919
,,,-2.24814e-007,-0.000220973
,,,-2.24414e-007,0.000662919
,,,-2.24014e-007,0.000883892
,,,-2.23614e-007,-0.000220973
,,,-2.23214e-007,0
,,,-2.22814e-007,-0.000441946
,,,-2.22414e-007,-0.000220973
,,,-2.22014e-007,-0.000441946
,,,-2.21614e-007,0.000662919
,,,-2.21214e-007,0.000220973
,,,-2.20814e-007,0.000220973
,,,-2.20414e-007,0.000220973
,,,-2.20014e-007,0.000441946
,,,-2.19614e-007,0
,,,-2.19214e-007,0.000441946
,,,-2.18814e-007,0.000220973
,,,-2.18414e-007,0.000883892
,,,-2.18014e-007,0.000220973
,,,-2.17614e-007,-0.000220973
,,,-2.17214e-007,0
,,,-2.16814e-007,-0.000220973
,,,-2.16414e-007,0
,,,-2.16014e-007,0.000220973
,,,-2.15614e-007,0.000441946
,,,-2.15214e-007,-0.000441946
,,,-2.14814e-007,0
,,,-2.14414e-007,0.000662919
,,,-2.14014e-007,-0.000662919
,,,-2.13614e-007,-0.000220973
,,,-2.13214e-007,0.00110486
,,,-2.12814e-007,0.000220973
,,,-2.12414e-007,0.000220973
,,,-2.12014e-007,0.000662919
,,,-2.11614e-007,-0.000662919
,,,-2.11214e-007,0.000441946
,,,-2.10814e-007,0.000662919
,,,-2.10414e-007,0.000441946
,,,-2.10014e-007,0.000220973
,,,-2.09614e-007,0.000441946
,,,-2.09214e-007,0
,,,-2.08814e-007,0.000662919
,,,-2.08414e-007,0.00132584
,,,-2.08014e-007,0.000441946
,,,-2.07614e-007,0.000220973
,,,-2.07214e-007,0
,,,-2.06814e-007,-0.000220973
,,,-2.06414e-007,-0.000662919
,,,-2.06014e-007,-0.000441946
,,,-2.05614e-007,0
,,,-2.05214e-007,0.000220973
,,,-2.04814e-007,0.000220973
,,,-2.04414e-007,0.000441946
,,,-2.04014e-007,0
,,,-2.03614e-007,0.000662919
,,,-2.03214e-007,0.000662919
,,,-2.02814e-007,0
,,,-2.02414e-007,0.000220973
,,,-2.02014e-007,0.000662919
,,,-2.01614e-007,0.000220973
,,,-2.01214e-007,-0.000220973
,,,-2.00814e-007,0
,,,-2.00414e-007,0
,,,-2.00014e-007,0.000220973
,,,-1.99614e-007,-0.000441946
,,,-1.99214e-007,-0.000220973
,,,-1.98814e-007,-0.000220973
,,,-1.98414e-007,0
,,,-1.98014e-007,0.000220973
,,,-1.97614e-007,0.000441946
,,,-1.97214e-007,-0.000220973
,,,-1.96814e-007,0.000220973
,,,-1.96414e-007,-0.000220973
,,,-1.96014e-007,0.000441946
,,,-1.95614e-007,0.000441946
,,,-1.95214e-007,0.000220973
,,,-1.94814e-007,-0.000220973
,,,-1.94414e-007,0.000220973
,,,-1.94014e-007,0.000662919
,,,-1.93614e-007,0.000220973
,,,-1.93214e-007,0
,,,-1.92814e-007,0.000662919
,,,-1.92414e-007,0
,,,-1.92014e-007,-0.000662919
,,,-1.91614e-007,-0.000220973
,,,-1.91214e-007,0
,,,-1.90814e-007,0.000662919
,,,-1.90414e-007,-0.000883892
,,,-1.90014e-007,-0.000441946
,,,-1.89614e-007,0
,,,-1.89214e-007,0.000220973
,,,-1.88814e-007,0.000662919
,,,-1.88414e-007,0
,,,-1.88014e-007,0.000441946
,,,-1.87614e-007,-0.000441946
,,,-1.87214e-007,0
,,,-1.86814e-007,0.000441946
,,,-1.86414e-007,0.000883892
,,,-1.86014e-007,-0.000220973
,,,-1.85614e-007,0
,,,-1.85214e-007,0
,,,-1.84814e-007,0.000220973
,,,-1.84414e-007,0.000883892
,,,-1.84014e-007,0.000220973
,,,-1.83614e-007,0
,,,-1.83214e-007,-0.000441946
,,,-1.82814e-007,0.000220973
,,,-1.82414e-007,-0.000220973
,,,-1.82014e-007,0
,,,-1.81614e-007,0.000220973
,,,-1.81214e-007,0.000220973
,,,-1.80814e-007,0.000220973
,,,-1.80414e-007,0.000220973
,,,-1.80014e-007,0
,,,-1.79614e-007,0.000883892
,,,-1.79214e-007,0.000220973
,,,-1.78814e-007,-0.000220973
,,,-1.78414e-007,0.000441946
,,,-1.78014e-007,0
,,,-1.77614e-007,0
,,,-1.77214e-007,0.000220973
,,,-1.76814e-007,0.000220973
,,,-1.76414e-007,0.000441946
,,,-1.76014e-007,0.000441946
,,,-1.75614e-007,0.000220973
,,,-1.75214e-007,0.000220973
,,,-1.74814e-007,-0.000220973
,,,-1.74414e-007,0
,,,-1.74014e-007,-0.000883892
,,,-1.73614e-007,0.000441946
,,,-1.73214e-007,0.000662919
,,,-1.72814e-007,0.000220973
,,,-1.72414e-007,0
,,,-1.72014e-007,0.000441946
,,,-1.71614e-007,0.000441946
,,,-1.71214e-007,0.000883892
,,,-1.70814e-007,-0.000220973
,,,-1.70414e-007,0.000220973
,,,-1.70014e-007,0
,,,-1.69614e-007,0.000220973
,,,-1.69214e-007,-0.000662919
,,,-1.68814e-007,-0.000220973
,,,-1.68414e-007,0.000220973
,,,-1.68014e-007,-0.000441946
,,,-1.67614e-007,-0.000220973
,,,-1.67214e-007,-0.000220973
,,,-1.66814e-007,-0.000441946
,,,-1.66414e-007,-0.000441946
,,,-1.66014e-007,-0.000441946
,,,-1.65614e-007,0
,,,-1.65214e-007,-0.000220973
,,,-1.64814e-007,0.000220973
,,,-1.64414e-007,0.000220973
,,,-1.64014e-007,0.000220973
,,,-1.63614e-007,0.000220973
,,,-1.63214e-007,0
,,,-1.62814e-007,0.000441946
,,,-1.62414e-007,-0.000441946
,,,-1.62014e-007,0.000441946
,,,-1.61614e-007,0.000662919
,,,-1.61214e-007,0.000441946
,,,-1.60814e-007,0
,,,-1.60414e-007,0
,,,-1.60014e-007,0.000441946
,,,-1.59614e-007,-0.000220973
,,,-1.59214e-007,0.000662919
,,,-1.58814e-007,0
,,,-1.58414e-007,0
,,,-1.58014e-007,0.000220973
,,,-1.57614e-007,0.000441946
,,,-1.57214e-007,0.000662919
,,,-1.56814e-007,0.00110486
,,,-1.56414e-007,0
,,,-1.56014e-007,0
,,,-1.55614e-007,-0.000220973
,,,-1.55214e-007,0.000441946
,,,-1.54814e-007,-0.000220973
,,,-1.54414e-007,0.000662919
,,,-1.54014e-007,0.000220973
,,,-1.53614e-007,0.000220973
,,,-1.53214e-007,0
,,,-1.52814e-007,0.000220973
,,,-1.52414e-007,0
,,,-1.52014e-007,0.000883892
,,,-1.51614e-007,0.000220973
,,,-1.51214e-007,-0.000441946
,,,-1.50814e-007,-0.000220973
,,,-1.50414e-007,0.000220973
,,,-1.50014e-007,0.000441946
,,,-1.49614e-007,-0.000220973
,,,-1.49214e-007,0.000220973
,,,-1.48814e-007,0.000441946
,,,-1.48414e-007,0.000220973
,,,-1.48014e-007,0.000220973
,,,-1.47614e-007,0.000220973
,,,-1.47214e-007,0.000441946
,,,-1.46814e-007,-0.000220973
,,,-1.46414e-007,0
,,,-1.46014e-007,0
,,,-1.45614e-007,0.000220973
,,,-1.45214e-007,0.000441946
,,,-1.44814e-007,0.000662919
,,,-1.44414e-007,0.000220973
,,,-1.44014e-007,0.000220973
,,,-1.43614e-007,0.000220973
,,,-1.43214e-007,0
,,,-1.42814e-007,-0.000220973
,,,-1.42414e-007,0.000441946
,,,-1.42014e-007,0.000220973
,,,-1.41614e-007,0.000441946
,,,-1.41214e-007,0
,,,-1.40814e-007,0.000662919
,,,-1.40414e-007,0.000220973
,,,-1.40014e-007,0.000662919
,,,-1.39614e-007,0.000220973
,,,-1.39214e-007,0.000220973
,,,-1.38814e-007,0.000662919
,,,-1.38414e-007,0.000220973
,,,-1.38014e-007,-0.000441946
,,,-1.37614e-007,0.000220973
,,,-1.37214e-007,-0.000220973
,,,-1.36814e-007,0.000220973
,,,-1.36414e-007,-0.000220973
,,,-1.36014e-007,0.000220973
,,,-1.35614e-007,-0.000220973
,,,-1.35214e-007,0
,,,-1.34814e-007,0.000220973
,,,-1.34414e-007,0.000441946
,,,-1.34014e-007,0.000220973
,,,-1.33614e-007,0.000220973
,,,-1.33214e-007,0
,,,-1.32814e-007,0.000662919
,,,-1.32414e-007,-0.000220973
,,,-1.32014e-007,0
,,,-1.31614e-007,-0.000220973
,,,-1.31214e-007,0.000662919
,,,-1.30814e-007,0.000220973
,,,-1.30414e-007,-0.000220973
,,,-1.30014e-007,0.000662919
,,,-1.29614e-007,0.000441946
,,,-1.29214e-007,0.000883892
,,,-1.28814e-007,0.000441946
,,,-1.28414e-007,0.000220973
,,,-1.28014e-007,0.000220973
,,,-1.27614e-007,0.000220973
,,,-1.27214e-007,0
,,,-1.26814e-007,0.000883892
,,,-1.26414e-007,-0.000220973
,,,-1.26014e-007,0.000441946
,,,-1.25614e-007,0.000441946
,,,-1.25214e-007,-0.000662919
,,,-1.24814e-007,0.000662919
,,,-1.24414e-007,0.00154681
,,,-1.24014e-007,0.000441946
,,,-1.23614e-007,-0.000220973
,,,-1.23214e-007,0.000220973
,,,-1.22814e-007,0.000220973
,,,-1.22414e-007,0.000220973
,,,-1.22014e-007,0.000662919
,,,-1.21614e-007,0
,,,-1.21214e-007,0.000220973
,,,-1.20814e-007,0.000441946
,,,-1.20414e-007,0
,,,-1.20014e-007,0.000441946
,,,-1.19614e-007,0.000220973
,,,-1.19214e-007,0.000220973
,,,-1.18814e-007,0
,,,-1.18414e-007,0
,,,-1.18014e-007,0
,,,-1.17614e-007,0
,,,-1.17214e-007,0.000220973
,,,-1.16814e-007,0.000883892
,,,-1.16414e-007,0.000662919
,,,-1.16014e-007,0.000220973
,,,-1.15614e-007,0
,,,-1.15214e-007,0
,,,-1.14814e-007,0.000441946
,,,-1.14414e-007,0.000441946
,,,-1.14014e-007,0
,,,-1.13614e-007,0.000220973
,,,-1.13214e-007,0.000220973
,,,-1.12814e-007,0.000220973
,,,-1.12414e-007,0
,,,-1.12014e-007,0.000220973
,,,-1.11614e-007,0.00110486
,,,-1.11214e-007,0.000441946
,,,-1.10814e-007,0
,,,-1.10414e-007,-0.000220973
,,,-1.10014e-007,0.000220973
,,,-1.09614e-007,0.000441946
,,,-1.09214e-007,0.000220973
,,,-1.08814e-007,-0.000220973
,,,-1.08414e-007,0.000441946
,,,-1.08014e-007,0
,,,-1.07614e-007,0.000220973
,,,-1.07214e-007,0.000662919
,,,-1.06814e-007,0.000662919
,,,-1.06414e-007,0.000662919
,,,-1.06014e-007,0.000441946
,,,-1.05614e-007,0.000662919
,,,-1.05214e-007,0
,,,-1.04814e-007,0
,,,-1.04414e-007,0
,,,-1.04014e-007,-0.000220973
,,,-1.03614e-007,0.000441946
,,,-1.03214e-007,-0.000220973
,,,-1.02814e-007,0
,,,-1.02414e-007,0.000220973
,,,-1.02014e-007,-0.000441946
,,,-1.01614e-007,-0.000220973
,,,-1.01214e-007,0.000220973
,,,-1.00814e-007,0.000220973
,,,-1.00414e-007,0.000220973
,,,-1.00014e-007,0.000220973
,,,-9.96143e-008,0.000662919
,,,-9.92143e-008,0.00110486
,,,-9.88143e-008,0.000220973
,,,-9.84143e-008,0
,,,-9.80143e-008,0.000662919
,,,-9.76143e-008,0.000441946
,,,-9.72143e-008,0
,,,-9.68143e-008,0.000220973
,,,-9.64143e-008,0
,,,-9.60143e-008,0.000441946
,,,-9.56143e-008,0.000662919
,,,-9.52143e-008,-0.000441946
,,,-9.48143e-008,0.000441946
,,,-9.44143e-008,-0.000220973
,,,-9.40143e-008,-0.000441946
,,,-9.36143e-008,0.000441946
,,,-9.32143e-008,0.000220973
,,,-9.28143e-008,0
,,,-9.24143e-008,0
,,,-9.20143e-008,0.000220973
,,,-9.16143e-008,0
,,,-9.12143e-008,0.000220973
,,,-9.08143e-008,-0.000441946
,,,-9.04143e-008,-0.000220973
,,,-9.00143e-008,-0.000441946
,,,-8.96143e-008,0.000220973
,,,-8.92143e-008,0.000441946
,,,-8.88143e-008,0.000220973
,,,-8.84143e-008,0
,,,-8.80143e-008,0.000220973
,,,-8.76143e-008,0.000441946
,,,-8.72143e-008,0
,,,-8.68143e-008,0
,,,-8.64143e-008,0
,,,-8.60143e-008,0.000441946
,,,-8.56143e-008,0
,,,-8.52143e-008,-0.000441946
,,,-8.48143e-008,-0.000220973
,,,-8.44143e-008,0.000662919
,,,-8.40143e-008,0
,,,-8.36143e-008,0
,,,-8.32143e-008,0.000662919
,,,-8.28143e-008,0.000441946
,,,-8.24143e-008,0.000220973
,,,-8.20143e-008,0.000883892
,,,-8.16143e-008,0.000220973
,,,-8.12143e-008,-0.000220973
,,,-8.08143e-008,0.000883892
,,,-8.04143e-008,0.000220973
,,,-8.00143e-008,0
,,,-7.96143e-008,0.000220973
,,,-7.92143e-008,0.000220973
,,,-7.88143e-008,0.000220973
,,,-7.84143e-008,0
,,,-7.80143e-008,0
,,,-7.76143e-008,0.00110486
,,,-7.72143e-008,0.000441946
,,,-7.68143e-008,0.000441946
,,,-7.64143e-008,0.000662919
,,,-7.60143e-008,0.000441946
,,,-7.56143e-008,0
,,,-7.52143e-008,0.000441946
,,,-7.48143e-008,0
,,,-7.44143e-008,0.000220973
,,,-7.40143e-008,0.000883892
,,,-7.36143e-008,0.000662919
,,,-7.32143e-008,0
,,,-7.28143e-008,0.000441946
,,,-7.24143e-008,0.000441946
,,,-7.20143e-008,0.000220973
,,,-7.16143e-008,0
,,,-7.12143e-008,0
,,,-7.08143e-008,-0.000883892
,,,-7.04143e-008,-0.000441946
,,,-7.00143e-008,0
,,,-6.96143e-008,0.000220973
,,,-6.92143e-008,-0.000220973
,,,-6.88143e-008,0
,,,-6.84143e-008,0.000220973
,,,-6.80143e-008,0.000883892
,,,-6.76143e-008,0.000441946
,,,-6.72143e-008,0
,,,-6.68143e-008,0
,,,-6.64143e-008,0.000220973
,,,-6.60143e-008,0.000220973
,,,-6.56143e-008,0.000883892
,,,-6.52143e-008,-0.000441946
,,,-6.48143e-008,-0.000220973
,,,-6.44143e-008,-0.000220973
,,,-6.40143e-008,-0.000441946
,,,-6.36143e-008,-0.000441946
,,,-6.32143e-008,0.000220973
,,,-6.28143e-008,0
,,,-6.24143e-008,-0.000662919
,,,-6.20143e-008,0
,,,-6.16143e-008,-0.000220973
,,,-6.12143e-008,-0.000441946
,,,-6.08143e-008,0.000441946
,,,-6.04143e-008,0
,,,-6.00143e-008,0.000220973
,,,-5.96143e-008,0
,,,-5.92143e-008,0
,,,-5.88143e-008,-0.000220973
,,,-5.84143e-008,-0.000220973
,,,-5.80143e-008,0.000441946
,,,-5.76143e-008,0.000662919
,,,-5.72143e-008,0.000883892
,,,-5.68143e-008,-0.000220973
,,,-5.64143e-008,0.000441946
,,,-5.60143e-008,0.000662919
,,,-5.56143e-008,0
,,,-5.52143e-008,-0.000220973
,,,-5.48143e-008,-0.000220973
,,,-5.44143e-008,0.000441946
,,,-5.40143e-008,0
,,,-5.36143e-008,0.000441946
,,,-5.32143e-008,0
,,,-5.28143e-008,0.000883892
,,,-5.24143e-008,0.000662919
,,,-5.20143e-008,0.000220973
,,,-5.16143e-008,0
,,,-5.12143e-008,0.000662919
,,,-5.08143e-008,0
,,,-5.04143e-008,0.000220973
,,,-5.00143e-008,0.000441946
,,,-4.96143e-008,0.000441946
,,,-4.92143e-008,0.000220973
,,,-4.88143e-008,0
,,,-4.84143e-008,0.000220973
,,,-4.80143e-008,0.000220973
,,,-4.76143e-008,0.000662919
,,,-4.72143e-008,0
,,,-4.68143e-008,-0.000662919
,,,-4.64143e-008,0
,,,-4.60143e-008,-0.000441946
,,,-4.56143e-008,0.000441946
,,,-4.52143e-008,0.000220973
,,,-4.48143e-008,0
,,,-4.44143e-008,0
,,,-4.40143e-008,0.000220973
,,,-4.36143e-008,-0.000441946
,,,-4.32143e-008,0.000220973
,,,-4.28143e-008,0.000662919
,,,-4.24143e-008,0.000220973
,,,-4.20143e-008,-0.000441946
,,,-4.16143e-008,-0.000220973
,,,-4.12143e-008,-0.000662919
,,,-4.08143e-008,0.000662919
,,,-4.04143e-008,0.000883892
,,,-4.00143e-008,0.000662919
,,,-3.96143e-008,-0.000220973
,,,-3.92143e-008,0.000441946
,,,-3.88143e-008,0.000220973
,,,-3.84143e-008,0.000441946
,,,-3.80143e-008,0.000220973
,,,-3.76143e-008,-0.000220973
,,,-3.72143e-008,-0.000220973
,,,-3.68143e-008,0.000220973
,,,-3.64143e-008,0
,,,-3.60143e-008,0.000441946
,,,-3.56143e-008,0
,,,-3.52143e-008,0.000441946
,,,-3.48143e-008,0
,,,-3.44143e-008,-0.000220973
,,,-3.40143e-008,0.000220973
,,,-3.36143e-008,0.000662919
,,,-3.32143e-008,0.000220973
,,,-3.28143e-008,0.000883892
,,,-3.24143e-008,0.000662919
,,,-3.20143e-008,-0.000220973
,,,-3.16143e-008,-0.000883892
,,,-3.12143e-008,-0.000220973
,,,-3.08143e-008,0.000441946
,,,-3.04143e-008,-0.000220973
,,,-3.00143e-008,-0.000883892
,,,-2.96143e-008,0
,,,-2.92143e-008,-0.000220973
,,,-2.88143e-008,0
,,,-2.84143e-008,-0.000662919
,,,-2.80143e-008,0.000662919
,,,-2.76143e-008,-0.000883892
,,,-2.72143e-008,0.000220973
,,,-2.68143e-008,0
,,,-2.64143e-008,-0.000220973
,,,-2.60143e-008,0.000883892
,,,-2.56143e-008,0
,,,-2.52143e-008,0.000220973
,,,-2.48143e-008,0.000883892
,,,-2.44143e-008,0.000220973
,,,-2.40143e-008,0
,,,-2.36143e-008,-0.000441946
,,,-2.32143e-008,-0.000441946
,,,-2.28143e-008,0
,,,-2.24143e-008,0.000441946
,,,-2.20143e-008,0.000220973
,,,-2.16143e-008,-0.000441946
,,,-2.12143e-008,0.000220973
,,,-2.08143e-008,0.000883892
,,,-2.04143e-008,0.000220973
,,,-2.00143e-008,0.000220973
,,,-1.96143e-008,-0.000441946
,,,-1.92143e-008,0
,,,-1.88143e-008,0.000883892
,,,-1.84143e-008,0.000441946
,,,-1.80143e-008,0.000883892
,,,-1.76143e-008,-0.000220973
,,,-1.72143e-008,0
,,,-1.68143e-008,-0.000220973
,,,-1.64143e-008,-0.000662919
,,,-1.60143e-008,0.000662919
,,,-1.56143e-008,0
,,,-1.52143e-008,0
,,,-1.48143e-008,0.000220973
,,,-1.44143e-008,0
,,,-1.40143e-008,0
,,,-1.36143e-008,0
,,,-1.32143e-008,0.000220973
,,,-1.28143e-008,0.000441946
,,,-1.24143e-008,0.000220973
,,,-1.20143e-008,0.000220973
,,,-1.16143e-008,0.000883892
,,,-1.12143e-008,0.000220973
,,,-1.08143e-008,-0.000220973
,,,-1.04143e-008,-0.000220973
,,,-1.00143e-008,-0.000220973
,,,-9.61429e-009,0.000441946
,,,-9.21429e-009,-0.000441946
,,,-8.81429e-009,0.000220973
,,,-8.41429e-009,-0.000883892
,,,-8.01429e-009,0
,,,-7.61429e-009,0.000220973
,,,-7.21429e-009,0.000441946
,,,-6.81429e-009,0.000662919
,,,-6.41429e-009,0
,,,-6.01429e-009,-0.000441946
,,,-5.61429e-009,0.000441946
,,,-5.21429e-009,0
,,,-4.81429e-009,0
,,,-4.41429e-009,0.000220973
,,,-4.01429e-009,-0.000220973
,,,-3.61429e-009,0.000441946
,,,-3.21429e-009,0.000662919
,,,-2.81429e-009,0.000441946
,,,-2.41429e-009,-0.000220973
,,,-2.01429e-009,0.000441946
,,,-1.61429e-009,0.000441946
,,,-1.21429e-009,0.000220973
,,,-8.14293e-010,0
,,,-4.14293e-010,0
,,,-1.42926e-011,-0.000220973
,,,3.85707e-010,0
,,,7.85707e-010,0
,,,1.18571e-009,0.000220973
,,,1.58571e-009,0
,,,1.98571e-009,-0.000662919
,,,2.38571e-009,0
,,,2.78571e-009,0.00132584
,,,3.18571e-009,0.000883892
,,,3.58571e-009,0
,,,3.98571e-009,0.000220973
,,,4.38571e-009,-0.000441946
,,,4.78571e-009,0.000662919
,,,5.18571e-009,0
,,,5.58571e-009,0
,,,5.98571e-009,0
,,,6.38571e-009,0.000220973
,,,6.78571e-009,-0.000220973
,,,7.18571e-009,0.000220973
,,,7.58571e-009,-0.00132584
,,,7.98571e-009,0
,,,8.38571e-009,0.000220973
,,,8.78571e-009,0.000883892
,,,9.18571e-009,0.000220973
,,,9.58571e-009,-0.000220973
,,,9.98571e-009,0.000441946
,,,1.03857e-008,0
,,,1.07857e-008,-0.000220973
,,,1.11857e-008,0.000220973
,,,1.15857e-008,-0.000220973
,,,1.19857e-008,0.000220973
,,,1.23857e-008,0.000220973
,,,1.27857e-008,-0.000441946
,,,1.31857e-008,-0.000441946
,,,1.35857e-008,0.000662919
,,,1.39857e-008,0.000662919
,,,1.43857e-008,-0.000220973
,,,1.47857e-008,0.000441946
,,,1.51857e-008,0.000220973
,,,1.55857e-008,-0.000220973
,,,1.59857e-008,0
,,,1.63857e-008,0
,,,1.67857e-008,-0.000441946
,,,1.71857e-008,-0.000662919
,,,1.75857e-008,0.000220973
,,,1.79857e-008,-0.000220973
,,,1.83857e-008,-0.000441946
,,,1.87857e-008,0
,,,1.91857e-008,0.000220973
,,,1.95857e-008,0.000441946
,,,1.99857e-008,0.000220973
,,,2.03857e-008,0.000220973
,,,2.07857e-008,0.00110486
,,,2.11857e-008,-0.000441946
,,,2.15857e-008,0.000220973
,,,2.19857e-008,0
,,,2.23857e-008,0.000220973
,,,2.27857e-008,0.000883892
,,,2.31857e-008,0.000883892
,,,2.35857e-008,0.000441946
,,,2.39857e-008,0.000220973
,,,2.43857e-008,-0.000220973
,,,2.47857e-008,0.000220973
,,,2.51857e-008,0
,,,2.55857e-008,0
,,,2.59857e-008,-0.000441946
,,,2.63857e-008,-0.000220973
,,,2.67857e-008,-0.000220973
,,,2.71857e-008,0.000441946
,,,2.75857e-008,0
,,,2.79857e-008,-0.000220973
,,,2.83857e-008,0
,,,2.87857e-008,0.000441946
,,,2.91857e-008,0.000220973
,,,2.95857e-008,-0.000441946
,,,2.99857e-008,-0.000220973
,,,3.03857e-008,0.000883892
,,,3.07857e-008,0.000220973
,,,3.11857e-008,0.000220973
,,,3.15857e-008,0
,,,3.19857e-008,0.000220973
,,,3.23857e-008,-0.000220973
,,,3.27857e-008,0.000220973
,,,3.31857e-008,-0.000220973
,,,3.35857e-008,-0.000662919
,,,3.39857e-008,-0.000220973
,,,3.43857e-008,0.000220973
,,,3.47857e-008,0.000441946
,,,3.51857e-008,0.000662919
,,,3.55857e-008,0.000441946
,,,3.59857e-008,0.000220973
,,,3.63857e-008,0
,,,3.67857e-008,0.000220973
,,,3.71857e-008,-0.000220973
,,,3.75857e-008,0.000883892
,,,3.79857e-008,0.00132584
,,,3.83857e-008,0.000220973
,,,3.87857e-008,0.000883892
,,,3.91857e-008,0.000220973
,,,3.95857e-008,0.000441946
,,,3.99857e-008,0.000662919
,,,4.03857e-008,-0.000220973
,,,4.07857e-008,-0.000441946
,,,4.11857e-008,0.000220973
,,,4.15857e-008,0
,,,4.19857e-008,-0.000441946
,,,4.23857e-008,0.000220973
,,,4.27857e-008,0.000441946
,,,4.31857e-008,0.000883892
,,,4.35857e-008,0.000883892
,,,4.39857e-008,0.000662919
,,,4.43857e-008,0.000220973
,,,4.47857e-008,0
,,,4.51857e-008,-0.000220973
,,,4.55857e-008,-0.000220973
,,,4.59857e-008,0
,,,4.63857e-008,-0.000220973
,,,4.67857e-008,0.000441946
,,,4.71857e-008,0.000441946
,,,4.75857e-008,-0.000220973
,,,4.79857e-008,-0.000220973
,,,4.83857e-008,0.000883892
,,,4.87857e-008,-0.000441946
,,,4.91857e-008,-0.000441946
,,,4.95857e-008,-0.000220973
,,,4.99857e-008,0
,,,5.03857e-008,-0.000441946
,,,5.07857e-008,0
,,,5.11857e-008,0.000220973
,,,5.15857e-008,-0.000220973
,,,5.19857e-008,0.000220973
,,,5.23857e-008,0.000441946
,,,5.27857e-008,0.000220973
,,,5.31857e-008,-0.000441946
,,,5.35857e-008,0.000220973
,,,5.39857e-008,0.000220973
,,,5.43857e-008,0.000220973
,,,5.47857e-008,0.000220973
,,,5.51857e-008,0.000441946
,,,5.55857e-008,-0.000441946
,,,5.59857e-008,0.000441946
,,,5.63857e-008,0
,,,5.67857e-008,0
,,,5.71857e-008,0.000220973
,,,5.75857e-008,0.000220973
,,,5.79857e-008,-0.000662919
,,,5.83857e-008,-0.000441946
,,,5.87857e-008,-0.000441946
,,,5.91857e-008,0
,,,5.95857e-008,-0.000441946
,,,5.99857e-008,0.000441946
,,,6.03857e-008,0
,,,6.07857e-008,0.000662919
,,,6.11857e-008,0.000441946
,,,6.15857e-008,-0.000220973
,,,6.19857e-008,0.000220973
,,,6.23857e-008,0.000220973
,,,6.27857e-008,0.000220973
,,,6.31857e-008,0
,,,6.35857e-008,-0.000220973
,,,6.39857e-008,0.000220973
,,,6.43857e-008,0
,,,6.47857e-008,0.000220973
,,,6.51857e-008,0
,,,6.55857e-008,-0.000662919
,,,6.59857e-008,-0.000441946
,,,6.63857e-008,0.000662919
,,,6.67857e-008,0.000220973
,,,6.71857e-008,0.000220973
,,,6.75857e-008,0.000220973
,,,6.79857e-008,0.000883892
,,,6.83857e-008,-0.000883892
,,,6.87857e-008,0.000220973
,,,6.91857e-008,0.000220973
,,,6.95857e-008,0.000220973
,,,6.99857e-008,-0.000220973
,,,7.03857e-008,0.000220973
,,,7.07857e-008,0.000220973
,,,7.11857e-008,0.000220973
,,,7.15857e-008,0.000220973
,,,7.19857e-008,-0.000220973
,,,7.23857e-008,0.000220973
,,,7.27857e-008,-0.000441946
,,,7.31857e-008,-0.000220973
,,,7.35857e-008,0.000441946
,,,7.39857e-008,-0.000220973
,,,7.43857e-008,0
,,,7.47857e-008,0.000441946
,,,7.51857e-008,0.000441946
,,,7.55857e-008,0.000662919
,,,7.59857e-008,0
,,,7.63857e-008,-0.000441946
,,,7.67857e-008,0.000662919
,,,7.71857e-008,-0.000441946
,,,7.75857e-008,0
,,,7.79857e-008,0
,,,7.83857e-008,0.000883892
,,,7.87857e-008,-0.000220973
,,,7.91857e-008,0.000441946
,,,7.95857e-008,0.000220973
,,,7.99857e-008,-0.000220973
,,,8.03857e-008,-0.000220973
,,,8.07857e-008,0.000441946
,,,8.11857e-008,-0.000220973
,,,8.15857e-008,0.000220973
,,,8.19857e-008,-0.000220973
,,,8.23857e-008,-0.000220973
,,,8.27857e-008,0.000220973
,,,8.31857e-008,0.000883892
,,,8.35857e-008,0.000441946
,,,8.39857e-008,0.000220973
,,,8.43857e-008,0.000662919
,,,8.47857e-008,0
,,,8.51857e-008,0
,,,8.55857e-008,0
,,,8.59857e-008,0.000662919
,,,8.63857e-008,0.000441946
,,,8.67857e-008,0.000220973
,,,8.71857e-008,0.000220973
,,,8.75857e-008,0
,,,8.79857e-008,0.000662919
,,,8.83857e-008,0.000220973
,,,8.87857e-008,-0.000441946
,,,8.91857e-008,0.000220973
,,,8.95857e-008,0
,,,8.99857e-008,0.000220973
,,,9.03857e-008,-0.000220973
,,,9.07857e-008,0.000220973
,,,9.11857e-008,-0.000441946
,,,9.15857e-008,0.000220973
,,,9.19857e-008,0.000883892
,,,9.23857e-008,0
,,,9.27857e-008,0.000441946
,,,9.31857e-008,0.000883892
,,,9.35857e-008,0.00132584
,,,9.39857e-008,0.00154681
,,,9.43857e-008,0.00154681
,,,9.47857e-008,0.0024307
,,,9.51857e-008,0.00287265
,,,9.55857e-008,0.00331459
,,,9.59857e-008,0.00508238
,,,9.63857e-008,0.00596627
,,,9.67857e-008,0.00640822
,,,9.71857e-008,0.00773405
,,,9.75857e-008,0.00905989
,,,9.79857e-008,0.0103857
,,,9.83857e-008,0.0112696
,,,9.87857e-008,0.0128164
,,,9.91857e-008,0.0137003
,,,9.95857e-008,0.0143632
,,,9.99857e-008,0.0152471
,,,1.00386e-007,0.0148052
,,,1.00786e-007,0.0154681
,,,1.01186e-007,0.016352
,,,1.01586e-007,0.0167939
,,,1.01986e-007,0.0172359
,,,1.02386e-007,0.0170149
,,,1.02786e-007,0.0172359
,,,1.03186e-007,0.0176778
,,,1.03586e-007,0.016573
,,,1.03986e-007,0.0174569
,,,1.04386e-007,0.0181198
,,,1.04786e-007,0.0172359
,,,1.05186e-007,0.0172359
,,,1.05586e-007,0.0174569
,,,1.05986e-007,0.0176778
,,,1.06386e-007,0.0176778
,,,1.06786e-007,0.0170149
,,,1.07186e-007,0.0178988
,,,1.07586e-007,0.0176778
,,,1.07986e-007,0.0178988
,,,1.08386e-007,0.0174569
,,,1.08786e-007,0.0176778
,,,1.09186e-007,0.0172359
,,,1.09586e-007,0.0181198
,,,1.09986e-007,0.0181198
,,,1.10386e-007,0.0178988
,,,1.10786e-007,0.0176778
,,,1.11186e-007,0.0181198
,,,1.11586e-007,0.0181198
,,,1.11986e-007,0.0176778
,,,1.12386e-007,0.0176778
,,,1.12786e-007,0.0187827
,,,1.13186e-007,0.0178988
,,,1.13586e-007,0.0170149
,,,1.13986e-007,0.0172359
,,,1.14386e-007,0.0178988
,,,1.14786e-007,0.0181198
,,,1.15186e-007,0.0185617
,,,1.15586e-007,0.0181198
,,,1.15986e-007,0.0176778
,,,1.16386e-007,0.0178988
,,,1.16786e-007,0.0172359
,,,1.17186e-007,0.0174569
,,,1.17586e-007,0.0174569
,,,1.17986e-007,0.0170149
,,,1.18386e-007,0.0178988
,,,1.18786e-007,0.0178988
,,,1.19186e-007,0.0174569
,,,1.19586e-007,0.0167939
,,,1.19986e-007,0.0176778
,,,1.20386e-007,0.0178988
,,,1.20786e-007,0.0176778
,,,1.21186e-007,0.0183408
,,,1.21586e-007,0.0183408
,,,1.21986e-007,0.0176778
,,,1.22386e-007,0.0190037
,,,1.22786e-007,0.0187827
,,,1.23186e-007,0.0192246
,,,1.23586e-007,0.0190037
,,,1.23986e-007,0.0194456
,,,1.24386e-007,0.0194456
,,,1.24786e-007,0.0203295
,,,1.25186e-007,0.0203295
,,,1.25586e-007,0.0209924
,,,1.25986e-007,0.0207715
,,,1.26386e-007,0.0207715
,,,1.26786e-007,0.0205505
,,,1.27186e-007,0.0209924
,,,1.27586e-007,0.0198876
,,,1.27986e-007,0.0196666
,,,1.28386e-007,0.0198876
,,,1.28786e-007,0.0192246
,,,1.29186e-007,0.0190037
,,,1.29586e-007,0.0190037
,,,1.29986e-007,0.0194456
,,,1.30386e-007,0.0187827
,,,1.30786e-007,0.0185617
,,,1.31186e-007,0.0187827
,,,1.31586e-007,0.0178988
,,,1.31986e-007,0.0187827
,,,1.32386e-007,0.0172359
,,,1.32786e-007,0.0176778
,,,1.33186e-007,0.0172359
,,,1.33586e-007,0.0167939
,,,1.33986e-007,0.0170149
,,,1.34386e-007,0.0170149
,,,1.34786e-007,0.0167939
,,,1.35186e-007,0.016573
,,,1.35586e-007,0.016573
,,,1.35986e-007,0.016573
,,,1.36386e-007,0.016131
,,,1.36786e-007,0.016352
,,,1.37186e-007,0.0167939
,,,1.37586e-007,0.016131
,,,1.37986e-007,0.016573
,,,1.38386e-007,0.016573
,,,1.38786e-007,0.0167939
,,,1.39186e-007,0.016131
,,,1.39586e-007,0.016352
,,,1.39986e-007,0.016131
,,,1.40386e-007,0.016131
,,,1.40786e-007,0.0156891
,,,1.41186e-007,0.0159101
,,,1.41586e-007,0.0156891
,,,1.41986e-007,0.0156891
,,,1.42386e-007,0.0148052
,,,1.42786e-007,0.0154681
,,,1.43186e-007,0.0150262
,,,1.43586e-007,0.0148052
,,,1.43986e-007,0.0152471
,,,1.44386e-007,0.0154681
,,,1.44786e-007,0.0152471
,,,1.45186e-007,0.0148052
,,,1.45586e-007,0.0150262
,,,1.45986e-007,0.0145842
,,,1.46386e-007,0.0150262
,,,1.46786e-007,0.0141423
,,,1.47186e-007,0.0150262
,,,1.47586e-007,0.0150262
,,,1.47986e-007,0.0145842
,,,1.48386e-007,0.0145842
,,,1.48786e-007,0.0152471
,,,1.49186e-007,0.0150262
,,,1.49586e-007,0.0145842
,,,1.49986e-007,0.0150262
,,,1.50386e-007,0.0143632
,,,1.50786e-007,0.0141423
,,,1.51186e-007,0.0148052
,,,1.51586e-007,0.0145842
,,,1.51986e-007,0.0141423
,,,1.52386e-007,0.0139213
,,,1.52786e-007,0.0137003
,,,1.53186e-007,0.0145842
,,,1.53586e-007,0.0134794
,,,1.53986e-007,0.0130374
,,,1.54386e-007,0.0137003
,,,1.54786e-007,0.0141423
,,,1.55186e-007,0.0137003
,,,1.55586e-007,0.0137003
,,,1.55986e-007,0.0128164
,,,1.56386e-007,0.0128164
,,,1.56786e-007,0.0128164
,,,1.57186e-007,0.0125955
,,,1.57586e-007,0.0119325
,,,1.57986e-007,0.0125955
,,,1.58386e-007,0.0121535
,,,1.58786e-007,0.0121535
,,,1.59186e-007,0.0117116
,,,1.59586e-007,0.0119325
,,,1.59986e-007,0.0121535
,,,1.60386e-007,0.0117116
,,,1.60786e-007,0.0117116
,,,1.61186e-007,0.0125955
,,,1.61586e-007,0.0121535
,,,1.61986e-007,0.0117116
,,,1.62386e-007,0.0119325
,,,1.62786e-007,0.0119325
,,,1.63186e-007,0.0119325
,,,1.63586e-007,0.0114906
,,,1.63986e-007,0.0121535
,,,1.64386e-007,0.0112696
,,,1.64786e-007,0.0130374
,,,1.65186e-007,0.0123745
,,,1.65586e-007,0.0119325
,,,1.65986e-007,0.0121535
,,,1.66386e-007,0.0123745
,,,1.66786e-007,0.0121535
,,,1.67186e-007,0.0123745
,,,1.67586e-007,0.0121535
,,,1.67986e-007,0.0132584
,,,1.68386e-007,0.0123745
,,,1.68786e-007,0.0125955
,,,1.69186e-007,0.0114906
,,,1.69586e-007,0.0121535
,,,1.69986e-007,0.0121535
,,,1.70386e-007,0.0121535
,,,1.70786e-007,0.0123745
,,,1.71186e-007,0.0125955
,,,1.71586e-007,0.0119325
,,,1.71986e-007,0.0119325
,,,1.72386e-007,0.0114906
,,,1.72786e-007,0.0128164
,,,1.73186e-007,0.0123745
,,,1.73586e-007,0.0121535
,,,1.73986e-007,0.0119325
,,,1.74386e-007,0.0123745
,,,1.74786e-007,0.0130374
,,,1.75186e-007,0.0123745
,,,1.75586e-007,0.0123745
,,,1.75986e-007,0.0125955
,,,1.76386e-007,0.0121535
,,,1.76786e-007,0.0123745
,,,1.77186e-007,0.0132584
,,,1.77586e-007,0.0125955
,,,1.77986e-007,0.0114906
,,,1.78386e-007,0.0123745
,,,1.78786e-007,0.0117116
,,,1.79186e-007,0.0121535
,,,1.79586e-007,0.0128164
,,,1.79986e-007,0.0137003
,,,1.80386e-007,0.0132584
,,,1.80786e-007,0.0128164
,,,1.81186e-007,0.0125955
,,,1.81586e-007,0.0123745
,,,1.81986e-007,0.0123745
,,,1.82386e-007,0.0123745
,,,1.82786e-007,0.0117116
,,,1.83186e-007,0.0121535
,,,1.83586e-007,0.0121535
,,,1.83986e-007,0.0119325
,,,1.84386e-007,0.0119325
,,,1.84786e-007,0.0117116
,,,1.85186e-007,0.0117116
,,,1.85586e-007,0.0112696
,,,1.85986e-007,0.0117116
,,,1.86386e-007,0.0119325
,,,1.86786e-007,0.0128164
,,,1.87186e-007,0.0125955
,,,1.87586e-007,0.0125955
,,,1.87986e-007,0.0130374
,,,1.88386e-007,0.0128164
,,,1.88786e-007,0.0139213
,,,1.89186e-007,0.0137003
,,,1.89586e-007,0.0132584
,,,1.89986e-007,0.0130374
,,,1.90386e-007,0.0130374
,,,1.90786e-007,0.0139213
,,,1.91186e-007,0.0137003
,,,1.91586e-007,0.0132584
,,,1.91986e-007,0.0130374
,,,1.92386e-007,0.0139213
,,,1.92786e-007,0.0132584
,,,1.93186e-007,0.0130374
,,,1.93586e-007,0.0132584
,,,1.93986e-007,0.0134794
,,,1.94386e-007,0.0137003
,,,1.94786e-007,0.0134794
,,,1.95186e-007,0.0125955
,,,1.95586e-007,0.0130374
,,,1.95986e-007,0.0130374
,,,1.96386e-007,0.0125955
,,,1.96786e-007,0.0125955
,,,1.97186e-007,0.0125955
,,,1.97586e-007,0.0128164
,,,1.97986e-007,0.0128164
,,,1.98386e-007,0.0132584
,,,1.98786e-007,0.0132584
,,,1.99186e-007,0.0128164
,,,1.99586e-007,0.0130374
,,,1.99986e-007,0.0132584
,,,2.00386e-007,0.0123745
,,,2.00786e-007,0.0117116
,,,2.01186e-007,0.0123745
,,,2.01586e-007,0.0121535
,,,2.01986e-007,0.0121535
,,,2.02386e-007,0.0123745
,,,2.02786e-007,0.0123745
,,,2.03186e-007,0.0121535
,,,2.03586e-007,0.0125955
,,,2.03986e-007,0.0117116
,,,2.04386e-007,0.0117116
,,,2.04786e-007,0.0121535
,,,2.05186e-007,0.0114906
,,,2.05586e-007,0.0117116
,,,2.05986e-007,0.0110486
,,,2.06386e-007,0.0112696
,,,2.06786e-007,0.0108277
,,,2.07186e-007,0.0108277
,,,2.07586e-007,0.00972281
,,,2.07986e-007,0.0103857
,,,2.08386e-007,0.00950184
,,,2.08786e-007,0.00905989
,,,2.09186e-007,0.00905989
,,,2.09586e-007,0.00883892
,,,2.09986e-007,0.008176
,,,2.10386e-007,0.008176
,,,2.10786e-007,0.00795503
,,,2.11186e-007,0.00707114
,,,2.11586e-007,0.00662919
,,,2.11986e-007,0.00618724
,,,2.12386e-007,0.00618724
,,,2.12786e-007,0.00707114
,,,2.13186e-007,0.00618724
,,,2.13586e-007,0.00530335
,,,2.13986e-007,0.00596627
,,,2.14386e-007,0.00486141
,,,2.14786e-007,0.00419849
,,,2.15186e-007,0.00419849
,,,2.15586e-007,0.00375654
,,,2.15986e-007,0.00375654
,,,2.16386e-007,0.00375654
,,,2.16786e-007,0.00309362
,,,2.17186e-007,0.00287265
,,,2.17586e-007,0.00287265
,,,2.17986e-007,0.00198876
,,,2.18386e-007,0.00220973
,,,2.18786e-007,0.00220973
,,,2.19186e-007,0.00287265
,,,2.19586e-007,0.00265168
,,,2.19986e-007,0.00287265
,,,2.20386e-007,0.00220973
,,,2.20786e-007,0.00198876
,,,2.21186e-007,0.00176778
,,,2.21586e-007,0.00176778
,,,2.21986e-007,0.00110486
,,,2.22386e-007,0.00154681
,,,2.22786e-007,0.00154681
,,,2.23186e-007,0.000883892
,,,2.23586e-007,0.00132584
,,,2.23986e-007,0.00110486
,,,2.24386e-007,0.00110486
,,,2.24786e-007,0.00110486
,,,2.25186e-007,0.000883892
,,,2.25586e-007,0.000662919
,,,2.25986e-007,0.00132584
,,,2.26386e-007,0.000441946
,,,2.26786e-007,0.000220973
,,,2.27186e-007,0.00176778
,,,2.27586e-007,0.000883892
,,,2.27986e-007,0.000662919
,,,2.28386e-007,0.000662919
,,,2.28786e-007,0.00132584
,,,2.29186e-007,0.000220973
,,,2.29586e-007,0.00132584
,,,2.29986e-007,0
,,,2.30386e-007,0.00110486
,,,2.30786e-007,0.00110486
,,,2.31186e-007,0.000883892
,,,2.31586e-007,0
,,,2.31986e-007,0.000662919
,,,2.32386e-007,0.000220973
,,,2.32786e-007,0
,,,2.33186e-007,0.000883892
,,,2.33586e-007,-0.000220973
,,,2.33986e-007,0.000220973
,,,2.34386e-007,0.000883892
,,,2.34786e-007,0
,,,2.35186e-007,0.000441946
,,,2.35586e-007,-0.000220973
,,,2.35986e-007,0.000220973
,,,2.36386e-007,-0.000220973
,,,2.36786e-007,-0.000220973
,,,2.37186e-007,-0.000220973
,,,2.37586e-007,0
,,,2.37986e-007,-0.000441946
,,,2.38386e-007,-0.000220973
,,,2.38786e-007,-0.000662919
,,,2.39186e-007,-0.000441946
,,,2.39586e-007,-0.000441946
,,,2.39986e-007,-0.000662919
,,,2.40386e-007,-0.00132584
,,,2.40786e-007,-0.000441946
,,,2.41186e-007,-0.000662919
,,,2.41586e-007,-0.000662919
,,,2.41986e-007,-0.000441946
,,,2.42386e-007,-0.000441946
,,,2.42786e-007,-0.00132584
,,,2.43186e-007,0
,,,2.43586e-007,-0.000883892
,,,2.43986e-007,-0.000883892
,,,2.44386e-007,-0.000883892
,,,2.44786e-007,0.000220973
,,,2.45186e-007,-0.000441946
,,,2.45586e-007,0
,,,2.45986e-007,0.000883892
,,,2.46386e-007,0.000441946
,,,2.46786e-007,-0.000441946
,,,2.47186e-007,0.000441946
,,,2.47586e-007,0.000220973
,,,2.47986e-007,0.000441946
,,,2.48386e-007,0
,,,2.48786e-007,-0.000441946
,,,2.49186e-007,-0.000220973
,,,2.49586e-007,0
,,,2.49986e-007,0
,,,2.50386e-007,0.000441946
