"Record Length",1252,"Points",-2.50079e-007,0.000220973
"Sample Interval",4e-010,s,-2.49679e-007,0.000441946
"Trigger Point",625,"Samples",-2.49279e-007,0
"Trigger Time",0.196252,s,-2.48879e-007,0.00132584
,,,-2.48479e-007,0.000220973
"Horizontal Offset",-2.50079e-007,s,-2.48079e-007,0.000441946
,,,-2.47679e-007,0.000220973
,,,-2.47279e-007,0.000441946
,,,-2.46879e-007,0
,,,-2.46479e-007,-0.000220973
,,,-2.46079e-007,0.000220973
,,,-2.45679e-007,0.000220973
,,,-2.45279e-007,-0.000220973
,,,-2.44879e-007,0.000441946
,,,-2.44479e-007,0
,,,-2.44079e-007,0.000662919
,,,-2.43679e-007,-0.000662919
,,,-2.43279e-007,-0.000220973
,,,-2.42879e-007,-0.000441946
,,,-2.42479e-007,0.00110486
,,,-2.42079e-007,-0.000441946
,,,-2.41679e-007,0.000441946
,,,-2.41279e-007,-0.000220973
,,,-2.40879e-007,0.000662919
,,,-2.40479e-007,0.000441946
,,,-2.40079e-007,-0.000441946
,,,-2.39679e-007,-0.000441946
,,,-2.39279e-007,0.000220973
,,,-2.38879e-007,-0.000220973
,,,-2.38479e-007,0.000220973
,,,-2.38079e-007,0.00110486
,,,-2.37679e-007,0.000220973
,,,-2.37279e-007,0.000883892
,,,-2.36879e-007,0
,,,-2.36479e-007,0.000441946
,,,-2.36079e-007,0.000220973
,,,-2.35679e-007,0.000220973
,,,-2.35279e-007,0.000441946
,,,-2.34879e-007,0.000220973
,,,-2.34479e-007,0.000220973
,,,-2.34079e-007,0.000220973
,,,-2.33679e-007,-0.000220973
,,,-2.33279e-007,0
,,,-2.32879e-007,0.000441946
,,,-2.32479e-007,-0.000441946
,,,-2.32079e-007,-0.000220973
,,,-2.31679e-007,0
,,,-2.31279e-007,0.000441946
,,,-2.30879e-007,0
,,,-2.30479e-007,-0.000220973
,,,-2.30079e-007,0.000441946
,,,-2.29679e-007,0.000883892
,,,-2.29279e-007,0.000662919
,,,-2.28879e-007,-0.000220973
,,,-2.28479e-007,0.000220973
,,,-2.28079e-007,0.000441946
,,,-2.27679e-007,0
,,,-2.27279e-007,0.000220973
,,,-2.26879e-007,0
,,,-2.26479e-007,0.000220973
,,,-2.26079e-007,-0.000441946
,,,-2.25679e-007,-0.000220973
,,,-2.25279e-007,-0.000220973
,,,-2.24879e-007,0.000662919
,,,-2.24479e-007,0.000220973
,,,-2.24079e-007,-0.000883892
,,,-2.23679e-007,0.000220973
,,,-2.23279e-007,0.000883892
,,,-2.22879e-007,-0.000220973
,,,-2.22479e-007,0
,,,-2.22079e-007,0
,,,-2.21679e-007,0.000662919
,,,-2.21279e-007,0
,,,-2.20879e-007,0.000883892
,,,-2.20479e-007,0.00110486
,,,-2.20079e-007,0.000220973
,,,-2.19679e-007,0.000441946
,,,-2.19279e-007,0
,,,-2.18879e-007,0
,,,-2.18479e-007,0.000220973
,,,-2.18079e-007,-0.000662919
,,,-2.17679e-007,0
,,,-2.17279e-007,0.000441946
,,,-2.16879e-007,0.000662919
,,,-2.16479e-007,0.000662919
,,,-2.16079e-007,0.000662919
,,,-2.15679e-007,-0.000662919
,,,-2.15279e-007,0
,,,-2.14879e-007,0.000662919
,,,-2.14479e-007,0.000883892
,,,-2.14079e-007,0.000662919
,,,-2.13679e-007,0.000220973
,,,-2.13279e-007,0.000220973
,,,-2.12879e-007,0.000883892
,,,-2.12479e-007,0.000441946
,,,-2.12079e-007,0.000220973
,,,-2.11679e-007,0.000662919
,,,-2.11279e-007,-0.000220973
,,,-2.10879e-007,0
,,,-2.10479e-007,0.000662919
,,,-2.10079e-007,0.000441946
,,,-2.09679e-007,-0.000220973
,,,-2.09279e-007,0
,,,-2.08879e-007,-0.000441946
,,,-2.08479e-007,0.000441946
,,,-2.08079e-007,0.000441946
,,,-2.07679e-007,0.000220973
,,,-2.07279e-007,0
,,,-2.06879e-007,0
,,,-2.06479e-007,-0.000441946
,,,-2.06079e-007,0.000220973
,,,-2.05679e-007,0.000220973
,,,-2.05279e-007,0.000220973
,,,-2.04879e-007,0
,,,-2.04479e-007,0.000220973
,,,-2.04079e-007,0.000441946
,,,-2.03679e-007,0.000220973
,,,-2.03279e-007,0
,,,-2.02879e-007,0
,,,-2.02479e-007,-0.000220973
,,,-2.02079e-007,0
,,,-2.01679e-007,0
,,,-2.01279e-007,-0.000441946
,,,-2.00879e-007,0.000220973
,,,-2.00479e-007,0.000662919
,,,-2.00079e-007,0.000220973
,,,-1.99679e-007,-0.000220973
,,,-1.99279e-007,0.000441946
,,,-1.98879e-007,0.000441946
,,,-1.98479e-007,0.000441946
,,,-1.98079e-007,0.000220973
,,,-1.97679e-007,0.000441946
,,,-1.97279e-007,0
,,,-1.96879e-007,0.00110486
,,,-1.96479e-007,-0.000220973
,,,-1.96079e-007,0
,,,-1.95679e-007,-0.000220973
,,,-1.95279e-007,0.000220973
,,,-1.94879e-007,0
,,,-1.94479e-007,0.000220973
,,,-1.94079e-007,0
,,,-1.93679e-007,0
,,,-1.93279e-007,0.000441946
,,,-1.92879e-007,-0.000220973
,,,-1.92479e-007,-0.000441946
,,,-1.92079e-007,0.000441946
,,,-1.91679e-007,0
,,,-1.91279e-007,0.000441946
,,,-1.90879e-007,-0.000662919
,,,-1.90479e-007,0.000220973
,,,-1.90079e-007,0.000220973
,,,-1.89679e-007,0.000662919
,,,-1.89279e-007,0.000441946
,,,-1.88879e-007,0
,,,-1.88479e-007,-0.000441946
,,,-1.88079e-007,0
,,,-1.87679e-007,0
,,,-1.87279e-007,-0.000441946
,,,-1.86879e-007,0.000220973
,,,-1.86479e-007,0.000220973
,,,-1.86079e-007,-0.000662919
,,,-1.85679e-007,-0.000220973
,,,-1.85279e-007,-0.000220973
,,,-1.84879e-007,0.000441946
,,,-1.84479e-007,0.000220973
,,,-1.84079e-007,0.000220973
,,,-1.83679e-007,0
,,,-1.83279e-007,0.000220973
,,,-1.82879e-007,0
,,,-1.82479e-007,0.000662919
,,,-1.82079e-007,0.000441946
,,,-1.81679e-007,0.000220973
,,,-1.81279e-007,0.000662919
,,,-1.80879e-007,-0.000220973
,,,-1.80479e-007,0
,,,-1.80079e-007,0.000662919
,,,-1.79679e-007,0.000220973
,,,-1.79279e-007,0
,,,-1.78879e-007,0.000441946
,,,-1.78479e-007,0
,,,-1.78079e-007,0.000220973
,,,-1.77679e-007,0
,,,-1.77279e-007,0.000441946
,,,-1.76879e-007,0.000220973
,,,-1.76479e-007,0.000662919
,,,-1.76079e-007,0.000441946
,,,-1.75679e-007,0
,,,-1.75279e-007,0.000220973
,,,-1.74879e-007,-0.000441946
,,,-1.74479e-007,-0.000441946
,,,-1.74079e-007,0.000220973
,,,-1.73679e-007,0.000220973
,,,-1.73279e-007,0.000662919
,,,-1.72879e-007,0.00110486
,,,-1.72479e-007,0.000662919
,,,-1.72079e-007,-0.000220973
,,,-1.71679e-007,-0.000220973
,,,-1.71279e-007,-0.000441946
,,,-1.70879e-007,-0.000441946
,,,-1.70479e-007,0
,,,-1.70079e-007,0
,,,-1.69679e-007,-0.000220973
,,,-1.69279e-007,-0.000220973
,,,-1.68879e-007,0.000220973
,,,-1.68479e-007,0.000220973
,,,-1.68079e-007,0.000441946
,,,-1.67679e-007,0.000220973
,,,-1.67279e-007,0.000441946
,,,-1.66879e-007,0.000441946
,,,-1.66479e-007,0
,,,-1.66079e-007,0.000220973
,,,-1.65679e-007,0.000441946
,,,-1.65279e-007,0.000220973
,,,-1.64879e-007,0.000662919
,,,-1.64479e-007,0.000662919
,,,-1.64079e-007,0.000220973
,,,-1.63679e-007,-0.000220973
,,,-1.63279e-007,-0.000220973
,,,-1.62879e-007,0
,,,-1.62479e-007,0.000441946
,,,-1.62079e-007,0.000662919
,,,-1.61679e-007,0
,,,-1.61279e-007,0
,,,-1.60879e-007,0.000662919
,,,-1.60479e-007,-0.000220973
,,,-1.60079e-007,0
,,,-1.59679e-007,0.000441946
,,,-1.59279e-007,0.000441946
,,,-1.58879e-007,0
,,,-1.58479e-007,0.000441946
,,,-1.58079e-007,0.000441946
,,,-1.57679e-007,0.000441946
,,,-1.57279e-007,0.000441946
,,,-1.56879e-007,0.000220973
,,,-1.56479e-007,0.000441946
,,,-1.56079e-007,0.000441946
,,,-1.55679e-007,0
,,,-1.55279e-007,0.000220973
,,,-1.54879e-007,0.000441946
,,,-1.54479e-007,0.000220973
,,,-1.54079e-007,0.000220973
,,,-1.53679e-007,0.000441946
,,,-1.53279e-007,0.000220973
,,,-1.52879e-007,-0.000220973
,,,-1.52479e-007,0.000220973
,,,-1.52079e-007,0
,,,-1.51679e-007,0.000220973
,,,-1.51279e-007,0.000662919
,,,-1.50879e-007,0
,,,-1.50479e-007,0.000220973
,,,-1.50079e-007,0.000662919
,,,-1.49679e-007,0.000662919
,,,-1.49279e-007,-0.000441946
,,,-1.48879e-007,-0.000220973
,,,-1.48479e-007,0.000220973
,,,-1.48079e-007,0.000220973
,,,-1.47679e-007,0.000662919
,,,-1.47279e-007,-0.000441946
,,,-1.46879e-007,-0.000441946
,,,-1.46479e-007,0
,,,-1.46079e-007,0.000220973
,,,-1.45679e-007,0.000220973
,,,-1.45279e-007,0.000662919
,,,-1.44879e-007,0.000441946
,,,-1.44479e-007,0.000441946
,,,-1.44079e-007,0.000441946
,,,-1.43679e-007,-0.000441946
,,,-1.43279e-007,0.000220973
,,,-1.42879e-007,0.000883892
,,,-1.42479e-007,0.000883892
,,,-1.42079e-007,0
,,,-1.41679e-007,-0.000220973
,,,-1.41279e-007,-0.000220973
,,,-1.40879e-007,0.000441946
,,,-1.40479e-007,0.000662919
,,,-1.40079e-007,0
,,,-1.39679e-007,0.000220973
,,,-1.39279e-007,0.000220973
,,,-1.38879e-007,0
,,,-1.38479e-007,0.000441946
,,,-1.38079e-007,-0.000220973
,,,-1.37679e-007,-0.000220973
,,,-1.37279e-007,0.000662919
,,,-1.36879e-007,0.000662919
,,,-1.36479e-007,0.000441946
,,,-1.36079e-007,0
,,,-1.35679e-007,0
,,,-1.35279e-007,0.000662919
,,,-1.34879e-007,0.000441946
,,,-1.34479e-007,0.000441946
,,,-1.34079e-007,0.000441946
,,,-1.33679e-007,0.000441946
,,,-1.33279e-007,-0.000662919
,,,-1.32879e-007,0.000441946
,,,-1.32479e-007,0.000220973
,,,-1.32079e-007,-0.000220973
,,,-1.31679e-007,-0.00110486
,,,-1.31279e-007,-0.000662919
,,,-1.30879e-007,-0.000662919
,,,-1.30479e-007,-0.000220973
,,,-1.30079e-007,-0.000220973
,,,-1.29679e-007,0.000220973
,,,-1.29279e-007,-0.000441946
,,,-1.28879e-007,0
,,,-1.28479e-007,0
,,,-1.28079e-007,-0.000220973
,,,-1.27679e-007,0
,,,-1.27279e-007,0.000883892
,,,-1.26879e-007,0.000220973
,,,-1.26479e-007,0
,,,-1.26079e-007,-0.000662919
,,,-1.25679e-007,0.000883892
,,,-1.25279e-007,0.000220973
,,,-1.24879e-007,0.000220973
,,,-1.24479e-007,0
,,,-1.24079e-007,0
,,,-1.23679e-007,0.000883892
,,,-1.23279e-007,0
,,,-1.22879e-007,0
,,,-1.22479e-007,0
,,,-1.22079e-007,0
,,,-1.21679e-007,-0.000220973
,,,-1.21279e-007,0
,,,-1.20879e-007,0.000441946
,,,-1.20479e-007,0.000662919
,,,-1.20079e-007,0.000883892
,,,-1.19679e-007,0.000220973
,,,-1.19279e-007,0.000441946
,,,-1.18879e-007,0.000883892
,,,-1.18479e-007,0.000662919
,,,-1.18079e-007,0.000441946
,,,-1.17679e-007,0.00132584
,,,-1.17279e-007,0.000662919
,,,-1.16879e-007,0.000441946
,,,-1.16479e-007,0.000441946
,,,-1.16079e-007,-0.000220973
,,,-1.15679e-007,0.000441946
,,,-1.15279e-007,0.000220973
,,,-1.14879e-007,0
,,,-1.14479e-007,0.000220973
,,,-1.14079e-007,0.000441946
,,,-1.13679e-007,-0.000220973
,,,-1.13279e-007,-0.000883892
,,,-1.12879e-007,0.000662919
,,,-1.12479e-007,0.000662919
,,,-1.12079e-007,-0.000220973
,,,-1.11679e-007,0.000662919
,,,-1.11279e-007,0.000220973
,,,-1.10879e-007,0.000441946
,,,-1.10479e-007,0.000662919
,,,-1.10079e-007,0.000441946
,,,-1.09679e-007,0
,,,-1.09279e-007,0
,,,-1.08879e-007,-0.000220973
,,,-1.08479e-007,0
,,,-1.08079e-007,0.000220973
,,,-1.07679e-007,-0.000220973
,,,-1.07279e-007,0
,,,-1.06879e-007,0.000441946
,,,-1.06479e-007,0.000220973
,,,-1.06079e-007,0
,,,-1.05679e-007,0
,,,-1.05279e-007,0
,,,-1.04879e-007,-0.000220973
,,,-1.04479e-007,0.000441946
,,,-1.04079e-007,0.000883892
,,,-1.03679e-007,0
,,,-1.03279e-007,0.000220973
,,,-1.02879e-007,0.000220973
,,,-1.02479e-007,0.000220973
,,,-1.02079e-007,0.000662919
,,,-1.01679e-007,0.000220973
,,,-1.01279e-007,-0.000441946
,,,-1.00879e-007,0.000441946
,,,-1.00479e-007,0
,,,-1.00079e-007,0
,,,-9.96785e-008,0.000441946
,,,-9.92785e-008,0.000441946
,,,-9.88785e-008,0.000220973
,,,-9.84785e-008,0.000441946
,,,-9.80785e-008,-0.000220973
,,,-9.76785e-008,-0.000220973
,,,-9.72785e-008,0.000220973
,,,-9.68785e-008,0.000662919
,,,-9.64785e-008,0
,,,-9.60785e-008,0.000883892
,,,-9.56785e-008,0
,,,-9.52785e-008,0.000220973
,,,-9.48785e-008,-0.000220973
,,,-9.44785e-008,-0.000220973
,,,-9.40785e-008,0.000220973
,,,-9.36785e-008,0.000662919
,,,-9.32785e-008,0.000883892
,,,-9.28785e-008,0.000220973
,,,-9.24785e-008,-0.000220973
,,,-9.20785e-008,0
,,,-9.16785e-008,0.000220973
,,,-9.12785e-008,0.00110486
,,,-9.08785e-008,0.000220973
,,,-9.04785e-008,0.000220973
,,,-9.00785e-008,-0.000220973
,,,-8.96785e-008,-0.000441946
,,,-8.92785e-008,0.000441946
,,,-8.88785e-008,0.000662919
,,,-8.84785e-008,0.000883892
,,,-8.80785e-008,0.000883892
,,,-8.76785e-008,-0.000441946
,,,-8.72785e-008,0.000441946
,,,-8.68785e-008,-0.000220973
,,,-8.64785e-008,-0.000220973
,,,-8.60785e-008,0
,,,-8.56785e-008,0
,,,-8.52785e-008,-0.000441946
,,,-8.48785e-008,0
,,,-8.44785e-008,-0.000441946
,,,-8.40785e-008,0.000441946
,,,-8.36785e-008,0.000220973
,,,-8.32785e-008,0.000220973
,,,-8.28785e-008,0.000220973
,,,-8.24785e-008,-0.000441946
,,,-8.20785e-008,0.000441946
,,,-8.16785e-008,0.000662919
,,,-8.12785e-008,-0.000441946
,,,-8.08785e-008,0.000220973
,,,-8.04785e-008,0.000662919
,,,-8.00785e-008,0.000441946
,,,-7.96785e-008,-0.000220973
,,,-7.92785e-008,-0.000441946
,,,-7.88785e-008,-0.000220973
,,,-7.84785e-008,0.000220973
,,,-7.80785e-008,0
,,,-7.76785e-008,0.000220973
,,,-7.72785e-008,0.000441946
,,,-7.68785e-008,0.000441946
,,,-7.64785e-008,-0.000220973
,,,-7.60785e-008,0.000441946
,,,-7.56785e-008,-0.000220973
,,,-7.52785e-008,-0.000441946
,,,-7.48785e-008,0
,,,-7.44785e-008,0.000441946
,,,-7.40785e-008,0.000220973
,,,-7.36785e-008,0.000220973
,,,-7.32785e-008,0
,,,-7.28785e-008,0
,,,-7.24785e-008,-0.000662919
,,,-7.20785e-008,0.000441946
,,,-7.16785e-008,0.000220973
,,,-7.12785e-008,0.000220973
,,,-7.08785e-008,0.000220973
,,,-7.04785e-008,0
,,,-7.00785e-008,0.000883892
,,,-6.96785e-008,0.000662919
,,,-6.92785e-008,0.000220973
,,,-6.88785e-008,0.000220973
,,,-6.84785e-008,0.000220973
,,,-6.80785e-008,0.000441946
,,,-6.76785e-008,0.000441946
,,,-6.72785e-008,-0.000220973
,,,-6.68785e-008,-0.000441946
,,,-6.64785e-008,0.000441946
,,,-6.60785e-008,0.000220973
,,,-6.56785e-008,-0.000220973
,,,-6.52785e-008,0
,,,-6.48785e-008,0.000441946
,,,-6.44785e-008,0.000220973
,,,-6.40785e-008,0.000662919
,,,-6.36785e-008,0.000441946
,,,-6.32785e-008,0
,,,-6.28785e-008,0.000441946
,,,-6.24785e-008,0
,,,-6.20785e-008,-0.000220973
,,,-6.16785e-008,0.000220973
,,,-6.12785e-008,0.000441946
,,,-6.08785e-008,0.000441946
,,,-6.04785e-008,-0.000441946
,,,-6.00785e-008,0
,,,-5.96785e-008,0
,,,-5.92785e-008,-0.000662919
,,,-5.88785e-008,0.000220973
,,,-5.84785e-008,-0.000220973
,,,-5.80785e-008,-0.000441946
,,,-5.76785e-008,0.000220973
,,,-5.72785e-008,0.000220973
,,,-5.68785e-008,0.000220973
,,,-5.64785e-008,-0.000220973
,,,-5.60785e-008,0.000662919
,,,-5.56785e-008,-0.000441946
,,,-5.52785e-008,0.000220973
,,,-5.48785e-008,0
,,,-5.44785e-008,-0.000220973
,,,-5.40785e-008,0.00110486
,,,-5.36785e-008,0.000441946
,,,-5.32785e-008,0.000883892
,,,-5.28785e-008,0.000220973
,,,-5.24785e-008,0
,,,-5.20785e-008,0.000441946
,,,-5.16785e-008,-0.000220973
,,,-5.12785e-008,0
,,,-5.08785e-008,0
,,,-5.04785e-008,-0.000441946
,,,-5.00785e-008,0
,,,-4.96785e-008,0
,,,-4.92785e-008,0.000220973
,,,-4.88785e-008,0.000441946
,,,-4.84785e-008,0.000220973
,,,-4.80785e-008,-0.000220973
,,,-4.76785e-008,-0.000220973
,,,-4.72785e-008,0
,,,-4.68785e-008,0.000220973
,,,-4.64785e-008,0.000662919
,,,-4.60785e-008,0.000220973
,,,-4.56785e-008,0.000662919
,,,-4.52785e-008,0.000441946
,,,-4.48785e-008,0.000220973
,,,-4.44785e-008,0.000220973
,,,-4.40785e-008,-0.000883892
,,,-4.36785e-008,-0.000441946
,,,-4.32785e-008,-0.000220973
,,,-4.28785e-008,-0.000220973
,,,-4.24785e-008,0
,,,-4.20785e-008,0
,,,-4.16785e-008,0.000220973
,,,-4.12785e-008,0.000441946
,,,-4.08785e-008,-0.000220973
,,,-4.04785e-008,0
,,,-4.00785e-008,0.000441946
,,,-3.96785e-008,0.000662919
,,,-3.92785e-008,-0.000220973
,,,-3.88785e-008,-0.000220973
,,,-3.84785e-008,0.000220973
,,,-3.80785e-008,0.000220973
,,,-3.76785e-008,0.000441946
,,,-3.72785e-008,0.000662919
,,,-3.68785e-008,0.000441946
,,,-3.64785e-008,-0.000220973
,,,-3.60785e-008,0
,,,-3.56785e-008,-0.000220973
,,,-3.52785e-008,0
,,,-3.48785e-008,0.000220973
,,,-3.44785e-008,-0.000220973
,,,-3.40785e-008,0
,,,-3.36785e-008,0.000220973
,,,-3.32785e-008,-0.000220973
,,,-3.28785e-008,-0.000441946
,,,-3.24785e-008,0
,,,-3.20785e-008,0
,,,-3.16785e-008,0.000441946
,,,-3.12785e-008,0.000883892
,,,-3.08785e-008,-0.000220973
,,,-3.04785e-008,0
,,,-3.00785e-008,0.000441946
,,,-2.96785e-008,0
,,,-2.92785e-008,0.000441946
,,,-2.88785e-008,0.000441946
,,,-2.84785e-008,-0.000220973
,,,-2.80785e-008,0.000220973
,,,-2.76785e-008,0
,,,-2.72785e-008,-0.000220973
,,,-2.68785e-008,-0.000883892
,,,-2.64785e-008,0.000662919
,,,-2.60785e-008,-0.000220973
,,,-2.56785e-008,0.000441946
,,,-2.52785e-008,0
,,,-2.48785e-008,0.000220973
,,,-2.44785e-008,-0.000220973
,,,-2.40785e-008,0.000220973
,,,-2.36785e-008,-0.000441946
,,,-2.32785e-008,0.000441946
,,,-2.28785e-008,0.000883892
,,,-2.24785e-008,-0.000441946
,,,-2.20785e-008,0.000220973
,,,-2.16785e-008,0.000662919
,,,-2.12785e-008,0.000441946
,,,-2.08785e-008,0
,,,-2.04785e-008,0.000220973
,,,-2.00785e-008,0.000441946
,,,-1.96785e-008,-0.000220973
,,,-1.92785e-008,0.000220973
,,,-1.88785e-008,0.000220973
,,,-1.84785e-008,0
,,,-1.80785e-008,-0.000441946
,,,-1.76785e-008,-0.000220973
,,,-1.72785e-008,-0.000441946
,,,-1.68785e-008,0.000441946
,,,-1.64785e-008,0.000662919
,,,-1.60785e-008,0.000441946
,,,-1.56785e-008,0.000220973
,,,-1.52785e-008,0
,,,-1.48785e-008,-0.000441946
,,,-1.44785e-008,0.000220973
,,,-1.40785e-008,0.000441946
,,,-1.36785e-008,-0.000220973
,,,-1.32785e-008,0.000220973
,,,-1.28785e-008,-0.000441946
,,,-1.24785e-008,-0.000220973
,,,-1.20785e-008,0
,,,-1.16785e-008,0.000220973
,,,-1.12785e-008,0.000441946
,,,-1.08785e-008,-0.000220973
,,,-1.04785e-008,-0.000220973
,,,-1.00785e-008,-0.000441946
,,,-9.6785e-009,0.000220973
,,,-9.2785e-009,-0.000441946
,,,-8.8785e-009,0.000441946
,,,-8.4785e-009,0.000220973
,,,-8.0785e-009,0.000220973
,,,-7.6785e-009,0
,,,-7.2785e-009,0.000220973
,,,-6.8785e-009,0.000662919
,,,-6.4785e-009,0
,,,-6.0785e-009,0
,,,-5.6785e-009,0.000883892
,,,-5.2785e-009,0.000220973
,,,-4.8785e-009,0.000662919
,,,-4.4785e-009,0
,,,-4.0785e-009,0.000220973
,,,-3.6785e-009,0
,,,-3.2785e-009,-0.000441946
,,,-2.8785e-009,-0.000220973
,,,-2.4785e-009,0
,,,-2.0785e-009,0
,,,-1.6785e-009,0.000441946
,,,-1.2785e-009,0.000441946
,,,-8.78501e-010,0.000220973
,,,-4.78501e-010,0.000662919
,,,-7.85008e-011,0.000220973
,,,3.21499e-010,-0.000441946
,,,7.21499e-010,0
,,,1.1215e-009,-0.000220973
,,,1.5215e-009,0
,,,1.9215e-009,0.000441946
,,,2.3215e-009,0.000662919
,,,2.7215e-009,-0.000220973
,,,3.1215e-009,-0.000220973
,,,3.5215e-009,0
,,,3.9215e-009,0
,,,4.3215e-009,-0.000220973
,,,4.7215e-009,-0.000220973
,,,5.1215e-009,0.000441946
,,,5.5215e-009,0.000220973
,,,5.9215e-009,-0.000220973
,,,6.3215e-009,0.000441946
,,,6.7215e-009,-0.000220973
,,,7.1215e-009,0.000220973
,,,7.5215e-009,0.000220973
,,,7.9215e-009,0.000662919
,,,8.3215e-009,-0.000220973
,,,8.7215e-009,0.000220973
,,,9.1215e-009,0.000220973
,,,9.5215e-009,0.000220973
,,,9.9215e-009,0
,,,1.03215e-008,0.000662919
,,,1.07215e-008,0.000662919
,,,1.11215e-008,0.000220973
,,,1.15215e-008,-0.000220973
,,,1.19215e-008,0.000441946
,,,1.23215e-008,0.000220973
,,,1.27215e-008,0.000220973
,,,1.31215e-008,0.000662919
,,,1.35215e-008,0
,,,1.39215e-008,0.000441946
,,,1.43215e-008,0.000883892
,,,1.47215e-008,0.000220973
,,,1.51215e-008,-0.000220973
,,,1.55215e-008,0.000220973
,,,1.59215e-008,0
,,,1.63215e-008,0
,,,1.67215e-008,0.000441946
,,,1.71215e-008,0.000662919
,,,1.75215e-008,0.000220973
,,,1.79215e-008,0.000883892
,,,1.83215e-008,0.000220973
,,,1.87215e-008,0.000220973
,,,1.91215e-008,0.000220973
,,,1.95215e-008,0.000220973
,,,1.99215e-008,-0.000220973
,,,2.03215e-008,0
,,,2.07215e-008,0.000220973
,,,2.11215e-008,0.000220973
,,,2.15215e-008,0
,,,2.19215e-008,0.000220973
,,,2.23215e-008,0.000662919
,,,2.27215e-008,0.000662919
,,,2.31215e-008,0.000220973
,,,2.35215e-008,0
,,,2.39215e-008,-0.000220973
,,,2.43215e-008,-0.000220973
,,,2.47215e-008,0.000220973
,,,2.51215e-008,0.000441946
,,,2.55215e-008,0.000662919
,,,2.59215e-008,0.000220973
,,,2.63215e-008,0.000662919
,,,2.67215e-008,0.000220973
,,,2.71215e-008,0.000220973
,,,2.75215e-008,0.000220973
,,,2.79215e-008,0.000220973
,,,2.83215e-008,0
,,,2.87215e-008,0
,,,2.91215e-008,-0.000441946
,,,2.95215e-008,-0.000220973
,,,2.99215e-008,-0.000662919
,,,3.03215e-008,0.000220973
,,,3.07215e-008,0
,,,3.11215e-008,0.000220973
,,,3.15215e-008,0.000441946
,,,3.19215e-008,0
,,,3.23215e-008,0.000441946
,,,3.27215e-008,0.000883892
,,,3.31215e-008,-0.000441946
,,,3.35215e-008,0
,,,3.39215e-008,-0.000220973
,,,3.43215e-008,0.000220973
,,,3.47215e-008,0.000662919
,,,3.51215e-008,0.000441946
,,,3.55215e-008,0.000441946
,,,3.59215e-008,0.000883892
,,,3.63215e-008,0.000441946
,,,3.67215e-008,-0.000220973
,,,3.71215e-008,-0.000220973
,,,3.75215e-008,0.000883892
,,,3.79215e-008,-0.000220973
,,,3.83215e-008,-0.000441946
,,,3.87215e-008,0
,,,3.91215e-008,0.000441946
,,,3.95215e-008,0.000883892
,,,3.99215e-008,0
,,,4.03215e-008,-0.000662919
,,,4.07215e-008,0.000662919
,,,4.11215e-008,-0.000220973
,,,4.15215e-008,-0.000220973
,,,4.19215e-008,0
,,,4.23215e-008,0.000220973
,,,4.27215e-008,0.000220973
,,,4.31215e-008,0.000662919
,,,4.35215e-008,0.000220973
,,,4.39215e-008,-0.000220973
,,,4.43215e-008,-0.000220973
,,,4.47215e-008,0.000220973
,,,4.51215e-008,-0.000662919
,,,4.55215e-008,-0.000220973
,,,4.59215e-008,0.000441946
,,,4.63215e-008,0.000662919
,,,4.67215e-008,0.000220973
,,,4.71215e-008,-0.000220973
,,,4.75215e-008,-0.000662919
,,,4.79215e-008,-0.000441946
,,,4.83215e-008,0
,,,4.87215e-008,0.000441946
,,,4.91215e-008,0.000883892
,,,4.95215e-008,0.00110486
,,,4.99215e-008,0.000220973
,,,5.03215e-008,0.000441946
,,,5.07215e-008,0.00110486
,,,5.11215e-008,0.000662919
,,,5.15215e-008,0.000441946
,,,5.19215e-008,-0.000441946
,,,5.23215e-008,-0.000220973
,,,5.27215e-008,0
,,,5.31215e-008,0
,,,5.35215e-008,-0.000220973
,,,5.39215e-008,-0.000220973
,,,5.43215e-008,0
,,,5.47215e-008,0.000441946
,,,5.51215e-008,0.000441946
,,,5.55215e-008,-0.000220973
,,,5.59215e-008,-0.000220973
,,,5.63215e-008,0.000441946
,,,5.67215e-008,0.000441946
,,,5.71215e-008,0
,,,5.75215e-008,0
,,,5.79215e-008,-0.000220973
,,,5.83215e-008,0.000441946
,,,5.87215e-008,0.000883892
,,,5.91215e-008,0.000441946
,,,5.95215e-008,0.000220973
,,,5.99215e-008,0
,,,6.03215e-008,-0.000220973
,,,6.07215e-008,-0.000883892
,,,6.11215e-008,0.000220973
,,,6.15215e-008,-0.000220973
,,,6.19215e-008,0
,,,6.23215e-008,0.000220973
,,,6.27215e-008,-0.000220973
,,,6.31215e-008,0.000220973
,,,6.35215e-008,-0.000441946
,,,6.39215e-008,-0.000220973
,,,6.43215e-008,-0.000441946
,,,6.47215e-008,0.000220973
,,,6.51215e-008,0
,,,6.55215e-008,0.000220973
,,,6.59215e-008,0.00132584
,,,6.63215e-008,0.000883892
,,,6.67215e-008,0
,,,6.71215e-008,0
,,,6.75215e-008,0.000220973
,,,6.79215e-008,0.000662919
,,,6.83215e-008,0.000220973
,,,6.87215e-008,-0.000220973
,,,6.91215e-008,0.000662919
,,,6.95215e-008,0
,,,6.99215e-008,0
,,,7.03215e-008,0.000220973
,,,7.07215e-008,0.000441946
,,,7.11215e-008,0.000662919
,,,7.15215e-008,0
,,,7.19215e-008,-0.000220973
,,,7.23215e-008,-0.000220973
,,,7.27215e-008,0.000220973
,,,7.31215e-008,0.000662919
,,,7.35215e-008,0.000441946
,,,7.39215e-008,0.000441946
,,,7.43215e-008,0.00110486
,,,7.47215e-008,0
,,,7.51215e-008,0.000441946
,,,7.55215e-008,0.000220973
,,,7.59215e-008,0
,,,7.63215e-008,0.000441946
,,,7.67215e-008,0.000220973
,,,7.71215e-008,0
,,,7.75215e-008,0
,,,7.79215e-008,0
,,,7.83215e-008,0.000441946
,,,7.87215e-008,0
,,,7.91215e-008,0.000220973
,,,7.95215e-008,0.000883892
,,,7.99215e-008,0.000220973
,,,8.03215e-008,0.000441946
,,,8.07215e-008,0.00110486
,,,8.11215e-008,0.000441946
,,,8.15215e-008,0.000662919
,,,8.19215e-008,0.000220973
,,,8.23215e-008,0.000441946
,,,8.27215e-008,0.000220973
,,,8.31215e-008,0
,,,8.35215e-008,0.000220973
,,,8.39215e-008,0.000220973
,,,8.43215e-008,0.000220973
,,,8.47215e-008,0.000441946
,,,8.51215e-008,0.00110486
,,,8.55215e-008,-0.000441946
,,,8.59215e-008,0.000441946
,,,8.63215e-008,0
,,,8.67215e-008,-0.000220973
,,,8.71215e-008,0.000662919
,,,8.75215e-008,0.00110486
,,,8.79215e-008,0.000662919
,,,8.83215e-008,0.000220973
,,,8.87215e-008,0.00110486
,,,8.91215e-008,-0.000441946
,,,8.95215e-008,0.000220973
,,,8.99215e-008,0.000220973
,,,9.03215e-008,0.000220973
,,,9.07215e-008,0.000220973
,,,9.11215e-008,0.000220973
,,,9.15215e-008,0.000220973
,,,9.19215e-008,0.000441946
,,,9.23215e-008,0.000220973
,,,9.27215e-008,0
,,,9.31215e-008,0.000441946
,,,9.35215e-008,0.00154681
,,,9.39215e-008,0.000441946
,,,9.43215e-008,0.00154681
,,,9.47215e-008,0.00176778
,,,9.51215e-008,0.00220973
,,,9.55215e-008,0.00464043
,,,9.59215e-008,0.00486141
,,,9.63215e-008,0.00618724
,,,9.67215e-008,0.00640822
,,,9.71215e-008,0.00773405
,,,9.75215e-008,0.00950184
,,,9.79215e-008,0.0106067
,,,9.83215e-008,0.0130374
,,,9.87215e-008,0.0121535
,,,9.91215e-008,0.0141423
,,,9.95215e-008,0.0132584
,,,9.99215e-008,0.0143632
,,,1.00321e-007,0.0145842
,,,1.00721e-007,0.0156891
,,,1.01121e-007,0.016131
,,,1.01521e-007,0.0159101
,,,1.01921e-007,0.016573
,,,1.02321e-007,0.016573
,,,1.02721e-007,0.016573
,,,1.03121e-007,0.0176778
,,,1.03521e-007,0.0172359
,,,1.03921e-007,0.0181198
,,,1.04321e-007,0.0172359
,,,1.04721e-007,0.0176778
,,,1.05121e-007,0.0172359
,,,1.05521e-007,0.0167939
,,,1.05921e-007,0.0170149
,,,1.06321e-007,0.0181198
,,,1.06721e-007,0.0183408
,,,1.07121e-007,0.0174569
,,,1.07521e-007,0.0170149
,,,1.07921e-007,0.0176778
,,,1.08321e-007,0.0176778
,,,1.08721e-007,0.0181198
,,,1.09121e-007,0.0181198
,,,1.09521e-007,0.0178988
,,,1.09921e-007,0.0172359
,,,1.10321e-007,0.0174569
,,,1.10721e-007,0.0172359
,,,1.11121e-007,0.0183408
,,,1.11521e-007,0.0176778
,,,1.11921e-007,0.0178988
,,,1.12321e-007,0.0181198
,,,1.12721e-007,0.0178988
,,,1.13121e-007,0.0181198
,,,1.13521e-007,0.0176778
,,,1.13921e-007,0.0174569
,,,1.14321e-007,0.0181198
,,,1.14721e-007,0.0181198
,,,1.15121e-007,0.0183408
,,,1.15521e-007,0.0183408
,,,1.15921e-007,0.0176778
,,,1.16321e-007,0.0172359
,,,1.16721e-007,0.0176778
,,,1.17121e-007,0.0176778
,,,1.17521e-007,0.0183408
,,,1.17921e-007,0.0172359
,,,1.18321e-007,0.0178988
,,,1.18721e-007,0.0183408
,,,1.19121e-007,0.0178988
,,,1.19521e-007,0.0172359
,,,1.19921e-007,0.0187827
,,,1.20321e-007,0.0185617
,,,1.20721e-007,0.0183408
,,,1.21121e-007,0.0176778
,,,1.21521e-007,0.0181198
,,,1.21921e-007,0.0187827
,,,1.22321e-007,0.0190037
,,,1.22721e-007,0.0185617
,,,1.23121e-007,0.0196666
,,,1.23521e-007,0.0194456
,,,1.23921e-007,0.0196666
,,,1.24321e-007,0.0194456
,,,1.24721e-007,0.0203295
,,,1.25121e-007,0.0198876
,,,1.25521e-007,0.0203295
,,,1.25921e-007,0.0201085
,,,1.26321e-007,0.0205505
,,,1.26721e-007,0.0212134
,,,1.27121e-007,0.0212134
,,,1.27521e-007,0.0201085
,,,1.27921e-007,0.0196666
,,,1.28321e-007,0.0198876
,,,1.28721e-007,0.0198876
,,,1.29121e-007,0.0194456
,,,1.29521e-007,0.0183408
,,,1.29921e-007,0.0190037
,,,1.30321e-007,0.0187827
,,,1.30721e-007,0.0192246
,,,1.31121e-007,0.0194456
,,,1.31521e-007,0.0181198
,,,1.31921e-007,0.0174569
,,,1.32321e-007,0.0172359
,,,1.32721e-007,0.0167939
,,,1.33121e-007,0.0172359
,,,1.33521e-007,0.016573
,,,1.33921e-007,0.0167939
,,,1.34321e-007,0.0167939
,,,1.34721e-007,0.0170149
,,,1.35121e-007,0.0174569
,,,1.35521e-007,0.016573
,,,1.35921e-007,0.0167939
,,,1.36321e-007,0.016573
,,,1.36721e-007,0.016573
,,,1.37121e-007,0.016352
,,,1.37521e-007,0.016573
,,,1.37921e-007,0.016573
,,,1.38321e-007,0.016352
,,,1.38721e-007,0.016131
,,,1.39121e-007,0.0159101
,,,1.39521e-007,0.016131
,,,1.39921e-007,0.0154681
,,,1.40321e-007,0.016131
,,,1.40721e-007,0.016352
,,,1.41121e-007,0.0156891
,,,1.41521e-007,0.0152471
,,,1.41921e-007,0.0150262
,,,1.42321e-007,0.016131
,,,1.42721e-007,0.0150262
,,,1.43121e-007,0.0150262
,,,1.43521e-007,0.0154681
,,,1.43921e-007,0.0154681
,,,1.44321e-007,0.0139213
,,,1.44721e-007,0.0152471
,,,1.45121e-007,0.0150262
,,,1.45521e-007,0.0150262
,,,1.45921e-007,0.0148052
,,,1.46321e-007,0.0150262
,,,1.46721e-007,0.0148052
,,,1.47121e-007,0.0150262
,,,1.47521e-007,0.0150262
,,,1.47921e-007,0.0145842
,,,1.48321e-007,0.0145842
,,,1.48721e-007,0.0143632
,,,1.49121e-007,0.0145842
,,,1.49521e-007,0.0148052
,,,1.49921e-007,0.0141423
,,,1.50321e-007,0.0143632
,,,1.50721e-007,0.0150262
,,,1.51121e-007,0.0143632
,,,1.51521e-007,0.0143632
,,,1.51921e-007,0.0141423
,,,1.52321e-007,0.0141423
,,,1.52721e-007,0.0148052
,,,1.53121e-007,0.0148052
,,,1.53521e-007,0.0139213
,,,1.53921e-007,0.0139213
,,,1.54321e-007,0.0139213
,,,1.54721e-007,0.0132584
,,,1.55121e-007,0.0137003
,,,1.55521e-007,0.0128164
,,,1.55921e-007,0.0123745
,,,1.56321e-007,0.0123745
,,,1.56721e-007,0.0123745
,,,1.57121e-007,0.0130374
,,,1.57521e-007,0.0117116
,,,1.57921e-007,0.0112696
,,,1.58321e-007,0.0114906
,,,1.58721e-007,0.0121535
,,,1.59121e-007,0.0128164
,,,1.59521e-007,0.0130374
,,,1.59921e-007,0.0121535
,,,1.60321e-007,0.0119325
,,,1.60721e-007,0.0121535
,,,1.61121e-007,0.0119325
,,,1.61521e-007,0.0119325
,,,1.61921e-007,0.0128164
,,,1.62321e-007,0.0125955
,,,1.62721e-007,0.0119325
,,,1.63121e-007,0.0121535
,,,1.63521e-007,0.0123745
,,,1.63921e-007,0.0119325
,,,1.64321e-007,0.0114906
,,,1.64721e-007,0.0125955
,,,1.65121e-007,0.0121535
,,,1.65521e-007,0.0128164
,,,1.65921e-007,0.0123745
,,,1.66321e-007,0.0119325
,,,1.66721e-007,0.0121535
,,,1.67121e-007,0.0128164
,,,1.67521e-007,0.0125955
,,,1.67921e-007,0.0121535
,,,1.68321e-007,0.0119325
,,,1.68721e-007,0.0130374
,,,1.69121e-007,0.0130374
,,,1.69521e-007,0.0117116
,,,1.69921e-007,0.0117116
,,,1.70321e-007,0.0123745
,,,1.70721e-007,0.0123745
,,,1.71121e-007,0.0132584
,,,1.71521e-007,0.0123745
,,,1.71921e-007,0.0123745
,,,1.72321e-007,0.0123745
,,,1.72721e-007,0.0121535
,,,1.73121e-007,0.0119325
,,,1.73521e-007,0.0121535
,,,1.73921e-007,0.0119325
,,,1.74321e-007,0.0123745
,,,1.74721e-007,0.0121535
,,,1.75121e-007,0.0119325
,,,1.75521e-007,0.0125955
,,,1.75921e-007,0.0125955
,,,1.76321e-007,0.0123745
,,,1.76721e-007,0.0123745
,,,1.77121e-007,0.0125955
,,,1.77521e-007,0.0125955
,,,1.77921e-007,0.0123745
,,,1.78321e-007,0.0128164
,,,1.78721e-007,0.0125955
,,,1.79121e-007,0.0132584
,,,1.79521e-007,0.0128164
,,,1.79921e-007,0.0125955
,,,1.80321e-007,0.0125955
,,,1.80721e-007,0.0130374
,,,1.81121e-007,0.0119325
,,,1.81521e-007,0.0114906
,,,1.81921e-007,0.0119325
,,,1.82321e-007,0.0119325
,,,1.82721e-007,0.0121535
,,,1.83121e-007,0.0123745
,,,1.83521e-007,0.0117116
,,,1.83921e-007,0.0121535
,,,1.84321e-007,0.0119325
,,,1.84721e-007,0.0121535
,,,1.85121e-007,0.0125955
,,,1.85521e-007,0.0121535
,,,1.85921e-007,0.0123745
,,,1.86321e-007,0.0125955
,,,1.86721e-007,0.0117116
,,,1.87121e-007,0.0125955
,,,1.87521e-007,0.0125955
,,,1.87921e-007,0.0132584
,,,1.88321e-007,0.0130374
,,,1.88721e-007,0.0125955
,,,1.89121e-007,0.0128164
,,,1.89521e-007,0.0125955
,,,1.89921e-007,0.0125955
,,,1.90321e-007,0.0125955
,,,1.90721e-007,0.0125955
,,,1.91121e-007,0.0139213
,,,1.91521e-007,0.0134794
,,,1.91921e-007,0.0134794
,,,1.92321e-007,0.0137003
,,,1.92721e-007,0.0134794
,,,1.93121e-007,0.0130374
,,,1.93521e-007,0.0134794
,,,1.93921e-007,0.0130374
,,,1.94321e-007,0.0132584
,,,1.94721e-007,0.0139213
,,,1.95121e-007,0.0134794
,,,1.95521e-007,0.0132584
,,,1.95921e-007,0.0134794
,,,1.96321e-007,0.0134794
,,,1.96721e-007,0.0125955
,,,1.97121e-007,0.0121535
,,,1.97521e-007,0.0128164
,,,1.97921e-007,0.0130374
,,,1.98321e-007,0.0134794
,,,1.98721e-007,0.0121535
,,,1.99121e-007,0.0123745
,,,1.99521e-007,0.0134794
,,,1.99921e-007,0.0128164
,,,2.00321e-007,0.0121535
,,,2.00721e-007,0.0130374
,,,2.01121e-007,0.0128164
,,,2.01521e-007,0.0123745
,,,2.01921e-007,0.0128164
,,,2.02321e-007,0.0121535
,,,2.02721e-007,0.0125955
,,,2.03121e-007,0.0121535
,,,2.03521e-007,0.0114906
,,,2.03921e-007,0.0119325
,,,2.04321e-007,0.0114906
,,,2.04721e-007,0.0106067
,,,2.05121e-007,0.0110486
,,,2.05521e-007,0.0108277
,,,2.05921e-007,0.0112696
,,,2.06321e-007,0.0112696
,,,2.06721e-007,0.0106067
,,,2.07121e-007,0.00972281
,,,2.07521e-007,0.00994378
,,,2.07921e-007,0.0106067
,,,2.08321e-007,0.00950184
,,,2.08721e-007,0.00905989
,,,2.09121e-007,0.00905989
,,,2.09521e-007,0.00861795
,,,2.09921e-007,0.00883892
,,,2.10321e-007,0.00795503
,,,2.10721e-007,0.00773405
,,,2.11121e-007,0.00751308
,,,2.11521e-007,0.00640822
,,,2.11921e-007,0.00640822
,,,2.12321e-007,0.00618724
,,,2.12721e-007,0.00508238
,,,2.13121e-007,0.00530335
,,,2.13521e-007,0.00552432
,,,2.13921e-007,0.00486141
,,,2.14321e-007,0.00486141
,,,2.14721e-007,0.00419849
,,,2.15121e-007,0.00375654
,,,2.15521e-007,0.00375654
,,,2.15921e-007,0.00397751
,,,2.16321e-007,0.00309362
,,,2.16721e-007,0.00331459
,,,2.17121e-007,0.00265168
,,,2.17521e-007,0.0024307
,,,2.17921e-007,0.00198876
,,,2.18321e-007,0.00309362
,,,2.18721e-007,0.00198876
,,,2.19121e-007,0.00265168
,,,2.19521e-007,0.00132584
,,,2.19921e-007,0.00220973
,,,2.20321e-007,0.00176778
,,,2.20721e-007,0.00220973
,,,2.21121e-007,0.00176778
,,,2.21521e-007,0.00154681
,,,2.21921e-007,0.00154681
,,,2.22321e-007,0.00110486
,,,2.22721e-007,0.00176778
,,,2.23121e-007,0.00176778
,,,2.23521e-007,0.00110486
,,,2.23921e-007,0.00110486
,,,2.24321e-007,0.00110486
,,,2.24721e-007,0.00198876
,,,2.25121e-007,0.000883892
,,,2.25521e-007,0.000883892
,,,2.25921e-007,0.00176778
,,,2.26321e-007,0.000883892
,,,2.26721e-007,0.000883892
,,,2.27121e-007,0.000220973
,,,2.27521e-007,0.000662919
,,,2.27921e-007,0.00110486
,,,2.28321e-007,0.000441946
,,,2.28721e-007,0.000441946
,,,2.29121e-007,0.000662919
,,,2.29521e-007,0
,,,2.29921e-007,0.000441946
,,,2.30321e-007,0.000220973
,,,2.30721e-007,0.000220973
,,,2.31121e-007,0.000883892
,,,2.31521e-007,0.000883892
,,,2.31921e-007,0.000662919
,,,2.32321e-007,0.000220973
,,,2.32721e-007,0.00132584
,,,2.33121e-007,0.000441946
,,,2.33521e-007,0
,,,2.33921e-007,0.000441946
,,,2.34321e-007,0.000441946
,,,2.34721e-007,0.000220973
,,,2.35121e-007,0.000662919
,,,2.35521e-007,0.000883892
,,,2.35921e-007,0
,,,2.36321e-007,-0.000662919
,,,2.36721e-007,-0.000441946
,,,2.37121e-007,0.000441946
,,,2.37521e-007,-0.000441946
,,,2.37921e-007,0.000441946
,,,2.38321e-007,0.000220973
,,,2.38721e-007,-0.000883892
,,,2.39121e-007,0
,,,2.39521e-007,0
,,,2.39921e-007,-0.000220973
,,,2.40321e-007,-0.000662919
,,,2.40721e-007,0.000441946
,,,2.41121e-007,0.000441946
,,,2.41521e-007,-0.000662919
,,,2.41921e-007,-0.000220973
,,,2.42321e-007,0.000220973
,,,2.42721e-007,0
,,,2.43121e-007,0
,,,2.43521e-007,-0.000662919
,,,2.43921e-007,-0.00110486
,,,2.44321e-007,-0.000441946
,,,2.44721e-007,0.000662919
,,,2.45121e-007,-0.000220973
,,,2.45521e-007,0
,,,2.45921e-007,0
,,,2.46321e-007,-0.000441946
,,,2.46721e-007,-0.000220973
,,,2.47121e-007,-0.000220973
,,,2.47521e-007,0
,,,2.47921e-007,-0.000220973
,,,2.48321e-007,-0.000441946
,,,2.48721e-007,0.000220973
,,,2.49121e-007,0
,,,2.49521e-007,-0.000220973
,,,2.49921e-007,0
,,,2.50321e-007,0.000220973
