"Record Length",1252,"Points",-2.50157e-007,0.000662919
"Sample Interval",4e-010,s,-2.49757e-007,0
"Trigger Point",625,"Samples",-2.49357e-007,0.000220973
"Trigger Time",0.392203,s,-2.48957e-007,0.000220973
,,,-2.48557e-007,-0.000662919
"Horizontal Offset",-2.50157e-007,s,-2.48157e-007,-0.000220973
,,,-2.47757e-007,0.000220973
,,,-2.47357e-007,-0.000220973
,,,-2.46957e-007,0.000662919
,,,-2.46557e-007,0
,,,-2.46157e-007,-0.000441946
,,,-2.45757e-007,-0.000662919
,,,-2.45357e-007,0.000220973
,,,-2.44957e-007,0.000883892
,,,-2.44557e-007,0.000441946
,,,-2.44157e-007,-0.000220973
,,,-2.43757e-007,0
,,,-2.43357e-007,0.000441946
,,,-2.42957e-007,0.000441946
,,,-2.42557e-007,-0.000220973
,,,-2.42157e-007,-0.000883892
,,,-2.41757e-007,0
,,,-2.41357e-007,-0.000441946
,,,-2.40957e-007,-0.000883892
,,,-2.40557e-007,-0.000220973
,,,-2.40157e-007,-0.000441946
,,,-2.39757e-007,0
,,,-2.39357e-007,-0.000883892
,,,-2.38957e-007,0
,,,-2.38557e-007,0
,,,-2.38157e-007,-0.000662919
,,,-2.37757e-007,-0.000441946
,,,-2.37357e-007,-0.000441946
,,,-2.36957e-007,0.000441946
,,,-2.36557e-007,0
,,,-2.36157e-007,-0.000220973
,,,-2.35757e-007,0.000441946
,,,-2.35357e-007,0
,,,-2.34957e-007,0
,,,-2.34557e-007,0
,,,-2.34157e-007,-0.000220973
,,,-2.33757e-007,-0.000220973
,,,-2.33357e-007,0
,,,-2.32957e-007,-0.000220973
,,,-2.32557e-007,0.000220973
,,,-2.32157e-007,-0.000883892
,,,-2.31757e-007,-0.000441946
,,,-2.31357e-007,-0.000441946
,,,-2.30957e-007,0
,,,-2.30557e-007,0.000220973
,,,-2.30157e-007,0.000220973
,,,-2.29757e-007,-0.000220973
,,,-2.29357e-007,0
,,,-2.28957e-007,0
,,,-2.28557e-007,0.000662919
,,,-2.28157e-007,-0.000220973
,,,-2.27757e-007,0
,,,-2.27357e-007,-0.000220973
,,,-2.26957e-007,0
,,,-2.26557e-007,-0.000441946
,,,-2.26157e-007,-0.000662919
,,,-2.25757e-007,0.000662919
,,,-2.25357e-007,0.000441946
,,,-2.24957e-007,0.000662919
,,,-2.24557e-007,-0.000441946
,,,-2.24157e-007,0.000220973
,,,-2.23757e-007,-0.000220973
,,,-2.23357e-007,0
,,,-2.22957e-007,-0.000220973
,,,-2.22557e-007,0
,,,-2.22157e-007,-0.000441946
,,,-2.21757e-007,-0.000441946
,,,-2.21357e-007,-0.000220973
,,,-2.20957e-007,0.000441946
,,,-2.20557e-007,0.000441946
,,,-2.20157e-007,-0.000220973
,,,-2.19757e-007,-0.000441946
,,,-2.19357e-007,-0.000220973
,,,-2.18957e-007,0.000441946
,,,-2.18557e-007,0
,,,-2.18157e-007,0.000441946
,,,-2.17757e-007,0.000441946
,,,-2.17357e-007,-0.000441946
,,,-2.16957e-007,-0.000441946
,,,-2.16557e-007,0
,,,-2.16157e-007,-0.000441946
,,,-2.15757e-007,0.000220973
,,,-2.15357e-007,-0.000441946
,,,-2.14957e-007,-0.000441946
,,,-2.14557e-007,0.000441946
,,,-2.14157e-007,0.000662919
,,,-2.13757e-007,-0.000220973
,,,-2.13357e-007,0
,,,-2.12957e-007,0.000883892
,,,-2.12557e-007,0.000220973
,,,-2.12157e-007,0.000220973
,,,-2.11757e-007,0.000441946
,,,-2.11357e-007,0.000441946
,,,-2.10957e-007,0.000220973
,,,-2.10557e-007,0.000220973
,,,-2.10157e-007,-0.000220973
,,,-2.09757e-007,0.000662919
,,,-2.09357e-007,0.000441946
,,,-2.08957e-007,-0.000662919
,,,-2.08557e-007,-0.000441946
,,,-2.08157e-007,0
,,,-2.07757e-007,-0.000441946
,,,-2.07357e-007,0
,,,-2.06957e-007,0
,,,-2.06557e-007,0.000441946
,,,-2.06157e-007,0.000220973
,,,-2.05757e-007,-0.000441946
,,,-2.05357e-007,0
,,,-2.04957e-007,0
,,,-2.04557e-007,0
,,,-2.04157e-007,0.000220973
,,,-2.03757e-007,0.000441946
,,,-2.03357e-007,0
,,,-2.02957e-007,0
,,,-2.02557e-007,-0.000441946
,,,-2.02157e-007,-0.000220973
,,,-2.01757e-007,0
,,,-2.01357e-007,0
,,,-2.00957e-007,0.000441946
,,,-2.00557e-007,-0.000441946
,,,-2.00157e-007,-0.000220973
,,,-1.99757e-007,0.000662919
,,,-1.99357e-007,0
,,,-1.98957e-007,0
,,,-1.98557e-007,0.000220973
,,,-1.98157e-007,0.000220973
,,,-1.97757e-007,0
,,,-1.97357e-007,-0.000662919
,,,-1.96957e-007,-0.000441946
,,,-1.96557e-007,0.000441946
,,,-1.96157e-007,-0.000220973
,,,-1.95757e-007,0
,,,-1.95357e-007,0.000441946
,,,-1.94957e-007,0.000220973
,,,-1.94557e-007,0.000220973
,,,-1.94157e-007,0.000220973
,,,-1.93757e-007,0
,,,-1.93357e-007,-0.000662919
,,,-1.92957e-007,-0.000662919
,,,-1.92557e-007,0
,,,-1.92157e-007,-0.000662919
,,,-1.91757e-007,-0.000220973
,,,-1.91357e-007,0
,,,-1.90957e-007,0.000441946
,,,-1.90557e-007,0.000662919
,,,-1.90157e-007,0
,,,-1.89757e-007,-0.000441946
,,,-1.89357e-007,0
,,,-1.88957e-007,0.000220973
,,,-1.88557e-007,-0.000220973
,,,-1.88157e-007,0.000441946
,,,-1.87757e-007,0.000220973
,,,-1.87357e-007,0.000441946
,,,-1.86957e-007,0.000662919
,,,-1.86557e-007,0.000220973
,,,-1.86157e-007,-0.000220973
,,,-1.85757e-007,-0.000441946
,,,-1.85357e-007,-0.000441946
,,,-1.84957e-007,-0.000220973
,,,-1.84557e-007,-0.000441946
,,,-1.84157e-007,-0.000441946
,,,-1.83757e-007,-0.000220973
,,,-1.83357e-007,0.000441946
,,,-1.82957e-007,0.000441946
,,,-1.82557e-007,0.000220973
,,,-1.82157e-007,0.000220973
,,,-1.81757e-007,-0.000220973
,,,-1.81357e-007,0
,,,-1.80957e-007,0
,,,-1.80557e-007,0.000662919
,,,-1.80157e-007,-0.000220973
,,,-1.79757e-007,-0.000220973
,,,-1.79357e-007,-0.000441946
,,,-1.78957e-007,0.000220973
,,,-1.78557e-007,-0.000220973
,,,-1.78157e-007,-0.000220973
,,,-1.77757e-007,-0.000441946
,,,-1.77357e-007,-0.000441946
,,,-1.76957e-007,0
,,,-1.76557e-007,0.000220973
,,,-1.76157e-007,0
,,,-1.75757e-007,-0.000441946
,,,-1.75357e-007,-0.000441946
,,,-1.74957e-007,0
,,,-1.74557e-007,0.000220973
,,,-1.74157e-007,0.000220973
,,,-1.73757e-007,0.000220973
,,,-1.73357e-007,0.000220973
,,,-1.72957e-007,-0.000441946
,,,-1.72557e-007,0.000662919
,,,-1.72157e-007,0
,,,-1.71757e-007,0
,,,-1.71357e-007,-0.000220973
,,,-1.70957e-007,0.000883892
,,,-1.70557e-007,-0.000441946
,,,-1.70157e-007,0
,,,-1.69757e-007,-0.000220973
,,,-1.69357e-007,-0.000220973
,,,-1.68957e-007,-0.000441946
,,,-1.68557e-007,0
,,,-1.68157e-007,0.000220973
,,,-1.67757e-007,0.000441946
,,,-1.67357e-007,-0.000220973
,,,-1.66957e-007,0.000220973
,,,-1.66557e-007,0.000441946
,,,-1.66157e-007,-0.000220973
,,,-1.65757e-007,-0.000441946
,,,-1.65357e-007,0
,,,-1.64957e-007,0
,,,-1.64557e-007,-0.000441946
,,,-1.64157e-007,0
,,,-1.63757e-007,0
,,,-1.63357e-007,-0.000220973
,,,-1.62957e-007,0.000220973
,,,-1.62557e-007,-0.000220973
,,,-1.62157e-007,-0.000220973
,,,-1.61757e-007,-0.000220973
,,,-1.61357e-007,0
,,,-1.60957e-007,-0.000441946
,,,-1.60557e-007,-0.000220973
,,,-1.60157e-007,-0.000662919
,,,-1.59757e-007,0
,,,-1.59357e-007,0
,,,-1.58957e-007,0.000662919
,,,-1.58557e-007,-0.000441946
,,,-1.58157e-007,-0.000441946
,,,-1.57757e-007,-0.000220973
,,,-1.57357e-007,0
,,,-1.56957e-007,0.000220973
,,,-1.56557e-007,-0.000662919
,,,-1.56157e-007,0
,,,-1.55757e-007,-0.000220973
,,,-1.55357e-007,-0.000220973
,,,-1.54957e-007,-0.000441946
,,,-1.54557e-007,-0.000441946
,,,-1.54157e-007,-0.000662919
,,,-1.53757e-007,0.000220973
,,,-1.53357e-007,-0.000220973
,,,-1.52957e-007,0
,,,-1.52557e-007,-0.000662919
,,,-1.52157e-007,-0.000441946
,,,-1.51757e-007,-0.000441946
,,,-1.51357e-007,0
,,,-1.50957e-007,-0.000220973
,,,-1.50557e-007,0.000441946
,,,-1.50157e-007,0.000220973
,,,-1.49757e-007,-0.000441946
,,,-1.49357e-007,-0.000441946
,,,-1.48957e-007,-0.000441946
,,,-1.48557e-007,-0.000220973
,,,-1.48157e-007,-0.000441946
,,,-1.47757e-007,-0.000883892
,,,-1.47357e-007,-0.000662919
,,,-1.46957e-007,0.000441946
,,,-1.46557e-007,0.000220973
,,,-1.46157e-007,-0.000220973
,,,-1.45757e-007,-0.000441946
,,,-1.45357e-007,0
,,,-1.44957e-007,-0.000220973
,,,-1.44557e-007,0.000220973
,,,-1.44157e-007,-0.000220973
,,,-1.43757e-007,0.000220973
,,,-1.43357e-007,-0.000220973
,,,-1.42957e-007,0
,,,-1.42557e-007,0.000220973
,,,-1.42157e-007,0.000441946
,,,-1.41757e-007,-0.000441946
,,,-1.41357e-007,0.000662919
,,,-1.40957e-007,0
,,,-1.40557e-007,0
,,,-1.40157e-007,-0.000441946
,,,-1.39757e-007,0.000220973
,,,-1.39357e-007,0.000220973
,,,-1.38957e-007,0.000220973
,,,-1.38557e-007,0
,,,-1.38157e-007,-0.000220973
,,,-1.37757e-007,0
,,,-1.37357e-007,-0.000441946
,,,-1.36957e-007,-0.000220973
,,,-1.36557e-007,0.000220973
,,,-1.36157e-007,0.000441946
,,,-1.35757e-007,0.000441946
,,,-1.35357e-007,-0.000662919
,,,-1.34957e-007,-0.000441946
,,,-1.34557e-007,0
,,,-1.34157e-007,-0.000220973
,,,-1.33757e-007,-0.000441946
,,,-1.33357e-007,0.000441946
,,,-1.32957e-007,0
,,,-1.32557e-007,0.000441946
,,,-1.32157e-007,0.000220973
,,,-1.31757e-007,0
,,,-1.31357e-007,0.000662919
,,,-1.30957e-007,0
,,,-1.30557e-007,-0.000441946
,,,-1.30157e-007,0.00110486
,,,-1.29757e-007,-0.000220973
,,,-1.29357e-007,0
,,,-1.28957e-007,-0.000220973
,,,-1.28557e-007,0
,,,-1.28157e-007,-0.000220973
,,,-1.27757e-007,-0.000220973
,,,-1.27357e-007,0
,,,-1.26957e-007,0.000441946
,,,-1.26557e-007,0
,,,-1.26157e-007,0
,,,-1.25757e-007,-0.000441946
,,,-1.25357e-007,0.000662919
,,,-1.24957e-007,0.000441946
,,,-1.24557e-007,-0.000662919
,,,-1.24157e-007,0.000441946
,,,-1.23757e-007,0.000220973
,,,-1.23357e-007,0.000662919
,,,-1.22957e-007,0.000883892
,,,-1.22557e-007,0
,,,-1.22157e-007,0.000220973
,,,-1.21757e-007,0.000220973
,,,-1.21357e-007,0
,,,-1.20957e-007,-0.000441946
,,,-1.20557e-007,0
,,,-1.20157e-007,0
,,,-1.19757e-007,0
,,,-1.19357e-007,0
,,,-1.18957e-007,0.000220973
,,,-1.18557e-007,0.000220973
,,,-1.18157e-007,0.000220973
,,,-1.17757e-007,0.000441946
,,,-1.17357e-007,0
,,,-1.16957e-007,0
,,,-1.16557e-007,0.000220973
,,,-1.16157e-007,0
,,,-1.15757e-007,-0.000220973
,,,-1.15357e-007,0.000441946
,,,-1.14957e-007,0.000220973
,,,-1.14557e-007,0.000441946
,,,-1.14157e-007,0.000220973
,,,-1.13757e-007,-0.000220973
,,,-1.13357e-007,0.000441946
,,,-1.12957e-007,-0.000220973
,,,-1.12557e-007,-0.000220973
,,,-1.12157e-007,-0.000662919
,,,-1.11757e-007,-0.000662919
,,,-1.11357e-007,-0.000220973
,,,-1.10957e-007,-0.000220973
,,,-1.10557e-007,0.000220973
,,,-1.10157e-007,0
,,,-1.09757e-007,0.000220973
,,,-1.09357e-007,0.000441946
,,,-1.08957e-007,0
,,,-1.08557e-007,0
,,,-1.08157e-007,0
,,,-1.07757e-007,-0.000441946
,,,-1.07357e-007,-0.000662919
,,,-1.06957e-007,0
,,,-1.06557e-007,-0.000441946
,,,-1.06157e-007,0.000441946
,,,-1.05757e-007,0.000220973
,,,-1.05357e-007,-0.000883892
,,,-1.04957e-007,-0.000220973
,,,-1.04557e-007,0
,,,-1.04157e-007,-0.000441946
,,,-1.03757e-007,-0.000220973
,,,-1.03357e-007,-0.000220973
,,,-1.02957e-007,0.000220973
,,,-1.02557e-007,0.000662919
,,,-1.02157e-007,-0.000220973
,,,-1.01757e-007,0.000441946
,,,-1.01357e-007,0.000441946
,,,-1.00957e-007,0.000220973
,,,-1.00557e-007,0
,,,-1.00157e-007,0
,,,-9.97569e-008,0
,,,-9.93569e-008,-0.000441946
,,,-9.89569e-008,0.000220973
,,,-9.85569e-008,-0.000441946
,,,-9.81569e-008,0
,,,-9.77569e-008,-0.000441946
,,,-9.73569e-008,-0.000441946
,,,-9.69569e-008,0
,,,-9.65569e-008,0.000662919
,,,-9.61569e-008,-0.000220973
,,,-9.57569e-008,0
,,,-9.53569e-008,0.000441946
,,,-9.49569e-008,-0.000220973
,,,-9.45569e-008,-0.000220973
,,,-9.41569e-008,0.000220973
,,,-9.37569e-008,0.000441946
,,,-9.33569e-008,0.000441946
,,,-9.29569e-008,-0.000441946
,,,-9.25569e-008,0
,,,-9.21569e-008,-0.000220973
,,,-9.17569e-008,0.000220973
,,,-9.13569e-008,0.000220973
,,,-9.09569e-008,0.000441946
,,,-9.05569e-008,0.000441946
,,,-9.01569e-008,-0.000441946
,,,-8.97569e-008,0
,,,-8.93569e-008,-0.000662919
,,,-8.89569e-008,0.000441946
,,,-8.85569e-008,-0.000441946
,,,-8.81569e-008,0
,,,-8.77569e-008,0
,,,-8.73569e-008,0.000220973
,,,-8.69569e-008,0.00110486
,,,-8.65569e-008,0.000220973
,,,-8.61569e-008,0.000441946
,,,-8.57569e-008,0
,,,-8.53569e-008,-0.000220973
,,,-8.49569e-008,-0.000441946
,,,-8.45569e-008,0
,,,-8.41569e-008,-0.000441946
,,,-8.37569e-008,0
,,,-8.33569e-008,-0.000441946
,,,-8.29569e-008,0.000220973
,,,-8.25569e-008,0
,,,-8.21569e-008,0.000220973
,,,-8.17569e-008,0
,,,-8.13569e-008,-0.000220973
,,,-8.09569e-008,0.000220973
,,,-8.05569e-008,0.000220973
,,,-8.01569e-008,0
,,,-7.97569e-008,0
,,,-7.93569e-008,-0.000883892
,,,-7.89569e-008,-0.000220973
,,,-7.85569e-008,-0.000441946
,,,-7.81569e-008,-0.000220973
,,,-7.77569e-008,-0.000441946
,,,-7.73569e-008,0.000220973
,,,-7.69569e-008,0.000220973
,,,-7.65569e-008,0.000220973
,,,-7.61569e-008,0.000220973
,,,-7.57569e-008,-0.000220973
,,,-7.53569e-008,0.000662919
,,,-7.49569e-008,0.000441946
,,,-7.45569e-008,-0.000441946
,,,-7.41569e-008,0.000220973
,,,-7.37569e-008,0.000220973
,,,-7.33569e-008,-0.000441946
,,,-7.29569e-008,-0.000220973
,,,-7.25569e-008,-0.000441946
,,,-7.21569e-008,-0.000883892
,,,-7.17569e-008,0
,,,-7.13569e-008,0.000662919
,,,-7.09569e-008,0
,,,-7.05569e-008,0
,,,-7.01569e-008,-0.000220973
,,,-6.97569e-008,-0.000441946
,,,-6.93569e-008,0.000220973
,,,-6.89569e-008,0.000662919
,,,-6.85569e-008,0.000220973
,,,-6.81569e-008,0.000220973
,,,-6.77569e-008,0
,,,-6.73569e-008,0
,,,-6.69569e-008,0.000220973
,,,-6.65569e-008,-0.000220973
,,,-6.61569e-008,-0.000662919
,,,-6.57569e-008,0
,,,-6.53569e-008,0.000220973
,,,-6.49569e-008,0.000220973
,,,-6.45569e-008,0
,,,-6.41569e-008,-0.000883892
,,,-6.37569e-008,-0.000441946
,,,-6.33569e-008,0
,,,-6.29569e-008,-0.000220973
,,,-6.25569e-008,0
,,,-6.21569e-008,0.000441946
,,,-6.17569e-008,-0.000220973
,,,-6.13569e-008,0.000662919
,,,-6.09569e-008,0
,,,-6.05569e-008,0.000662919
,,,-6.01569e-008,0
,,,-5.97569e-008,-0.000441946
,,,-5.93569e-008,0
,,,-5.89569e-008,0
,,,-5.85569e-008,0
,,,-5.81569e-008,0.00110486
,,,-5.77569e-008,-0.000662919
,,,-5.73569e-008,0
,,,-5.69569e-008,-0.000220973
,,,-5.65569e-008,-0.000220973
,,,-5.61569e-008,0.000220973
,,,-5.57569e-008,0.000220973
,,,-5.53569e-008,0.000441946
,,,-5.49569e-008,0.000220973
,,,-5.45569e-008,0.000441946
,,,-5.41569e-008,-0.000220973
,,,-5.37569e-008,-0.000441946
,,,-5.33569e-008,0.000220973
,,,-5.29569e-008,0
,,,-5.25569e-008,0.000220973
,,,-5.21569e-008,0.000441946
,,,-5.17569e-008,0
,,,-5.13569e-008,0
,,,-5.09569e-008,-0.000220973
,,,-5.05569e-008,0.000220973
,,,-5.01569e-008,0.000662919
,,,-4.97569e-008,-0.000220973
,,,-4.93569e-008,-0.000441946
,,,-4.89569e-008,0
,,,-4.85569e-008,-0.000220973
,,,-4.81569e-008,-0.000662919
,,,-4.77569e-008,0
,,,-4.73569e-008,-0.000441946
,,,-4.69569e-008,-0.000441946
,,,-4.65569e-008,-0.000220973
,,,-4.61569e-008,0
,,,-4.57569e-008,0.000220973
,,,-4.53569e-008,0
,,,-4.49569e-008,-0.000220973
,,,-4.45569e-008,-0.000220973
,,,-4.41569e-008,0.000441946
,,,-4.37569e-008,0.000662919
,,,-4.33569e-008,0.000220973
,,,-4.29569e-008,0.000220973
,,,-4.25569e-008,0
,,,-4.21569e-008,-0.000220973
,,,-4.17569e-008,0
,,,-4.13569e-008,0.000220973
,,,-4.09569e-008,0
,,,-4.05569e-008,0
,,,-4.01569e-008,0.000220973
,,,-3.97569e-008,-0.000441946
,,,-3.93569e-008,-0.000883892
,,,-3.89569e-008,-0.000220973
,,,-3.85569e-008,-0.000662919
,,,-3.81569e-008,0.000662919
,,,-3.77569e-008,-0.000662919
,,,-3.73569e-008,0.000441946
,,,-3.69569e-008,0
,,,-3.65569e-008,-0.000441946
,,,-3.61569e-008,0.000220973
,,,-3.57569e-008,0.000662919
,,,-3.53569e-008,0.000220973
,,,-3.49569e-008,0
,,,-3.45569e-008,-0.000441946
,,,-3.41569e-008,0
,,,-3.37569e-008,0.000441946
,,,-3.33569e-008,0.000662919
,,,-3.29569e-008,0.000220973
,,,-3.25569e-008,0
,,,-3.21569e-008,0.000220973
,,,-3.17569e-008,-0.000220973
,,,-3.13569e-008,0
,,,-3.09569e-008,0
,,,-3.05569e-008,0.000441946
,,,-3.01569e-008,0
,,,-2.97569e-008,-0.000662919
,,,-2.93569e-008,0.000220973
,,,-2.89569e-008,0.000220973
,,,-2.85569e-008,0.000220973
,,,-2.81569e-008,-0.000441946
,,,-2.77569e-008,-0.000441946
,,,-2.73569e-008,-0.000220973
,,,-2.69569e-008,0.000441946
,,,-2.65569e-008,0.000220973
,,,-2.61569e-008,0.000662919
,,,-2.57569e-008,-0.000220973
,,,-2.53569e-008,-0.000441946
,,,-2.49569e-008,-0.000220973
,,,-2.45569e-008,-0.000883892
,,,-2.41569e-008,0.000220973
,,,-2.37569e-008,0.000441946
,,,-2.33569e-008,0.000441946
,,,-2.29569e-008,0.000662919
,,,-2.25569e-008,0
,,,-2.21569e-008,0
,,,-2.17569e-008,-0.000441946
,,,-2.13569e-008,0.000220973
,,,-2.09569e-008,0.000220973
,,,-2.05569e-008,0.000441946
,,,-2.01569e-008,0.000220973
,,,-1.97569e-008,0.000441946
,,,-1.93569e-008,0.000441946
,,,-1.89569e-008,0
,,,-1.85569e-008,0.000220973
,,,-1.81569e-008,-0.000220973
,,,-1.77569e-008,-0.000220973
,,,-1.73569e-008,-0.000883892
,,,-1.69569e-008,-0.000441946
,,,-1.65569e-008,-0.000220973
,,,-1.61569e-008,-0.000220973
,,,-1.57569e-008,-0.000662919
,,,-1.53569e-008,-0.000441946
,,,-1.49569e-008,0.000220973
,,,-1.45569e-008,0.000441946
,,,-1.41569e-008,0.000441946
,,,-1.37569e-008,0
,,,-1.33569e-008,0.000662919
,,,-1.29569e-008,-0.000220973
,,,-1.25569e-008,0.000220973
,,,-1.21569e-008,0.000662919
,,,-1.17569e-008,0.000662919
,,,-1.13569e-008,0.000220973
,,,-1.09569e-008,-0.000662919
,,,-1.05569e-008,-0.000441946
,,,-1.01569e-008,-0.000220973
,,,-9.75688e-009,0
,,,-9.35688e-009,0
,,,-8.95688e-009,0
,,,-8.55688e-009,-0.00110486
,,,-8.15688e-009,-0.000662919
,,,-7.75688e-009,0
,,,-7.35688e-009,0.000220973
,,,-6.95688e-009,0.000220973
,,,-6.55688e-009,0.000441946
,,,-6.15688e-009,-0.000220973
,,,-5.75688e-009,0
,,,-5.35688e-009,0.000220973
,,,-4.95688e-009,0.000220973
,,,-4.55688e-009,-0.000662919
,,,-4.15688e-009,0
,,,-3.75688e-009,0.000220973
,,,-3.35688e-009,0.00110486
,,,-2.95688e-009,-0.000441946
,,,-2.55688e-009,-0.000662919
,,,-2.15688e-009,-0.000662919
,,,-1.75688e-009,-0.000220973
,,,-1.35688e-009,0.000220973
,,,-9.56881e-010,0
,,,-5.56881e-010,-0.000220973
,,,-1.56881e-010,-0.000441946
,,,2.43119e-010,-0.000220973
,,,6.43119e-010,-0.000220973
,,,1.04312e-009,0
,,,1.44312e-009,-0.000220973
,,,1.84312e-009,0
,,,2.24312e-009,-0.000883892
,,,2.64312e-009,0.000220973
,,,3.04312e-009,0
,,,3.44312e-009,0.000220973
,,,3.84312e-009,0.000662919
,,,4.24312e-009,0.000220973
,,,4.64312e-009,-0.000441946
,,,5.04312e-009,0
,,,5.44312e-009,0.000220973
,,,5.84312e-009,-0.000220973
,,,6.24312e-009,-0.000662919
,,,6.64312e-009,0.000883892
,,,7.04312e-009,-0.000662919
,,,7.44312e-009,0
,,,7.84312e-009,0
,,,8.24312e-009,-0.000441946
,,,8.64312e-009,0
,,,9.04312e-009,0.000662919
,,,9.44312e-009,-0.000220973
,,,9.84312e-009,-0.000220973
,,,1.02431e-008,-0.00110486
,,,1.06431e-008,0.000441946
,,,1.10431e-008,0.000441946
,,,1.14431e-008,0
,,,1.18431e-008,0.000220973
,,,1.22431e-008,0
,,,1.26431e-008,0.000441946
,,,1.30431e-008,0.000220973
,,,1.34431e-008,0.000220973
,,,1.38431e-008,-0.000220973
,,,1.42431e-008,-0.000441946
,,,1.46431e-008,-0.000220973
,,,1.50431e-008,-0.000662919
,,,1.54431e-008,0
,,,1.58431e-008,-0.000441946
,,,1.62431e-008,-0.00132584
,,,1.66431e-008,0
,,,1.70431e-008,0.000441946
,,,1.74431e-008,-0.000662919
,,,1.78431e-008,-0.000220973
,,,1.82431e-008,-0.000220973
,,,1.86431e-008,0.000441946
,,,1.90431e-008,0.000220973
,,,1.94431e-008,0.000441946
,,,1.98431e-008,0
,,,2.02431e-008,-0.000441946
,,,2.06431e-008,-0.000220973
,,,2.10431e-008,0
,,,2.14431e-008,0.000220973
,,,2.18431e-008,-0.000662919
,,,2.22431e-008,-0.000220973
,,,2.26431e-008,0.000220973
,,,2.30431e-008,-0.000220973
,,,2.34431e-008,-0.000441946
,,,2.38431e-008,-0.000662919
,,,2.42431e-008,-0.000662919
,,,2.46431e-008,0.000220973
,,,2.50431e-008,0.000220973
,,,2.54431e-008,0
,,,2.58431e-008,-0.000220973
,,,2.62431e-008,-0.000220973
,,,2.66431e-008,0.000883892
,,,2.70431e-008,-0.000220973
,,,2.74431e-008,-0.000220973
,,,2.78431e-008,0.000220973
,,,2.82431e-008,0
,,,2.86431e-008,0.000441946
,,,2.90431e-008,0.000220973
,,,2.94431e-008,0.000662919
,,,2.98431e-008,0
,,,3.02431e-008,-0.000883892
,,,3.06431e-008,-0.000220973
,,,3.10431e-008,0.000220973
,,,3.14431e-008,-0.000441946
,,,3.18431e-008,-0.000220973
,,,3.22431e-008,-0.000662919
,,,3.26431e-008,0
,,,3.30431e-008,-0.000220973
,,,3.34431e-008,0.000220973
,,,3.38431e-008,0
,,,3.42431e-008,-0.000662919
,,,3.46431e-008,0.000441946
,,,3.50431e-008,0.000220973
,,,3.54431e-008,-0.000441946
,,,3.58431e-008,-0.000220973
,,,3.62431e-008,0
,,,3.66431e-008,0.000883892
,,,3.70431e-008,0
,,,3.74431e-008,-0.000441946
,,,3.78431e-008,0
,,,3.82431e-008,0.000220973
,,,3.86431e-008,-0.000662919
,,,3.90431e-008,0.000220973
,,,3.94431e-008,-0.000441946
,,,3.98431e-008,0
,,,4.02431e-008,0
,,,4.06431e-008,-0.000441946
,,,4.10431e-008,-0.000662919
,,,4.14431e-008,0.000441946
,,,4.18431e-008,0
,,,4.22431e-008,-0.000220973
,,,4.26431e-008,0.000441946
,,,4.30431e-008,0.000220973
,,,4.34431e-008,0.000441946
,,,4.38431e-008,-0.000441946
,,,4.42431e-008,0.000220973
,,,4.46431e-008,0
,,,4.50431e-008,0
,,,4.54431e-008,-0.000441946
,,,4.58431e-008,-0.000220973
,,,4.62431e-008,0
,,,4.66431e-008,-0.000441946
,,,4.70431e-008,0.000220973
,,,4.74431e-008,-0.000883892
,,,4.78431e-008,-0.00110486
,,,4.82431e-008,0
,,,4.86431e-008,-0.000441946
,,,4.90431e-008,0.000441946
,,,4.94431e-008,0
,,,4.98431e-008,-0.000220973
,,,5.02431e-008,-0.000441946
,,,5.06431e-008,0.000220973
,,,5.10431e-008,0
,,,5.14431e-008,0
,,,5.18431e-008,-0.000220973
,,,5.22431e-008,0
,,,5.26431e-008,-0.000220973
,,,5.30431e-008,0.000441946
,,,5.34431e-008,0
,,,5.38431e-008,0
,,,5.42431e-008,0
,,,5.46431e-008,-0.000662919
,,,5.50431e-008,0.000220973
,,,5.54431e-008,-0.000220973
,,,5.58431e-008,-0.000883892
,,,5.62431e-008,-0.000883892
,,,5.66431e-008,-0.000220973
,,,5.70431e-008,0
,,,5.74431e-008,-0.000883892
,,,5.78431e-008,-0.000883892
,,,5.82431e-008,0.000220973
,,,5.86431e-008,-0.000220973
,,,5.90431e-008,-0.000220973
,,,5.94431e-008,-0.000441946
,,,5.98431e-008,-0.000220973
,,,6.02431e-008,-0.000220973
,,,6.06431e-008,0.000220973
,,,6.10431e-008,-0.000441946
,,,6.14431e-008,-0.000883892
,,,6.18431e-008,-0.000220973
,,,6.22431e-008,0.000662919
,,,6.26431e-008,0
,,,6.30431e-008,-0.000220973
,,,6.34431e-008,0.000441946
,,,6.38431e-008,0.000220973
,,,6.42431e-008,0.000220973
,,,6.46431e-008,-0.000662919
,,,6.50431e-008,-0.000441946
,,,6.54431e-008,0
,,,6.58431e-008,0.000220973
,,,6.62431e-008,-0.000883892
,,,6.66431e-008,0.000662919
,,,6.70431e-008,0.000441946
,,,6.74431e-008,-0.000220973
,,,6.78431e-008,0.000883892
,,,6.82431e-008,0.000220973
,,,6.86431e-008,0.000220973
,,,6.90431e-008,0.000220973
,,,6.94431e-008,-0.000220973
,,,6.98431e-008,0.000220973
,,,7.02431e-008,0.000220973
,,,7.06431e-008,-0.000441946
,,,7.10431e-008,-0.000220973
,,,7.14431e-008,0.000220973
,,,7.18431e-008,0.000441946
,,,7.22431e-008,0.000441946
,,,7.26431e-008,0.000220973
,,,7.30431e-008,-0.000220973
,,,7.34431e-008,0
,,,7.38431e-008,0.000441946
,,,7.42431e-008,-0.000441946
,,,7.46431e-008,-0.000220973
,,,7.50431e-008,0.000220973
,,,7.54431e-008,0.000220973
,,,7.58431e-008,0.000220973
,,,7.62431e-008,0.000220973
,,,7.66431e-008,0.000220973
,,,7.70431e-008,-0.000220973
,,,7.74431e-008,0
,,,7.78431e-008,0.000220973
,,,7.82431e-008,0.000441946
,,,7.86431e-008,-0.000220973
,,,7.90431e-008,0
,,,7.94431e-008,-0.000220973
,,,7.98431e-008,-0.000220973
,,,8.02431e-008,-0.000883892
,,,8.06431e-008,-0.00110486
,,,8.10431e-008,0
,,,8.14431e-008,0.000441946
,,,8.18431e-008,-0.000220973
,,,8.22431e-008,-0.000883892
,,,8.26431e-008,0
,,,8.30431e-008,-0.000441946
,,,8.34431e-008,0.000220973
,,,8.38431e-008,0.000441946
,,,8.42431e-008,0.000662919
,,,8.46431e-008,0
,,,8.50431e-008,0
,,,8.54431e-008,-0.000441946
,,,8.58431e-008,-0.000220973
,,,8.62431e-008,0
,,,8.66431e-008,-0.000662919
,,,8.70431e-008,-0.000220973
,,,8.74431e-008,-0.000441946
,,,8.78431e-008,-0.000220973
,,,8.82431e-008,0.000220973
,,,8.86431e-008,-0.000441946
,,,8.90431e-008,0
,,,8.94431e-008,0
,,,8.98431e-008,0
,,,9.02431e-008,-0.000220973
,,,9.06431e-008,0.000441946
,,,9.10431e-008,0.000883892
,,,9.14431e-008,0.000441946
,,,9.18431e-008,0.000220973
,,,9.22431e-008,0.000441946
,,,9.26431e-008,0.000662919
,,,9.30431e-008,0.000883892
,,,9.34431e-008,0.00110486
,,,9.38431e-008,0.000441946
,,,9.42431e-008,0.00154681
,,,9.46431e-008,0.00154681
,,,9.50431e-008,0.00265168
,,,9.54431e-008,0.00287265
,,,9.58431e-008,0.00419849
,,,9.62431e-008,0.00486141
,,,9.66431e-008,0.00618724
,,,9.70431e-008,0.00795503
,,,9.74431e-008,0.00883892
,,,9.78431e-008,0.00950184
,,,9.82431e-008,0.0103857
,,,9.86431e-008,0.0121535
,,,9.90431e-008,0.0134794
,,,9.94431e-008,0.0137003
,,,9.98431e-008,0.0145842
,,,1.00243e-007,0.0150262
,,,1.00643e-007,0.0159101
,,,1.01043e-007,0.0152471
,,,1.01443e-007,0.016131
,,,1.01843e-007,0.016573
,,,1.02243e-007,0.0172359
,,,1.02643e-007,0.016573
,,,1.03043e-007,0.0174569
,,,1.03443e-007,0.0181198
,,,1.03843e-007,0.0181198
,,,1.04243e-007,0.0172359
,,,1.04643e-007,0.0178988
,,,1.05043e-007,0.0176778
,,,1.05443e-007,0.0181198
,,,1.05843e-007,0.0172359
,,,1.06243e-007,0.0167939
,,,1.06643e-007,0.0178988
,,,1.07043e-007,0.0178988
,,,1.07443e-007,0.0181198
,,,1.07843e-007,0.0176778
,,,1.08243e-007,0.0176778
,,,1.08643e-007,0.0170149
,,,1.09043e-007,0.0178988
,,,1.09443e-007,0.0183408
,,,1.09843e-007,0.0172359
,,,1.10243e-007,0.0176778
,,,1.10643e-007,0.0167939
,,,1.11043e-007,0.016573
,,,1.11443e-007,0.0172359
,,,1.11843e-007,0.0183408
,,,1.12243e-007,0.0170149
,,,1.12643e-007,0.0172359
,,,1.13043e-007,0.0183408
,,,1.13443e-007,0.0178988
,,,1.13843e-007,0.0176778
,,,1.14243e-007,0.0176778
,,,1.14643e-007,0.0174569
,,,1.15043e-007,0.0172359
,,,1.15443e-007,0.0170149
,,,1.15843e-007,0.0172359
,,,1.16243e-007,0.0178988
,,,1.16643e-007,0.0174569
,,,1.17043e-007,0.0167939
,,,1.17443e-007,0.0170149
,,,1.17843e-007,0.0176778
,,,1.18243e-007,0.0172359
,,,1.18643e-007,0.0176778
,,,1.19043e-007,0.0183408
,,,1.19443e-007,0.0174569
,,,1.19843e-007,0.0176778
,,,1.20243e-007,0.0187827
,,,1.20643e-007,0.0183408
,,,1.21043e-007,0.0178988
,,,1.21443e-007,0.0185617
,,,1.21843e-007,0.0183408
,,,1.22243e-007,0.0185617
,,,1.22643e-007,0.0185617
,,,1.23043e-007,0.0183408
,,,1.23443e-007,0.0185617
,,,1.23843e-007,0.0198876
,,,1.24243e-007,0.0203295
,,,1.24643e-007,0.0209924
,,,1.25043e-007,0.0205505
,,,1.25443e-007,0.0203295
,,,1.25843e-007,0.0203295
,,,1.26243e-007,0.0212134
,,,1.26643e-007,0.0212134
,,,1.27043e-007,0.0207715
,,,1.27443e-007,0.0203295
,,,1.27843e-007,0.0198876
,,,1.28243e-007,0.0201085
,,,1.28643e-007,0.0194456
,,,1.29043e-007,0.0198876
,,,1.29443e-007,0.0194456
,,,1.29843e-007,0.0187827
,,,1.30243e-007,0.0190037
,,,1.30643e-007,0.0181198
,,,1.31043e-007,0.0183408
,,,1.31443e-007,0.0172359
,,,1.31843e-007,0.0176778
,,,1.32243e-007,0.0183408
,,,1.32643e-007,0.0174569
,,,1.33043e-007,0.0167939
,,,1.33443e-007,0.016131
,,,1.33843e-007,0.0174569
,,,1.34243e-007,0.0170149
,,,1.34643e-007,0.016573
,,,1.35043e-007,0.016573
,,,1.35443e-007,0.0156891
,,,1.35843e-007,0.016352
,,,1.36243e-007,0.016131
,,,1.36643e-007,0.0167939
,,,1.37043e-007,0.016573
,,,1.37443e-007,0.0167939
,,,1.37843e-007,0.016573
,,,1.38243e-007,0.016352
,,,1.38643e-007,0.016131
,,,1.39043e-007,0.016131
,,,1.39443e-007,0.0156891
,,,1.39843e-007,0.016131
,,,1.40243e-007,0.016573
,,,1.40643e-007,0.0159101
,,,1.41043e-007,0.016352
,,,1.41443e-007,0.0154681
,,,1.41843e-007,0.0154681
,,,1.42243e-007,0.0156891
,,,1.42643e-007,0.0152471
,,,1.43043e-007,0.0148052
,,,1.43443e-007,0.0145842
,,,1.43843e-007,0.0150262
,,,1.44243e-007,0.0150262
,,,1.44643e-007,0.0150262
,,,1.45043e-007,0.0150262
,,,1.45443e-007,0.0150262
,,,1.45843e-007,0.0145842
,,,1.46243e-007,0.0156891
,,,1.46643e-007,0.0152471
,,,1.47043e-007,0.0148052
,,,1.47443e-007,0.0143632
,,,1.47843e-007,0.0139213
,,,1.48243e-007,0.0152471
,,,1.48643e-007,0.0141423
,,,1.49043e-007,0.0145842
,,,1.49443e-007,0.0141423
,,,1.49843e-007,0.0141423
,,,1.50243e-007,0.0148052
,,,1.50643e-007,0.0143632
,,,1.51043e-007,0.0143632
,,,1.51443e-007,0.0139213
,,,1.51843e-007,0.0141423
,,,1.52243e-007,0.0137003
,,,1.52643e-007,0.0134794
,,,1.53043e-007,0.0150262
,,,1.53443e-007,0.0139213
,,,1.53843e-007,0.0128164
,,,1.54243e-007,0.0139213
,,,1.54643e-007,0.0137003
,,,1.55043e-007,0.0134794
,,,1.55443e-007,0.0119325
,,,1.55843e-007,0.0125955
,,,1.56243e-007,0.0125955
,,,1.56643e-007,0.0119325
,,,1.57043e-007,0.0121535
,,,1.57443e-007,0.0117116
,,,1.57843e-007,0.0119325
,,,1.58243e-007,0.0114906
,,,1.58643e-007,0.0114906
,,,1.59043e-007,0.0123745
,,,1.59443e-007,0.0119325
,,,1.59843e-007,0.0121535
,,,1.60243e-007,0.0123745
,,,1.60643e-007,0.0123745
,,,1.61043e-007,0.0119325
,,,1.61443e-007,0.0117116
,,,1.61843e-007,0.0121535
,,,1.62243e-007,0.0121535
,,,1.62643e-007,0.0132584
,,,1.63043e-007,0.0130374
,,,1.63443e-007,0.0117116
,,,1.63843e-007,0.0123745
,,,1.64243e-007,0.0123745
,,,1.64643e-007,0.0117116
,,,1.65043e-007,0.0123745
,,,1.65443e-007,0.0121535
,,,1.65843e-007,0.0125955
,,,1.66243e-007,0.0125955
,,,1.66643e-007,0.0123745
,,,1.67043e-007,0.0121535
,,,1.67443e-007,0.0125955
,,,1.67843e-007,0.0125955
,,,1.68243e-007,0.0119325
,,,1.68643e-007,0.0119325
,,,1.69043e-007,0.0121535
,,,1.69443e-007,0.0123745
,,,1.69843e-007,0.0123745
,,,1.70243e-007,0.0114906
,,,1.70643e-007,0.0123745
,,,1.71043e-007,0.0128164
,,,1.71443e-007,0.0125955
,,,1.71843e-007,0.0117116
,,,1.72243e-007,0.0114906
,,,1.72643e-007,0.0123745
,,,1.73043e-007,0.0125955
,,,1.73443e-007,0.0119325
,,,1.73843e-007,0.0125955
,,,1.74243e-007,0.0130374
,,,1.74643e-007,0.0128164
,,,1.75043e-007,0.0119325
,,,1.75443e-007,0.0121535
,,,1.75843e-007,0.0114906
,,,1.76243e-007,0.0119325
,,,1.76643e-007,0.0121535
,,,1.77043e-007,0.0123745
,,,1.77443e-007,0.0114906
,,,1.77843e-007,0.0117116
,,,1.78243e-007,0.0121535
,,,1.78643e-007,0.0125955
,,,1.79043e-007,0.0123745
,,,1.79443e-007,0.0123745
,,,1.79843e-007,0.0125955
,,,1.80243e-007,0.0125955
,,,1.80643e-007,0.0119325
,,,1.81043e-007,0.0123745
,,,1.81443e-007,0.0128164
,,,1.81843e-007,0.0123745
,,,1.82243e-007,0.0119325
,,,1.82643e-007,0.0119325
,,,1.83043e-007,0.0117116
,,,1.83443e-007,0.0128164
,,,1.83843e-007,0.0121535
,,,1.84243e-007,0.0125955
,,,1.84643e-007,0.0123745
,,,1.85043e-007,0.0119325
,,,1.85443e-007,0.0123745
,,,1.85843e-007,0.0125955
,,,1.86243e-007,0.0114906
,,,1.86643e-007,0.0121535
,,,1.87043e-007,0.0128164
,,,1.87443e-007,0.0128164
,,,1.87843e-007,0.0128164
,,,1.88243e-007,0.0125955
,,,1.88643e-007,0.0132584
,,,1.89043e-007,0.0130374
,,,1.89443e-007,0.0125955
,,,1.89843e-007,0.0137003
,,,1.90243e-007,0.0137003
,,,1.90643e-007,0.0130374
,,,1.91043e-007,0.0125955
,,,1.91443e-007,0.0130374
,,,1.91843e-007,0.0132584
,,,1.92243e-007,0.0137003
,,,1.92643e-007,0.0130374
,,,1.93043e-007,0.0134794
,,,1.93443e-007,0.0130374
,,,1.93843e-007,0.0137003
,,,1.94243e-007,0.0128164
,,,1.94643e-007,0.0132584
,,,1.95043e-007,0.0130374
,,,1.95443e-007,0.0134794
,,,1.95843e-007,0.0132584
,,,1.96243e-007,0.0132584
,,,1.96643e-007,0.0137003
,,,1.97043e-007,0.0130374
,,,1.97443e-007,0.0130374
,,,1.97843e-007,0.0125955
,,,1.98243e-007,0.0128164
,,,1.98643e-007,0.0121535
,,,1.99043e-007,0.0125955
,,,1.99443e-007,0.0119325
,,,1.99843e-007,0.0128164
,,,2.00243e-007,0.0123745
,,,2.00643e-007,0.0125955
,,,2.01043e-007,0.0128164
,,,2.01443e-007,0.0130374
,,,2.01843e-007,0.0119325
,,,2.02243e-007,0.0125955
,,,2.02643e-007,0.0125955
,,,2.03043e-007,0.0119325
,,,2.03443e-007,0.0125955
,,,2.03843e-007,0.0125955
,,,2.04243e-007,0.0121535
,,,2.04643e-007,0.0119325
,,,2.05043e-007,0.0114906
,,,2.05443e-007,0.0108277
,,,2.05843e-007,0.0108277
,,,2.06243e-007,0.0112696
,,,2.06643e-007,0.0106067
,,,2.07043e-007,0.0101648
,,,2.07443e-007,0.00972281
,,,2.07843e-007,0.00950184
,,,2.08243e-007,0.00950184
,,,2.08643e-007,0.00861795
,,,2.09043e-007,0.00883892
,,,2.09443e-007,0.00905989
,,,2.09843e-007,0.00883892
,,,2.10243e-007,0.00773405
,,,2.10643e-007,0.00839697
,,,2.11043e-007,0.00707114
,,,2.11443e-007,0.00640822
,,,2.11843e-007,0.00596627
,,,2.12243e-007,0.00685016
,,,2.12643e-007,0.00596627
,,,2.13043e-007,0.00751308
,,,2.13443e-007,0.00530335
,,,2.13843e-007,0.00464043
,,,2.14243e-007,0.00419849
,,,2.14643e-007,0.00419849
,,,2.15043e-007,0.00441946
,,,2.15443e-007,0.00441946
,,,2.15843e-007,0.00375654
,,,2.16243e-007,0.00265168
,,,2.16643e-007,0.00265168
,,,2.17043e-007,0.00265168
,,,2.17443e-007,0.00331459
,,,2.17843e-007,0.00265168
,,,2.18243e-007,0.00198876
,,,2.18643e-007,0.00176778
,,,2.19043e-007,0.00220973
,,,2.19443e-007,0.00176778
,,,2.19843e-007,0.00220973
,,,2.20243e-007,0.00220973
,,,2.20643e-007,0.00176778
,,,2.21043e-007,0.000883892
,,,2.21443e-007,0.00132584
,,,2.21843e-007,0.000662919
,,,2.22243e-007,0.000883892
,,,2.22643e-007,0.00154681
,,,2.23043e-007,0.000662919
,,,2.23443e-007,0.000441946
,,,2.23843e-007,0.000662919
,,,2.24243e-007,0.000662919
,,,2.24643e-007,0.00132584
,,,2.25043e-007,0.00132584
,,,2.25443e-007,0.000662919
,,,2.25843e-007,0
,,,2.26243e-007,0.000441946
,,,2.26643e-007,0.000883892
,,,2.27043e-007,0.00110486
,,,2.27443e-007,0.00132584
,,,2.27843e-007,0.00110486
,,,2.28243e-007,0.000441946
,,,2.28643e-007,0.00110486
,,,2.29043e-007,0.000220973
,,,2.29443e-007,0.000441946
,,,2.29843e-007,0.000662919
,,,2.30243e-007,0.000662919
,,,2.30643e-007,0
,,,2.31043e-007,-0.000220973
,,,2.31443e-007,0.000441946
,,,2.31843e-007,-0.000441946
,,,2.32243e-007,0
,,,2.32643e-007,0.000883892
,,,2.33043e-007,0.000883892
,,,2.33443e-007,0.000662919
,,,2.33843e-007,0.000441946
,,,2.34243e-007,-0.000441946
,,,2.34643e-007,0.000441946
,,,2.35043e-007,0
,,,2.35443e-007,0.000220973
,,,2.35843e-007,0.000220973
,,,2.36243e-007,-0.000441946
,,,2.36643e-007,0.000441946
,,,2.37043e-007,0.000662919
,,,2.37443e-007,-0.000441946
,,,2.37843e-007,-0.000441946
,,,2.38243e-007,-0.000662919
,,,2.38643e-007,-0.000662919
,,,2.39043e-007,-0.000662919
,,,2.39443e-007,-0.000220973
,,,2.39843e-007,-0.000662919
,,,2.40243e-007,-0.000441946
,,,2.40643e-007,-0.000441946
,,,2.41043e-007,0
,,,2.41443e-007,0
,,,2.41843e-007,-0.000662919
,,,2.42243e-007,-0.000662919
,,,2.42643e-007,-0.000220973
,,,2.43043e-007,0.000220973
,,,2.43443e-007,-0.000441946
,,,2.43843e-007,-0.000220973
,,,2.44243e-007,-0.000883892
,,,2.44643e-007,-0.000883892
,,,2.45043e-007,-0.000220973
,,,2.45443e-007,-0.00110486
,,,2.45843e-007,-0.000441946
,,,2.46243e-007,-0.000883892
,,,2.46643e-007,-0.000220973
,,,2.47043e-007,0.000220973
,,,2.47443e-007,-0.000220973
,,,2.47843e-007,-0.000220973
,,,2.48243e-007,-0.000441946
,,,2.48643e-007,-0.000441946
,,,2.49043e-007,0.000441946
,,,2.49443e-007,0.000441946
,,,2.49843e-007,0
,,,2.50243e-007,-0.000220973
