"Record Length",1252,"Points",-2.50186e-007,0.000220973
"Sample Interval",4e-010,s,-2.49786e-007,-0.000220973
"Trigger Point",625,"Samples",-2.49386e-007,0.000662919
"Trigger Time",0.464509,s,-2.48986e-007,0.000662919
,,,-2.48586e-007,0.000441946
"Horizontal Offset",-2.50186e-007,s,-2.48186e-007,0
,,,-2.47786e-007,0.000220973
,,,-2.47386e-007,0
,,,-2.46986e-007,0.000220973
,,,-2.46586e-007,0
,,,-2.46186e-007,0.000441946
,,,-2.45786e-007,0.000883892
,,,-2.45386e-007,0.000220973
,,,-2.44986e-007,0
,,,-2.44586e-007,0.00110486
,,,-2.44186e-007,0.000220973
,,,-2.43786e-007,-0.000441946
,,,-2.43386e-007,-0.000441946
,,,-2.42986e-007,0.000220973
,,,-2.42586e-007,0.000441946
,,,-2.42186e-007,0.000662919
,,,-2.41786e-007,0.000441946
,,,-2.41386e-007,0.000220973
,,,-2.40986e-007,0.000441946
,,,-2.40586e-007,-0.000220973
,,,-2.40186e-007,0.000220973
,,,-2.39786e-007,0.000441946
,,,-2.39386e-007,0
,,,-2.38986e-007,0
,,,-2.38586e-007,0.000220973
,,,-2.38186e-007,0.000662919
,,,-2.37786e-007,0.000441946
,,,-2.37386e-007,0.000220973
,,,-2.36986e-007,0.000220973
,,,-2.36586e-007,0.000441946
,,,-2.36186e-007,0.000441946
,,,-2.35786e-007,0.000441946
,,,-2.35386e-007,-0.000220973
,,,-2.34986e-007,0.000441946
,,,-2.34586e-007,-0.000220973
,,,-2.34186e-007,0.000441946
,,,-2.33786e-007,0.000883892
,,,-2.33386e-007,0.000220973
,,,-2.32986e-007,-0.000220973
,,,-2.32586e-007,-0.000441946
,,,-2.32186e-007,0.00110486
,,,-2.31786e-007,0.000662919
,,,-2.31386e-007,0.00132584
,,,-2.30986e-007,0
,,,-2.30586e-007,0.000220973
,,,-2.30186e-007,0.000662919
,,,-2.29786e-007,0.000662919
,,,-2.29386e-007,0
,,,-2.28986e-007,0.000883892
,,,-2.28586e-007,0.000220973
,,,-2.28186e-007,-0.000220973
,,,-2.27786e-007,0.000220973
,,,-2.27386e-007,0.000441946
,,,-2.26986e-007,0.000441946
,,,-2.26586e-007,0.000662919
,,,-2.26186e-007,0.000441946
,,,-2.25786e-007,0.000441946
,,,-2.25386e-007,0.000441946
,,,-2.24986e-007,0.000220973
,,,-2.24586e-007,0.000441946
,,,-2.24186e-007,0.000220973
,,,-2.23786e-007,0.000662919
,,,-2.23386e-007,0.000441946
,,,-2.22986e-007,0.000220973
,,,-2.22586e-007,0
,,,-2.22186e-007,0
,,,-2.21786e-007,0.000441946
,,,-2.21386e-007,0.000441946
,,,-2.20986e-007,0.000441946
,,,-2.20586e-007,0.000220973
,,,-2.20186e-007,-0.000220973
,,,-2.19786e-007,0.000441946
,,,-2.19386e-007,0.000220973
,,,-2.18986e-007,0.000220973
,,,-2.18586e-007,0
,,,-2.18186e-007,0.000441946
,,,-2.17786e-007,-0.000220973
,,,-2.17386e-007,0.000662919
,,,-2.16986e-007,0.000883892
,,,-2.16586e-007,0
,,,-2.16186e-007,0
,,,-2.15786e-007,0.000883892
,,,-2.15386e-007,0.000220973
,,,-2.14986e-007,0
,,,-2.14586e-007,0.000662919
,,,-2.14186e-007,0
,,,-2.13786e-007,0.000220973
,,,-2.13386e-007,0.000220973
,,,-2.12986e-007,0
,,,-2.12586e-007,0.000220973
,,,-2.12186e-007,0.000441946
,,,-2.11786e-007,0.000883892
,,,-2.11386e-007,0.000441946
,,,-2.10986e-007,0.000220973
,,,-2.10586e-007,0.000441946
,,,-2.10186e-007,0.000662919
,,,-2.09786e-007,0.000441946
,,,-2.09386e-007,0.000662919
,,,-2.08986e-007,0.000441946
,,,-2.08586e-007,0.000883892
,,,-2.08186e-007,0.000662919
,,,-2.07786e-007,0.000220973
,,,-2.07386e-007,-0.000220973
,,,-2.06986e-007,0
,,,-2.06586e-007,0.000662919
,,,-2.06186e-007,0.000441946
,,,-2.05786e-007,-0.000220973
,,,-2.05386e-007,0.000441946
,,,-2.04986e-007,0.000441946
,,,-2.04586e-007,0.000220973
,,,-2.04186e-007,0.000441946
,,,-2.03786e-007,0.000883892
,,,-2.03386e-007,0
,,,-2.02986e-007,0
,,,-2.02586e-007,0.000662919
,,,-2.02186e-007,0.000662919
,,,-2.01786e-007,0.000220973
,,,-2.01386e-007,0.000883892
,,,-2.00986e-007,0.000220973
,,,-2.00586e-007,0
,,,-2.00186e-007,0.000662919
,,,-1.99786e-007,0.000662919
,,,-1.99386e-007,-0.000441946
,,,-1.98986e-007,-0.000220973
,,,-1.98586e-007,0.000441946
,,,-1.98186e-007,0
,,,-1.97786e-007,-0.000220973
,,,-1.97386e-007,0.000220973
,,,-1.96986e-007,0.000662919
,,,-1.96586e-007,0
,,,-1.96186e-007,0.000220973
,,,-1.95786e-007,0.000220973
,,,-1.95386e-007,0.000220973
,,,-1.94986e-007,0.000220973
,,,-1.94586e-007,0.000662919
,,,-1.94186e-007,0.00110486
,,,-1.93786e-007,-0.000220973
,,,-1.93386e-007,-0.000220973
,,,-1.92986e-007,0.00110486
,,,-1.92586e-007,0.000441946
,,,-1.92186e-007,0.000441946
,,,-1.91786e-007,0.000220973
,,,-1.91386e-007,0.000441946
,,,-1.90986e-007,0.000441946
,,,-1.90586e-007,-0.000220973
,,,-1.90186e-007,0.000662919
,,,-1.89786e-007,0.000441946
,,,-1.89386e-007,0.000441946
,,,-1.88986e-007,-0.000220973
,,,-1.88586e-007,-0.000883892
,,,-1.88186e-007,-0.000220973
,,,-1.87786e-007,0.000441946
,,,-1.87386e-007,0.000441946
,,,-1.86986e-007,0.000662919
,,,-1.86586e-007,0.000220973
,,,-1.86186e-007,0.000662919
,,,-1.85786e-007,0
,,,-1.85386e-007,0.000220973
,,,-1.84986e-007,0.000662919
,,,-1.84586e-007,0.000220973
,,,-1.84186e-007,0.000441946
,,,-1.83786e-007,0.000883892
,,,-1.83386e-007,0.000220973
,,,-1.82986e-007,-0.000441946
,,,-1.82586e-007,-0.000441946
,,,-1.82186e-007,-0.000220973
,,,-1.81786e-007,-0.000220973
,,,-1.81386e-007,0.000220973
,,,-1.80986e-007,-0.000441946
,,,-1.80586e-007,0
,,,-1.80186e-007,0
,,,-1.79786e-007,0.000883892
,,,-1.79386e-007,0.000441946
,,,-1.78986e-007,0.000441946
,,,-1.78586e-007,0.000220973
,,,-1.78186e-007,0.000883892
,,,-1.77786e-007,0
,,,-1.77386e-007,0.000220973
,,,-1.76986e-007,0.000220973
,,,-1.76586e-007,0.000220973
,,,-1.76186e-007,0.00132584
,,,-1.75786e-007,0.000441946
,,,-1.75386e-007,0
,,,-1.74986e-007,0.000662919
,,,-1.74586e-007,0.000220973
,,,-1.74186e-007,0.000441946
,,,-1.73786e-007,0.000883892
,,,-1.73386e-007,0.000220973
,,,-1.72986e-007,0.000441946
,,,-1.72586e-007,0.000441946
,,,-1.72186e-007,-0.000220973
,,,-1.71786e-007,0.000662919
,,,-1.71386e-007,0.000441946
,,,-1.70986e-007,0.000662919
,,,-1.70586e-007,-0.000441946
,,,-1.70186e-007,0.00110486
,,,-1.69786e-007,0
,,,-1.69386e-007,0.000220973
,,,-1.68986e-007,0.00110486
,,,-1.68586e-007,0.000441946
,,,-1.68186e-007,0.000441946
,,,-1.67786e-007,0.000220973
,,,-1.67386e-007,-0.000441946
,,,-1.66986e-007,-0.000441946
,,,-1.66586e-007,0.000220973
,,,-1.66186e-007,0
,,,-1.65786e-007,0
,,,-1.65386e-007,0.000441946
,,,-1.64986e-007,0.000220973
,,,-1.64586e-007,0.000220973
,,,-1.64186e-007,0.000220973
,,,-1.63786e-007,0.000441946
,,,-1.63386e-007,0.000662919
,,,-1.62986e-007,0
,,,-1.62586e-007,-0.000220973
,,,-1.62186e-007,0.000220973
,,,-1.61786e-007,-0.000220973
,,,-1.61386e-007,0.000220973
,,,-1.60986e-007,0.000662919
,,,-1.60586e-007,0.000883892
,,,-1.60186e-007,0
,,,-1.59786e-007,0.000441946
,,,-1.59386e-007,-0.000220973
,,,-1.58986e-007,-0.000220973
,,,-1.58586e-007,0.000441946
,,,-1.58186e-007,0.000662919
,,,-1.57786e-007,0
,,,-1.57386e-007,0.000441946
,,,-1.56986e-007,-0.000441946
,,,-1.56586e-007,0.000220973
,,,-1.56186e-007,0.000662919
,,,-1.55786e-007,0.00132584
,,,-1.55386e-007,0.000441946
,,,-1.54986e-007,0.000441946
,,,-1.54586e-007,0.000441946
,,,-1.54186e-007,0
,,,-1.53786e-007,0.000220973
,,,-1.53386e-007,-0.000220973
,,,-1.52986e-007,0.000220973
,,,-1.52586e-007,0.000441946
,,,-1.52186e-007,-0.000220973
,,,-1.51786e-007,0.000220973
,,,-1.51386e-007,0.000662919
,,,-1.50986e-007,0
,,,-1.50586e-007,0.000220973
,,,-1.50186e-007,0.000220973
,,,-1.49786e-007,0.000220973
,,,-1.49386e-007,0.00110486
,,,-1.48986e-007,-0.000220973
,,,-1.48586e-007,0.000220973
,,,-1.48186e-007,0.000441946
,,,-1.47786e-007,0.000220973
,,,-1.47386e-007,-0.000220973
,,,-1.46986e-007,0
,,,-1.46586e-007,-0.000220973
,,,-1.46186e-007,-0.000220973
,,,-1.45786e-007,-0.000220973
,,,-1.45386e-007,0
,,,-1.44986e-007,0.000662919
,,,-1.44586e-007,0.000662919
,,,-1.44186e-007,0.000441946
,,,-1.43786e-007,0.000883892
,,,-1.43386e-007,0
,,,-1.42986e-007,-0.000220973
,,,-1.42586e-007,0.000441946
,,,-1.42186e-007,0.000220973
,,,-1.41786e-007,0.000220973
,,,-1.41386e-007,-0.000220973
,,,-1.40986e-007,0
,,,-1.40586e-007,0
,,,-1.40186e-007,0.00110486
,,,-1.39786e-007,0.000883892
,,,-1.39386e-007,0.000441946
,,,-1.38986e-007,0.000662919
,,,-1.38586e-007,0.000220973
,,,-1.38186e-007,0.00110486
,,,-1.37786e-007,0.000883892
,,,-1.37386e-007,0.000441946
,,,-1.36986e-007,0.000441946
,,,-1.36586e-007,0.000662919
,,,-1.36186e-007,0.000220973
,,,-1.35786e-007,0.000220973
,,,-1.35386e-007,0.000441946
,,,-1.34986e-007,0.000883892
,,,-1.34586e-007,0
,,,-1.34186e-007,-0.000662919
,,,-1.33786e-007,0
,,,-1.33386e-007,0.000220973
,,,-1.32986e-007,0.000441946
,,,-1.32586e-007,0.000441946
,,,-1.32186e-007,0.000662919
,,,-1.31786e-007,0.000441946
,,,-1.31386e-007,0.000441946
,,,-1.30986e-007,0
,,,-1.30586e-007,0.000662919
,,,-1.30186e-007,0
,,,-1.29786e-007,0.000220973
,,,-1.29386e-007,0.000883892
,,,-1.28986e-007,0.000883892
,,,-1.28586e-007,0.000220973
,,,-1.28186e-007,0.000883892
,,,-1.27786e-007,0.000662919
,,,-1.27386e-007,0.000220973
,,,-1.26986e-007,0.000662919
,,,-1.26586e-007,0.000220973
,,,-1.26186e-007,0
,,,-1.25786e-007,0
,,,-1.25386e-007,0.000441946
,,,-1.24986e-007,0
,,,-1.24586e-007,0.000220973
,,,-1.24186e-007,0.000662919
,,,-1.23786e-007,0.000662919
,,,-1.23386e-007,0.000220973
,,,-1.22986e-007,-0.000441946
,,,-1.22586e-007,0
,,,-1.22186e-007,0.000662919
,,,-1.21786e-007,0.000220973
,,,-1.21386e-007,0.000220973
,,,-1.20986e-007,0.000662919
,,,-1.20586e-007,0.000441946
,,,-1.20186e-007,0.000441946
,,,-1.19786e-007,0.000883892
,,,-1.19386e-007,0.000662919
,,,-1.18986e-007,0.000220973
,,,-1.18586e-007,0
,,,-1.18186e-007,0
,,,-1.17786e-007,0
,,,-1.17386e-007,0
,,,-1.16986e-007,-0.000441946
,,,-1.16586e-007,-0.000220973
,,,-1.16186e-007,0
,,,-1.15786e-007,0.000220973
,,,-1.15386e-007,0.000883892
,,,-1.14986e-007,0.000662919
,,,-1.14586e-007,0.000662919
,,,-1.14186e-007,0.000662919
,,,-1.13786e-007,0.000220973
,,,-1.13386e-007,0
,,,-1.12986e-007,0.000662919
,,,-1.12586e-007,0.000662919
,,,-1.12186e-007,0.000441946
,,,-1.11786e-007,0.000883892
,,,-1.11386e-007,0.000883892
,,,-1.10986e-007,0.000220973
,,,-1.10586e-007,0.000441946
,,,-1.10186e-007,0.000441946
,,,-1.09786e-007,-0.000662919
,,,-1.09386e-007,0.000220973
,,,-1.08986e-007,0.000662919
,,,-1.08586e-007,0.000441946
,,,-1.08186e-007,0
,,,-1.07786e-007,0
,,,-1.07386e-007,0.000441946
,,,-1.06986e-007,0.000220973
,,,-1.06586e-007,-0.000220973
,,,-1.06186e-007,0
,,,-1.05786e-007,0.000220973
,,,-1.05386e-007,0.000883892
,,,-1.04986e-007,0.000441946
,,,-1.04586e-007,0.000441946
,,,-1.04186e-007,0.000441946
,,,-1.03786e-007,0.000220973
,,,-1.03386e-007,0.000441946
,,,-1.02986e-007,0.000662919
,,,-1.02586e-007,0
,,,-1.02186e-007,-0.000662919
,,,-1.01786e-007,-0.000220973
,,,-1.01386e-007,0.000220973
,,,-1.00986e-007,0
,,,-1.00586e-007,0.000441946
,,,-1.00186e-007,0.000662919
,,,-9.97858e-008,0
,,,-9.93858e-008,0.000441946
,,,-9.89858e-008,0.000662919
,,,-9.85858e-008,0.000220973
,,,-9.81858e-008,0.000883892
,,,-9.77858e-008,0.000441946
,,,-9.73858e-008,0.000220973
,,,-9.69858e-008,0.00132584
,,,-9.65858e-008,-0.000220973
,,,-9.61858e-008,0.000662919
,,,-9.57858e-008,0.000883892
,,,-9.53858e-008,0.000220973
,,,-9.49858e-008,0.000220973
,,,-9.45858e-008,0.000662919
,,,-9.41858e-008,0
,,,-9.37858e-008,0.000662919
,,,-9.33858e-008,0.000883892
,,,-9.29858e-008,-0.000662919
,,,-9.25858e-008,0
,,,-9.21858e-008,0.000662919
,,,-9.17858e-008,0.000441946
,,,-9.13858e-008,0
,,,-9.09858e-008,0.000441946
,,,-9.05858e-008,-0.000220973
,,,-9.01858e-008,0.000662919
,,,-8.97858e-008,0.000662919
,,,-8.93858e-008,0.000441946
,,,-8.89858e-008,0.000662919
,,,-8.85858e-008,0.000662919
,,,-8.81858e-008,0.000662919
,,,-8.77858e-008,0.000220973
,,,-8.73858e-008,0.000662919
,,,-8.69858e-008,0.000662919
,,,-8.65858e-008,0.000220973
,,,-8.61858e-008,0
,,,-8.57858e-008,0
,,,-8.53858e-008,0
,,,-8.49858e-008,-0.000441946
,,,-8.45858e-008,0.000220973
,,,-8.41858e-008,0.000662919
,,,-8.37858e-008,0.00110486
,,,-8.33858e-008,0.000220973
,,,-8.29858e-008,-0.000220973
,,,-8.25858e-008,0.000441946
,,,-8.21858e-008,0.000883892
,,,-8.17858e-008,0.00110486
,,,-8.13858e-008,0.000662919
,,,-8.09858e-008,0.000662919
,,,-8.05858e-008,0.00132584
,,,-8.01858e-008,0.000441946
,,,-7.97858e-008,0.000662919
,,,-7.93858e-008,0.000441946
,,,-7.89858e-008,0.000883892
,,,-7.85858e-008,0.000220973
,,,-7.81858e-008,0
,,,-7.77858e-008,0.000662919
,,,-7.73858e-008,0.000220973
,,,-7.69858e-008,0
,,,-7.65858e-008,0.000441946
,,,-7.61858e-008,-0.000220973
,,,-7.57858e-008,0.000662919
,,,-7.53858e-008,0.000441946
,,,-7.49858e-008,0.000662919
,,,-7.45858e-008,-0.000220973
,,,-7.41858e-008,0.000662919
,,,-7.37858e-008,0.000220973
,,,-7.33858e-008,0.000441946
,,,-7.29858e-008,0.000662919
,,,-7.25858e-008,0.000220973
,,,-7.21858e-008,0.000662919
,,,-7.17858e-008,0.00110486
,,,-7.13858e-008,0.000220973
,,,-7.09858e-008,0.00110486
,,,-7.05858e-008,0.000441946
,,,-7.01858e-008,0
,,,-6.97858e-008,0.000441946
,,,-6.93858e-008,0.000441946
,,,-6.89858e-008,0.000441946
,,,-6.85858e-008,0.000662919
,,,-6.81858e-008,0.000220973
,,,-6.77858e-008,0.000883892
,,,-6.73858e-008,0.000441946
,,,-6.69858e-008,0.000220973
,,,-6.65858e-008,0.000441946
,,,-6.61858e-008,0.000220973
,,,-6.57858e-008,0.000220973
,,,-6.53858e-008,0
,,,-6.49858e-008,0.000441946
,,,-6.45858e-008,0.000662919
,,,-6.41858e-008,-0.000220973
,,,-6.37858e-008,0.000220973
,,,-6.33858e-008,0.000441946
,,,-6.29858e-008,0.000220973
,,,-6.25858e-008,0
,,,-6.21858e-008,0.000441946
,,,-6.17858e-008,-0.000441946
,,,-6.13858e-008,0.000220973
,,,-6.09858e-008,-0.000441946
,,,-6.05858e-008,-0.000662919
,,,-6.01858e-008,0.000220973
,,,-5.97858e-008,0.000662919
,,,-5.93858e-008,0.000441946
,,,-5.89858e-008,0
,,,-5.85858e-008,0.000883892
,,,-5.81858e-008,0.000662919
,,,-5.77858e-008,0.000220973
,,,-5.73858e-008,0.000662919
,,,-5.69858e-008,0
,,,-5.65858e-008,0.00110486
,,,-5.61858e-008,0.000662919
,,,-5.57858e-008,0.000662919
,,,-5.53858e-008,0.000220973
,,,-5.49858e-008,0.000220973
,,,-5.45858e-008,0.000220973
,,,-5.41858e-008,0
,,,-5.37858e-008,0.000441946
,,,-5.33858e-008,-0.000220973
,,,-5.29858e-008,0.000441946
,,,-5.25858e-008,0.00132584
,,,-5.21858e-008,0.000220973
,,,-5.17858e-008,0.000220973
,,,-5.13858e-008,0.000220973
,,,-5.09858e-008,0.000441946
,,,-5.05858e-008,0.000220973
,,,-5.01858e-008,0.000662919
,,,-4.97858e-008,0
,,,-4.93858e-008,0.000220973
,,,-4.89858e-008,0.000662919
,,,-4.85858e-008,0.000441946
,,,-4.81858e-008,0.000441946
,,,-4.77858e-008,0.000883892
,,,-4.73858e-008,0.000662919
,,,-4.69858e-008,0.000441946
,,,-4.65858e-008,-0.000220973
,,,-4.61858e-008,0
,,,-4.57858e-008,-0.000220973
,,,-4.53858e-008,0
,,,-4.49858e-008,-0.000220973
,,,-4.45858e-008,0
,,,-4.41858e-008,0.000662919
,,,-4.37858e-008,0.000662919
,,,-4.33858e-008,-0.000220973
,,,-4.29858e-008,-0.000220973
,,,-4.25858e-008,-0.000220973
,,,-4.21858e-008,0.000441946
,,,-4.17858e-008,0.000662919
,,,-4.13858e-008,0.000220973
,,,-4.09858e-008,0.000441946
,,,-4.05858e-008,0.000883892
,,,-4.01858e-008,0.000662919
,,,-3.97858e-008,0.000441946
,,,-3.93858e-008,0.000441946
,,,-3.89858e-008,0.000662919
,,,-3.85858e-008,0.000441946
,,,-3.81858e-008,0.000441946
,,,-3.77858e-008,0
,,,-3.73858e-008,0
,,,-3.69858e-008,0.000662919
,,,-3.65858e-008,0.000662919
,,,-3.61858e-008,-0.000220973
,,,-3.57858e-008,0.000220973
,,,-3.53858e-008,0.000220973
,,,-3.49858e-008,0.000441946
,,,-3.45858e-008,0.000220973
,,,-3.41858e-008,0.000441946
,,,-3.37858e-008,0.000220973
,,,-3.33858e-008,0.00110486
,,,-3.29858e-008,0.000662919
,,,-3.25858e-008,0.000662919
,,,-3.21858e-008,0.000883892
,,,-3.17858e-008,-0.000220973
,,,-3.13858e-008,0.000441946
,,,-3.09858e-008,0.000441946
,,,-3.05858e-008,0.000441946
,,,-3.01858e-008,0
,,,-2.97858e-008,0.000220973
,,,-2.93858e-008,0
,,,-2.89858e-008,0
,,,-2.85858e-008,0
,,,-2.81858e-008,0
,,,-2.77858e-008,-0.000220973
,,,-2.73858e-008,0.000662919
,,,-2.69858e-008,0.000441946
,,,-2.65858e-008,0.000441946
,,,-2.61858e-008,0.000883892
,,,-2.57858e-008,0.000441946
,,,-2.53858e-008,0
,,,-2.49858e-008,-0.000220973
,,,-2.45858e-008,0.00110486
,,,-2.41858e-008,0.000220973
,,,-2.37858e-008,0.000662919
,,,-2.33858e-008,0
,,,-2.29858e-008,0.000220973
,,,-2.25858e-008,0.00110486
,,,-2.21858e-008,0.000220973
,,,-2.17858e-008,0
,,,-2.13858e-008,0.000441946
,,,-2.09858e-008,-0.000220973
,,,-2.05858e-008,0.000220973
,,,-2.01858e-008,0.000883892
,,,-1.97858e-008,0
,,,-1.93858e-008,0.000220973
,,,-1.89858e-008,0.000220973
,,,-1.85858e-008,0.000220973
,,,-1.81858e-008,0.000220973
,,,-1.77858e-008,0.000662919
,,,-1.73858e-008,0.000220973
,,,-1.69858e-008,0.000662919
,,,-1.65858e-008,0.000662919
,,,-1.61858e-008,0
,,,-1.57858e-008,0.000220973
,,,-1.53858e-008,0
,,,-1.49858e-008,0.000883892
,,,-1.45858e-008,0.000441946
,,,-1.41858e-008,0.000662919
,,,-1.37858e-008,0.000662919
,,,-1.33858e-008,0.000662919
,,,-1.29858e-008,0.000441946
,,,-1.25858e-008,-0.000220973
,,,-1.21858e-008,0.000441946
,,,-1.17858e-008,0.000883892
,,,-1.13858e-008,0.000441946
,,,-1.09858e-008,0.000441946
,,,-1.05858e-008,-0.000220973
,,,-1.01858e-008,-0.000220973
,,,-9.7858e-009,0
,,,-9.3858e-009,-0.000220973
,,,-8.9858e-009,0.000441946
,,,-8.5858e-009,0.000441946
,,,-8.1858e-009,0.000662919
,,,-7.7858e-009,0.000220973
,,,-7.3858e-009,0.000220973
,,,-6.9858e-009,0.00132584
,,,-6.5858e-009,0
,,,-6.1858e-009,0
,,,-5.7858e-009,0.000441946
,,,-5.3858e-009,0.00110486
,,,-4.9858e-009,0.000441946
,,,-4.5858e-009,-0.000220973
,,,-4.1858e-009,0
,,,-3.7858e-009,0
,,,-3.3858e-009,0.000883892
,,,-2.9858e-009,-0.000441946
,,,-2.5858e-009,0.000662919
,,,-2.1858e-009,0.000662919
,,,-1.7858e-009,0.000441946
,,,-1.3858e-009,0.000662919
,,,-9.85804e-010,0.000662919
,,,-5.85804e-010,0.000441946
,,,-1.85804e-010,0.000441946
,,,2.14196e-010,-0.000441946
,,,6.14196e-010,0.000220973
,,,1.0142e-009,0.000220973
,,,1.4142e-009,0.000883892
,,,1.8142e-009,0.000220973
,,,2.2142e-009,0
,,,2.6142e-009,0.000220973
,,,3.0142e-009,-0.000220973
,,,3.4142e-009,0.000441946
,,,3.8142e-009,0.000441946
,,,4.2142e-009,0.000441946
,,,4.6142e-009,0.000220973
,,,5.0142e-009,0.00110486
,,,5.4142e-009,0
,,,5.8142e-009,0.000220973
,,,6.2142e-009,0.000883892
,,,6.6142e-009,0
,,,7.0142e-009,0.000220973
,,,7.4142e-009,0.000220973
,,,7.8142e-009,0
,,,8.2142e-009,0.000441946
,,,8.6142e-009,0.000662919
,,,9.0142e-009,-0.000220973
,,,9.4142e-009,-0.000220973
,,,9.8142e-009,0
,,,1.02142e-008,-0.000220973
,,,1.06142e-008,0.000441946
,,,1.10142e-008,0.000662919
,,,1.14142e-008,0.000220973
,,,1.18142e-008,0.000662919
,,,1.22142e-008,0.000883892
,,,1.26142e-008,0.000883892
,,,1.30142e-008,0.000220973
,,,1.34142e-008,0.000441946
,,,1.38142e-008,0.000662919
,,,1.42142e-008,0.000662919
,,,1.46142e-008,0.000441946
,,,1.50142e-008,0.000883892
,,,1.54142e-008,0.000220973
,,,1.58142e-008,0.000220973
,,,1.62142e-008,0.000662919
,,,1.66142e-008,0
,,,1.70142e-008,0.000441946
,,,1.74142e-008,0.000220973
,,,1.78142e-008,0
,,,1.82142e-008,0.000441946
,,,1.86142e-008,0.000220973
,,,1.90142e-008,0
,,,1.94142e-008,0.000662919
,,,1.98142e-008,0
,,,2.02142e-008,0.000662919
,,,2.06142e-008,0.000441946
,,,2.10142e-008,0.000662919
,,,2.14142e-008,0.000441946
,,,2.18142e-008,0.000662919
,,,2.22142e-008,0.000220973
,,,2.26142e-008,0.000662919
,,,2.30142e-008,0.000662919
,,,2.34142e-008,0
,,,2.38142e-008,0.000662919
,,,2.42142e-008,0
,,,2.46142e-008,-0.000220973
,,,2.50142e-008,0
,,,2.54142e-008,0.000441946
,,,2.58142e-008,0.000441946
,,,2.62142e-008,0.000441946
,,,2.66142e-008,0.000441946
,,,2.70142e-008,0.000441946
,,,2.74142e-008,0.000441946
,,,2.78142e-008,0
,,,2.82142e-008,0.000883892
,,,2.86142e-008,0.000441946
,,,2.90142e-008,0.000441946
,,,2.94142e-008,0.000441946
,,,2.98142e-008,0.000220973
,,,3.02142e-008,0
,,,3.06142e-008,0.000441946
,,,3.10142e-008,0.000441946
,,,3.14142e-008,0.000883892
,,,3.18142e-008,0.000883892
,,,3.22142e-008,0.000883892
,,,3.26142e-008,0.000441946
,,,3.30142e-008,0.000220973
,,,3.34142e-008,0.000220973
,,,3.38142e-008,0.000441946
,,,3.42142e-008,0.000441946
,,,3.46142e-008,0
,,,3.50142e-008,0.000662919
,,,3.54142e-008,0.000441946
,,,3.58142e-008,0.000441946
,,,3.62142e-008,0.00110486
,,,3.66142e-008,0.000662919
,,,3.70142e-008,0.000662919
,,,3.74142e-008,0.000662919
,,,3.78142e-008,0.000662919
,,,3.82142e-008,0.000662919
,,,3.86142e-008,0.000662919
,,,3.90142e-008,0.000441946
,,,3.94142e-008,0.000220973
,,,3.98142e-008,0.000662919
,,,4.02142e-008,0.000220973
,,,4.06142e-008,0.000441946
,,,4.10142e-008,0
,,,4.14142e-008,0.000441946
,,,4.18142e-008,0.000220973
,,,4.22142e-008,0.000441946
,,,4.26142e-008,0.000883892
,,,4.30142e-008,0.000441946
,,,4.34142e-008,0.000883892
,,,4.38142e-008,0.000441946
,,,4.42142e-008,0.000441946
,,,4.46142e-008,0.00110486
,,,4.50142e-008,0.000220973
,,,4.54142e-008,0.000220973
,,,4.58142e-008,0.00110486
,,,4.62142e-008,-0.000220973
,,,4.66142e-008,0.000220973
,,,4.70142e-008,0.00110486
,,,4.74142e-008,0.000441946
,,,4.78142e-008,0.000883892
,,,4.82142e-008,0.000662919
,,,4.86142e-008,0.000441946
,,,4.90142e-008,-0.000220973
,,,4.94142e-008,0.000220973
,,,4.98142e-008,-0.000441946
,,,5.02142e-008,0
,,,5.06142e-008,0.000220973
,,,5.10142e-008,0
,,,5.14142e-008,0.000220973
,,,5.18142e-008,-0.000883892
,,,5.22142e-008,0.000441946
,,,5.26142e-008,0.000220973
,,,5.30142e-008,0.000662919
,,,5.34142e-008,-0.000220973
,,,5.38142e-008,0.000441946
,,,5.42142e-008,0.000883892
,,,5.46142e-008,0.000662919
,,,5.50142e-008,0.000220973
,,,5.54142e-008,0.000662919
,,,5.58142e-008,0
,,,5.62142e-008,0.000662919
,,,5.66142e-008,0.000441946
,,,5.70142e-008,0
,,,5.74142e-008,-0.000441946
,,,5.78142e-008,0.000662919
,,,5.82142e-008,0.000220973
,,,5.86142e-008,0
,,,5.90142e-008,-0.000220973
,,,5.94142e-008,0.000441946
,,,5.98142e-008,0.000441946
,,,6.02142e-008,0.000883892
,,,6.06142e-008,0.000441946
,,,6.10142e-008,0.000662919
,,,6.14142e-008,0
,,,6.18142e-008,0.000662919
,,,6.22142e-008,0.000220973
,,,6.26142e-008,0.000441946
,,,6.30142e-008,0.000441946
,,,6.34142e-008,0.000441946
,,,6.38142e-008,0
,,,6.42142e-008,0.000220973
,,,6.46142e-008,0.000662919
,,,6.50142e-008,0.000441946
,,,6.54142e-008,0.000220973
,,,6.58142e-008,0
,,,6.62142e-008,0.000220973
,,,6.66142e-008,-0.000220973
,,,6.70142e-008,0
,,,6.74142e-008,0.000883892
,,,6.78142e-008,0.000441946
,,,6.82142e-008,0.000441946
,,,6.86142e-008,0.000441946
,,,6.90142e-008,0
,,,6.94142e-008,0.000441946
,,,6.98142e-008,0.00110486
,,,7.02142e-008,0.000441946
,,,7.06142e-008,0.000441946
,,,7.10142e-008,0.000441946
,,,7.14142e-008,0
,,,7.18142e-008,0
,,,7.22142e-008,0.00110486
,,,7.26142e-008,0.000441946
,,,7.30142e-008,0.000220973
,,,7.34142e-008,0.000220973
,,,7.38142e-008,-0.000220973
,,,7.42142e-008,0
,,,7.46142e-008,0.000441946
,,,7.50142e-008,0.000662919
,,,7.54142e-008,0.000220973
,,,7.58142e-008,-0.000441946
,,,7.62142e-008,0.000441946
,,,7.66142e-008,0.000220973
,,,7.70142e-008,0.000662919
,,,7.74142e-008,-0.000220973
,,,7.78142e-008,0.000220973
,,,7.82142e-008,0.000220973
,,,7.86142e-008,0.000220973
,,,7.90142e-008,0.000883892
,,,7.94142e-008,0.00110486
,,,7.98142e-008,0
,,,8.02142e-008,0.000662919
,,,8.06142e-008,0.000441946
,,,8.10142e-008,0.000441946
,,,8.14142e-008,0.00110486
,,,8.18142e-008,0.000662919
,,,8.22142e-008,0.000220973
,,,8.26142e-008,0.000441946
,,,8.30142e-008,0.000883892
,,,8.34142e-008,0.000220973
,,,8.38142e-008,0.000220973
,,,8.42142e-008,0.00154681
,,,8.46142e-008,0.000220973
,,,8.50142e-008,0.000220973
,,,8.54142e-008,-0.000220973
,,,8.58142e-008,0.000662919
,,,8.62142e-008,0.000662919
,,,8.66142e-008,0.000441946
,,,8.70142e-008,0.000220973
,,,8.74142e-008,0.00110486
,,,8.78142e-008,0.00110486
,,,8.82142e-008,0.000441946
,,,8.86142e-008,0.000441946
,,,8.90142e-008,0.000883892
,,,8.94142e-008,0.00132584
,,,8.98142e-008,0.000441946
,,,9.02142e-008,0.000662919
,,,9.06142e-008,0.000662919
,,,9.10142e-008,0.000662919
,,,9.14142e-008,0.000662919
,,,9.18142e-008,0.000883892
,,,9.22142e-008,0.00154681
,,,9.26142e-008,0.000662919
,,,9.30142e-008,0.00110486
,,,9.34142e-008,0.00132584
,,,9.38142e-008,0.00154681
,,,9.42142e-008,0.00132584
,,,9.46142e-008,0.00198876
,,,9.50142e-008,0.00265168
,,,9.54142e-008,0.00375654
,,,9.58142e-008,0.00441946
,,,9.62142e-008,0.00552432
,,,9.66142e-008,0.00685016
,,,9.70142e-008,0.00729211
,,,9.74142e-008,0.00905989
,,,9.78142e-008,0.00972281
,,,9.82142e-008,0.00994378
,,,9.86142e-008,0.0114906
,,,9.90142e-008,0.0125955
,,,9.94142e-008,0.0145842
,,,9.98142e-008,0.0139213
,,,1.00214e-007,0.0150262
,,,1.00614e-007,0.0156891
,,,1.01014e-007,0.016131
,,,1.01414e-007,0.0167939
,,,1.01814e-007,0.016352
,,,1.02214e-007,0.0167939
,,,1.02614e-007,0.016573
,,,1.03014e-007,0.0167939
,,,1.03414e-007,0.0174569
,,,1.03814e-007,0.0174569
,,,1.04214e-007,0.0176778
,,,1.04614e-007,0.0181198
,,,1.05014e-007,0.0172359
,,,1.05414e-007,0.0176778
,,,1.05814e-007,0.0174569
,,,1.06214e-007,0.0176778
,,,1.06614e-007,0.0181198
,,,1.07014e-007,0.0178988
,,,1.07414e-007,0.0174569
,,,1.07814e-007,0.0172359
,,,1.08214e-007,0.0172359
,,,1.08614e-007,0.0174569
,,,1.09014e-007,0.0174569
,,,1.09414e-007,0.0178988
,,,1.09814e-007,0.0174569
,,,1.10214e-007,0.0185617
,,,1.10614e-007,0.0174569
,,,1.11014e-007,0.0183408
,,,1.11414e-007,0.0183408
,,,1.11814e-007,0.0183408
,,,1.12214e-007,0.0178988
,,,1.12614e-007,0.0185617
,,,1.13014e-007,0.0178988
,,,1.13414e-007,0.0178988
,,,1.13814e-007,0.0181198
,,,1.14214e-007,0.0187827
,,,1.14614e-007,0.0181198
,,,1.15014e-007,0.0176778
,,,1.15414e-007,0.0178988
,,,1.15814e-007,0.0176778
,,,1.16214e-007,0.0187827
,,,1.16614e-007,0.0181198
,,,1.17014e-007,0.0178988
,,,1.17414e-007,0.0178988
,,,1.17814e-007,0.0183408
,,,1.18214e-007,0.0181198
,,,1.18614e-007,0.0185617
,,,1.19014e-007,0.0185617
,,,1.19414e-007,0.0190037
,,,1.19814e-007,0.0187827
,,,1.20214e-007,0.0187827
,,,1.20614e-007,0.0181198
,,,1.21014e-007,0.0183408
,,,1.21414e-007,0.0174569
,,,1.21814e-007,0.0178988
,,,1.22214e-007,0.0192246
,,,1.22614e-007,0.0198876
,,,1.23014e-007,0.0190037
,,,1.23414e-007,0.0194456
,,,1.23814e-007,0.0201085
,,,1.24214e-007,0.0201085
,,,1.24614e-007,0.0212134
,,,1.25014e-007,0.0203295
,,,1.25414e-007,0.0205505
,,,1.25814e-007,0.0207715
,,,1.26214e-007,0.0214344
,,,1.26614e-007,0.0212134
,,,1.27014e-007,0.0205505
,,,1.27414e-007,0.0207715
,,,1.27814e-007,0.0212134
,,,1.28214e-007,0.0216554
,,,1.28614e-007,0.0198876
,,,1.29014e-007,0.0196666
,,,1.29414e-007,0.0198876
,,,1.29814e-007,0.0190037
,,,1.30214e-007,0.0178988
,,,1.30614e-007,0.0187827
,,,1.31014e-007,0.0183408
,,,1.31414e-007,0.0183408
,,,1.31814e-007,0.0187827
,,,1.32214e-007,0.0185617
,,,1.32614e-007,0.0178988
,,,1.33014e-007,0.0183408
,,,1.33414e-007,0.0178988
,,,1.33814e-007,0.0176778
,,,1.34214e-007,0.0176778
,,,1.34614e-007,0.0170149
,,,1.35014e-007,0.0174569
,,,1.35414e-007,0.0181198
,,,1.35814e-007,0.0170149
,,,1.36214e-007,0.0176778
,,,1.36614e-007,0.0167939
,,,1.37014e-007,0.016573
,,,1.37414e-007,0.0167939
,,,1.37814e-007,0.0156891
,,,1.38214e-007,0.0167939
,,,1.38614e-007,0.0170149
,,,1.39014e-007,0.0156891
,,,1.39414e-007,0.016352
,,,1.39814e-007,0.0167939
,,,1.40214e-007,0.0167939
,,,1.40614e-007,0.0167939
,,,1.41014e-007,0.016573
,,,1.41414e-007,0.016131
,,,1.41814e-007,0.016131
,,,1.42214e-007,0.016131
,,,1.42614e-007,0.016131
,,,1.43014e-007,0.016352
,,,1.43414e-007,0.0156891
,,,1.43814e-007,0.0156891
,,,1.44214e-007,0.0159101
,,,1.44614e-007,0.0156891
,,,1.45014e-007,0.0154681
,,,1.45414e-007,0.0150262
,,,1.45814e-007,0.0152471
,,,1.46214e-007,0.0150262
,,,1.46614e-007,0.0148052
,,,1.47014e-007,0.0148052
,,,1.47414e-007,0.0150262
,,,1.47814e-007,0.0139213
,,,1.48214e-007,0.016131
,,,1.48614e-007,0.0150262
,,,1.49014e-007,0.0150262
,,,1.49414e-007,0.0141423
,,,1.49814e-007,0.0148052
,,,1.50214e-007,0.0145842
,,,1.50614e-007,0.0145842
,,,1.51014e-007,0.0148052
,,,1.51414e-007,0.0150262
,,,1.51814e-007,0.0148052
,,,1.52214e-007,0.0148052
,,,1.52614e-007,0.0150262
,,,1.53014e-007,0.0148052
,,,1.53414e-007,0.0143632
,,,1.53814e-007,0.0137003
,,,1.54214e-007,0.0132584
,,,1.54614e-007,0.0139213
,,,1.55014e-007,0.0132584
,,,1.55414e-007,0.0137003
,,,1.55814e-007,0.0132584
,,,1.56214e-007,0.0125955
,,,1.56614e-007,0.0121535
,,,1.57014e-007,0.0125955
,,,1.57414e-007,0.0119325
,,,1.57814e-007,0.0128164
,,,1.58214e-007,0.0119325
,,,1.58614e-007,0.0128164
,,,1.59014e-007,0.0125955
,,,1.59414e-007,0.0119325
,,,1.59814e-007,0.0117116
,,,1.60214e-007,0.0123745
,,,1.60614e-007,0.0125955
,,,1.61014e-007,0.0119325
,,,1.61414e-007,0.0119325
,,,1.61814e-007,0.0121535
,,,1.62214e-007,0.0123745
,,,1.62614e-007,0.0123745
,,,1.63014e-007,0.0123745
,,,1.63414e-007,0.0128164
,,,1.63814e-007,0.0128164
,,,1.64214e-007,0.0123745
,,,1.64614e-007,0.0130374
,,,1.65014e-007,0.0125955
,,,1.65414e-007,0.0121535
,,,1.65814e-007,0.0128164
,,,1.66214e-007,0.0125955
,,,1.66614e-007,0.0121535
,,,1.67014e-007,0.0125955
,,,1.67414e-007,0.0132584
,,,1.67814e-007,0.0132584
,,,1.68214e-007,0.0125955
,,,1.68614e-007,0.0121535
,,,1.69014e-007,0.0114906
,,,1.69414e-007,0.0128164
,,,1.69814e-007,0.0121535
,,,1.70214e-007,0.0125955
,,,1.70614e-007,0.0128164
,,,1.71014e-007,0.0123745
,,,1.71414e-007,0.0132584
,,,1.71814e-007,0.0121535
,,,1.72214e-007,0.0130374
,,,1.72614e-007,0.0123745
,,,1.73014e-007,0.0125955
,,,1.73414e-007,0.0125955
,,,1.73814e-007,0.0125955
,,,1.74214e-007,0.0123745
,,,1.74614e-007,0.0117116
,,,1.75014e-007,0.0123745
,,,1.75414e-007,0.0128164
,,,1.75814e-007,0.0121535
,,,1.76214e-007,0.0123745
,,,1.76614e-007,0.0121535
,,,1.77014e-007,0.0128164
,,,1.77414e-007,0.0130374
,,,1.77814e-007,0.0121535
,,,1.78214e-007,0.0123745
,,,1.78614e-007,0.0117116
,,,1.79014e-007,0.0119325
,,,1.79414e-007,0.0128164
,,,1.79814e-007,0.0117116
,,,1.80214e-007,0.0128164
,,,1.80614e-007,0.0123745
,,,1.81014e-007,0.0123745
,,,1.81414e-007,0.0123745
,,,1.81814e-007,0.0128164
,,,1.82214e-007,0.0117116
,,,1.82614e-007,0.0125955
,,,1.83014e-007,0.0130374
,,,1.83414e-007,0.0121535
,,,1.83814e-007,0.0128164
,,,1.84214e-007,0.0123745
,,,1.84614e-007,0.0125955
,,,1.85014e-007,0.0130374
,,,1.85414e-007,0.0125955
,,,1.85814e-007,0.0119325
,,,1.86214e-007,0.0117116
,,,1.86614e-007,0.0128164
,,,1.87014e-007,0.0128164
,,,1.87414e-007,0.0128164
,,,1.87814e-007,0.0130374
,,,1.88214e-007,0.0134794
,,,1.88614e-007,0.0132584
,,,1.89014e-007,0.0137003
,,,1.89414e-007,0.0125955
,,,1.89814e-007,0.0132584
,,,1.90214e-007,0.0137003
,,,1.90614e-007,0.0137003
,,,1.91014e-007,0.0139213
,,,1.91414e-007,0.0139213
,,,1.91814e-007,0.0141423
,,,1.92214e-007,0.0137003
,,,1.92614e-007,0.0137003
,,,1.93014e-007,0.0141423
,,,1.93414e-007,0.0132584
,,,1.93814e-007,0.0130374
,,,1.94214e-007,0.0139213
,,,1.94614e-007,0.0132584
,,,1.95014e-007,0.0137003
,,,1.95414e-007,0.0139213
,,,1.95814e-007,0.0128164
,,,1.96214e-007,0.0137003
,,,1.96614e-007,0.0134794
,,,1.97014e-007,0.0132584
,,,1.97414e-007,0.0130374
,,,1.97814e-007,0.0134794
,,,1.98214e-007,0.0139213
,,,1.98614e-007,0.0139213
,,,1.99014e-007,0.0134794
,,,1.99414e-007,0.0130374
,,,1.99814e-007,0.0132584
,,,2.00214e-007,0.0139213
,,,2.00614e-007,0.0132584
,,,2.01014e-007,0.0130374
,,,2.01414e-007,0.0128164
,,,2.01814e-007,0.0130374
,,,2.02214e-007,0.0125955
,,,2.02614e-007,0.0125955
,,,2.03014e-007,0.0117116
,,,2.03414e-007,0.0119325
,,,2.03814e-007,0.0123745
,,,2.04214e-007,0.0121535
,,,2.04614e-007,0.0114906
,,,2.05014e-007,0.0114906
,,,2.05414e-007,0.0112696
,,,2.05814e-007,0.0112696
,,,2.06214e-007,0.0110486
,,,2.06614e-007,0.0101648
,,,2.07014e-007,0.0108277
,,,2.07414e-007,0.0110486
,,,2.07814e-007,0.0112696
,,,2.08214e-007,0.0110486
,,,2.08614e-007,0.00928087
,,,2.09014e-007,0.00972281
,,,2.09414e-007,0.00950184
,,,2.09814e-007,0.00883892
,,,2.10214e-007,0.00905989
,,,2.10614e-007,0.00839697
,,,2.11014e-007,0.00773405
,,,2.11414e-007,0.00795503
,,,2.11814e-007,0.00729211
,,,2.12214e-007,0.00773405
,,,2.12614e-007,0.00707114
,,,2.13014e-007,0.00662919
,,,2.13414e-007,0.00508238
,,,2.13814e-007,0.0057453
,,,2.14214e-007,0.0057453
,,,2.14614e-007,0.00508238
,,,2.15014e-007,0.00419849
,,,2.15414e-007,0.00464043
,,,2.15814e-007,0.00419849
,,,2.16214e-007,0.00464043
,,,2.16614e-007,0.00464043
,,,2.17014e-007,0.00331459
,,,2.17414e-007,0.00287265
,,,2.17814e-007,0.00265168
,,,2.18214e-007,0.00220973
,,,2.18614e-007,0.00265168
,,,2.19014e-007,0.0024307
,,,2.19414e-007,0.00154681
,,,2.19814e-007,0.00220973
,,,2.20214e-007,0.00287265
,,,2.20614e-007,0.00287265
,,,2.21014e-007,0.0024307
,,,2.21414e-007,0.00198876
,,,2.21814e-007,0.00176778
,,,2.22214e-007,0.00198876
,,,2.22614e-007,0.0024307
,,,2.23014e-007,0.00176778
,,,2.23414e-007,0.00176778
,,,2.23814e-007,0.00176778
,,,2.24214e-007,0.00132584
,,,2.24614e-007,0.00132584
,,,2.25014e-007,0.00110486
,,,2.25414e-007,0.00110486
,,,2.25814e-007,0.00132584
,,,2.26214e-007,0.000883892
,,,2.26614e-007,0.000662919
,,,2.27014e-007,0.00110486
,,,2.27414e-007,0.000883892
,,,2.27814e-007,0.00110486
,,,2.28214e-007,0.00154681
,,,2.28614e-007,0.000662919
,,,2.29014e-007,0.000883892
,,,2.29414e-007,0.00110486
,,,2.29814e-007,0.00132584
,,,2.30214e-007,0.000441946
,,,2.30614e-007,0.000441946
,,,2.31014e-007,0.000220973
,,,2.31414e-007,0.00110486
,,,2.31814e-007,0.00154681
,,,2.32214e-007,0.00132584
,,,2.32614e-007,0.000662919
,,,2.33014e-007,0.000883892
,,,2.33414e-007,0.000883892
,,,2.33814e-007,0
,,,2.34214e-007,0.00132584
,,,2.34614e-007,0
,,,2.35014e-007,-0.000441946
,,,2.35414e-007,0.000662919
,,,2.35814e-007,0.000441946
,,,2.36214e-007,-0.000220973
,,,2.36614e-007,-0.000220973
,,,2.37014e-007,0.000220973
,,,2.37414e-007,0
,,,2.37814e-007,0.000441946
,,,2.38214e-007,-0.000220973
,,,2.38614e-007,0
,,,2.39014e-007,-0.000662919
,,,2.39414e-007,-0.000220973
,,,2.39814e-007,-0.000441946
,,,2.40214e-007,-0.000441946
,,,2.40614e-007,-0.000662919
,,,2.41014e-007,-0.000662919
,,,2.41414e-007,-0.000220973
,,,2.41814e-007,0
,,,2.42214e-007,-0.000883892
,,,2.42614e-007,-0.000441946
,,,2.43014e-007,-0.00110486
,,,2.43414e-007,0
,,,2.43814e-007,-0.000883892
,,,2.44214e-007,0
,,,2.44614e-007,0.000220973
,,,2.45014e-007,0.000220973
,,,2.45414e-007,-0.000441946
,,,2.45814e-007,0.000220973
,,,2.46214e-007,0.00154681
,,,2.46614e-007,0.000441946
,,,2.47014e-007,0
,,,2.47414e-007,0.000441946
,,,2.47814e-007,0.000662919
,,,2.48214e-007,0.000441946
,,,2.48614e-007,0.000220973
,,,2.49014e-007,0
,,,2.49414e-007,0.000220973
,,,2.49814e-007,0.000441946
,,,2.50214e-007,-0.000220973
