"Record Length",1252,"Points",-2.50351e-007,-0.000220973
"Sample Interval",4e-010,s,-2.49951e-007,0.000441946
"Trigger Point",625,"Samples",-2.49551e-007,0.000220973
"Trigger Time",0.87738,s,-2.49151e-007,0
,,,-2.48751e-007,0
"Horizontal Offset",-2.50351e-007,s,-2.48351e-007,-0.000220973
,,,-2.47951e-007,-0.000220973
,,,-2.47551e-007,0.000662919
,,,-2.47151e-007,0.000441946
,,,-2.46751e-007,0.000662919
,,,-2.46351e-007,-0.000220973
,,,-2.45951e-007,0
,,,-2.45551e-007,0.000220973
,,,-2.45151e-007,0.000220973
,,,-2.44751e-007,-0.000220973
,,,-2.44351e-007,0.000220973
,,,-2.43951e-007,0
,,,-2.43551e-007,0.000441946
,,,-2.43151e-007,0.000441946
,,,-2.42751e-007,0.000220973
,,,-2.42351e-007,-0.000220973
,,,-2.41951e-007,-0.000220973
,,,-2.41551e-007,0.000220973
,,,-2.41151e-007,0
,,,-2.40751e-007,-0.000220973
,,,-2.40351e-007,0.000441946
,,,-2.39951e-007,-0.000441946
,,,-2.39551e-007,0.000662919
,,,-2.39151e-007,0.000220973
,,,-2.38751e-007,0.000441946
,,,-2.38351e-007,0.000220973
,,,-2.37951e-007,0.000220973
,,,-2.37551e-007,-0.000220973
,,,-2.37151e-007,0.000662919
,,,-2.36751e-007,0.000220973
,,,-2.36351e-007,0.000220973
,,,-2.35951e-007,0
,,,-2.35551e-007,0.000662919
,,,-2.35151e-007,0.000441946
,,,-2.34751e-007,0.000441946
,,,-2.34351e-007,0.000441946
,,,-2.33951e-007,0.000441946
,,,-2.33551e-007,0.000662919
,,,-2.33151e-007,0.000662919
,,,-2.32751e-007,0
,,,-2.32351e-007,0.000662919
,,,-2.31951e-007,-0.000220973
,,,-2.31551e-007,0
,,,-2.31151e-007,0
,,,-2.30751e-007,-0.000220973
,,,-2.30351e-007,0.000220973
,,,-2.29951e-007,0
,,,-2.29551e-007,0.000441946
,,,-2.29151e-007,0.000441946
,,,-2.28751e-007,0.000220973
,,,-2.28351e-007,0
,,,-2.27951e-007,-0.000220973
,,,-2.27551e-007,-0.000662919
,,,-2.27151e-007,0
,,,-2.26751e-007,-0.000441946
,,,-2.26351e-007,-0.000441946
,,,-2.25951e-007,0
,,,-2.25551e-007,0.000662919
,,,-2.25151e-007,0.000441946
,,,-2.24751e-007,-0.000662919
,,,-2.24351e-007,0.000441946
,,,-2.23951e-007,0.000662919
,,,-2.23551e-007,0
,,,-2.23151e-007,0
,,,-2.22751e-007,0.000883892
,,,-2.22351e-007,0.000220973
,,,-2.21951e-007,0.000662919
,,,-2.21551e-007,-0.000220973
,,,-2.21151e-007,0.000662919
,,,-2.20751e-007,0.000662919
,,,-2.20351e-007,-0.000441946
,,,-2.19951e-007,0.000220973
,,,-2.19551e-007,0.000441946
,,,-2.19151e-007,0.000441946
,,,-2.18751e-007,0.000220973
,,,-2.18351e-007,-0.000220973
,,,-2.17951e-007,-0.000220973
,,,-2.17551e-007,0.000441946
,,,-2.17151e-007,0.000883892
,,,-2.16751e-007,0.000662919
,,,-2.16351e-007,0
,,,-2.15951e-007,-0.000220973
,,,-2.15551e-007,0.000441946
,,,-2.15151e-007,0
,,,-2.14751e-007,0.000220973
,,,-2.14351e-007,0.000662919
,,,-2.13951e-007,-0.000220973
,,,-2.13551e-007,0.000220973
,,,-2.13151e-007,0.000220973
,,,-2.12751e-007,0
,,,-2.12351e-007,-0.000220973
,,,-2.11951e-007,-0.000662919
,,,-2.11551e-007,0
,,,-2.11151e-007,0.000441946
,,,-2.10751e-007,0.000662919
,,,-2.10351e-007,0.000220973
,,,-2.09951e-007,0.000883892
,,,-2.09551e-007,-0.000220973
,,,-2.09151e-007,0.000220973
,,,-2.08751e-007,-0.000220973
,,,-2.08351e-007,0.00110486
,,,-2.07951e-007,-0.000220973
,,,-2.07551e-007,-0.000220973
,,,-2.07151e-007,0.000220973
,,,-2.06751e-007,0.000441946
,,,-2.06351e-007,0
,,,-2.05951e-007,0.000441946
,,,-2.05551e-007,0.000662919
,,,-2.05151e-007,0.000441946
,,,-2.04751e-007,0.000220973
,,,-2.04351e-007,0.000220973
,,,-2.03951e-007,0
,,,-2.03551e-007,0.000662919
,,,-2.03151e-007,-0.000441946
,,,-2.02751e-007,0.000441946
,,,-2.02351e-007,0.000220973
,,,-2.01951e-007,0
,,,-2.01551e-007,0.000441946
,,,-2.01151e-007,0.000662919
,,,-2.00751e-007,0
,,,-2.00351e-007,0
,,,-1.99951e-007,0
,,,-1.99551e-007,0
,,,-1.99151e-007,0.000220973
,,,-1.98751e-007,0.000662919
,,,-1.98351e-007,0.000220973
,,,-1.97951e-007,0.000220973
,,,-1.97551e-007,-0.000220973
,,,-1.97151e-007,0
,,,-1.96751e-007,0.000220973
,,,-1.96351e-007,0.000220973
,,,-1.95951e-007,0
,,,-1.95551e-007,0
,,,-1.95151e-007,-0.000662919
,,,-1.94751e-007,-0.000662919
,,,-1.94351e-007,0
,,,-1.93951e-007,0.000441946
,,,-1.93551e-007,-0.000220973
,,,-1.93151e-007,0.000662919
,,,-1.92751e-007,-0.000220973
,,,-1.92351e-007,0.000662919
,,,-1.91951e-007,0
,,,-1.91551e-007,-0.000441946
,,,-1.91151e-007,0.000220973
,,,-1.90751e-007,0.000220973
,,,-1.90351e-007,0.000662919
,,,-1.89951e-007,0.000441946
,,,-1.89551e-007,-0.000220973
,,,-1.89151e-007,0
,,,-1.88751e-007,0
,,,-1.88351e-007,0.000220973
,,,-1.87951e-007,0.000662919
,,,-1.87551e-007,0
,,,-1.87151e-007,-0.000441946
,,,-1.86751e-007,0.000662919
,,,-1.86351e-007,0.000220973
,,,-1.85951e-007,0.000220973
,,,-1.85551e-007,0.000883892
,,,-1.85151e-007,0.000220973
,,,-1.84751e-007,-0.000441946
,,,-1.84351e-007,0.000220973
,,,-1.83951e-007,0.000220973
,,,-1.83551e-007,0
,,,-1.83151e-007,0.000220973
,,,-1.82751e-007,0.000441946
,,,-1.82351e-007,0.000441946
,,,-1.81951e-007,0.000220973
,,,-1.81551e-007,0
,,,-1.81151e-007,0.000441946
,,,-1.80751e-007,0.000662919
,,,-1.80351e-007,0
,,,-1.79951e-007,0
,,,-1.79551e-007,0.000441946
,,,-1.79151e-007,0
,,,-1.78751e-007,0.000662919
,,,-1.78351e-007,0.000441946
,,,-1.77951e-007,0.000441946
,,,-1.77551e-007,0
,,,-1.77151e-007,0.000441946
,,,-1.76751e-007,0
,,,-1.76351e-007,0.00110486
,,,-1.75951e-007,0.000441946
,,,-1.75551e-007,0
,,,-1.75151e-007,0.000220973
,,,-1.74751e-007,0.00110486
,,,-1.74351e-007,0.000662919
,,,-1.73951e-007,-0.000220973
,,,-1.73551e-007,-0.000220973
,,,-1.73151e-007,-0.000220973
,,,-1.72751e-007,0.000220973
,,,-1.72351e-007,-0.000220973
,,,-1.71951e-007,0
,,,-1.71551e-007,-0.000662919
,,,-1.71151e-007,0
,,,-1.70751e-007,0.000441946
,,,-1.70351e-007,0.000662919
,,,-1.69951e-007,0.000220973
,,,-1.69551e-007,0
,,,-1.69151e-007,0
,,,-1.68751e-007,0
,,,-1.68351e-007,0.000220973
,,,-1.67951e-007,0.000220973
,,,-1.67551e-007,0
,,,-1.67151e-007,0.00132584
,,,-1.66751e-007,0.000220973
,,,-1.66351e-007,0.000220973
,,,-1.65951e-007,0.000220973
,,,-1.65551e-007,0
,,,-1.65151e-007,0
,,,-1.64751e-007,-0.000220973
,,,-1.64351e-007,0.000220973
,,,-1.63951e-007,0
,,,-1.63551e-007,0
,,,-1.63151e-007,-0.000220973
,,,-1.62751e-007,-0.000662919
,,,-1.62351e-007,0.000662919
,,,-1.61951e-007,0
,,,-1.61551e-007,-0.000220973
,,,-1.61151e-007,0
,,,-1.60751e-007,0.000883892
,,,-1.60351e-007,0.000662919
,,,-1.59951e-007,0.000220973
,,,-1.59551e-007,0.000662919
,,,-1.59151e-007,0.000441946
,,,-1.58751e-007,0.000220973
,,,-1.58351e-007,0.000220973
,,,-1.57951e-007,0.000220973
,,,-1.57551e-007,-0.000441946
,,,-1.57151e-007,-0.000220973
,,,-1.56751e-007,0.000220973
,,,-1.56351e-007,0.000220973
,,,-1.55951e-007,0.000220973
,,,-1.55551e-007,0
,,,-1.55151e-007,0.000220973
,,,-1.54751e-007,0.000883892
,,,-1.54351e-007,-0.000220973
,,,-1.53951e-007,0.000662919
,,,-1.53551e-007,-0.000220973
,,,-1.53151e-007,0.000883892
,,,-1.52751e-007,0
,,,-1.52351e-007,0
,,,-1.51951e-007,0.000441946
,,,-1.51551e-007,-0.000220973
,,,-1.51151e-007,0.000220973
,,,-1.50751e-007,0.000662919
,,,-1.50351e-007,0
,,,-1.49951e-007,0.000662919
,,,-1.49551e-007,0.00110486
,,,-1.49151e-007,0.000441946
,,,-1.48751e-007,-0.000220973
,,,-1.48351e-007,-0.000441946
,,,-1.47951e-007,-0.000220973
,,,-1.47551e-007,0
,,,-1.47151e-007,0.000220973
,,,-1.46751e-007,0.000441946
,,,-1.46351e-007,-0.000883892
,,,-1.45951e-007,0.000883892
,,,-1.45551e-007,0.000441946
,,,-1.45151e-007,0.000441946
,,,-1.44751e-007,0
,,,-1.44351e-007,0.00110486
,,,-1.43951e-007,0.000662919
,,,-1.43551e-007,0.000662919
,,,-1.43151e-007,-0.000220973
,,,-1.42751e-007,0.000441946
,,,-1.42351e-007,0.000441946
,,,-1.41951e-007,0.000441946
,,,-1.41551e-007,0
,,,-1.41151e-007,0.000662919
,,,-1.40751e-007,0.000441946
,,,-1.40351e-007,0
,,,-1.39951e-007,0.000220973
,,,-1.39551e-007,0.000220973
,,,-1.39151e-007,0.000441946
,,,-1.38751e-007,0.000662919
,,,-1.38351e-007,0.000662919
,,,-1.37951e-007,-0.000441946
,,,-1.37551e-007,0.000441946
,,,-1.37151e-007,0.000441946
,,,-1.36751e-007,0.000220973
,,,-1.36351e-007,0.000220973
,,,-1.35951e-007,0.000441946
,,,-1.35551e-007,0.000220973
,,,-1.35151e-007,0.000883892
,,,-1.34751e-007,0.000220973
,,,-1.34351e-007,0
,,,-1.33951e-007,0
,,,-1.33551e-007,0.000662919
,,,-1.33151e-007,-0.000220973
,,,-1.32751e-007,-0.000220973
,,,-1.32351e-007,0
,,,-1.31951e-007,-0.000441946
,,,-1.31551e-007,0.000441946
,,,-1.31151e-007,-0.000441946
,,,-1.30751e-007,-0.000220973
,,,-1.30351e-007,0.000662919
,,,-1.29951e-007,0.000220973
,,,-1.29551e-007,0.000220973
,,,-1.29151e-007,0.000220973
,,,-1.28751e-007,0.000220973
,,,-1.28351e-007,0
,,,-1.27951e-007,0.000662919
,,,-1.27551e-007,0.000220973
,,,-1.27151e-007,0.00110486
,,,-1.26751e-007,0.000441946
,,,-1.26351e-007,0.000220973
,,,-1.25951e-007,0.000220973
,,,-1.25551e-007,-0.000220973
,,,-1.25151e-007,0.000220973
,,,-1.24751e-007,0
,,,-1.24351e-007,-0.000220973
,,,-1.23951e-007,0.000662919
,,,-1.23551e-007,0.000441946
,,,-1.23151e-007,-0.000441946
,,,-1.22751e-007,-0.000220973
,,,-1.22351e-007,0
,,,-1.21951e-007,0.000441946
,,,-1.21551e-007,0.000220973
,,,-1.21151e-007,0.000441946
,,,-1.20751e-007,0.000662919
,,,-1.20351e-007,0.000883892
,,,-1.19951e-007,-0.000441946
,,,-1.19551e-007,-0.000220973
,,,-1.19151e-007,-0.000441946
,,,-1.18751e-007,0.000220973
,,,-1.18351e-007,-0.000441946
,,,-1.17951e-007,-0.000220973
,,,-1.17551e-007,0.000441946
,,,-1.17151e-007,0.000662919
,,,-1.16751e-007,0.000220973
,,,-1.16351e-007,-0.000220973
,,,-1.15951e-007,0
,,,-1.15551e-007,0.000441946
,,,-1.15151e-007,0.000220973
,,,-1.14751e-007,0.000662919
,,,-1.14351e-007,0.000220973
,,,-1.13951e-007,0
,,,-1.13551e-007,0.000220973
,,,-1.13151e-007,0.000662919
,,,-1.12751e-007,-0.000662919
,,,-1.12351e-007,0.000662919
,,,-1.11951e-007,0.000662919
,,,-1.11551e-007,0.000220973
,,,-1.11151e-007,0.000220973
,,,-1.10751e-007,-0.000220973
,,,-1.10351e-007,0.000220973
,,,-1.09951e-007,0.000441946
,,,-1.09551e-007,0.000441946
,,,-1.09151e-007,0
,,,-1.08751e-007,0
,,,-1.08351e-007,0
,,,-1.07951e-007,-0.000220973
,,,-1.07551e-007,0
,,,-1.07151e-007,0
,,,-1.06751e-007,0
,,,-1.06351e-007,-0.000662919
,,,-1.05951e-007,0.000883892
,,,-1.05551e-007,0.000441946
,,,-1.05151e-007,0.000220973
,,,-1.04751e-007,-0.000220973
,,,-1.04351e-007,0.000441946
,,,-1.03951e-007,0.000662919
,,,-1.03551e-007,0.000220973
,,,-1.03151e-007,0.000220973
,,,-1.02751e-007,0.000662919
,,,-1.02351e-007,0.000662919
,,,-1.01951e-007,-0.000220973
,,,-1.01551e-007,0.000220973
,,,-1.01151e-007,0.000662919
,,,-1.00751e-007,0
,,,-1.00351e-007,-0.000441946
,,,-9.9951e-008,0
,,,-9.9551e-008,-0.000220973
,,,-9.9151e-008,-0.000441946
,,,-9.8751e-008,0.000220973
,,,-9.8351e-008,0.000220973
,,,-9.7951e-008,-0.000220973
,,,-9.7551e-008,0.000441946
,,,-9.7151e-008,0.000441946
,,,-9.6751e-008,0.000662919
,,,-9.6351e-008,0.000662919
,,,-9.5951e-008,0.000220973
,,,-9.5551e-008,0.000220973
,,,-9.5151e-008,0.000220973
,,,-9.4751e-008,0.000662919
,,,-9.4351e-008,0.000662919
,,,-9.3951e-008,0.000441946
,,,-9.3551e-008,0
,,,-9.3151e-008,0.000441946
,,,-9.2751e-008,0.000220973
,,,-9.2351e-008,-0.000220973
,,,-9.1951e-008,0
,,,-9.1551e-008,0
,,,-9.1151e-008,-0.000441946
,,,-9.0751e-008,0.000220973
,,,-9.0351e-008,-0.000220973
,,,-8.9951e-008,0.000662919
,,,-8.9551e-008,0.00110486
,,,-8.9151e-008,0.000220973
,,,-8.8751e-008,0.000662919
,,,-8.8351e-008,0
,,,-8.7951e-008,0.000220973
,,,-8.7551e-008,0.000220973
,,,-8.7151e-008,0
,,,-8.6751e-008,-0.000441946
,,,-8.6351e-008,0
,,,-8.5951e-008,0.000883892
,,,-8.5551e-008,0.000441946
,,,-8.5151e-008,0
,,,-8.4751e-008,0.000441946
,,,-8.4351e-008,0
,,,-8.3951e-008,-0.000441946
,,,-8.3551e-008,-0.000662919
,,,-8.3151e-008,-0.000441946
,,,-8.2751e-008,0
,,,-8.2351e-008,0.000441946
,,,-8.1951e-008,0.000883892
,,,-8.1551e-008,0.000662919
,,,-8.1151e-008,-0.000220973
,,,-8.0751e-008,-0.000441946
,,,-8.0351e-008,0.000441946
,,,-7.9951e-008,0.000441946
,,,-7.9551e-008,0.000441946
,,,-7.9151e-008,0.000441946
,,,-7.8751e-008,0.000883892
,,,-7.8351e-008,-0.000220973
,,,-7.7951e-008,0
,,,-7.7551e-008,0.000220973
,,,-7.7151e-008,0.000220973
,,,-7.6751e-008,0.000662919
,,,-7.6351e-008,0.000220973
,,,-7.5951e-008,-0.000441946
,,,-7.5551e-008,0
,,,-7.5151e-008,0.000883892
,,,-7.4751e-008,0.000220973
,,,-7.4351e-008,-0.000441946
,,,-7.3951e-008,0.000883892
,,,-7.3551e-008,0
,,,-7.3151e-008,0
,,,-7.2751e-008,0.000441946
,,,-7.2351e-008,0.000220973
,,,-7.1951e-008,0.000441946
,,,-7.1551e-008,0.000220973
,,,-7.1151e-008,0
,,,-7.0751e-008,0.000441946
,,,-7.0351e-008,0.000883892
,,,-6.9951e-008,0.000883892
,,,-6.9551e-008,0.000441946
,,,-6.9151e-008,-0.000441946
,,,-6.8751e-008,0.000220973
,,,-6.8351e-008,0.000662919
,,,-6.7951e-008,0.000441946
,,,-6.7551e-008,-0.000220973
,,,-6.7151e-008,0.000220973
,,,-6.6751e-008,0.000220973
,,,-6.6351e-008,0.000220973
,,,-6.5951e-008,0.000662919
,,,-6.5551e-008,0.000662919
,,,-6.5151e-008,-0.000220973
,,,-6.4751e-008,0.000220973
,,,-6.4351e-008,0.000220973
,,,-6.3951e-008,0.000220973
,,,-6.3551e-008,0
,,,-6.3151e-008,0.000662919
,,,-6.2751e-008,0.000883892
,,,-6.2351e-008,0.000220973
,,,-6.1951e-008,0
,,,-6.1551e-008,0
,,,-6.1151e-008,-0.000220973
,,,-6.0751e-008,0.000220973
,,,-6.0351e-008,0
,,,-5.9951e-008,0.000220973
,,,-5.9551e-008,0
,,,-5.9151e-008,0.000441946
,,,-5.8751e-008,0.000441946
,,,-5.8351e-008,0.000441946
,,,-5.7951e-008,-0.000441946
,,,-5.7551e-008,0
,,,-5.7151e-008,0.000220973
,,,-5.6751e-008,-0.000220973
,,,-5.6351e-008,0.000220973
,,,-5.5951e-008,0.000662919
,,,-5.5551e-008,0.000662919
,,,-5.5151e-008,0.00110486
,,,-5.4751e-008,0.000662919
,,,-5.4351e-008,-0.000220973
,,,-5.3951e-008,-0.000883892
,,,-5.3551e-008,0
,,,-5.3151e-008,-0.000441946
,,,-5.2751e-008,0.000441946
,,,-5.2351e-008,0
,,,-5.1951e-008,-0.000662919
,,,-5.1551e-008,-0.000662919
,,,-5.1151e-008,0.000441946
,,,-5.0751e-008,0.000220973
,,,-5.0351e-008,0.000220973
,,,-4.9951e-008,0
,,,-4.9551e-008,0.000441946
,,,-4.9151e-008,0.000883892
,,,-4.8751e-008,0.000220973
,,,-4.8351e-008,0.000220973
,,,-4.7951e-008,0.000220973
,,,-4.7551e-008,-0.000220973
,,,-4.7151e-008,-0.000220973
,,,-4.6751e-008,-0.000220973
,,,-4.6351e-008,0.000662919
,,,-4.5951e-008,-0.000441946
,,,-4.5551e-008,-0.000662919
,,,-4.5151e-008,0.000883892
,,,-4.4751e-008,0.000441946
,,,-4.4351e-008,-0.000441946
,,,-4.3951e-008,0.000441946
,,,-4.3551e-008,0
,,,-4.3151e-008,-0.000441946
,,,-4.2751e-008,0.000220973
,,,-4.2351e-008,-0.000220973
,,,-4.1951e-008,0
,,,-4.1551e-008,0.000662919
,,,-4.1151e-008,0
,,,-4.0751e-008,-0.000441946
,,,-4.0351e-008,0.000220973
,,,-3.9951e-008,0.000220973
,,,-3.9551e-008,-0.000220973
,,,-3.9151e-008,0.000220973
,,,-3.8751e-008,0.000220973
,,,-3.8351e-008,0.000441946
,,,-3.7951e-008,0.000662919
,,,-3.7551e-008,0.000220973
,,,-3.7151e-008,0.000441946
,,,-3.6751e-008,0.000220973
,,,-3.6351e-008,0
,,,-3.5951e-008,-0.000220973
,,,-3.5551e-008,0.000220973
,,,-3.5151e-008,-0.000441946
,,,-3.4751e-008,0
,,,-3.4351e-008,0.000883892
,,,-3.3951e-008,0.000662919
,,,-3.3551e-008,0
,,,-3.3151e-008,0.000220973
,,,-3.2751e-008,0
,,,-3.2351e-008,0.000662919
,,,-3.1951e-008,0.000441946
,,,-3.1551e-008,0
,,,-3.1151e-008,0
,,,-3.0751e-008,0.000220973
,,,-3.0351e-008,0.000220973
,,,-2.9951e-008,0.000662919
,,,-2.9551e-008,-0.000220973
,,,-2.9151e-008,0.000662919
,,,-2.8751e-008,0
,,,-2.8351e-008,0
,,,-2.7951e-008,0.000441946
,,,-2.7551e-008,0
,,,-2.7151e-008,0.000220973
,,,-2.6751e-008,0.000220973
,,,-2.6351e-008,0.000220973
,,,-2.5951e-008,-0.000220973
,,,-2.5551e-008,0
,,,-2.5151e-008,-0.000441946
,,,-2.4751e-008,0.000883892
,,,-2.4351e-008,-0.000220973
,,,-2.3951e-008,-0.000662919
,,,-2.3551e-008,0.000441946
,,,-2.3151e-008,0.000220973
,,,-2.2751e-008,0.000441946
,,,-2.2351e-008,0.000220973
,,,-2.1951e-008,0
,,,-2.1551e-008,0.000441946
,,,-2.1151e-008,-0.000441946
,,,-2.0751e-008,0.000220973
,,,-2.0351e-008,0
,,,-1.9951e-008,0
,,,-1.9551e-008,-0.000220973
,,,-1.9151e-008,-0.000220973
,,,-1.8751e-008,-0.000441946
,,,-1.8351e-008,-0.000220973
,,,-1.7951e-008,0.000441946
,,,-1.7551e-008,0.000662919
,,,-1.7151e-008,0
,,,-1.6751e-008,-0.000883892
,,,-1.6351e-008,0.000662919
,,,-1.5951e-008,-0.000220973
,,,-1.5551e-008,0.000441946
,,,-1.5151e-008,0
,,,-1.4751e-008,0.000220973
,,,-1.4351e-008,-0.000662919
,,,-1.3951e-008,0.000220973
,,,-1.3551e-008,-0.000441946
,,,-1.3151e-008,0.000220973
,,,-1.2751e-008,0.000662919
,,,-1.2351e-008,-0.000662919
,,,-1.1951e-008,-0.000220973
,,,-1.1551e-008,0.000220973
,,,-1.1151e-008,-0.000441946
,,,-1.0751e-008,0
,,,-1.0351e-008,-0.000220973
,,,-9.95095e-009,0.000220973
,,,-9.55095e-009,0
,,,-9.15095e-009,-0.000220973
,,,-8.75095e-009,0
,,,-8.35095e-009,0.000662919
,,,-7.95095e-009,0.000441946
,,,-7.55095e-009,0.000441946
,,,-7.15095e-009,-0.000220973
,,,-6.75095e-009,-0.000220973
,,,-6.35095e-009,-0.000441946
,,,-5.95095e-009,0.000441946
,,,-5.55095e-009,0.00110486
,,,-5.15095e-009,0.000220973
,,,-4.75095e-009,0.000662919
,,,-4.35095e-009,0.000662919
,,,-3.95095e-009,-0.000220973
,,,-3.55095e-009,0
,,,-3.15095e-009,0.000441946
,,,-2.75095e-009,0
,,,-2.35095e-009,0.000220973
,,,-1.95095e-009,0.000662919
,,,-1.55095e-009,0.000441946
,,,-1.15095e-009,0
,,,-7.50952e-010,0.000441946
,,,-3.50952e-010,0.000441946
,,,4.9048e-011,0.000441946
,,,4.49048e-010,0
,,,8.49048e-010,0
,,,1.24905e-009,0.000220973
,,,1.64905e-009,0
,,,2.04905e-009,0.000220973
,,,2.44905e-009,0.000662919
,,,2.84905e-009,0
,,,3.24905e-009,0.000220973
,,,3.64905e-009,-0.000662919
,,,4.04905e-009,0.000220973
,,,4.44905e-009,0
,,,4.84905e-009,-0.000441946
,,,5.24905e-009,0.000441946
,,,5.64905e-009,0.000883892
,,,6.04905e-009,0.000441946
,,,6.44905e-009,0.000441946
,,,6.84905e-009,0
,,,7.24905e-009,0.00110486
,,,7.64905e-009,0.00110486
,,,8.04905e-009,0.000441946
,,,8.44905e-009,0.000441946
,,,8.84905e-009,0.000662919
,,,9.24905e-009,0
,,,9.64905e-009,0.000662919
,,,1.0049e-008,0.000883892
,,,1.0449e-008,-0.000441946
,,,1.0849e-008,0.000441946
,,,1.1249e-008,0.000441946
,,,1.1649e-008,0.000662919
,,,1.2049e-008,0.000441946
,,,1.2449e-008,0
,,,1.2849e-008,-0.000220973
,,,1.3249e-008,0
,,,1.3649e-008,0
,,,1.4049e-008,0.000441946
,,,1.4449e-008,0.000220973
,,,1.4849e-008,0
,,,1.5249e-008,0
,,,1.5649e-008,0.000441946
,,,1.6049e-008,0.000662919
,,,1.6449e-008,-0.000220973
,,,1.6849e-008,0.000441946
,,,1.7249e-008,0.00154681
,,,1.7649e-008,0.000441946
,,,1.8049e-008,0
,,,1.8449e-008,0.000220973
,,,1.8849e-008,-0.000441946
,,,1.9249e-008,0.000220973
,,,1.9649e-008,0
,,,2.0049e-008,-0.000220973
,,,2.0449e-008,0
,,,2.0849e-008,0.000662919
,,,2.1249e-008,0.000220973
,,,2.1649e-008,0.000220973
,,,2.2049e-008,0.000441946
,,,2.2449e-008,0
,,,2.2849e-008,0.000220973
,,,2.3249e-008,0.000662919
,,,2.3649e-008,0.000441946
,,,2.4049e-008,0
,,,2.4449e-008,0.000662919
,,,2.4849e-008,0.000220973
,,,2.5249e-008,0.000220973
,,,2.5649e-008,0.000883892
,,,2.6049e-008,0.000441946
,,,2.6449e-008,-0.000220973
,,,2.6849e-008,0.000441946
,,,2.7249e-008,0
,,,2.7649e-008,-0.000441946
,,,2.8049e-008,0
,,,2.8449e-008,0.000220973
,,,2.8849e-008,0
,,,2.9249e-008,0.000220973
,,,2.9649e-008,0.000220973
,,,3.0049e-008,0.000441946
,,,3.0449e-008,0.000883892
,,,3.0849e-008,0.000441946
,,,3.1249e-008,-0.000441946
,,,3.1649e-008,0.000220973
,,,3.2049e-008,0.000220973
,,,3.2449e-008,0
,,,3.2849e-008,0.000220973
,,,3.3249e-008,0.000883892
,,,3.3649e-008,0
,,,3.4049e-008,0.000662919
,,,3.4449e-008,0
,,,3.4849e-008,-0.000220973
,,,3.5249e-008,0.000220973
,,,3.5649e-008,0
,,,3.6049e-008,0
,,,3.6449e-008,-0.000220973
,,,3.6849e-008,-0.000441946
,,,3.7249e-008,0.000662919
,,,3.7649e-008,0
,,,3.8049e-008,0.000220973
,,,3.8449e-008,-0.000220973
,,,3.8849e-008,0.000662919
,,,3.9249e-008,0.000220973
,,,3.9649e-008,0.000441946
,,,4.0049e-008,0.000662919
,,,4.0449e-008,0.000662919
,,,4.0849e-008,0.000441946
,,,4.1249e-008,-0.000220973
,,,4.1649e-008,0
,,,4.2049e-008,-0.000220973
,,,4.2449e-008,-0.000441946
,,,4.2849e-008,0
,,,4.3249e-008,-0.000220973
,,,4.3649e-008,0.000220973
,,,4.4049e-008,0
,,,4.4449e-008,0.000220973
,,,4.4849e-008,0.000441946
,,,4.5249e-008,0.000883892
,,,4.5649e-008,-0.000220973
,,,4.6049e-008,0.000662919
,,,4.6449e-008,0.000220973
,,,4.6849e-008,0.000441946
,,,4.7249e-008,0.000441946
,,,4.7649e-008,0.000441946
,,,4.8049e-008,0.000220973
,,,4.8449e-008,0.000441946
,,,4.8849e-008,0
,,,4.9249e-008,0.000441946
,,,4.9649e-008,0.000441946
,,,5.0049e-008,-0.000662919
,,,5.0449e-008,0.000220973
,,,5.0849e-008,0.00110486
,,,5.1249e-008,0
,,,5.1649e-008,0.000220973
,,,5.2049e-008,0
,,,5.2449e-008,0.000220973
,,,5.2849e-008,0.000220973
,,,5.3249e-008,0.000883892
,,,5.3649e-008,-0.000441946
,,,5.4049e-008,-0.000662919
,,,5.4449e-008,0.000883892
,,,5.4849e-008,0.000220973
,,,5.5249e-008,-0.000220973
,,,5.5649e-008,0
,,,5.6049e-008,0.000441946
,,,5.6449e-008,-0.000220973
,,,5.6849e-008,0.000220973
,,,5.7249e-008,0
,,,5.7649e-008,0.000441946
,,,5.8049e-008,0.000662919
,,,5.8449e-008,-0.000220973
,,,5.8849e-008,0
,,,5.9249e-008,-0.000441946
,,,5.9649e-008,-0.000441946
,,,6.0049e-008,0
,,,6.0449e-008,0.000220973
,,,6.0849e-008,0.000441946
,,,6.1249e-008,0
,,,6.1649e-008,-0.000220973
,,,6.2049e-008,0.000220973
,,,6.2449e-008,-0.000441946
,,,6.2849e-008,0.000441946
,,,6.3249e-008,0.000220973
,,,6.3649e-008,0.000662919
,,,6.4049e-008,0
,,,6.4449e-008,0.000220973
,,,6.4849e-008,0.000441946
,,,6.5249e-008,0.000441946
,,,6.5649e-008,0.000220973
,,,6.6049e-008,0.000441946
,,,6.6449e-008,0.000220973
,,,6.6849e-008,-0.000441946
,,,6.7249e-008,0.000220973
,,,6.7649e-008,0.000441946
,,,6.8049e-008,0.000441946
,,,6.8449e-008,0.000883892
,,,6.8849e-008,0.000220973
,,,6.9249e-008,0
,,,6.9649e-008,0
,,,7.0049e-008,0.00154681
,,,7.0449e-008,0.000220973
,,,7.0849e-008,0.000220973
,,,7.1249e-008,0.000883892
,,,7.1649e-008,0
,,,7.2049e-008,0.000441946
,,,7.2449e-008,-0.000220973
,,,7.2849e-008,0
,,,7.3249e-008,0.000662919
,,,7.3649e-008,0.000662919
,,,7.4049e-008,0.000662919
,,,7.4449e-008,0.000220973
,,,7.4849e-008,0.000441946
,,,7.5249e-008,0
,,,7.5649e-008,0.000220973
,,,7.6049e-008,0.000441946
,,,7.6449e-008,-0.000662919
,,,7.6849e-008,0
,,,7.7249e-008,0.000662919
,,,7.7649e-008,0.000220973
,,,7.8049e-008,0.000883892
,,,7.8449e-008,0.000662919
,,,7.8849e-008,0.000662919
,,,7.9249e-008,0.000220973
,,,7.9649e-008,0.00110486
,,,8.0049e-008,0.000662919
,,,8.0449e-008,-0.000220973
,,,8.0849e-008,0.000220973
,,,8.1249e-008,0.000220973
,,,8.1649e-008,0.000662919
,,,8.2049e-008,0.000883892
,,,8.2449e-008,0
,,,8.2849e-008,0.000883892
,,,8.3249e-008,0.000441946
,,,8.3649e-008,0.000220973
,,,8.4049e-008,-0.000220973
,,,8.4449e-008,0.000441946
,,,8.4849e-008,0.000441946
,,,8.5249e-008,0.000441946
,,,8.5649e-008,-0.000220973
,,,8.6049e-008,0.000441946
,,,8.6449e-008,0.000220973
,,,8.6849e-008,0.00110486
,,,8.7249e-008,0.000220973
,,,8.7649e-008,0.000220973
,,,8.8049e-008,0.000441946
,,,8.8449e-008,0.000441946
,,,8.8849e-008,0.000220973
,,,8.9249e-008,0.000441946
,,,8.9649e-008,0.000662919
,,,9.0049e-008,0.000441946
,,,9.0449e-008,0.000441946
,,,9.0849e-008,0.000441946
,,,9.1249e-008,0.000220973
,,,9.1649e-008,0.000441946
,,,9.2049e-008,-0.000220973
,,,9.2449e-008,0.000220973
,,,9.2849e-008,0
,,,9.3249e-008,0.000220973
,,,9.3649e-008,0.00110486
,,,9.4049e-008,0.00220973
,,,9.4449e-008,0.00220973
,,,9.4849e-008,0.00287265
,,,9.5249e-008,0.00375654
,,,9.5649e-008,0.00464043
,,,9.6049e-008,0.00508238
,,,9.6449e-008,0.00685016
,,,9.6849e-008,0.00773405
,,,9.7249e-008,0.00883892
,,,9.7649e-008,0.0101648
,,,9.8049e-008,0.0110486
,,,9.8449e-008,0.0123745
,,,9.8849e-008,0.0137003
,,,9.9249e-008,0.0139213
,,,9.9649e-008,0.0148052
,,,1.00049e-007,0.0156891
,,,1.00449e-007,0.0159101
,,,1.00849e-007,0.0152471
,,,1.01249e-007,0.016352
,,,1.01649e-007,0.016573
,,,1.02049e-007,0.0170149
,,,1.02449e-007,0.0170149
,,,1.02849e-007,0.0167939
,,,1.03249e-007,0.0181198
,,,1.03649e-007,0.0176778
,,,1.04049e-007,0.0170149
,,,1.04449e-007,0.0172359
,,,1.04849e-007,0.0178988
,,,1.05249e-007,0.0174569
,,,1.05649e-007,0.0181198
,,,1.06049e-007,0.0178988
,,,1.06449e-007,0.0178988
,,,1.06849e-007,0.0178988
,,,1.07249e-007,0.0170149
,,,1.07649e-007,0.0178988
,,,1.08049e-007,0.0178988
,,,1.08449e-007,0.0181198
,,,1.08849e-007,0.0178988
,,,1.09249e-007,0.0181198
,,,1.09649e-007,0.0176778
,,,1.10049e-007,0.0178988
,,,1.10449e-007,0.0183408
,,,1.10849e-007,0.0183408
,,,1.11249e-007,0.0174569
,,,1.11649e-007,0.0190037
,,,1.12049e-007,0.0190037
,,,1.12449e-007,0.0183408
,,,1.12849e-007,0.0185617
,,,1.13249e-007,0.0178988
,,,1.13649e-007,0.0185617
,,,1.14049e-007,0.0181198
,,,1.14449e-007,0.0181198
,,,1.14849e-007,0.0178988
,,,1.15249e-007,0.0174569
,,,1.15649e-007,0.0172359
,,,1.16049e-007,0.0181198
,,,1.16449e-007,0.0181198
,,,1.16849e-007,0.0172359
,,,1.17249e-007,0.0174569
,,,1.17649e-007,0.0172359
,,,1.18049e-007,0.0178988
,,,1.18449e-007,0.0176778
,,,1.18849e-007,0.0181198
,,,1.19249e-007,0.0172359
,,,1.19649e-007,0.0178988
,,,1.20049e-007,0.0181198
,,,1.20449e-007,0.0185617
,,,1.20849e-007,0.0178988
,,,1.21249e-007,0.0190037
,,,1.21649e-007,0.0190037
,,,1.22049e-007,0.0185617
,,,1.22449e-007,0.0192246
,,,1.22849e-007,0.0187827
,,,1.23249e-007,0.0198876
,,,1.23649e-007,0.0201085
,,,1.24049e-007,0.0201085
,,,1.24449e-007,0.0192246
,,,1.24849e-007,0.0198876
,,,1.25249e-007,0.0203295
,,,1.25649e-007,0.0212134
,,,1.26049e-007,0.0214344
,,,1.26449e-007,0.0214344
,,,1.26849e-007,0.0205505
,,,1.27249e-007,0.0203295
,,,1.27649e-007,0.0203295
,,,1.28049e-007,0.0196666
,,,1.28449e-007,0.0203295
,,,1.28849e-007,0.0194456
,,,1.29249e-007,0.0192246
,,,1.29649e-007,0.0190037
,,,1.30049e-007,0.0185617
,,,1.30449e-007,0.0183408
,,,1.30849e-007,0.0192246
,,,1.31249e-007,0.0178988
,,,1.31649e-007,0.0178988
,,,1.32049e-007,0.0176778
,,,1.32449e-007,0.0176778
,,,1.32849e-007,0.0170149
,,,1.33249e-007,0.0178988
,,,1.33649e-007,0.0176778
,,,1.34049e-007,0.0174569
,,,1.34449e-007,0.0172359
,,,1.34849e-007,0.0176778
,,,1.35249e-007,0.0172359
,,,1.35649e-007,0.016352
,,,1.36049e-007,0.0167939
,,,1.36449e-007,0.016352
,,,1.36849e-007,0.016131
,,,1.37249e-007,0.0159101
,,,1.37649e-007,0.016573
,,,1.38049e-007,0.016573
,,,1.38449e-007,0.016352
,,,1.38849e-007,0.0170149
,,,1.39249e-007,0.0159101
,,,1.39649e-007,0.016131
,,,1.40049e-007,0.0159101
,,,1.40449e-007,0.0156891
,,,1.40849e-007,0.0159101
,,,1.41249e-007,0.016573
,,,1.41649e-007,0.0156891
,,,1.42049e-007,0.016352
,,,1.42449e-007,0.0154681
,,,1.42849e-007,0.0150262
,,,1.43249e-007,0.0152471
,,,1.43649e-007,0.0159101
,,,1.44049e-007,0.0145842
,,,1.44449e-007,0.0154681
,,,1.44849e-007,0.0150262
,,,1.45249e-007,0.0152471
,,,1.45649e-007,0.0154681
,,,1.46049e-007,0.0150262
,,,1.46449e-007,0.0148052
,,,1.46849e-007,0.0150262
,,,1.47249e-007,0.0141423
,,,1.47649e-007,0.0145842
,,,1.48049e-007,0.0145842
,,,1.48449e-007,0.0143632
,,,1.48849e-007,0.0139213
,,,1.49249e-007,0.0152471
,,,1.49649e-007,0.0145842
,,,1.50049e-007,0.0148052
,,,1.50449e-007,0.0150262
,,,1.50849e-007,0.0148052
,,,1.51249e-007,0.0145842
,,,1.51649e-007,0.0145842
,,,1.52049e-007,0.0145842
,,,1.52449e-007,0.0145842
,,,1.52849e-007,0.0137003
,,,1.53249e-007,0.0145842
,,,1.53649e-007,0.0143632
,,,1.54049e-007,0.0139213
,,,1.54449e-007,0.0137003
,,,1.54849e-007,0.0132584
,,,1.55249e-007,0.0128164
,,,1.55649e-007,0.0134794
,,,1.56049e-007,0.0123745
,,,1.56449e-007,0.0123745
,,,1.56849e-007,0.0114906
,,,1.57249e-007,0.0114906
,,,1.57649e-007,0.0123745
,,,1.58049e-007,0.0132584
,,,1.58449e-007,0.0123745
,,,1.58849e-007,0.0123745
,,,1.59249e-007,0.0123745
,,,1.59649e-007,0.0117116
,,,1.60049e-007,0.0117116
,,,1.60449e-007,0.0114906
,,,1.60849e-007,0.0117116
,,,1.61249e-007,0.0123745
,,,1.61649e-007,0.0117116
,,,1.62049e-007,0.0121535
,,,1.62449e-007,0.0114906
,,,1.62849e-007,0.0119325
,,,1.63249e-007,0.0128164
,,,1.63649e-007,0.0121535
,,,1.64049e-007,0.0130374
,,,1.64449e-007,0.0121535
,,,1.64849e-007,0.0125955
,,,1.65249e-007,0.0123745
,,,1.65649e-007,0.0128164
,,,1.66049e-007,0.0125955
,,,1.66449e-007,0.0125955
,,,1.66849e-007,0.0125955
,,,1.67249e-007,0.0123745
,,,1.67649e-007,0.0134794
,,,1.68049e-007,0.0121535
,,,1.68449e-007,0.0128164
,,,1.68849e-007,0.0132584
,,,1.69249e-007,0.0130374
,,,1.69649e-007,0.0128164
,,,1.70049e-007,0.0130374
,,,1.70449e-007,0.0121535
,,,1.70849e-007,0.0128164
,,,1.71249e-007,0.0130374
,,,1.71649e-007,0.0123745
,,,1.72049e-007,0.0128164
,,,1.72449e-007,0.0128164
,,,1.72849e-007,0.0125955
,,,1.73249e-007,0.0130374
,,,1.73649e-007,0.0125955
,,,1.74049e-007,0.0125955
,,,1.74449e-007,0.0130374
,,,1.74849e-007,0.0128164
,,,1.75249e-007,0.0119325
,,,1.75649e-007,0.0130374
,,,1.76049e-007,0.0132584
,,,1.76449e-007,0.0123745
,,,1.76849e-007,0.0128164
,,,1.77249e-007,0.0125955
,,,1.77649e-007,0.0125955
,,,1.78049e-007,0.0128164
,,,1.78449e-007,0.0130374
,,,1.78849e-007,0.0128164
,,,1.79249e-007,0.0128164
,,,1.79649e-007,0.0130374
,,,1.80049e-007,0.0128164
,,,1.80449e-007,0.0125955
,,,1.80849e-007,0.0125955
,,,1.81249e-007,0.0130374
,,,1.81649e-007,0.0125955
,,,1.82049e-007,0.0125955
,,,1.82449e-007,0.0125955
,,,1.82849e-007,0.0125955
,,,1.83249e-007,0.0128164
,,,1.83649e-007,0.0123745
,,,1.84049e-007,0.0130374
,,,1.84449e-007,0.0121535
,,,1.84849e-007,0.0114906
,,,1.85249e-007,0.0123745
,,,1.85649e-007,0.0130374
,,,1.86049e-007,0.0134794
,,,1.86449e-007,0.0132584
,,,1.86849e-007,0.0128164
,,,1.87249e-007,0.0132584
,,,1.87649e-007,0.0132584
,,,1.88049e-007,0.0130374
,,,1.88449e-007,0.0132584
,,,1.88849e-007,0.0130374
,,,1.89249e-007,0.0132584
,,,1.89649e-007,0.0134794
,,,1.90049e-007,0.0134794
,,,1.90449e-007,0.0139213
,,,1.90849e-007,0.0134794
,,,1.91249e-007,0.0134794
,,,1.91649e-007,0.0139213
,,,1.92049e-007,0.0134794
,,,1.92449e-007,0.0134794
,,,1.92849e-007,0.0139213
,,,1.93249e-007,0.0132584
,,,1.93649e-007,0.0141423
,,,1.94049e-007,0.0139213
,,,1.94449e-007,0.0132584
,,,1.94849e-007,0.0137003
,,,1.95249e-007,0.0137003
,,,1.95649e-007,0.0132584
,,,1.96049e-007,0.0132584
,,,1.96449e-007,0.0137003
,,,1.96849e-007,0.0128164
,,,1.97249e-007,0.0132584
,,,1.97649e-007,0.0132584
,,,1.98049e-007,0.0137003
,,,1.98449e-007,0.0132584
,,,1.98849e-007,0.0130374
,,,1.99249e-007,0.0130374
,,,1.99649e-007,0.0132584
,,,2.00049e-007,0.0121535
,,,2.00449e-007,0.0132584
,,,2.00849e-007,0.0137003
,,,2.01249e-007,0.0128164
,,,2.01649e-007,0.0123745
,,,2.02049e-007,0.0128164
,,,2.02449e-007,0.0123745
,,,2.02849e-007,0.0121535
,,,2.03249e-007,0.0119325
,,,2.03649e-007,0.0119325
,,,2.04049e-007,0.0110486
,,,2.04449e-007,0.0117116
,,,2.04849e-007,0.0110486
,,,2.05249e-007,0.0117116
,,,2.05649e-007,0.0112696
,,,2.06049e-007,0.0117116
,,,2.06449e-007,0.0112696
,,,2.06849e-007,0.0110486
,,,2.07249e-007,0.0103857
,,,2.07649e-007,0.0103857
,,,2.08049e-007,0.00994378
,,,2.08449e-007,0.00994378
,,,2.08849e-007,0.00972281
,,,2.09249e-007,0.00883892
,,,2.09649e-007,0.00883892
,,,2.10049e-007,0.008176
,,,2.10449e-007,0.008176
,,,2.10849e-007,0.00751308
,,,2.11249e-007,0.00685016
,,,2.11649e-007,0.00685016
,,,2.12049e-007,0.00707114
,,,2.12449e-007,0.0057453
,,,2.12849e-007,0.00596627
,,,2.13249e-007,0.00508238
,,,2.13649e-007,0.00508238
,,,2.14049e-007,0.00552432
,,,2.14449e-007,0.00441946
,,,2.14849e-007,0.00441946
,,,2.15249e-007,0.00441946
,,,2.15649e-007,0.00375654
,,,2.16049e-007,0.00287265
,,,2.16449e-007,0.00265168
,,,2.16849e-007,0.00375654
,,,2.17249e-007,0.00353557
,,,2.17649e-007,0.00353557
,,,2.18049e-007,0.00309362
,,,2.18449e-007,0.00265168
,,,2.18849e-007,0.00287265
,,,2.19249e-007,0.00265168
,,,2.19649e-007,0.00198876
,,,2.20049e-007,0.0024307
,,,2.20449e-007,0.00154681
,,,2.20849e-007,0.00220973
,,,2.21249e-007,0.00220973
,,,2.21649e-007,0.00176778
,,,2.22049e-007,0.00132584
,,,2.22449e-007,0.00176778
,,,2.22849e-007,0.00220973
,,,2.23249e-007,0.00110486
,,,2.23649e-007,0.00176778
,,,2.24049e-007,0.00154681
,,,2.24449e-007,0.000883892
,,,2.24849e-007,0.00110486
,,,2.25249e-007,0.00176778
,,,2.25649e-007,0.00132584
,,,2.26049e-007,0.00176778
,,,2.26449e-007,0.000883892
,,,2.26849e-007,0.000883892
,,,2.27249e-007,0.000883892
,,,2.27649e-007,0.000662919
,,,2.28049e-007,0.00110486
,,,2.28449e-007,0
,,,2.28849e-007,0
,,,2.29249e-007,0.000220973
,,,2.29649e-007,0.000883892
,,,2.30049e-007,0.000662919
,,,2.30449e-007,0.000441946
,,,2.30849e-007,0.00110486
,,,2.31249e-007,0.00154681
,,,2.31649e-007,0.000662919
,,,2.32049e-007,0.00154681
,,,2.32449e-007,0.000883892
,,,2.32849e-007,0.000441946
,,,2.33249e-007,0.000662919
,,,2.33649e-007,0.000662919
,,,2.34049e-007,0.000662919
,,,2.34449e-007,0.000441946
,,,2.34849e-007,0.000441946
,,,2.35249e-007,-0.000220973
,,,2.35649e-007,-0.000441946
,,,2.36049e-007,-0.000220973
,,,2.36449e-007,-0.000220973
,,,2.36849e-007,-0.000220973
,,,2.37249e-007,-0.000883892
,,,2.37649e-007,-0.000220973
,,,2.38049e-007,0.000220973
,,,2.38449e-007,0
,,,2.38849e-007,-0.000441946
,,,2.39249e-007,-0.000883892
,,,2.39649e-007,-0.000220973
,,,2.40049e-007,0
,,,2.40449e-007,-0.000883892
,,,2.40849e-007,0.000220973
,,,2.41249e-007,-0.000662919
,,,2.41649e-007,-0.000662919
,,,2.42049e-007,-0.000662919
,,,2.42449e-007,-0.000441946
,,,2.42849e-007,-0.000662919
,,,2.43249e-007,-0.000220973
,,,2.43649e-007,-0.000662919
,,,2.44049e-007,-0.000441946
,,,2.44449e-007,-0.000441946
,,,2.44849e-007,-0.000662919
,,,2.45249e-007,-0.000441946
,,,2.45649e-007,0.000220973
,,,2.46049e-007,0.000220973
,,,2.46449e-007,0.000441946
,,,2.46849e-007,-0.000220973
,,,2.47249e-007,-0.000220973
,,,2.47649e-007,0.000441946
,,,2.48049e-007,0.000441946
,,,2.48449e-007,0.000883892
,,,2.48849e-007,0.000441946
,,,2.49249e-007,0
,,,2.49649e-007,0.000662919
,,,2.50049e-007,0.000441946
