"Record Length",1252,"Points",-2.50222e-007,0.000441946
"Sample Interval",4e-010,s,-2.49822e-007,0.000220973
"Trigger Point",625,"Samples",-2.49422e-007,0.000662919
"Trigger Time",0.55417,s,-2.49022e-007,0.000220973
,,,-2.48622e-007,0
"Horizontal Offset",-2.50222e-007,s,-2.48222e-007,0.000220973
,,,-2.47822e-007,-0.000441946
,,,-2.47422e-007,0
,,,-2.47022e-007,0.000662919
,,,-2.46622e-007,0.000441946
,,,-2.46222e-007,0.000441946
,,,-2.45822e-007,0.000441946
,,,-2.45422e-007,0.000220973
,,,-2.45022e-007,-0.000220973
,,,-2.44622e-007,0.000220973
,,,-2.44222e-007,0
,,,-2.43822e-007,0.000220973
,,,-2.43422e-007,0.000441946
,,,-2.43022e-007,0.000220973
,,,-2.42622e-007,0.000220973
,,,-2.42222e-007,0.000662919
,,,-2.41822e-007,0.000220973
,,,-2.41422e-007,0.000220973
,,,-2.41022e-007,0.000662919
,,,-2.40622e-007,0.000662919
,,,-2.40222e-007,0
,,,-2.39822e-007,0
,,,-2.39422e-007,-0.000441946
,,,-2.39022e-007,-0.000441946
,,,-2.38622e-007,0.000220973
,,,-2.38222e-007,0
,,,-2.37822e-007,0.000441946
,,,-2.37422e-007,-0.000220973
,,,-2.37022e-007,0.000662919
,,,-2.36622e-007,0.000883892
,,,-2.36222e-007,0.000441946
,,,-2.35822e-007,0.000662919
,,,-2.35422e-007,0.000441946
,,,-2.35022e-007,-0.000220973
,,,-2.34622e-007,0.000220973
,,,-2.34222e-007,0.000662919
,,,-2.33822e-007,0.000220973
,,,-2.33422e-007,0
,,,-2.33022e-007,-0.000662919
,,,-2.32622e-007,0.000662919
,,,-2.32222e-007,-0.000220973
,,,-2.31822e-007,-0.000220973
,,,-2.31422e-007,-0.000220973
,,,-2.31022e-007,0.000441946
,,,-2.30622e-007,0
,,,-2.30222e-007,0.000441946
,,,-2.29822e-007,-0.000220973
,,,-2.29422e-007,0.000220973
,,,-2.29022e-007,-0.000662919
,,,-2.28622e-007,0
,,,-2.28222e-007,-0.000220973
,,,-2.27822e-007,0.000662919
,,,-2.27422e-007,0.000441946
,,,-2.27022e-007,0.000441946
,,,-2.26622e-007,0.000441946
,,,-2.26222e-007,-0.000220973
,,,-2.25822e-007,0.000220973
,,,-2.25422e-007,0.000441946
,,,-2.25022e-007,0
,,,-2.24622e-007,0.000220973
,,,-2.24222e-007,0.000220973
,,,-2.23822e-007,0.000220973
,,,-2.23422e-007,0.000441946
,,,-2.23022e-007,-0.000441946
,,,-2.22622e-007,0
,,,-2.22222e-007,0
,,,-2.21822e-007,-0.000662919
,,,-2.21422e-007,-0.000220973
,,,-2.21022e-007,0
,,,-2.20622e-007,0.000441946
,,,-2.20222e-007,0
,,,-2.19822e-007,0.000220973
,,,-2.19422e-007,-0.000220973
,,,-2.19022e-007,0.000220973
,,,-2.18622e-007,0.000220973
,,,-2.18222e-007,0.000662919
,,,-2.17822e-007,0.000220973
,,,-2.17422e-007,0.000220973
,,,-2.17022e-007,0.000662919
,,,-2.16622e-007,0.000220973
,,,-2.16222e-007,0
,,,-2.15822e-007,0.000220973
,,,-2.15422e-007,0.000220973
,,,-2.15022e-007,0
,,,-2.14622e-007,0.000220973
,,,-2.14222e-007,0
,,,-2.13822e-007,0.000220973
,,,-2.13422e-007,0.000441946
,,,-2.13022e-007,0
,,,-2.12622e-007,-0.000441946
,,,-2.12222e-007,-0.000220973
,,,-2.11822e-007,-0.000220973
,,,-2.11422e-007,0.000220973
,,,-2.11022e-007,0.000662919
,,,-2.10622e-007,-0.000220973
,,,-2.10222e-007,0.000220973
,,,-2.09822e-007,0
,,,-2.09422e-007,0.000441946
,,,-2.09022e-007,0.000662919
,,,-2.08622e-007,-0.000220973
,,,-2.08222e-007,-0.000883892
,,,-2.07822e-007,-0.000441946
,,,-2.07422e-007,-0.000220973
,,,-2.07022e-007,-0.000220973
,,,-2.06622e-007,0.000441946
,,,-2.06222e-007,0
,,,-2.05822e-007,0
,,,-2.05422e-007,0.000441946
,,,-2.05022e-007,0.000662919
,,,-2.04622e-007,0.000220973
,,,-2.04222e-007,-0.000441946
,,,-2.03822e-007,0.000441946
,,,-2.03422e-007,0.000220973
,,,-2.03022e-007,-0.000220973
,,,-2.02622e-007,0.000441946
,,,-2.02222e-007,0.000220973
,,,-2.01822e-007,-0.000662919
,,,-2.01422e-007,0
,,,-2.01022e-007,0.000441946
,,,-2.00622e-007,0.000220973
,,,-2.00222e-007,-0.000441946
,,,-1.99822e-007,-0.000220973
,,,-1.99422e-007,-0.000220973
,,,-1.99022e-007,-0.000441946
,,,-1.98622e-007,-0.000220973
,,,-1.98222e-007,0.000441946
,,,-1.97822e-007,0.000662919
,,,-1.97422e-007,0.000662919
,,,-1.97022e-007,0
,,,-1.96622e-007,0.000662919
,,,-1.96222e-007,-0.000220973
,,,-1.95822e-007,0.000662919
,,,-1.95422e-007,-0.000220973
,,,-1.95022e-007,-0.000441946
,,,-1.94622e-007,0
,,,-1.94222e-007,0.000662919
,,,-1.93822e-007,-0.000220973
,,,-1.93422e-007,0.000220973
,,,-1.93022e-007,0
,,,-1.92622e-007,-0.000441946
,,,-1.92222e-007,0.000220973
,,,-1.91822e-007,0.000662919
,,,-1.91422e-007,0.000441946
,,,-1.91022e-007,0.000220973
,,,-1.90622e-007,-0.000220973
,,,-1.90222e-007,0
,,,-1.89822e-007,0
,,,-1.89422e-007,0.000883892
,,,-1.89022e-007,-0.000220973
,,,-1.88622e-007,0.000220973
,,,-1.88222e-007,-0.000220973
,,,-1.87822e-007,0.000220973
,,,-1.87422e-007,0.000220973
,,,-1.87022e-007,0.000220973
,,,-1.86622e-007,-0.000220973
,,,-1.86222e-007,0.000220973
,,,-1.85822e-007,0.000883892
,,,-1.85422e-007,0.000662919
,,,-1.85022e-007,0
,,,-1.84622e-007,0
,,,-1.84222e-007,0
,,,-1.83822e-007,0.000220973
,,,-1.83422e-007,0.000883892
,,,-1.83022e-007,-0.000220973
,,,-1.82622e-007,-0.000220973
,,,-1.82222e-007,0.000662919
,,,-1.81822e-007,0.000220973
,,,-1.81422e-007,0.000220973
,,,-1.81022e-007,0.000220973
,,,-1.80622e-007,0.000220973
,,,-1.80222e-007,0
,,,-1.79822e-007,0.000662919
,,,-1.79422e-007,0.000220973
,,,-1.79022e-007,0.000662919
,,,-1.78622e-007,0.000220973
,,,-1.78222e-007,0
,,,-1.77822e-007,0
,,,-1.77422e-007,-0.000220973
,,,-1.77022e-007,0
,,,-1.76622e-007,-0.000441946
,,,-1.76222e-007,-0.000441946
,,,-1.75822e-007,0
,,,-1.75422e-007,0.000220973
,,,-1.75022e-007,0.000662919
,,,-1.74622e-007,0
,,,-1.74222e-007,0.000220973
,,,-1.73822e-007,0.000441946
,,,-1.73422e-007,0.000220973
,,,-1.73022e-007,-0.000441946
,,,-1.72622e-007,0
,,,-1.72222e-007,-0.000220973
,,,-1.71822e-007,0.000662919
,,,-1.71422e-007,0.000883892
,,,-1.71022e-007,0.000441946
,,,-1.70622e-007,0
,,,-1.70222e-007,0.000441946
,,,-1.69822e-007,0
,,,-1.69422e-007,-0.000441946
,,,-1.69022e-007,-0.000220973
,,,-1.68622e-007,0.000441946
,,,-1.68222e-007,0.000441946
,,,-1.67822e-007,0
,,,-1.67422e-007,-0.000220973
,,,-1.67022e-007,0
,,,-1.66622e-007,-0.000220973
,,,-1.66222e-007,0
,,,-1.65822e-007,-0.000441946
,,,-1.65422e-007,-0.000220973
,,,-1.65022e-007,0.000441946
,,,-1.64622e-007,0.000662919
,,,-1.64222e-007,0.000220973
,,,-1.63822e-007,0
,,,-1.63422e-007,-0.000220973
,,,-1.63022e-007,0.000220973
,,,-1.62622e-007,0.000662919
,,,-1.62222e-007,0.000662919
,,,-1.61822e-007,0.000441946
,,,-1.61422e-007,0.000441946
,,,-1.61022e-007,0.000441946
,,,-1.60622e-007,0.00110486
,,,-1.60222e-007,0
,,,-1.59822e-007,0
,,,-1.59422e-007,0
,,,-1.59022e-007,0
,,,-1.58622e-007,0.000220973
,,,-1.58222e-007,0.000441946
,,,-1.57822e-007,0
,,,-1.57422e-007,0.000441946
,,,-1.57022e-007,0.000441946
,,,-1.56622e-007,0.000220973
,,,-1.56222e-007,0
,,,-1.55822e-007,0.00110486
,,,-1.55422e-007,0.000220973
,,,-1.55022e-007,-0.000220973
,,,-1.54622e-007,0.000441946
,,,-1.54222e-007,0.000662919
,,,-1.53822e-007,0.000662919
,,,-1.53422e-007,0.00132584
,,,-1.53022e-007,-0.000441946
,,,-1.52622e-007,0.000220973
,,,-1.52222e-007,-0.000662919
,,,-1.51822e-007,0.000441946
,,,-1.51422e-007,-0.000441946
,,,-1.51022e-007,0.000220973
,,,-1.50622e-007,-0.000220973
,,,-1.50222e-007,-0.000662919
,,,-1.49822e-007,0.000220973
,,,-1.49422e-007,0
,,,-1.49022e-007,0.000662919
,,,-1.48622e-007,0.000441946
,,,-1.48222e-007,0.000220973
,,,-1.47822e-007,0
,,,-1.47422e-007,0.000662919
,,,-1.47022e-007,0.000220973
,,,-1.46622e-007,0.000220973
,,,-1.46222e-007,0.000220973
,,,-1.45822e-007,0.000220973
,,,-1.45422e-007,0.000441946
,,,-1.45022e-007,-0.000220973
,,,-1.44622e-007,0
,,,-1.44222e-007,0.000220973
,,,-1.43822e-007,-0.000220973
,,,-1.43422e-007,-0.000220973
,,,-1.43022e-007,0
,,,-1.42622e-007,0
,,,-1.42222e-007,0.000220973
,,,-1.41822e-007,0.000441946
,,,-1.41422e-007,0.000220973
,,,-1.41022e-007,0.000220973
,,,-1.40622e-007,-0.000220973
,,,-1.40222e-007,0.000883892
,,,-1.39822e-007,0.000220973
,,,-1.39422e-007,0.000220973
,,,-1.39022e-007,0
,,,-1.38622e-007,0.000220973
,,,-1.38222e-007,0.000220973
,,,-1.37822e-007,0.000220973
,,,-1.37422e-007,-0.000220973
,,,-1.37022e-007,0
,,,-1.36622e-007,0.000441946
,,,-1.36222e-007,-0.000220973
,,,-1.35822e-007,-0.000220973
,,,-1.35422e-007,-0.000220973
,,,-1.35022e-007,0.000220973
,,,-1.34622e-007,-0.000883892
,,,-1.34222e-007,-0.000220973
,,,-1.33822e-007,-0.000441946
,,,-1.33422e-007,0
,,,-1.33022e-007,0.000441946
,,,-1.32622e-007,0
,,,-1.32222e-007,-0.000220973
,,,-1.31822e-007,0.000883892
,,,-1.31422e-007,0
,,,-1.31022e-007,0
,,,-1.30622e-007,0.000662919
,,,-1.30222e-007,0.000220973
,,,-1.29822e-007,-0.000220973
,,,-1.29422e-007,0.000662919
,,,-1.29022e-007,0.000220973
,,,-1.28622e-007,-0.000220973
,,,-1.28222e-007,0.000220973
,,,-1.27822e-007,0.000220973
,,,-1.27422e-007,0.000662919
,,,-1.27022e-007,0.000441946
,,,-1.26622e-007,0.000220973
,,,-1.26222e-007,0.000441946
,,,-1.25822e-007,0
,,,-1.25422e-007,0.000220973
,,,-1.25022e-007,0.000441946
,,,-1.24622e-007,0.000220973
,,,-1.24222e-007,0
,,,-1.23822e-007,0.000441946
,,,-1.23422e-007,-0.000220973
,,,-1.23022e-007,0.000220973
,,,-1.22622e-007,0
,,,-1.22222e-007,0
,,,-1.21822e-007,0.000441946
,,,-1.21422e-007,0.000441946
,,,-1.21022e-007,0
,,,-1.20622e-007,0.000441946
,,,-1.20222e-007,-0.000220973
,,,-1.19822e-007,0
,,,-1.19422e-007,0
,,,-1.19022e-007,0
,,,-1.18622e-007,0
,,,-1.18222e-007,0
,,,-1.17822e-007,0.000220973
,,,-1.17422e-007,0.000441946
,,,-1.17022e-007,0.000220973
,,,-1.16622e-007,0.000220973
,,,-1.16222e-007,-0.000220973
,,,-1.15822e-007,0.000220973
,,,-1.15422e-007,0.000441946
,,,-1.15022e-007,0.000441946
,,,-1.14622e-007,0.000883892
,,,-1.14222e-007,0.000441946
,,,-1.13822e-007,0.000220973
,,,-1.13422e-007,0
,,,-1.13022e-007,0.000220973
,,,-1.12622e-007,0.000220973
,,,-1.12222e-007,0.000220973
,,,-1.11822e-007,0
,,,-1.11422e-007,0
,,,-1.11022e-007,0.000441946
,,,-1.10622e-007,0
,,,-1.10222e-007,0
,,,-1.09822e-007,0
,,,-1.09422e-007,0
,,,-1.09022e-007,0.000662919
,,,-1.08622e-007,0
,,,-1.08222e-007,0.000441946
,,,-1.07822e-007,0
,,,-1.07422e-007,0
,,,-1.07022e-007,0.000441946
,,,-1.06622e-007,0
,,,-1.06222e-007,0.000441946
,,,-1.05822e-007,-0.000220973
,,,-1.05422e-007,0.000662919
,,,-1.05022e-007,-0.000662919
,,,-1.04622e-007,0.000220973
,,,-1.04222e-007,-0.000220973
,,,-1.03822e-007,-0.000441946
,,,-1.03422e-007,-0.000220973
,,,-1.03022e-007,-0.000662919
,,,-1.02622e-007,-0.000220973
,,,-1.02222e-007,0.000220973
,,,-1.01822e-007,-0.000220973
,,,-1.01422e-007,0.000441946
,,,-1.01022e-007,0.000220973
,,,-1.00622e-007,0.000220973
,,,-1.00222e-007,0.000662919
,,,-9.98217e-008,0.000662919
,,,-9.94217e-008,-0.000220973
,,,-9.90217e-008,0
,,,-9.86217e-008,0.000220973
,,,-9.82217e-008,0.000883892
,,,-9.78217e-008,0.000441946
,,,-9.74217e-008,-0.000220973
,,,-9.70217e-008,0.000220973
,,,-9.66217e-008,-0.000220973
,,,-9.62217e-008,-0.000220973
,,,-9.58217e-008,0
,,,-9.54217e-008,0
,,,-9.50217e-008,0
,,,-9.46217e-008,-0.000220973
,,,-9.42217e-008,0
,,,-9.38217e-008,0.000220973
,,,-9.34217e-008,0
,,,-9.30217e-008,0.000662919
,,,-9.26217e-008,0.000220973
,,,-9.22217e-008,-0.000220973
,,,-9.18217e-008,0.000441946
,,,-9.14217e-008,-0.000441946
,,,-9.10217e-008,-0.000441946
,,,-9.06217e-008,0.000220973
,,,-9.02217e-008,0.000441946
,,,-8.98217e-008,0.000662919
,,,-8.94217e-008,0
,,,-8.90217e-008,0.000220973
,,,-8.86217e-008,0.000220973
,,,-8.82217e-008,-0.000662919
,,,-8.78217e-008,0.000220973
,,,-8.74217e-008,0.000220973
,,,-8.70217e-008,0.000220973
,,,-8.66217e-008,-0.000220973
,,,-8.62217e-008,-0.000220973
,,,-8.58217e-008,0
,,,-8.54217e-008,0
,,,-8.50217e-008,0.000220973
,,,-8.46217e-008,-0.000220973
,,,-8.42217e-008,0.000220973
,,,-8.38217e-008,0.000662919
,,,-8.34217e-008,0.000441946
,,,-8.30217e-008,0
,,,-8.26217e-008,0
,,,-8.22217e-008,0
,,,-8.18217e-008,0
,,,-8.14217e-008,0.000883892
,,,-8.10217e-008,0.000220973
,,,-8.06217e-008,0
,,,-8.02217e-008,-0.000441946
,,,-7.98217e-008,0
,,,-7.94217e-008,0.000662919
,,,-7.90217e-008,0.000662919
,,,-7.86217e-008,-0.000220973
,,,-7.82217e-008,-0.000220973
,,,-7.78217e-008,0.000220973
,,,-7.74217e-008,0.000441946
,,,-7.70217e-008,-0.000220973
,,,-7.66217e-008,0.000220973
,,,-7.62217e-008,-0.000441946
,,,-7.58217e-008,0.000220973
,,,-7.54217e-008,0.000441946
,,,-7.50217e-008,-0.000220973
,,,-7.46217e-008,0.000220973
,,,-7.42217e-008,0.000220973
,,,-7.38217e-008,0
,,,-7.34217e-008,0.000220973
,,,-7.30217e-008,0.000441946
,,,-7.26217e-008,0
,,,-7.22217e-008,0.000441946
,,,-7.18217e-008,0.000220973
,,,-7.14217e-008,-0.000220973
,,,-7.10217e-008,0.000220973
,,,-7.06217e-008,0
,,,-7.02217e-008,-0.000441946
,,,-6.98217e-008,0
,,,-6.94217e-008,0.000441946
,,,-6.90217e-008,0.000220973
,,,-6.86217e-008,0.000441946
,,,-6.82217e-008,0.00110486
,,,-6.78217e-008,0.000220973
,,,-6.74217e-008,0.000220973
,,,-6.70217e-008,0.000662919
,,,-6.66217e-008,0.000220973
,,,-6.62217e-008,0.000441946
,,,-6.58217e-008,-0.000662919
,,,-6.54217e-008,-0.000220973
,,,-6.50217e-008,-0.000441946
,,,-6.46217e-008,-0.000220973
,,,-6.42217e-008,0.000220973
,,,-6.38217e-008,0
,,,-6.34217e-008,0
,,,-6.30217e-008,-0.000441946
,,,-6.26217e-008,-0.000220973
,,,-6.22217e-008,-0.000220973
,,,-6.18217e-008,-0.000441946
,,,-6.14217e-008,0.000662919
,,,-6.10217e-008,0.000662919
,,,-6.06217e-008,0.000883892
,,,-6.02217e-008,-0.000220973
,,,-5.98217e-008,0.000220973
,,,-5.94217e-008,0.000220973
,,,-5.90217e-008,0
,,,-5.86217e-008,0
,,,-5.82217e-008,0.00110486
,,,-5.78217e-008,0.000662919
,,,-5.74217e-008,0
,,,-5.70217e-008,-0.000220973
,,,-5.66217e-008,0.000441946
,,,-5.62217e-008,0.000441946
,,,-5.58217e-008,0
,,,-5.54217e-008,-0.000441946
,,,-5.50217e-008,0.000220973
,,,-5.46217e-008,0.000220973
,,,-5.42217e-008,0.000220973
,,,-5.38217e-008,0.000662919
,,,-5.34217e-008,-0.000220973
,,,-5.30217e-008,-0.000220973
,,,-5.26217e-008,0.000662919
,,,-5.22217e-008,0.000220973
,,,-5.18217e-008,-0.000220973
,,,-5.14217e-008,-0.000662919
,,,-5.10217e-008,0
,,,-5.06217e-008,0.000220973
,,,-5.02217e-008,0.000883892
,,,-4.98217e-008,0.000220973
,,,-4.94217e-008,0.000441946
,,,-4.90217e-008,0.000441946
,,,-4.86217e-008,0.000220973
,,,-4.82217e-008,0
,,,-4.78217e-008,-0.000220973
,,,-4.74217e-008,0
,,,-4.70217e-008,0
,,,-4.66217e-008,0
,,,-4.62217e-008,0.000220973
,,,-4.58217e-008,0.000220973
,,,-4.54217e-008,0.000883892
,,,-4.50217e-008,0.000220973
,,,-4.46217e-008,0.000441946
,,,-4.42217e-008,0.000662919
,,,-4.38217e-008,0.000441946
,,,-4.34217e-008,0.000441946
,,,-4.30217e-008,0.000441946
,,,-4.26217e-008,0
,,,-4.22217e-008,0.000220973
,,,-4.18217e-008,-0.000441946
,,,-4.14217e-008,-0.000220973
,,,-4.10217e-008,-0.000441946
,,,-4.06217e-008,0
,,,-4.02217e-008,-0.000220973
,,,-3.98217e-008,-0.000441946
,,,-3.94217e-008,-0.000220973
,,,-3.90217e-008,-0.000220973
,,,-3.86217e-008,-0.000220973
,,,-3.82217e-008,0
,,,-3.78217e-008,0.000441946
,,,-3.74217e-008,0.000662919
,,,-3.70217e-008,0.000220973
,,,-3.66217e-008,0.000441946
,,,-3.62217e-008,0
,,,-3.58217e-008,0.00110486
,,,-3.54217e-008,0
,,,-3.50217e-008,0
,,,-3.46217e-008,0.000662919
,,,-3.42217e-008,0.000441946
,,,-3.38217e-008,0.000220973
,,,-3.34217e-008,0.000441946
,,,-3.30217e-008,-0.000883892
,,,-3.26217e-008,0.000441946
,,,-3.22217e-008,0.000662919
,,,-3.18217e-008,0.000220973
,,,-3.14217e-008,-0.000220973
,,,-3.10217e-008,-0.000441946
,,,-3.06217e-008,-0.000220973
,,,-3.02217e-008,0.000662919
,,,-2.98217e-008,0.000883892
,,,-2.94217e-008,0.000441946
,,,-2.90217e-008,-0.000441946
,,,-2.86217e-008,0.000220973
,,,-2.82217e-008,-0.000441946
,,,-2.78217e-008,0.00132584
,,,-2.74217e-008,0.000441946
,,,-2.70217e-008,0.000441946
,,,-2.66217e-008,0.000662919
,,,-2.62217e-008,0.000883892
,,,-2.58217e-008,0.000220973
,,,-2.54217e-008,0.000662919
,,,-2.50217e-008,-0.000441946
,,,-2.46217e-008,0.000662919
,,,-2.42217e-008,-0.000441946
,,,-2.38217e-008,0.000441946
,,,-2.34217e-008,-0.000441946
,,,-2.30217e-008,-0.000662919
,,,-2.26217e-008,-0.000662919
,,,-2.22217e-008,0
,,,-2.18217e-008,0.000220973
,,,-2.14217e-008,-0.000220973
,,,-2.10217e-008,0.000220973
,,,-2.06217e-008,0.000220973
,,,-2.02217e-008,-0.000441946
,,,-1.98217e-008,0.000220973
,,,-1.94217e-008,0
,,,-1.90217e-008,0.000662919
,,,-1.86217e-008,-0.000220973
,,,-1.82217e-008,0.000220973
,,,-1.78217e-008,0.000441946
,,,-1.74217e-008,0
,,,-1.70217e-008,0
,,,-1.66217e-008,0.000220973
,,,-1.62217e-008,-0.000220973
,,,-1.58217e-008,0.000441946
,,,-1.54217e-008,0.000662919
,,,-1.50217e-008,-0.000441946
,,,-1.46217e-008,-0.000441946
,,,-1.42217e-008,0
,,,-1.38217e-008,0.000883892
,,,-1.34217e-008,0.000662919
,,,-1.30217e-008,0.000883892
,,,-1.26217e-008,0.000441946
,,,-1.22217e-008,0.000220973
,,,-1.18217e-008,0.000883892
,,,-1.14217e-008,0.000220973
,,,-1.10217e-008,0.000220973
,,,-1.06217e-008,0
,,,-1.02217e-008,0
,,,-9.82167e-009,0.000441946
,,,-9.42167e-009,0.000441946
,,,-9.02167e-009,0.000441946
,,,-8.62167e-009,0.000441946
,,,-8.22167e-009,0.000441946
,,,-7.82167e-009,0.000220973
,,,-7.42167e-009,0
,,,-7.02167e-009,0.000883892
,,,-6.62167e-009,-0.000220973
,,,-6.22167e-009,0
,,,-5.82167e-009,-0.000220973
,,,-5.42167e-009,0.000662919
,,,-5.02167e-009,0.000220973
,,,-4.62167e-009,0.000441946
,,,-4.22167e-009,0.000220973
,,,-3.82167e-009,0.000662919
,,,-3.42167e-009,0.000662919
,,,-3.02167e-009,0
,,,-2.62167e-009,-0.000220973
,,,-2.22167e-009,0.00110486
,,,-1.82167e-009,0.000662919
,,,-1.42167e-009,0.000441946
,,,-1.02167e-009,-0.000220973
,,,-6.21668e-010,0.000220973
,,,-2.21668e-010,-0.000662919
,,,1.78332e-010,0.000220973
,,,5.78332e-010,0.000441946
,,,9.78332e-010,0.000220973
,,,1.37833e-009,0.000441946
,,,1.77833e-009,0.000220973
,,,2.17833e-009,0.000220973
,,,2.57833e-009,0.000662919
,,,2.97833e-009,-0.000220973
,,,3.37833e-009,0.000883892
,,,3.77833e-009,0.000220973
,,,4.17833e-009,0.000883892
,,,4.57833e-009,-0.000220973
,,,4.97833e-009,0.000662919
,,,5.37833e-009,0.000220973
,,,5.77833e-009,0.00110486
,,,6.17833e-009,0
,,,6.57833e-009,0.000220973
,,,6.97833e-009,0
,,,7.37833e-009,0.000220973
,,,7.77833e-009,0.000220973
,,,8.17833e-009,0
,,,8.57833e-009,0.000220973
,,,8.97833e-009,0.000220973
,,,9.37833e-009,0.000220973
,,,9.77833e-009,0.000883892
,,,1.01783e-008,-0.000220973
,,,1.05783e-008,0.000441946
,,,1.09783e-008,0.000883892
,,,1.13783e-008,0.000220973
,,,1.17783e-008,0.000662919
,,,1.21783e-008,0.000883892
,,,1.25783e-008,0
,,,1.29783e-008,0
,,,1.33783e-008,0.00132584
,,,1.37783e-008,0.000220973
,,,1.41783e-008,0.000220973
,,,1.45783e-008,0.00110486
,,,1.49783e-008,0.000441946
,,,1.53783e-008,0
,,,1.57783e-008,-0.000441946
,,,1.61783e-008,0.000220973
,,,1.65783e-008,0
,,,1.69783e-008,0
,,,1.73783e-008,-0.000662919
,,,1.77783e-008,-0.000220973
,,,1.81783e-008,0.000883892
,,,1.85783e-008,0.000662919
,,,1.89783e-008,0.000441946
,,,1.93783e-008,0.000883892
,,,1.97783e-008,0.000220973
,,,2.01783e-008,0.000883892
,,,2.05783e-008,0.000220973
,,,2.09783e-008,0.000662919
,,,2.13783e-008,0.000220973
,,,2.17783e-008,0.000662919
,,,2.21783e-008,0
,,,2.25783e-008,0.000662919
,,,2.29783e-008,0
,,,2.33783e-008,0
,,,2.37783e-008,-0.000441946
,,,2.41783e-008,-0.000662919
,,,2.45783e-008,-0.000220973
,,,2.49783e-008,0
,,,2.53783e-008,0
,,,2.57783e-008,0.000220973
,,,2.61783e-008,0.000220973
,,,2.65783e-008,0.000883892
,,,2.69783e-008,0.000441946
,,,2.73783e-008,0
,,,2.77783e-008,0.000441946
,,,2.81783e-008,-0.000220973
,,,2.85783e-008,-0.000883892
,,,2.89783e-008,0.000220973
,,,2.93783e-008,0.000441946
,,,2.97783e-008,0.000883892
,,,3.01783e-008,0.000441946
,,,3.05783e-008,0.000441946
,,,3.09783e-008,0.000220973
,,,3.13783e-008,0.000662919
,,,3.17783e-008,0
,,,3.21783e-008,0.000220973
,,,3.25783e-008,0.000662919
,,,3.29783e-008,0
,,,3.33783e-008,0.000441946
,,,3.37783e-008,0.000220973
,,,3.41783e-008,-0.000441946
,,,3.45783e-008,0.000662919
,,,3.49783e-008,0.000441946
,,,3.53783e-008,0.000441946
,,,3.57783e-008,-0.000441946
,,,3.61783e-008,0.00110486
,,,3.65783e-008,0.000441946
,,,3.69783e-008,0.000441946
,,,3.73783e-008,0.000220973
,,,3.77783e-008,0
,,,3.81783e-008,0
,,,3.85783e-008,0.000220973
,,,3.89783e-008,0
,,,3.93783e-008,-0.000220973
,,,3.97783e-008,0
,,,4.01783e-008,0
,,,4.05783e-008,0.000220973
,,,4.09783e-008,0.000662919
,,,4.13783e-008,0.000441946
,,,4.17783e-008,0
,,,4.21783e-008,0.000441946
,,,4.25783e-008,0
,,,4.29783e-008,0.000220973
,,,4.33783e-008,0.000441946
,,,4.37783e-008,0
,,,4.41783e-008,0.000883892
,,,4.45783e-008,0.000883892
,,,4.49783e-008,0.000220973
,,,4.53783e-008,0.000441946
,,,4.57783e-008,0.000441946
,,,4.61783e-008,-0.000220973
,,,4.65783e-008,0.000662919
,,,4.69783e-008,-0.000220973
,,,4.73783e-008,-0.000220973
,,,4.77783e-008,0
,,,4.81783e-008,0.000220973
,,,4.85783e-008,-0.000441946
,,,4.89783e-008,0
,,,4.93783e-008,-0.000220973
,,,4.97783e-008,-0.000220973
,,,5.01783e-008,0.000220973
,,,5.05783e-008,0.000662919
,,,5.09783e-008,-0.000220973
,,,5.13783e-008,0.000441946
,,,5.17783e-008,-0.000220973
,,,5.21783e-008,-0.000220973
,,,5.25783e-008,0.000220973
,,,5.29783e-008,0.000441946
,,,5.33783e-008,0.000220973
,,,5.37783e-008,0.000441946
,,,5.41783e-008,0.000441946
,,,5.45783e-008,0.000883892
,,,5.49783e-008,0
,,,5.53783e-008,0.00110486
,,,5.57783e-008,-0.000220973
,,,5.61783e-008,0
,,,5.65783e-008,0.000883892
,,,5.69783e-008,0.000662919
,,,5.73783e-008,0.000220973
,,,5.77783e-008,0.000220973
,,,5.81783e-008,0
,,,5.85783e-008,0.00110486
,,,5.89783e-008,-0.000220973
,,,5.93783e-008,0.000220973
,,,5.97783e-008,0.000441946
,,,6.01783e-008,0.00154681
,,,6.05783e-008,-0.000220973
,,,6.09783e-008,0.000662919
,,,6.13783e-008,0.000662919
,,,6.17783e-008,0.000220973
,,,6.21783e-008,0.000441946
,,,6.25783e-008,0.000441946
,,,6.29783e-008,-0.000662919
,,,6.33783e-008,0.000220973
,,,6.37783e-008,0.000441946
,,,6.41783e-008,0.000220973
,,,6.45783e-008,0.000662919
,,,6.49783e-008,0.000662919
,,,6.53783e-008,-0.000441946
,,,6.57783e-008,0
,,,6.61783e-008,0.000441946
,,,6.65783e-008,0.000883892
,,,6.69783e-008,0.000220973
,,,6.73783e-008,-0.000220973
,,,6.77783e-008,0.000220973
,,,6.81783e-008,0.000441946
,,,6.85783e-008,0
,,,6.89783e-008,0.000220973
,,,6.93783e-008,0.000441946
,,,6.97783e-008,0.00132584
,,,7.01783e-008,0.000441946
,,,7.05783e-008,0.000441946
,,,7.09783e-008,-0.000662919
,,,7.13783e-008,0.000441946
,,,7.17783e-008,-0.000441946
,,,7.21783e-008,0.000441946
,,,7.25783e-008,0.000662919
,,,7.29783e-008,0.000220973
,,,7.33783e-008,0.000441946
,,,7.37783e-008,0.000883892
,,,7.41783e-008,0.000441946
,,,7.45783e-008,0.000662919
,,,7.49783e-008,0.000441946
,,,7.53783e-008,0.000441946
,,,7.57783e-008,-0.000220973
,,,7.61783e-008,0.000662919
,,,7.65783e-008,-0.000220973
,,,7.69783e-008,0.000441946
,,,7.73783e-008,0.000441946
,,,7.77783e-008,0.000220973
,,,7.81783e-008,0.000441946
,,,7.85783e-008,0.000220973
,,,7.89783e-008,0
,,,7.93783e-008,-0.000220973
,,,7.97783e-008,0.000662919
,,,8.01783e-008,0.000441946
,,,8.05783e-008,0.000662919
,,,8.09783e-008,-0.000441946
,,,8.13783e-008,0.000220973
,,,8.17783e-008,0.000883892
,,,8.21783e-008,0
,,,8.25783e-008,0.000662919
,,,8.29783e-008,0.000441946
,,,8.33783e-008,0.000441946
,,,8.37783e-008,0.000441946
,,,8.41783e-008,0.000662919
,,,8.45783e-008,0.000662919
,,,8.49783e-008,-0.000220973
,,,8.53783e-008,0
,,,8.57783e-008,0
,,,8.61783e-008,0.000441946
,,,8.65783e-008,0.000662919
,,,8.69783e-008,-0.000441946
,,,8.73783e-008,-0.000220973
,,,8.77783e-008,0.000441946
,,,8.81783e-008,0.000220973
,,,8.85783e-008,0.000441946
,,,8.89783e-008,0.000441946
,,,8.93783e-008,0
,,,8.97783e-008,0.000220973
,,,9.01783e-008,0.000220973
,,,9.05783e-008,-0.000220973
,,,9.09783e-008,0.00110486
,,,9.13783e-008,0.000662919
,,,9.17783e-008,-0.000220973
,,,9.21783e-008,0.000441946
,,,9.25783e-008,0.000441946
,,,9.29783e-008,0.00110486
,,,9.33783e-008,0.000883892
,,,9.37783e-008,0.00176778
,,,9.41783e-008,0.00132584
,,,9.45783e-008,0.00375654
,,,9.49783e-008,0.00331459
,,,9.53783e-008,0.00353557
,,,9.57783e-008,0.00464043
,,,9.61783e-008,0.00596627
,,,9.65783e-008,0.00618724
,,,9.69783e-008,0.008176
,,,9.73783e-008,0.00928087
,,,9.77783e-008,0.0103857
,,,9.81783e-008,0.0117116
,,,9.85783e-008,0.0132584
,,,9.89783e-008,0.0137003
,,,9.93783e-008,0.0141423
,,,9.97783e-008,0.0141423
,,,1.00178e-007,0.016131
,,,1.00578e-007,0.0154681
,,,1.00978e-007,0.0167939
,,,1.01378e-007,0.016573
,,,1.01778e-007,0.0170149
,,,1.02178e-007,0.0172359
,,,1.02578e-007,0.0172359
,,,1.02978e-007,0.016573
,,,1.03378e-007,0.0176778
,,,1.03778e-007,0.0172359
,,,1.04178e-007,0.0174569
,,,1.04578e-007,0.0176778
,,,1.04978e-007,0.0172359
,,,1.05378e-007,0.0183408
,,,1.05778e-007,0.0176778
,,,1.06178e-007,0.0174569
,,,1.06578e-007,0.0181198
,,,1.06978e-007,0.0183408
,,,1.07378e-007,0.0174569
,,,1.07778e-007,0.0176778
,,,1.08178e-007,0.0178988
,,,1.08578e-007,0.0181198
,,,1.08978e-007,0.0178988
,,,1.09378e-007,0.0178988
,,,1.09778e-007,0.0181198
,,,1.10178e-007,0.0183408
,,,1.10578e-007,0.0176778
,,,1.10978e-007,0.0176778
,,,1.11378e-007,0.0174569
,,,1.11778e-007,0.0176778
,,,1.12178e-007,0.0176778
,,,1.12578e-007,0.0174569
,,,1.12978e-007,0.0181198
,,,1.13378e-007,0.0178988
,,,1.13778e-007,0.0181198
,,,1.14178e-007,0.0170149
,,,1.14578e-007,0.0181198
,,,1.14978e-007,0.0183408
,,,1.15378e-007,0.0178988
,,,1.15778e-007,0.0178988
,,,1.16178e-007,0.0178988
,,,1.16578e-007,0.0187827
,,,1.16978e-007,0.0174569
,,,1.17378e-007,0.0174569
,,,1.17778e-007,0.0187827
,,,1.18178e-007,0.0183408
,,,1.18578e-007,0.0183408
,,,1.18978e-007,0.0181198
,,,1.19378e-007,0.0181198
,,,1.19778e-007,0.0172359
,,,1.20178e-007,0.0181198
,,,1.20578e-007,0.0174569
,,,1.20978e-007,0.0181198
,,,1.21378e-007,0.0181198
,,,1.21778e-007,0.0181198
,,,1.22178e-007,0.0185617
,,,1.22578e-007,0.0194456
,,,1.22978e-007,0.0192246
,,,1.23378e-007,0.0198876
,,,1.23778e-007,0.0198876
,,,1.24178e-007,0.0207715
,,,1.24578e-007,0.0205505
,,,1.24978e-007,0.0205505
,,,1.25378e-007,0.0205505
,,,1.25778e-007,0.0214344
,,,1.26178e-007,0.0212134
,,,1.26578e-007,0.0209924
,,,1.26978e-007,0.0205505
,,,1.27378e-007,0.0207715
,,,1.27778e-007,0.0198876
,,,1.28178e-007,0.0205505
,,,1.28578e-007,0.0196666
,,,1.28978e-007,0.0192246
,,,1.29378e-007,0.0187827
,,,1.29778e-007,0.0194456
,,,1.30178e-007,0.0185617
,,,1.30578e-007,0.0187827
,,,1.30978e-007,0.0178988
,,,1.31378e-007,0.0176778
,,,1.31778e-007,0.0181198
,,,1.32178e-007,0.0181198
,,,1.32578e-007,0.0176778
,,,1.32978e-007,0.0174569
,,,1.33378e-007,0.0170149
,,,1.33778e-007,0.0174569
,,,1.34178e-007,0.0172359
,,,1.34578e-007,0.016573
,,,1.34978e-007,0.016573
,,,1.35378e-007,0.016573
,,,1.35778e-007,0.016573
,,,1.36178e-007,0.016352
,,,1.36578e-007,0.016573
,,,1.36978e-007,0.016573
,,,1.37378e-007,0.016573
,,,1.37778e-007,0.016131
,,,1.38178e-007,0.016352
,,,1.38578e-007,0.016573
,,,1.38978e-007,0.016573
,,,1.39378e-007,0.016352
,,,1.39778e-007,0.016352
,,,1.40178e-007,0.016131
,,,1.40578e-007,0.0156891
,,,1.40978e-007,0.016131
,,,1.41378e-007,0.0159101
,,,1.41778e-007,0.0159101
,,,1.42178e-007,0.016131
,,,1.42578e-007,0.016131
,,,1.42978e-007,0.0154681
,,,1.43378e-007,0.0154681
,,,1.43778e-007,0.0156891
,,,1.44178e-007,0.0145842
,,,1.44578e-007,0.0152471
,,,1.44978e-007,0.0154681
,,,1.45378e-007,0.0154681
,,,1.45778e-007,0.0148052
,,,1.46178e-007,0.0150262
,,,1.46578e-007,0.0152471
,,,1.46978e-007,0.0152471
,,,1.47378e-007,0.0148052
,,,1.47778e-007,0.0150262
,,,1.48178e-007,0.0150262
,,,1.48578e-007,0.0148052
,,,1.48978e-007,0.0139213
,,,1.49378e-007,0.0152471
,,,1.49778e-007,0.0150262
,,,1.50178e-007,0.0145842
,,,1.50578e-007,0.0143632
,,,1.50978e-007,0.0141423
,,,1.51378e-007,0.0145842
,,,1.51778e-007,0.0150262
,,,1.52178e-007,0.0143632
,,,1.52578e-007,0.0148052
,,,1.52978e-007,0.0148052
,,,1.53378e-007,0.0137003
,,,1.53778e-007,0.0134794
,,,1.54178e-007,0.0137003
,,,1.54578e-007,0.0145842
,,,1.54978e-007,0.0134794
,,,1.55378e-007,0.0134794
,,,1.55778e-007,0.0123745
,,,1.56178e-007,0.0130374
,,,1.56578e-007,0.0130374
,,,1.56978e-007,0.0125955
,,,1.57378e-007,0.0132584
,,,1.57778e-007,0.0121535
,,,1.58178e-007,0.0117116
,,,1.58578e-007,0.0123745
,,,1.58978e-007,0.0119325
,,,1.59378e-007,0.0117116
,,,1.59778e-007,0.0123745
,,,1.60178e-007,0.0123745
,,,1.60578e-007,0.0119325
,,,1.60978e-007,0.0123745
,,,1.61378e-007,0.0121535
,,,1.61778e-007,0.0123745
,,,1.62178e-007,0.0112696
,,,1.62578e-007,0.0128164
,,,1.62978e-007,0.0119325
,,,1.63378e-007,0.0128164
,,,1.63778e-007,0.0125955
,,,1.64178e-007,0.0130374
,,,1.64578e-007,0.0125955
,,,1.64978e-007,0.0130374
,,,1.65378e-007,0.0123745
,,,1.65778e-007,0.0123745
,,,1.66178e-007,0.0125955
,,,1.66578e-007,0.0132584
,,,1.66978e-007,0.0125955
,,,1.67378e-007,0.0130374
,,,1.67778e-007,0.0123745
,,,1.68178e-007,0.0123745
,,,1.68578e-007,0.0123745
,,,1.68978e-007,0.0128164
,,,1.69378e-007,0.0121535
,,,1.69778e-007,0.0123745
,,,1.70178e-007,0.0123745
,,,1.70578e-007,0.0125955
,,,1.70978e-007,0.0125955
,,,1.71378e-007,0.0123745
,,,1.71778e-007,0.0112696
,,,1.72178e-007,0.0125955
,,,1.72578e-007,0.0128164
,,,1.72978e-007,0.0130374
,,,1.73378e-007,0.0123745
,,,1.73778e-007,0.0125955
,,,1.74178e-007,0.0123745
,,,1.74578e-007,0.0125955
,,,1.74978e-007,0.0121535
,,,1.75378e-007,0.0125955
,,,1.75778e-007,0.0125955
,,,1.76178e-007,0.0125955
,,,1.76578e-007,0.0128164
,,,1.76978e-007,0.0123745
,,,1.77378e-007,0.0114906
,,,1.77778e-007,0.0128164
,,,1.78178e-007,0.0130374
,,,1.78578e-007,0.0125955
,,,1.78978e-007,0.0123745
,,,1.79378e-007,0.0123745
,,,1.79778e-007,0.0130374
,,,1.80178e-007,0.0130374
,,,1.80578e-007,0.0125955
,,,1.80978e-007,0.0128164
,,,1.81378e-007,0.0117116
,,,1.81778e-007,0.0130374
,,,1.82178e-007,0.0123745
,,,1.82578e-007,0.0123745
,,,1.82978e-007,0.0125955
,,,1.83378e-007,0.0121535
,,,1.83778e-007,0.0125955
,,,1.84178e-007,0.0123745
,,,1.84578e-007,0.0121535
,,,1.84978e-007,0.0123745
,,,1.85378e-007,0.0128164
,,,1.85778e-007,0.0128164
,,,1.86178e-007,0.0128164
,,,1.86578e-007,0.0128164
,,,1.86978e-007,0.0132584
,,,1.87378e-007,0.0130374
,,,1.87778e-007,0.0128164
,,,1.88178e-007,0.0132584
,,,1.88578e-007,0.0128164
,,,1.88978e-007,0.0123745
,,,1.89378e-007,0.0132584
,,,1.89778e-007,0.0132584
,,,1.90178e-007,0.0132584
,,,1.90578e-007,0.0137003
,,,1.90978e-007,0.0132584
,,,1.91378e-007,0.0132584
,,,1.91778e-007,0.0139213
,,,1.92178e-007,0.0130374
,,,1.92578e-007,0.0137003
,,,1.92978e-007,0.0139213
,,,1.93378e-007,0.0137003
,,,1.93778e-007,0.0134794
,,,1.94178e-007,0.0134794
,,,1.94578e-007,0.0139213
,,,1.94978e-007,0.0137003
,,,1.95378e-007,0.0139213
,,,1.95778e-007,0.0134794
,,,1.96178e-007,0.0134794
,,,1.96578e-007,0.0125955
,,,1.96978e-007,0.0130374
,,,1.97378e-007,0.0130374
,,,1.97778e-007,0.0141423
,,,1.98178e-007,0.0130374
,,,1.98578e-007,0.0130374
,,,1.98978e-007,0.0119325
,,,1.99378e-007,0.0130374
,,,1.99778e-007,0.0128164
,,,2.00178e-007,0.0130374
,,,2.00578e-007,0.0121535
,,,2.00978e-007,0.0121535
,,,2.01378e-007,0.0123745
,,,2.01778e-007,0.0125955
,,,2.02178e-007,0.0117116
,,,2.02578e-007,0.0119325
,,,2.02978e-007,0.0121535
,,,2.03378e-007,0.0114906
,,,2.03778e-007,0.0114906
,,,2.04178e-007,0.0117116
,,,2.04578e-007,0.0125955
,,,2.04978e-007,0.0117116
,,,2.05378e-007,0.0119325
,,,2.05778e-007,0.0108277
,,,2.06178e-007,0.0114906
,,,2.06578e-007,0.0110486
,,,2.06978e-007,0.0103857
,,,2.07378e-007,0.00994378
,,,2.07778e-007,0.00928087
,,,2.08178e-007,0.00905989
,,,2.08578e-007,0.00950184
,,,2.08978e-007,0.00905989
,,,2.09378e-007,0.008176
,,,2.09778e-007,0.00751308
,,,2.10178e-007,0.00839697
,,,2.10578e-007,0.00751308
,,,2.10978e-007,0.00751308
,,,2.11378e-007,0.00729211
,,,2.11778e-007,0.00596627
,,,2.12178e-007,0.00640822
,,,2.12578e-007,0.00618724
,,,2.12978e-007,0.00508238
,,,2.13378e-007,0.00508238
,,,2.13778e-007,0.00508238
,,,2.14178e-007,0.00441946
,,,2.14578e-007,0.00486141
,,,2.14978e-007,0.00441946
,,,2.15378e-007,0.00397751
,,,2.15778e-007,0.00287265
,,,2.16178e-007,0.00331459
,,,2.16578e-007,0.00331459
,,,2.16978e-007,0.00309362
,,,2.17378e-007,0.00309362
,,,2.17778e-007,0.00265168
,,,2.18178e-007,0.00265168
,,,2.18578e-007,0.00198876
,,,2.18978e-007,0.00287265
,,,2.19378e-007,0.00176778
,,,2.19778e-007,0.00154681
,,,2.20178e-007,0.00220973
,,,2.20578e-007,0.00132584
,,,2.20978e-007,0.00154681
,,,2.21378e-007,0.00154681
,,,2.21778e-007,0.00176778
,,,2.22178e-007,0.00220973
,,,2.22578e-007,0.00265168
,,,2.22978e-007,0.000883892
,,,2.23378e-007,0.00132584
,,,2.23778e-007,0.000883892
,,,2.24178e-007,0.00110486
,,,2.24578e-007,0.00132584
,,,2.24978e-007,0.000883892
,,,2.25378e-007,0.000441946
,,,2.25778e-007,0.00176778
,,,2.26178e-007,0.00110486
,,,2.26578e-007,0.000883892
,,,2.26978e-007,0.00110486
,,,2.27378e-007,0.000662919
,,,2.27778e-007,0.000662919
,,,2.28178e-007,0.000883892
,,,2.28578e-007,0.000883892
,,,2.28978e-007,0.000883892
,,,2.29378e-007,0.00132584
,,,2.29778e-007,0
,,,2.30178e-007,0.000220973
,,,2.30578e-007,0.00154681
,,,2.30978e-007,0.000441946
,,,2.31378e-007,0.000883892
,,,2.31778e-007,-0.000220973
,,,2.32178e-007,0.000662919
,,,2.32578e-007,0.000220973
,,,2.32978e-007,-0.000441946
,,,2.33378e-007,0
,,,2.33778e-007,0.000220973
,,,2.34178e-007,0
,,,2.34578e-007,0.000441946
,,,2.34978e-007,0
,,,2.35378e-007,0.000441946
,,,2.35778e-007,-0.000441946
,,,2.36178e-007,-0.000220973
,,,2.36578e-007,-0.000220973
,,,2.36978e-007,-0.000220973
,,,2.37378e-007,0
,,,2.37778e-007,0.000220973
,,,2.38178e-007,-0.000220973
,,,2.38578e-007,0.000441946
,,,2.38978e-007,-0.000220973
,,,2.39378e-007,-0.000220973
,,,2.39778e-007,-0.00110486
,,,2.40178e-007,-0.000662919
,,,2.40578e-007,-0.000441946
,,,2.40978e-007,-0.000441946
,,,2.41378e-007,-0.000220973
,,,2.41778e-007,-0.000441946
,,,2.42178e-007,0.000220973
,,,2.42578e-007,0
,,,2.42978e-007,-0.000441946
,,,2.43378e-007,0
,,,2.43778e-007,-0.000662919
,,,2.44178e-007,-0.000662919
,,,2.44578e-007,0
,,,2.44978e-007,-0.000441946
,,,2.45378e-007,0
,,,2.45778e-007,0.000662919
,,,2.46178e-007,0.000220973
,,,2.46578e-007,0.000441946
,,,2.46978e-007,-0.000441946
,,,2.47378e-007,0.000441946
,,,2.47778e-007,0.000220973
,,,2.48178e-007,0.000220973
,,,2.48578e-007,0.000662919
,,,2.48978e-007,0.000220973
,,,2.49378e-007,-0.000441946
,,,2.49778e-007,-0.000441946
,,,2.50178e-007,0.000220973
