"Record Length",1252,"Points",-2.50059e-007,0.000441946
"Sample Interval",4e-010,s,-2.49659e-007,-0.000662919
"Trigger Point",625,"Samples",-2.49259e-007,-0.000441946
"Trigger Time",0.147807,s,-2.48859e-007,-0.000220973
,,,-2.48459e-007,0.000220973
"Horizontal Offset",-2.50059e-007,s,-2.48059e-007,0
,,,-2.47659e-007,0
,,,-2.47259e-007,0.000662919
,,,-2.46859e-007,0.000662919
,,,-2.46459e-007,-0.000220973
,,,-2.46059e-007,-0.000220973
,,,-2.45659e-007,-0.000220973
,,,-2.45259e-007,-0.000441946
,,,-2.44859e-007,-0.000883892
,,,-2.44459e-007,-0.000441946
,,,-2.44059e-007,0.000441946
,,,-2.43659e-007,0
,,,-2.43259e-007,0.000220973
,,,-2.42859e-007,0.000220973
,,,-2.42459e-007,0
,,,-2.42059e-007,-0.000662919
,,,-2.41659e-007,0.000220973
,,,-2.41259e-007,0
,,,-2.40859e-007,0.000220973
,,,-2.40459e-007,-0.000220973
,,,-2.40059e-007,0.00110486
,,,-2.39659e-007,0.000220973
,,,-2.39259e-007,0.000220973
,,,-2.38859e-007,0.00110486
,,,-2.38459e-007,0.000220973
,,,-2.38059e-007,-0.000441946
,,,-2.37659e-007,0
,,,-2.37259e-007,-0.000220973
,,,-2.36859e-007,-0.000220973
,,,-2.36459e-007,-0.000220973
,,,-2.36059e-007,-0.000883892
,,,-2.35659e-007,0.000662919
,,,-2.35259e-007,-0.000220973
,,,-2.34859e-007,0.000220973
,,,-2.34459e-007,0
,,,-2.34059e-007,0
,,,-2.33659e-007,0.000220973
,,,-2.33259e-007,0.000662919
,,,-2.32859e-007,0.000220973
,,,-2.32459e-007,-0.000220973
,,,-2.32059e-007,-0.000220973
,,,-2.31659e-007,-0.000220973
,,,-2.31259e-007,-0.00110486
,,,-2.30859e-007,0
,,,-2.30459e-007,0
,,,-2.30059e-007,0
,,,-2.29659e-007,-0.000441946
,,,-2.29259e-007,-0.000662919
,,,-2.28859e-007,-0.000220973
,,,-2.28459e-007,0
,,,-2.28059e-007,0
,,,-2.27659e-007,-0.000220973
,,,-2.27259e-007,0.000662919
,,,-2.26859e-007,0.000662919
,,,-2.26459e-007,0
,,,-2.26059e-007,-0.000220973
,,,-2.25659e-007,0
,,,-2.25259e-007,0.000441946
,,,-2.24859e-007,0.000662919
,,,-2.24459e-007,-0.000441946
,,,-2.24059e-007,-0.000220973
,,,-2.23659e-007,-0.000441946
,,,-2.23259e-007,0.000662919
,,,-2.22859e-007,0.000220973
,,,-2.22459e-007,0
,,,-2.22059e-007,0
,,,-2.21659e-007,-0.000220973
,,,-2.21259e-007,0.000220973
,,,-2.20859e-007,0
,,,-2.20459e-007,-0.000220973
,,,-2.20059e-007,-0.000220973
,,,-2.19659e-007,-0.000220973
,,,-2.19259e-007,0.000220973
,,,-2.18859e-007,0
,,,-2.18459e-007,-0.000220973
,,,-2.18059e-007,0
,,,-2.17659e-007,-0.000220973
,,,-2.17259e-007,0
,,,-2.16859e-007,0.000220973
,,,-2.16459e-007,0
,,,-2.16059e-007,0
,,,-2.15659e-007,0
,,,-2.15259e-007,0
,,,-2.14859e-007,-0.000441946
,,,-2.14459e-007,0.000220973
,,,-2.14059e-007,0.000441946
,,,-2.13659e-007,0.000220973
,,,-2.13259e-007,0.000220973
,,,-2.12859e-007,0.000441946
,,,-2.12459e-007,0
,,,-2.12059e-007,-0.000441946
,,,-2.11659e-007,0
,,,-2.11259e-007,-0.000441946
,,,-2.10859e-007,0.000441946
,,,-2.10459e-007,0
,,,-2.10059e-007,-0.000220973
,,,-2.09659e-007,-0.000441946
,,,-2.09259e-007,0.000662919
,,,-2.08859e-007,0.000441946
,,,-2.08459e-007,0.000220973
,,,-2.08059e-007,0
,,,-2.07659e-007,-0.000220973
,,,-2.07259e-007,0
,,,-2.06859e-007,-0.000220973
,,,-2.06459e-007,0
,,,-2.06059e-007,0
,,,-2.05659e-007,-0.000883892
,,,-2.05259e-007,-0.000220973
,,,-2.04859e-007,0
,,,-2.04459e-007,0.000220973
,,,-2.04059e-007,-0.000883892
,,,-2.03659e-007,-0.000441946
,,,-2.03259e-007,-0.000220973
,,,-2.02859e-007,-0.000220973
,,,-2.02459e-007,0
,,,-2.02059e-007,0.000662919
,,,-2.01659e-007,0.000220973
,,,-2.01259e-007,0
,,,-2.00859e-007,0
,,,-2.00459e-007,0
,,,-2.00059e-007,0.000662919
,,,-1.99659e-007,0.000662919
,,,-1.99259e-007,0.000441946
,,,-1.98859e-007,0
,,,-1.98459e-007,-0.000220973
,,,-1.98059e-007,0
,,,-1.97659e-007,0
,,,-1.97259e-007,-0.000883892
,,,-1.96859e-007,-0.000441946
,,,-1.96459e-007,0.000220973
,,,-1.96059e-007,-0.000220973
,,,-1.95659e-007,0
,,,-1.95259e-007,0
,,,-1.94859e-007,-0.000220973
,,,-1.94459e-007,-0.000441946
,,,-1.94059e-007,0
,,,-1.93659e-007,0.000441946
,,,-1.93259e-007,0.000441946
,,,-1.92859e-007,0
,,,-1.92459e-007,-0.000441946
,,,-1.92059e-007,0.000662919
,,,-1.91659e-007,0.000220973
,,,-1.91259e-007,0.000220973
,,,-1.90859e-007,0
,,,-1.90459e-007,-0.000441946
,,,-1.90059e-007,-0.000220973
,,,-1.89659e-007,-0.000441946
,,,-1.89259e-007,-0.000441946
,,,-1.88859e-007,0.000220973
,,,-1.88459e-007,-0.000220973
,,,-1.88059e-007,-0.000220973
,,,-1.87659e-007,-0.000441946
,,,-1.87259e-007,-0.000220973
,,,-1.86859e-007,0.000883892
,,,-1.86459e-007,0
,,,-1.86059e-007,-0.000220973
,,,-1.85659e-007,-0.000883892
,,,-1.85259e-007,0.000220973
,,,-1.84859e-007,0
,,,-1.84459e-007,0
,,,-1.84059e-007,0.000220973
,,,-1.83659e-007,-0.000662919
,,,-1.83259e-007,0.000220973
,,,-1.82859e-007,-0.000220973
,,,-1.82459e-007,0
,,,-1.82059e-007,-0.000662919
,,,-1.81659e-007,-0.000220973
,,,-1.81259e-007,0
,,,-1.80859e-007,-0.000220973
,,,-1.80459e-007,-0.000662919
,,,-1.80059e-007,-0.000220973
,,,-1.79659e-007,0.000441946
,,,-1.79259e-007,0.000883892
,,,-1.78859e-007,-0.000662919
,,,-1.78459e-007,-0.000441946
,,,-1.78059e-007,-0.000220973
,,,-1.77659e-007,0.000662919
,,,-1.77259e-007,0
,,,-1.76859e-007,0
,,,-1.76459e-007,0
,,,-1.76059e-007,0
,,,-1.75659e-007,0.000883892
,,,-1.75259e-007,0
,,,-1.74859e-007,0.000441946
,,,-1.74459e-007,0
,,,-1.74059e-007,0.000441946
,,,-1.73659e-007,0.000220973
,,,-1.73259e-007,0.000220973
,,,-1.72859e-007,-0.000220973
,,,-1.72459e-007,-0.000441946
,,,-1.72059e-007,-0.000441946
,,,-1.71659e-007,0.000220973
,,,-1.71259e-007,-0.000441946
,,,-1.70859e-007,0.000441946
,,,-1.70459e-007,0
,,,-1.70059e-007,0
,,,-1.69659e-007,0.000662919
,,,-1.69259e-007,0.000220973
,,,-1.68859e-007,0
,,,-1.68459e-007,0.000441946
,,,-1.68059e-007,0.000883892
,,,-1.67659e-007,-0.000441946
,,,-1.67259e-007,0.000220973
,,,-1.66859e-007,-0.000220973
,,,-1.66459e-007,-0.000220973
,,,-1.66059e-007,-0.000220973
,,,-1.65659e-007,-0.000220973
,,,-1.65259e-007,-0.000441946
,,,-1.64859e-007,-0.000441946
,,,-1.64459e-007,-0.000441946
,,,-1.64059e-007,-0.000441946
,,,-1.63659e-007,-0.000441946
,,,-1.63259e-007,-0.000441946
,,,-1.62859e-007,0
,,,-1.62459e-007,0.000220973
,,,-1.62059e-007,-0.000220973
,,,-1.61659e-007,0
,,,-1.61259e-007,0
,,,-1.60859e-007,0.000441946
,,,-1.60459e-007,0
,,,-1.60059e-007,0.000441946
,,,-1.59659e-007,0
,,,-1.59259e-007,0
,,,-1.58859e-007,-0.000220973
,,,-1.58459e-007,-0.00110486
,,,-1.58059e-007,-0.000883892
,,,-1.57659e-007,-0.000220973
,,,-1.57259e-007,0
,,,-1.56859e-007,-0.000220973
,,,-1.56459e-007,0
,,,-1.56059e-007,-0.000441946
,,,-1.55659e-007,0.000220973
,,,-1.55259e-007,0.000220973
,,,-1.54859e-007,-0.000220973
,,,-1.54459e-007,-0.000441946
,,,-1.54059e-007,-0.000220973
,,,-1.53659e-007,-0.000441946
,,,-1.53259e-007,0.000220973
,,,-1.52859e-007,0.000441946
,,,-1.52459e-007,-0.000441946
,,,-1.52059e-007,0
,,,-1.51659e-007,0.000441946
,,,-1.51259e-007,0.000441946
,,,-1.50859e-007,-0.000441946
,,,-1.50459e-007,0
,,,-1.50059e-007,0
,,,-1.49659e-007,-0.000220973
,,,-1.49259e-007,-0.000441946
,,,-1.48859e-007,0
,,,-1.48459e-007,0
,,,-1.48059e-007,0
,,,-1.47659e-007,0.000220973
,,,-1.47259e-007,0.000220973
,,,-1.46859e-007,0.000220973
,,,-1.46459e-007,0.000220973
,,,-1.46059e-007,-0.000220973
,,,-1.45659e-007,-0.000220973
,,,-1.45259e-007,-0.000220973
,,,-1.44859e-007,0.000220973
,,,-1.44459e-007,0.000662919
,,,-1.44059e-007,0.000441946
,,,-1.43659e-007,-0.000441946
,,,-1.43259e-007,-0.000220973
,,,-1.42859e-007,0
,,,-1.42459e-007,-0.000883892
,,,-1.42059e-007,-0.000662919
,,,-1.41659e-007,-0.000220973
,,,-1.41259e-007,0.000662919
,,,-1.40859e-007,-0.000220973
,,,-1.40459e-007,-0.000441946
,,,-1.40059e-007,0
,,,-1.39659e-007,-0.000220973
,,,-1.39259e-007,0.000220973
,,,-1.38859e-007,-0.000220973
,,,-1.38459e-007,-0.000883892
,,,-1.38059e-007,-0.000441946
,,,-1.37659e-007,0.000662919
,,,-1.37259e-007,0.00132584
,,,-1.36859e-007,0.000662919
,,,-1.36459e-007,-0.000220973
,,,-1.36059e-007,0
,,,-1.35659e-007,0.000883892
,,,-1.35259e-007,0.000441946
,,,-1.34859e-007,0.000662919
,,,-1.34459e-007,0
,,,-1.34059e-007,-0.000883892
,,,-1.33659e-007,0.000662919
,,,-1.33259e-007,0.000441946
,,,-1.32859e-007,0
,,,-1.32459e-007,0.000441946
,,,-1.32059e-007,-0.000441946
,,,-1.31659e-007,-0.000220973
,,,-1.31259e-007,-0.000662919
,,,-1.30859e-007,-0.000441946
,,,-1.30459e-007,0.000220973
,,,-1.30059e-007,0.000220973
,,,-1.29659e-007,-0.000220973
,,,-1.29259e-007,0
,,,-1.28859e-007,0.000220973
,,,-1.28459e-007,0.000220973
,,,-1.28059e-007,0
,,,-1.27659e-007,0.000441946
,,,-1.27259e-007,0
,,,-1.26859e-007,-0.000441946
,,,-1.26459e-007,-0.000220973
,,,-1.26059e-007,-0.000220973
,,,-1.25659e-007,-0.000441946
,,,-1.25259e-007,-0.000220973
,,,-1.24859e-007,0.000220973
,,,-1.24459e-007,-0.000220973
,,,-1.24059e-007,-0.000883892
,,,-1.23659e-007,0.000220973
,,,-1.23259e-007,0.000220973
,,,-1.22859e-007,0.000441946
,,,-1.22459e-007,0
,,,-1.22059e-007,0
,,,-1.21659e-007,0.000220973
,,,-1.21259e-007,0
,,,-1.20859e-007,0.000441946
,,,-1.20459e-007,0.000220973
,,,-1.20059e-007,-0.000220973
,,,-1.19659e-007,0.000220973
,,,-1.19259e-007,0.000220973
,,,-1.18859e-007,0
,,,-1.18459e-007,0
,,,-1.18059e-007,0.000220973
,,,-1.17659e-007,-0.000883892
,,,-1.17259e-007,-0.000662919
,,,-1.16859e-007,0.000883892
,,,-1.16459e-007,-0.000220973
,,,-1.16059e-007,-0.000220973
,,,-1.15659e-007,0.000441946
,,,-1.15259e-007,-0.000220973
,,,-1.14859e-007,0
,,,-1.14459e-007,0.000220973
,,,-1.14059e-007,0
,,,-1.13659e-007,0.000220973
,,,-1.13259e-007,0.000662919
,,,-1.12859e-007,-0.000441946
,,,-1.12459e-007,-0.000220973
,,,-1.12059e-007,0
,,,-1.11659e-007,-0.000220973
,,,-1.11259e-007,0.000220973
,,,-1.10859e-007,0.00132584
,,,-1.10459e-007,0.000883892
,,,-1.10059e-007,0.000441946
,,,-1.09659e-007,0.000441946
,,,-1.09259e-007,-0.000441946
,,,-1.08859e-007,-0.000441946
,,,-1.08459e-007,-0.000220973
,,,-1.08059e-007,-0.000220973
,,,-1.07659e-007,0.000220973
,,,-1.07259e-007,0.000441946
,,,-1.06859e-007,0
,,,-1.06459e-007,-0.000220973
,,,-1.06059e-007,0.000220973
,,,-1.05659e-007,0.000220973
,,,-1.05259e-007,-0.000220973
,,,-1.04859e-007,0.000883892
,,,-1.04459e-007,0.000441946
,,,-1.04059e-007,0.000220973
,,,-1.03659e-007,0.000220973
,,,-1.03259e-007,-0.000220973
,,,-1.02859e-007,0.000662919
,,,-1.02459e-007,0.000883892
,,,-1.02059e-007,0.000662919
,,,-1.01659e-007,-0.000220973
,,,-1.01259e-007,-0.000883892
,,,-1.00859e-007,-0.000441946
,,,-1.00459e-007,0
,,,-1.00059e-007,-0.000220973
,,,-9.96591e-008,-0.000441946
,,,-9.92591e-008,-0.000662919
,,,-9.88591e-008,-0.000220973
,,,-9.84591e-008,-0.000662919
,,,-9.80591e-008,-0.000441946
,,,-9.76591e-008,0.000883892
,,,-9.72591e-008,0.000441946
,,,-9.68591e-008,0
,,,-9.64591e-008,0.000220973
,,,-9.60591e-008,0.000220973
,,,-9.56591e-008,0.000220973
,,,-9.52591e-008,-0.000220973
,,,-9.48591e-008,0.000220973
,,,-9.44591e-008,0
,,,-9.40591e-008,-0.000662919
,,,-9.36591e-008,0
,,,-9.32591e-008,0.000220973
,,,-9.28591e-008,0.000220973
,,,-9.24591e-008,-0.000441946
,,,-9.20591e-008,0
,,,-9.16591e-008,-0.000441946
,,,-9.12591e-008,-0.000220973
,,,-9.08591e-008,-0.000441946
,,,-9.04591e-008,0.000441946
,,,-9.00591e-008,-0.000441946
,,,-8.96591e-008,-0.000441946
,,,-8.92591e-008,0.000883892
,,,-8.88591e-008,0.000662919
,,,-8.84591e-008,0.000220973
,,,-8.80591e-008,-0.000441946
,,,-8.76591e-008,0
,,,-8.72591e-008,0.000220973
,,,-8.68591e-008,0
,,,-8.64591e-008,0
,,,-8.60591e-008,0.000220973
,,,-8.56591e-008,0.000220973
,,,-8.52591e-008,-0.000441946
,,,-8.48591e-008,-0.000441946
,,,-8.44591e-008,-0.000662919
,,,-8.40591e-008,-0.000662919
,,,-8.36591e-008,-0.000220973
,,,-8.32591e-008,-0.000441946
,,,-8.28591e-008,0.000441946
,,,-8.24591e-008,0
,,,-8.20591e-008,-0.000220973
,,,-8.16591e-008,0.000220973
,,,-8.12591e-008,0
,,,-8.08591e-008,0.000441946
,,,-8.04591e-008,0.000441946
,,,-8.00591e-008,0
,,,-7.96591e-008,0
,,,-7.92591e-008,0.000220973
,,,-7.88591e-008,0.000220973
,,,-7.84591e-008,-0.000441946
,,,-7.80591e-008,-0.000441946
,,,-7.76591e-008,0
,,,-7.72591e-008,0
,,,-7.68591e-008,-0.000441946
,,,-7.64591e-008,-0.000441946
,,,-7.60591e-008,0
,,,-7.56591e-008,-0.000662919
,,,-7.52591e-008,0.000220973
,,,-7.48591e-008,0
,,,-7.44591e-008,0.000441946
,,,-7.40591e-008,0.000220973
,,,-7.36591e-008,-0.000441946
,,,-7.32591e-008,-0.000662919
,,,-7.28591e-008,0.000441946
,,,-7.24591e-008,0
,,,-7.20591e-008,-0.000441946
,,,-7.16591e-008,0
,,,-7.12591e-008,-0.000220973
,,,-7.08591e-008,0.000441946
,,,-7.04591e-008,-0.000441946
,,,-7.00591e-008,-0.000220973
,,,-6.96591e-008,0
,,,-6.92591e-008,-0.000662919
,,,-6.88591e-008,0
,,,-6.84591e-008,-0.000220973
,,,-6.80591e-008,-0.000662919
,,,-6.76591e-008,-0.000220973
,,,-6.72591e-008,0
,,,-6.68591e-008,0.000441946
,,,-6.64591e-008,0.000662919
,,,-6.60591e-008,-0.000662919
,,,-6.56591e-008,0.000441946
,,,-6.52591e-008,0.000441946
,,,-6.48591e-008,0.000220973
,,,-6.44591e-008,-0.000662919
,,,-6.40591e-008,0.000220973
,,,-6.36591e-008,0
,,,-6.32591e-008,0
,,,-6.28591e-008,-0.000220973
,,,-6.24591e-008,-0.000441946
,,,-6.20591e-008,0.000220973
,,,-6.16591e-008,0
,,,-6.12591e-008,-0.000662919
,,,-6.08591e-008,-0.000441946
,,,-6.04591e-008,0
,,,-6.00591e-008,-0.000662919
,,,-5.96591e-008,0.000662919
,,,-5.92591e-008,0
,,,-5.88591e-008,0.000220973
,,,-5.84591e-008,0.000441946
,,,-5.80591e-008,0.000441946
,,,-5.76591e-008,-0.000441946
,,,-5.72591e-008,0.000220973
,,,-5.68591e-008,-0.000220973
,,,-5.64591e-008,0.000220973
,,,-5.60591e-008,0
,,,-5.56591e-008,0.000220973
,,,-5.52591e-008,-0.000220973
,,,-5.48591e-008,-0.000662919
,,,-5.44591e-008,-0.000662919
,,,-5.40591e-008,0.000220973
,,,-5.36591e-008,0.000220973
,,,-5.32591e-008,-0.000220973
,,,-5.28591e-008,-0.000441946
,,,-5.24591e-008,-0.000441946
,,,-5.20591e-008,0
,,,-5.16591e-008,0.000220973
,,,-5.12591e-008,0
,,,-5.08591e-008,0
,,,-5.04591e-008,0
,,,-5.00591e-008,0.000662919
,,,-4.96591e-008,0.000220973
,,,-4.92591e-008,-0.000441946
,,,-4.88591e-008,0
,,,-4.84591e-008,0
,,,-4.80591e-008,-0.000441946
,,,-4.76591e-008,-0.000662919
,,,-4.72591e-008,0.000441946
,,,-4.68591e-008,-0.000441946
,,,-4.64591e-008,-0.000220973
,,,-4.60591e-008,-0.000662919
,,,-4.56591e-008,0
,,,-4.52591e-008,-0.000441946
,,,-4.48591e-008,-0.000441946
,,,-4.44591e-008,-0.000220973
,,,-4.40591e-008,-0.000220973
,,,-4.36591e-008,0.000441946
,,,-4.32591e-008,-0.000220973
,,,-4.28591e-008,0
,,,-4.24591e-008,0.000220973
,,,-4.20591e-008,-0.000220973
,,,-4.16591e-008,0
,,,-4.12591e-008,0.000441946
,,,-4.08591e-008,-0.000220973
,,,-4.04591e-008,0
,,,-4.00591e-008,-0.000220973
,,,-3.96591e-008,0
,,,-3.92591e-008,0.000220973
,,,-3.88591e-008,-0.000441946
,,,-3.84591e-008,0
,,,-3.80591e-008,-0.000441946
,,,-3.76591e-008,-0.000220973
,,,-3.72591e-008,0
,,,-3.68591e-008,-0.000220973
,,,-3.64591e-008,-0.000220973
,,,-3.60591e-008,-0.000220973
,,,-3.56591e-008,-0.000441946
,,,-3.52591e-008,-0.000441946
,,,-3.48591e-008,0.000220973
,,,-3.44591e-008,0
,,,-3.40591e-008,0
,,,-3.36591e-008,0
,,,-3.32591e-008,0.000883892
,,,-3.28591e-008,0.000441946
,,,-3.24591e-008,-0.000883892
,,,-3.20591e-008,-0.000441946
,,,-3.16591e-008,-0.000441946
,,,-3.12591e-008,0
,,,-3.08591e-008,0.000662919
,,,-3.04591e-008,0.000441946
,,,-3.00591e-008,0.000220973
,,,-2.96591e-008,0.000220973
,,,-2.92591e-008,-0.000220973
,,,-2.88591e-008,0
,,,-2.84591e-008,-0.000441946
,,,-2.80591e-008,-0.000662919
,,,-2.76591e-008,0
,,,-2.72591e-008,0
,,,-2.68591e-008,0.000662919
,,,-2.64591e-008,0.000220973
,,,-2.60591e-008,0.000220973
,,,-2.56591e-008,0
,,,-2.52591e-008,0
,,,-2.48591e-008,0
,,,-2.44591e-008,-0.000883892
,,,-2.40591e-008,-0.000220973
,,,-2.36591e-008,0.000441946
,,,-2.32591e-008,0.000441946
,,,-2.28591e-008,0
,,,-2.24591e-008,0.000220973
,,,-2.20591e-008,0.000441946
,,,-2.16591e-008,0.000220973
,,,-2.12591e-008,0
,,,-2.08591e-008,0
,,,-2.04591e-008,0
,,,-2.00591e-008,0
,,,-1.96591e-008,0.000220973
,,,-1.92591e-008,-0.000220973
,,,-1.88591e-008,-0.000220973
,,,-1.84591e-008,0.000220973
,,,-1.80591e-008,0.000220973
,,,-1.76591e-008,0.000662919
,,,-1.72591e-008,0.000662919
,,,-1.68591e-008,-0.000220973
,,,-1.64591e-008,0
,,,-1.60591e-008,0.000662919
,,,-1.56591e-008,0.000220973
,,,-1.52591e-008,0
,,,-1.48591e-008,0
,,,-1.44591e-008,0.000220973
,,,-1.40591e-008,0.000220973
,,,-1.36591e-008,-0.000220973
,,,-1.32591e-008,-0.000441946
,,,-1.28591e-008,0
,,,-1.24591e-008,-0.000662919
,,,-1.20591e-008,0.000220973
,,,-1.16591e-008,-0.000220973
,,,-1.12591e-008,0.000662919
,,,-1.08591e-008,0.000441946
,,,-1.04591e-008,0.000220973
,,,-1.00591e-008,-0.000662919
,,,-9.65912e-009,-0.000441946
,,,-9.25912e-009,0
,,,-8.85912e-009,0.000662919
,,,-8.45912e-009,0.000220973
,,,-8.05912e-009,0
,,,-7.65912e-009,0.000441946
,,,-7.25912e-009,0.000441946
,,,-6.85912e-009,0.000662919
,,,-6.45912e-009,0.000441946
,,,-6.05912e-009,0.000441946
,,,-5.65912e-009,0
,,,-5.25912e-009,-0.000441946
,,,-4.85912e-009,0
,,,-4.45912e-009,0.000220973
,,,-4.05912e-009,-0.000662919
,,,-3.65912e-009,-0.000220973
,,,-3.25912e-009,0
,,,-2.85912e-009,0.000662919
,,,-2.45912e-009,-0.000220973
,,,-2.05912e-009,0
,,,-1.65912e-009,-0.000220973
,,,-1.25912e-009,0
,,,-8.59123e-010,0
,,,-4.59123e-010,0.000220973
,,,-5.91226e-011,0.000441946
,,,3.40877e-010,0.000441946
,,,7.40877e-010,-0.000441946
,,,1.14088e-009,0.000220973
,,,1.54088e-009,0
,,,1.94088e-009,0.000441946
,,,2.34088e-009,0
,,,2.74088e-009,0
,,,3.14088e-009,0.000662919
,,,3.54088e-009,0
,,,3.94088e-009,-0.000220973
,,,4.34088e-009,0.000662919
,,,4.74088e-009,0.000441946
,,,5.14088e-009,0.000441946
,,,5.54088e-009,-0.000220973
,,,5.94088e-009,0
,,,6.34088e-009,-0.000662919
,,,6.74088e-009,0.000662919
,,,7.14088e-009,0.000220973
,,,7.54088e-009,0.000220973
,,,7.94088e-009,0
,,,8.34088e-009,0.000220973
,,,8.74088e-009,0.000220973
,,,9.14088e-009,0.000441946
,,,9.54088e-009,-0.000441946
,,,9.94088e-009,0
,,,1.03409e-008,-0.000441946
,,,1.07409e-008,0
,,,1.11409e-008,0.000220973
,,,1.15409e-008,0
,,,1.19409e-008,-0.000441946
,,,1.23409e-008,0
,,,1.27409e-008,0
,,,1.31409e-008,0.000662919
,,,1.35409e-008,0.000441946
,,,1.39409e-008,0.000220973
,,,1.43409e-008,-0.000220973
,,,1.47409e-008,0.000220973
,,,1.51409e-008,0.000220973
,,,1.55409e-008,0
,,,1.59409e-008,-0.000220973
,,,1.63409e-008,0.000441946
,,,1.67409e-008,0.000662919
,,,1.71409e-008,-0.000441946
,,,1.75409e-008,-0.000883892
,,,1.79409e-008,-0.000662919
,,,1.83409e-008,0
,,,1.87409e-008,-0.000441946
,,,1.91409e-008,-0.000662919
,,,1.95409e-008,-0.000220973
,,,1.99409e-008,0.000220973
,,,2.03409e-008,0.000220973
,,,2.07409e-008,0.000220973
,,,2.11409e-008,0.000662919
,,,2.15409e-008,0.000220973
,,,2.19409e-008,-0.000662919
,,,2.23409e-008,0
,,,2.27409e-008,0
,,,2.31409e-008,0
,,,2.35409e-008,-0.000441946
,,,2.39409e-008,0
,,,2.43409e-008,0.000220973
,,,2.47409e-008,0.000883892
,,,2.51409e-008,0
,,,2.55409e-008,0.000220973
,,,2.59409e-008,0.000220973
,,,2.63409e-008,0.000441946
,,,2.67409e-008,0
,,,2.71409e-008,-0.000220973
,,,2.75409e-008,-0.000220973
,,,2.79409e-008,-0.000220973
,,,2.83409e-008,0.000441946
,,,2.87409e-008,0.000441946
,,,2.91409e-008,0
,,,2.95409e-008,0
,,,2.99409e-008,0
,,,3.03409e-008,-0.000662919
,,,3.07409e-008,0.000441946
,,,3.11409e-008,0
,,,3.15409e-008,0
,,,3.19409e-008,0
,,,3.23409e-008,0.000220973
,,,3.27409e-008,0
,,,3.31409e-008,0.000441946
,,,3.35409e-008,0
,,,3.39409e-008,0
,,,3.43409e-008,-0.000220973
,,,3.47409e-008,-0.000441946
,,,3.51409e-008,0.000220973
,,,3.55409e-008,-0.000441946
,,,3.59409e-008,-0.000883892
,,,3.63409e-008,0.000220973
,,,3.67409e-008,0.000441946
,,,3.71409e-008,-0.000220973
,,,3.75409e-008,0
,,,3.79409e-008,0.000220973
,,,3.83409e-008,-0.000220973
,,,3.87409e-008,0
,,,3.91409e-008,0
,,,3.95409e-008,-0.000220973
,,,3.99409e-008,0
,,,4.03409e-008,-0.000441946
,,,4.07409e-008,0.000220973
,,,4.11409e-008,0
,,,4.15409e-008,0.000220973
,,,4.19409e-008,0.000220973
,,,4.23409e-008,0.000441946
,,,4.27409e-008,-0.000220973
,,,4.31409e-008,0
,,,4.35409e-008,0
,,,4.39409e-008,0.000441946
,,,4.43409e-008,0
,,,4.47409e-008,0
,,,4.51409e-008,0
,,,4.55409e-008,0.000220973
,,,4.59409e-008,0.000441946
,,,4.63409e-008,-0.000220973
,,,4.67409e-008,0.000220973
,,,4.71409e-008,0
,,,4.75409e-008,0.000662919
,,,4.79409e-008,0.000220973
,,,4.83409e-008,0.000220973
,,,4.87409e-008,-0.000220973
,,,4.91409e-008,0
,,,4.95409e-008,-0.000220973
,,,4.99409e-008,0
,,,5.03409e-008,-0.000220973
,,,5.07409e-008,-0.000441946
,,,5.11409e-008,-0.000220973
,,,5.15409e-008,-0.000441946
,,,5.19409e-008,0
,,,5.23409e-008,-0.000220973
,,,5.27409e-008,0.000220973
,,,5.31409e-008,0.000662919
,,,5.35409e-008,0.000662919
,,,5.39409e-008,0.000220973
,,,5.43409e-008,0.000220973
,,,5.47409e-008,0.000441946
,,,5.51409e-008,0
,,,5.55409e-008,-0.000441946
,,,5.59409e-008,0.000441946
,,,5.63409e-008,0.000441946
,,,5.67409e-008,0
,,,5.71409e-008,-0.000220973
,,,5.75409e-008,-0.000441946
,,,5.79409e-008,0
,,,5.83409e-008,0.000220973
,,,5.87409e-008,-0.000441946
,,,5.91409e-008,0.000220973
,,,5.95409e-008,0.000441946
,,,5.99409e-008,-0.000220973
,,,6.03409e-008,0.000220973
,,,6.07409e-008,-0.000220973
,,,6.11409e-008,-0.000441946
,,,6.15409e-008,-0.000441946
,,,6.19409e-008,0.000662919
,,,6.23409e-008,0.000220973
,,,6.27409e-008,0.000220973
,,,6.31409e-008,-0.000662919
,,,6.35409e-008,-0.000662919
,,,6.39409e-008,0
,,,6.43409e-008,0.000441946
,,,6.47409e-008,0
,,,6.51409e-008,0.000662919
,,,6.55409e-008,0.000220973
,,,6.59409e-008,0.000220973
,,,6.63409e-008,0
,,,6.67409e-008,0
,,,6.71409e-008,-0.000220973
,,,6.75409e-008,0
,,,6.79409e-008,-0.000220973
,,,6.83409e-008,0.000662919
,,,6.87409e-008,-0.000220973
,,,6.91409e-008,0.000441946
,,,6.95409e-008,0.000220973
,,,6.99409e-008,-0.000441946
,,,7.03409e-008,-0.000662919
,,,7.07409e-008,0.000883892
,,,7.11409e-008,0.000441946
,,,7.15409e-008,0.000662919
,,,7.19409e-008,0.000441946
,,,7.23409e-008,0.000220973
,,,7.27409e-008,0
,,,7.31409e-008,0
,,,7.35409e-008,-0.000220973
,,,7.39409e-008,0.000220973
,,,7.43409e-008,0
,,,7.47409e-008,0
,,,7.51409e-008,-0.000220973
,,,7.55409e-008,-0.000220973
,,,7.59409e-008,-0.000220973
,,,7.63409e-008,0.000220973
,,,7.67409e-008,0.000220973
,,,7.71409e-008,-0.000220973
,,,7.75409e-008,0
,,,7.79409e-008,0.000220973
,,,7.83409e-008,-0.000220973
,,,7.87409e-008,0.000220973
,,,7.91409e-008,0
,,,7.95409e-008,0.000220973
,,,7.99409e-008,0.000883892
,,,8.03409e-008,0.000220973
,,,8.07409e-008,0.000441946
,,,8.11409e-008,0.000441946
,,,8.15409e-008,0.000220973
,,,8.19409e-008,-0.000441946
,,,8.23409e-008,-0.000441946
,,,8.27409e-008,-0.000220973
,,,8.31409e-008,-0.000220973
,,,8.35409e-008,-0.000220973
,,,8.39409e-008,-0.000220973
,,,8.43409e-008,0
,,,8.47409e-008,0.000220973
,,,8.51409e-008,0.000220973
,,,8.55409e-008,0
,,,8.59409e-008,0
,,,8.63409e-008,-0.000220973
,,,8.67409e-008,0.000220973
,,,8.71409e-008,0.000662919
,,,8.75409e-008,0.000662919
,,,8.79409e-008,-0.000220973
,,,8.83409e-008,0.000441946
,,,8.87409e-008,-0.000220973
,,,8.91409e-008,-0.000220973
,,,8.95409e-008,0.000220973
,,,8.99409e-008,-0.000441946
,,,9.03409e-008,0.000220973
,,,9.07409e-008,0.000441946
,,,9.11409e-008,-0.000441946
,,,9.15409e-008,-0.000662919
,,,9.19409e-008,-0.000220973
,,,9.23409e-008,0
,,,9.27409e-008,-0.000220973
,,,9.31409e-008,0.000220973
,,,9.35409e-008,0.000441946
,,,9.39409e-008,0.00132584
,,,9.43409e-008,0.00265168
,,,9.47409e-008,0.00265168
,,,9.51409e-008,0.00287265
,,,9.55409e-008,0.00441946
,,,9.59409e-008,0.0057453
,,,9.63409e-008,0.00773405
,,,9.67409e-008,0.00839697
,,,9.71409e-008,0.00950184
,,,9.75409e-008,0.00950184
,,,9.79409e-008,0.0112696
,,,9.83409e-008,0.0123745
,,,9.87409e-008,0.0137003
,,,9.91409e-008,0.0148052
,,,9.95409e-008,0.0145842
,,,9.99409e-008,0.0143632
,,,1.00341e-007,0.0152471
,,,1.00741e-007,0.0152471
,,,1.01141e-007,0.016131
,,,1.01541e-007,0.0167939
,,,1.01941e-007,0.0170149
,,,1.02341e-007,0.016352
,,,1.02741e-007,0.0174569
,,,1.03141e-007,0.0176778
,,,1.03541e-007,0.0183408
,,,1.03941e-007,0.0176778
,,,1.04341e-007,0.0178988
,,,1.04741e-007,0.0178988
,,,1.05141e-007,0.0174569
,,,1.05541e-007,0.0176778
,,,1.05941e-007,0.0172359
,,,1.06341e-007,0.0167939
,,,1.06741e-007,0.0167939
,,,1.07141e-007,0.0167939
,,,1.07541e-007,0.0167939
,,,1.07941e-007,0.0174569
,,,1.08341e-007,0.0178988
,,,1.08741e-007,0.0167939
,,,1.09141e-007,0.0172359
,,,1.09541e-007,0.0174569
,,,1.09941e-007,0.0176778
,,,1.10341e-007,0.0176778
,,,1.10741e-007,0.0176778
,,,1.11141e-007,0.0174569
,,,1.11541e-007,0.0174569
,,,1.11941e-007,0.0174569
,,,1.12341e-007,0.0174569
,,,1.12741e-007,0.0176778
,,,1.13141e-007,0.0176778
,,,1.13541e-007,0.0174569
,,,1.13941e-007,0.0170149
,,,1.14341e-007,0.0181198
,,,1.14741e-007,0.0178988
,,,1.15141e-007,0.0172359
,,,1.15541e-007,0.0170149
,,,1.15941e-007,0.0167939
,,,1.16341e-007,0.0167939
,,,1.16741e-007,0.0176778
,,,1.17141e-007,0.0176778
,,,1.17541e-007,0.0178988
,,,1.17941e-007,0.0178988
,,,1.18341e-007,0.0178988
,,,1.18741e-007,0.0178988
,,,1.19141e-007,0.0181198
,,,1.19541e-007,0.0167939
,,,1.19941e-007,0.0174569
,,,1.20341e-007,0.0181198
,,,1.20741e-007,0.0178988
,,,1.21141e-007,0.0183408
,,,1.21541e-007,0.0187827
,,,1.21941e-007,0.0185617
,,,1.22341e-007,0.0190037
,,,1.22741e-007,0.0190037
,,,1.23141e-007,0.0192246
,,,1.23541e-007,0.0187827
,,,1.23941e-007,0.0187827
,,,1.24341e-007,0.0198876
,,,1.24741e-007,0.0205505
,,,1.25141e-007,0.0212134
,,,1.25541e-007,0.0207715
,,,1.25941e-007,0.0207715
,,,1.26341e-007,0.0209924
,,,1.26741e-007,0.0201085
,,,1.27141e-007,0.0194456
,,,1.27541e-007,0.0198876
,,,1.27941e-007,0.0203295
,,,1.28341e-007,0.0194456
,,,1.28741e-007,0.0190037
,,,1.29141e-007,0.0196666
,,,1.29541e-007,0.0190037
,,,1.29941e-007,0.0190037
,,,1.30341e-007,0.0187827
,,,1.30741e-007,0.0176778
,,,1.31141e-007,0.0174569
,,,1.31541e-007,0.0176778
,,,1.31941e-007,0.0170149
,,,1.32341e-007,0.0183408
,,,1.32741e-007,0.0174569
,,,1.33141e-007,0.0176778
,,,1.33541e-007,0.0170149
,,,1.33941e-007,0.016573
,,,1.34341e-007,0.016131
,,,1.34741e-007,0.0170149
,,,1.35141e-007,0.0172359
,,,1.35541e-007,0.016352
,,,1.35941e-007,0.0167939
,,,1.36341e-007,0.016352
,,,1.36741e-007,0.016573
,,,1.37141e-007,0.016573
,,,1.37541e-007,0.0159101
,,,1.37941e-007,0.016573
,,,1.38341e-007,0.016352
,,,1.38741e-007,0.0159101
,,,1.39141e-007,0.016131
,,,1.39541e-007,0.016131
,,,1.39941e-007,0.0159101
,,,1.40341e-007,0.0159101
,,,1.40741e-007,0.0152471
,,,1.41141e-007,0.0156891
,,,1.41541e-007,0.0152471
,,,1.41941e-007,0.0154681
,,,1.42341e-007,0.0150262
,,,1.42741e-007,0.0154681
,,,1.43141e-007,0.0148052
,,,1.43541e-007,0.0148052
,,,1.43941e-007,0.0150262
,,,1.44341e-007,0.0145842
,,,1.44741e-007,0.0152471
,,,1.45141e-007,0.0145842
,,,1.45541e-007,0.0145842
,,,1.45941e-007,0.0148052
,,,1.46341e-007,0.0148052
,,,1.46741e-007,0.0145842
,,,1.47141e-007,0.0150262
,,,1.47541e-007,0.0143632
,,,1.47941e-007,0.0143632
,,,1.48341e-007,0.0150262
,,,1.48741e-007,0.0152471
,,,1.49141e-007,0.0152471
,,,1.49541e-007,0.0148052
,,,1.49941e-007,0.0143632
,,,1.50341e-007,0.0143632
,,,1.50741e-007,0.0139213
,,,1.51141e-007,0.0145842
,,,1.51541e-007,0.0141423
,,,1.51941e-007,0.0139213
,,,1.52341e-007,0.0143632
,,,1.52741e-007,0.0125955
,,,1.53141e-007,0.0134794
,,,1.53541e-007,0.0139213
,,,1.53941e-007,0.0139213
,,,1.54341e-007,0.0132584
,,,1.54741e-007,0.0123745
,,,1.55141e-007,0.0119325
,,,1.55541e-007,0.0130374
,,,1.55941e-007,0.0123745
,,,1.56341e-007,0.0121535
,,,1.56741e-007,0.0114906
,,,1.57141e-007,0.0130374
,,,1.57541e-007,0.0121535
,,,1.57941e-007,0.0119325
,,,1.58341e-007,0.0117116
,,,1.58741e-007,0.0123745
,,,1.59141e-007,0.0121535
,,,1.59541e-007,0.0119325
,,,1.59941e-007,0.0121535
,,,1.60341e-007,0.0119325
,,,1.60741e-007,0.0123745
,,,1.61141e-007,0.0119325
,,,1.61541e-007,0.0125955
,,,1.61941e-007,0.0121535
,,,1.62341e-007,0.0119325
,,,1.62741e-007,0.0123745
,,,1.63141e-007,0.0123745
,,,1.63541e-007,0.0121535
,,,1.63941e-007,0.0121535
,,,1.64341e-007,0.0125955
,,,1.64741e-007,0.0119325
,,,1.65141e-007,0.0128164
,,,1.65541e-007,0.0130374
,,,1.65941e-007,0.0114906
,,,1.66341e-007,0.0119325
,,,1.66741e-007,0.0130374
,,,1.67141e-007,0.0125955
,,,1.67541e-007,0.0123745
,,,1.67941e-007,0.0119325
,,,1.68341e-007,0.0123745
,,,1.68741e-007,0.0128164
,,,1.69141e-007,0.0128164
,,,1.69541e-007,0.0117116
,,,1.69941e-007,0.0121535
,,,1.70341e-007,0.0128164
,,,1.70741e-007,0.0117116
,,,1.71141e-007,0.0125955
,,,1.71541e-007,0.0123745
,,,1.71941e-007,0.0119325
,,,1.72341e-007,0.0119325
,,,1.72741e-007,0.0125955
,,,1.73141e-007,0.0119325
,,,1.73541e-007,0.0125955
,,,1.73941e-007,0.0123745
,,,1.74341e-007,0.0117116
,,,1.74741e-007,0.0125955
,,,1.75141e-007,0.0130374
,,,1.75541e-007,0.0125955
,,,1.75941e-007,0.0130374
,,,1.76341e-007,0.0123745
,,,1.76741e-007,0.0119325
,,,1.77141e-007,0.0125955
,,,1.77541e-007,0.0123745
,,,1.77941e-007,0.0123745
,,,1.78341e-007,0.0123745
,,,1.78741e-007,0.0121535
,,,1.79141e-007,0.0123745
,,,1.79541e-007,0.0123745
,,,1.79941e-007,0.0121535
,,,1.80341e-007,0.0119325
,,,1.80741e-007,0.0125955
,,,1.81141e-007,0.0128164
,,,1.81541e-007,0.0119325
,,,1.81941e-007,0.0117116
,,,1.82341e-007,0.0128164
,,,1.82741e-007,0.0130374
,,,1.83141e-007,0.0119325
,,,1.83541e-007,0.0110486
,,,1.83941e-007,0.0123745
,,,1.84341e-007,0.0125955
,,,1.84741e-007,0.0117116
,,,1.85141e-007,0.0121535
,,,1.85541e-007,0.0121535
,,,1.85941e-007,0.0123745
,,,1.86341e-007,0.0121535
,,,1.86741e-007,0.0119325
,,,1.87141e-007,0.0128164
,,,1.87541e-007,0.0130374
,,,1.87941e-007,0.0125955
,,,1.88341e-007,0.0130374
,,,1.88741e-007,0.0119325
,,,1.89141e-007,0.0132584
,,,1.89541e-007,0.0132584
,,,1.89941e-007,0.0134794
,,,1.90341e-007,0.0125955
,,,1.90741e-007,0.0134794
,,,1.91141e-007,0.0128164
,,,1.91541e-007,0.0130374
,,,1.91941e-007,0.0139213
,,,1.92341e-007,0.0137003
,,,1.92741e-007,0.0128164
,,,1.93141e-007,0.0139213
,,,1.93541e-007,0.0132584
,,,1.93941e-007,0.0139213
,,,1.94341e-007,0.0132584
,,,1.94741e-007,0.0125955
,,,1.95141e-007,0.0128164
,,,1.95541e-007,0.0132584
,,,1.95941e-007,0.0125955
,,,1.96341e-007,0.0132584
,,,1.96741e-007,0.0128164
,,,1.97141e-007,0.0128164
,,,1.97541e-007,0.0130374
,,,1.97941e-007,0.0132584
,,,1.98341e-007,0.0123745
,,,1.98741e-007,0.0139213
,,,1.99141e-007,0.0130374
,,,1.99541e-007,0.0123745
,,,1.99941e-007,0.0125955
,,,2.00341e-007,0.0123745
,,,2.00741e-007,0.0125955
,,,2.01141e-007,0.0128164
,,,2.01541e-007,0.0125955
,,,2.01941e-007,0.0125955
,,,2.02341e-007,0.0121535
,,,2.02741e-007,0.0119325
,,,2.03141e-007,0.0117116
,,,2.03541e-007,0.0121535
,,,2.03941e-007,0.0108277
,,,2.04341e-007,0.0110486
,,,2.04741e-007,0.0114906
,,,2.05141e-007,0.0114906
,,,2.05541e-007,0.0101648
,,,2.05941e-007,0.0110486
,,,2.06341e-007,0.0101648
,,,2.06741e-007,0.0103857
,,,2.07141e-007,0.00972281
,,,2.07541e-007,0.00972281
,,,2.07941e-007,0.00972281
,,,2.08341e-007,0.00972281
,,,2.08741e-007,0.00883892
,,,2.09141e-007,0.00905989
,,,2.09541e-007,0.00795503
,,,2.09941e-007,0.00662919
,,,2.10341e-007,0.00707114
,,,2.10741e-007,0.00707114
,,,2.11141e-007,0.00552432
,,,2.11541e-007,0.0057453
,,,2.11941e-007,0.00552432
,,,2.12341e-007,0.00530335
,,,2.12741e-007,0.00552432
,,,2.13141e-007,0.00618724
,,,2.13541e-007,0.00508238
,,,2.13941e-007,0.00464043
,,,2.14341e-007,0.00464043
,,,2.14741e-007,0.00419849
,,,2.15141e-007,0.00441946
,,,2.15541e-007,0.00397751
,,,2.15941e-007,0.00265168
,,,2.16341e-007,0.00353557
,,,2.16741e-007,0.00265168
,,,2.17141e-007,0.00331459
,,,2.17541e-007,0.00198876
,,,2.17941e-007,0.00220973
,,,2.18341e-007,0.00220973
,,,2.18741e-007,0.0024307
,,,2.19141e-007,0.00220973
,,,2.19541e-007,0.00198876
,,,2.19941e-007,0.000662919
,,,2.20341e-007,0.00220973
,,,2.20741e-007,0.00176778
,,,2.21141e-007,0.00132584
,,,2.21541e-007,0.0024307
,,,2.21941e-007,0.00176778
,,,2.22341e-007,0.00132584
,,,2.22741e-007,0.00132584
,,,2.23141e-007,0.000883892
,,,2.23541e-007,0.00110486
,,,2.23941e-007,0.00154681
,,,2.24341e-007,0.00154681
,,,2.24741e-007,0.00110486
,,,2.25141e-007,0.00176778
,,,2.25541e-007,0.00132584
,,,2.25941e-007,0
,,,2.26341e-007,0.000662919
,,,2.26741e-007,0.000883892
,,,2.27141e-007,0
,,,2.27541e-007,0.000220973
,,,2.27941e-007,0.000662919
,,,2.28341e-007,0
,,,2.28741e-007,0.000883892
,,,2.29141e-007,0.000883892
,,,2.29541e-007,0.000220973
,,,2.29941e-007,0
,,,2.30341e-007,-0.000441946
,,,2.30741e-007,0.000220973
,,,2.31141e-007,0.000883892
,,,2.31541e-007,0.000220973
,,,2.31941e-007,0.000220973
,,,2.32341e-007,0.000883892
,,,2.32741e-007,0.000220973
,,,2.33141e-007,0.000441946
,,,2.33541e-007,-0.000441946
,,,2.33941e-007,-0.000220973
,,,2.34341e-007,0
,,,2.34741e-007,-0.000220973
,,,2.35141e-007,-0.000883892
,,,2.35541e-007,-0.000441946
,,,2.35941e-007,0
,,,2.36341e-007,0
,,,2.36741e-007,0.000220973
,,,2.37141e-007,0.000220973
,,,2.37541e-007,0.000220973
,,,2.37941e-007,0
,,,2.38341e-007,-0.000662919
,,,2.38741e-007,-0.000220973
,,,2.39141e-007,-0.000220973
,,,2.39541e-007,-0.000441946
,,,2.39941e-007,0
,,,2.40341e-007,-0.000441946
,,,2.40741e-007,-0.000220973
,,,2.41141e-007,0
,,,2.41541e-007,-0.000883892
,,,2.41941e-007,-0.000441946
,,,2.42341e-007,-0.000883892
,,,2.42741e-007,-0.000883892
,,,2.43141e-007,-0.000883892
,,,2.43541e-007,-0.000441946
,,,2.43941e-007,-0.000883892
,,,2.44341e-007,-0.000662919
,,,2.44741e-007,-0.000220973
,,,2.45141e-007,-0.000220973
,,,2.45541e-007,0
,,,2.45941e-007,-0.000441946
,,,2.46341e-007,0.000220973
,,,2.46741e-007,0.000220973
,,,2.47141e-007,-0.000220973
,,,2.47541e-007,-0.000220973
,,,2.47941e-007,0.000662919
,,,2.48341e-007,0.000441946
,,,2.48741e-007,-0.000441946
,,,2.49141e-007,-0.000220973
,,,2.49541e-007,-0.000441946
,,,2.49941e-007,0
,,,2.50341e-007,-0.000220973
