"Record Length",1252,"Points",-2.50266e-007,0
"Sample Interval",4e-010,s,-2.49866e-007,0.000662919
"Trigger Point",625,"Samples",-2.49466e-007,0
"Trigger Time",0.666245,s,-2.49066e-007,0.000441946
,,,-2.48666e-007,0
"Horizontal Offset",-2.50266e-007,s,-2.48266e-007,0.000662919
,,,-2.47866e-007,-0.000220973
,,,-2.47466e-007,0.000662919
,,,-2.47066e-007,0.00110486
,,,-2.46666e-007,0.000883892
,,,-2.46266e-007,-0.000220973
,,,-2.45866e-007,0
,,,-2.45466e-007,0.000220973
,,,-2.45066e-007,0.000220973
,,,-2.44666e-007,0.000441946
,,,-2.44266e-007,0
,,,-2.43866e-007,0.000441946
,,,-2.43466e-007,0.000220973
,,,-2.43066e-007,-0.000662919
,,,-2.42666e-007,-0.000441946
,,,-2.42266e-007,-0.000441946
,,,-2.41866e-007,0.000441946
,,,-2.41466e-007,0.000441946
,,,-2.41066e-007,0.000441946
,,,-2.40666e-007,0.000220973
,,,-2.40266e-007,0.000662919
,,,-2.39866e-007,0.000220973
,,,-2.39466e-007,0.000441946
,,,-2.39066e-007,0.000662919
,,,-2.38666e-007,0.000662919
,,,-2.38266e-007,0.000220973
,,,-2.37866e-007,-0.000441946
,,,-2.37466e-007,0
,,,-2.37066e-007,0.000220973
,,,-2.36666e-007,0.000441946
,,,-2.36266e-007,0
,,,-2.35866e-007,0
,,,-2.35466e-007,0.000220973
,,,-2.35066e-007,0
,,,-2.34666e-007,0
,,,-2.34266e-007,0
,,,-2.33866e-007,0.000441946
,,,-2.33466e-007,0.000441946
,,,-2.33066e-007,0
,,,-2.32666e-007,-0.000441946
,,,-2.32266e-007,0.000662919
,,,-2.31866e-007,0
,,,-2.31466e-007,-0.000441946
,,,-2.31066e-007,0.000220973
,,,-2.30666e-007,0.00132584
,,,-2.30266e-007,0.000441946
,,,-2.29866e-007,0
,,,-2.29466e-007,0.000441946
,,,-2.29066e-007,0.000662919
,,,-2.28666e-007,0.000441946
,,,-2.28266e-007,0
,,,-2.27866e-007,0
,,,-2.27466e-007,0
,,,-2.27066e-007,0.000662919
,,,-2.26666e-007,-0.000220973
,,,-2.26266e-007,-0.000441946
,,,-2.25866e-007,0.000220973
,,,-2.25466e-007,-0.000220973
,,,-2.25066e-007,0.000220973
,,,-2.24666e-007,0.000441946
,,,-2.24266e-007,0.000220973
,,,-2.23866e-007,0.000220973
,,,-2.23466e-007,0.000220973
,,,-2.23066e-007,0.000441946
,,,-2.22666e-007,0.000662919
,,,-2.22266e-007,0.000220973
,,,-2.21866e-007,0.000220973
,,,-2.21466e-007,0
,,,-2.21066e-007,0.000220973
,,,-2.20666e-007,0.000441946
,,,-2.20266e-007,0
,,,-2.19866e-007,0.000220973
,,,-2.19466e-007,0
,,,-2.19066e-007,-0.000662919
,,,-2.18666e-007,-0.000220973
,,,-2.18266e-007,0
,,,-2.17866e-007,0.000441946
,,,-2.17466e-007,0.000662919
,,,-2.17066e-007,-0.000441946
,,,-2.16666e-007,0.000441946
,,,-2.16266e-007,0
,,,-2.15866e-007,0.000441946
,,,-2.15466e-007,0.000441946
,,,-2.15066e-007,0.000220973
,,,-2.14666e-007,0.000220973
,,,-2.14266e-007,0.000220973
,,,-2.13866e-007,0.000883892
,,,-2.13466e-007,0
,,,-2.13066e-007,0
,,,-2.12666e-007,0.000662919
,,,-2.12266e-007,0.000662919
,,,-2.11866e-007,0
,,,-2.11466e-007,-0.000441946
,,,-2.11066e-007,-0.000662919
,,,-2.10666e-007,0.000441946
,,,-2.10266e-007,0.00110486
,,,-2.09866e-007,0.000220973
,,,-2.09466e-007,0.000662919
,,,-2.09066e-007,0.000441946
,,,-2.08666e-007,0
,,,-2.08266e-007,0.000220973
,,,-2.07866e-007,0.000441946
,,,-2.07466e-007,0.000220973
,,,-2.07066e-007,0.000441946
,,,-2.06666e-007,0.000662919
,,,-2.06266e-007,0.000441946
,,,-2.05866e-007,0.000441946
,,,-2.05466e-007,-0.000441946
,,,-2.05066e-007,0.000220973
,,,-2.04666e-007,-0.000441946
,,,-2.04266e-007,0.000883892
,,,-2.03866e-007,0.000441946
,,,-2.03466e-007,-0.000441946
,,,-2.03066e-007,0
,,,-2.02666e-007,-0.000441946
,,,-2.02266e-007,0.000220973
,,,-2.01866e-007,0
,,,-2.01466e-007,0.000662919
,,,-2.01066e-007,0.000441946
,,,-2.00666e-007,0.000220973
,,,-2.00266e-007,0
,,,-1.99866e-007,0.000220973
,,,-1.99466e-007,0.000883892
,,,-1.99066e-007,0.000220973
,,,-1.98666e-007,0.000662919
,,,-1.98266e-007,0.000883892
,,,-1.97866e-007,0.000220973
,,,-1.97466e-007,-0.000441946
,,,-1.97066e-007,0.000441946
,,,-1.96666e-007,0.000441946
,,,-1.96266e-007,0
,,,-1.95866e-007,0.000441946
,,,-1.95466e-007,0
,,,-1.95066e-007,0.000662919
,,,-1.94666e-007,0.000883892
,,,-1.94266e-007,0.000441946
,,,-1.93866e-007,0.000662919
,,,-1.93466e-007,0.000441946
,,,-1.93066e-007,0.000662919
,,,-1.92666e-007,0
,,,-1.92266e-007,0.000662919
,,,-1.91866e-007,0.000220973
,,,-1.91466e-007,0.000441946
,,,-1.91066e-007,0.000662919
,,,-1.90666e-007,0.000883892
,,,-1.90266e-007,0.000220973
,,,-1.89866e-007,0.000662919
,,,-1.89466e-007,-0.000220973
,,,-1.89066e-007,0.000220973
,,,-1.88666e-007,0.000220973
,,,-1.88266e-007,-0.000220973
,,,-1.87866e-007,0
,,,-1.87466e-007,0
,,,-1.87066e-007,0
,,,-1.86666e-007,0
,,,-1.86266e-007,0
,,,-1.85866e-007,0.000441946
,,,-1.85466e-007,0.000220973
,,,-1.85066e-007,0.000441946
,,,-1.84666e-007,0.000220973
,,,-1.84266e-007,0.000662919
,,,-1.83866e-007,-0.000662919
,,,-1.83466e-007,0.000441946
,,,-1.83066e-007,-0.000220973
,,,-1.82666e-007,0.000662919
,,,-1.82266e-007,0
,,,-1.81866e-007,0.000220973
,,,-1.81466e-007,0.000220973
,,,-1.81066e-007,0.000441946
,,,-1.80666e-007,0.000662919
,,,-1.80266e-007,0.000441946
,,,-1.79866e-007,0
,,,-1.79466e-007,-0.000441946
,,,-1.79066e-007,0
,,,-1.78666e-007,0.000662919
,,,-1.78266e-007,0.000441946
,,,-1.77866e-007,0.000662919
,,,-1.77466e-007,0.000441946
,,,-1.77066e-007,0.000220973
,,,-1.76666e-007,0.000220973
,,,-1.76266e-007,0
,,,-1.75866e-007,0
,,,-1.75466e-007,0
,,,-1.75066e-007,0.000441946
,,,-1.74666e-007,0.000662919
,,,-1.74266e-007,-0.000441946
,,,-1.73866e-007,0
,,,-1.73466e-007,0.000220973
,,,-1.73066e-007,0.000220973
,,,-1.72666e-007,0.000220973
,,,-1.72266e-007,0.000220973
,,,-1.71866e-007,0
,,,-1.71466e-007,-0.000441946
,,,-1.71066e-007,-0.000220973
,,,-1.70666e-007,0.000220973
,,,-1.70266e-007,0.000220973
,,,-1.69866e-007,0.000441946
,,,-1.69466e-007,-0.000441946
,,,-1.69066e-007,0
,,,-1.68666e-007,-0.000220973
,,,-1.68266e-007,0.000662919
,,,-1.67866e-007,0.000883892
,,,-1.67466e-007,0.000220973
,,,-1.67066e-007,0.000883892
,,,-1.66666e-007,0.000662919
,,,-1.66266e-007,0.000662919
,,,-1.65866e-007,0.000662919
,,,-1.65466e-007,-0.000220973
,,,-1.65066e-007,0
,,,-1.64666e-007,0.000441946
,,,-1.64266e-007,-0.000441946
,,,-1.63866e-007,0.000220973
,,,-1.63466e-007,0.000662919
,,,-1.63066e-007,0.000220973
,,,-1.62666e-007,0.000662919
,,,-1.62266e-007,0.000883892
,,,-1.61866e-007,0.000662919
,,,-1.61466e-007,-0.000220973
,,,-1.61066e-007,0.000441946
,,,-1.60666e-007,-0.000441946
,,,-1.60266e-007,0.000441946
,,,-1.59866e-007,0.000441946
,,,-1.59466e-007,0.000220973
,,,-1.59066e-007,0
,,,-1.58666e-007,0.000220973
,,,-1.58266e-007,0
,,,-1.57866e-007,0.000883892
,,,-1.57466e-007,0.000220973
,,,-1.57066e-007,0.000220973
,,,-1.56666e-007,0
,,,-1.56266e-007,0.000441946
,,,-1.55866e-007,0.000220973
,,,-1.55466e-007,0.000220973
,,,-1.55066e-007,0.000662919
,,,-1.54666e-007,0.000220973
,,,-1.54266e-007,-0.000441946
,,,-1.53866e-007,0.000220973
,,,-1.53466e-007,0.000662919
,,,-1.53066e-007,0.000220973
,,,-1.52666e-007,-0.000220973
,,,-1.52266e-007,0.000441946
,,,-1.51866e-007,0.000662919
,,,-1.51466e-007,0.000883892
,,,-1.51066e-007,0.000441946
,,,-1.50666e-007,0.000220973
,,,-1.50266e-007,0.000883892
,,,-1.49866e-007,0.000220973
,,,-1.49466e-007,0
,,,-1.49066e-007,0.000883892
,,,-1.48666e-007,0.000441946
,,,-1.48266e-007,0
,,,-1.47866e-007,0.000441946
,,,-1.47466e-007,-0.000220973
,,,-1.47066e-007,-0.000441946
,,,-1.46666e-007,-0.000441946
,,,-1.46266e-007,0.000441946
,,,-1.45866e-007,0.000662919
,,,-1.45466e-007,0.000220973
,,,-1.45066e-007,0.000220973
,,,-1.44666e-007,0.000220973
,,,-1.44266e-007,0.000441946
,,,-1.43866e-007,0.000441946
,,,-1.43466e-007,0.000441946
,,,-1.43066e-007,0.000220973
,,,-1.42666e-007,0.000220973
,,,-1.42266e-007,-0.000441946
,,,-1.41866e-007,0.000441946
,,,-1.41466e-007,0.000441946
,,,-1.41066e-007,0.000441946
,,,-1.40666e-007,-0.000441946
,,,-1.40266e-007,0
,,,-1.39866e-007,0.000441946
,,,-1.39466e-007,0
,,,-1.39066e-007,0
,,,-1.38666e-007,0.000883892
,,,-1.38266e-007,0.000220973
,,,-1.37866e-007,-0.000220973
,,,-1.37466e-007,0
,,,-1.37066e-007,0.00110486
,,,-1.36666e-007,0
,,,-1.36266e-007,0.000220973
,,,-1.35866e-007,-0.000220973
,,,-1.35466e-007,-0.000441946
,,,-1.35066e-007,-0.000220973
,,,-1.34666e-007,0.000662919
,,,-1.34266e-007,0.00132584
,,,-1.33866e-007,0.000883892
,,,-1.33466e-007,0.000662919
,,,-1.33066e-007,0.000662919
,,,-1.32666e-007,0.000662919
,,,-1.32266e-007,0.000662919
,,,-1.31866e-007,0
,,,-1.31466e-007,-0.000220973
,,,-1.31066e-007,0
,,,-1.30666e-007,0.000220973
,,,-1.30266e-007,-0.000662919
,,,-1.29866e-007,0.00110486
,,,-1.29466e-007,-0.000220973
,,,-1.29066e-007,0.000441946
,,,-1.28666e-007,0
,,,-1.28266e-007,0.000883892
,,,-1.27866e-007,0.000441946
,,,-1.27466e-007,0.000883892
,,,-1.27066e-007,0.000220973
,,,-1.26666e-007,-0.000220973
,,,-1.26266e-007,-0.000662919
,,,-1.25866e-007,-0.000220973
,,,-1.25466e-007,0.000441946
,,,-1.25066e-007,0.000441946
,,,-1.24666e-007,0
,,,-1.24266e-007,0
,,,-1.23866e-007,0.000662919
,,,-1.23466e-007,0.000220973
,,,-1.23066e-007,0.000220973
,,,-1.22666e-007,0.000441946
,,,-1.22266e-007,0.000220973
,,,-1.21866e-007,0.000220973
,,,-1.21466e-007,0.00110486
,,,-1.21066e-007,0.000883892
,,,-1.20666e-007,-0.000883892
,,,-1.20266e-007,0.000220973
,,,-1.19866e-007,0
,,,-1.19466e-007,0.000441946
,,,-1.19066e-007,0.000883892
,,,-1.18666e-007,-0.000220973
,,,-1.18266e-007,0.000220973
,,,-1.17866e-007,0.000883892
,,,-1.17466e-007,0.000220973
,,,-1.17066e-007,0.000441946
,,,-1.16666e-007,0.000220973
,,,-1.16266e-007,-0.000220973
,,,-1.15866e-007,-0.000662919
,,,-1.15466e-007,0
,,,-1.15066e-007,0
,,,-1.14666e-007,0.000220973
,,,-1.14266e-007,0
,,,-1.13866e-007,0
,,,-1.13466e-007,0.000441946
,,,-1.13066e-007,0.000220973
,,,-1.12666e-007,-0.000220973
,,,-1.12266e-007,0.000441946
,,,-1.11866e-007,0.000883892
,,,-1.11466e-007,-0.000441946
,,,-1.11066e-007,0.000220973
,,,-1.10666e-007,0.000662919
,,,-1.10266e-007,0.000662919
,,,-1.09866e-007,0.000220973
,,,-1.09466e-007,-0.000220973
,,,-1.09066e-007,-0.000220973
,,,-1.08666e-007,-0.000220973
,,,-1.08266e-007,0.000220973
,,,-1.07866e-007,-0.000220973
,,,-1.07466e-007,0.000220973
,,,-1.07066e-007,0
,,,-1.06666e-007,0.000441946
,,,-1.06266e-007,0.000220973
,,,-1.05866e-007,-0.000220973
,,,-1.05466e-007,0
,,,-1.05066e-007,0.00110486
,,,-1.04666e-007,0.000220973
,,,-1.04266e-007,0.000441946
,,,-1.03866e-007,-0.000220973
,,,-1.03466e-007,0.000220973
,,,-1.03066e-007,0.000220973
,,,-1.02666e-007,0.000662919
,,,-1.02266e-007,0
,,,-1.01866e-007,0.000220973
,,,-1.01466e-007,0.000220973
,,,-1.01066e-007,-0.000441946
,,,-1.00666e-007,0.000220973
,,,-1.00266e-007,0.000662919
,,,-9.98665e-008,0.000441946
,,,-9.94665e-008,0.000220973
,,,-9.90665e-008,0.000220973
,,,-9.86665e-008,0.000220973
,,,-9.82665e-008,-0.000220973
,,,-9.78665e-008,0.000441946
,,,-9.74665e-008,0.000662919
,,,-9.70665e-008,0.000441946
,,,-9.66665e-008,0
,,,-9.62665e-008,0.00132584
,,,-9.58665e-008,0.000662919
,,,-9.54665e-008,0.000441946
,,,-9.50665e-008,-0.000441946
,,,-9.46665e-008,0.000220973
,,,-9.42665e-008,0.000220973
,,,-9.38665e-008,0.000441946
,,,-9.34665e-008,0.000220973
,,,-9.30665e-008,0.000220973
,,,-9.26665e-008,0.000220973
,,,-9.22665e-008,0.000220973
,,,-9.18665e-008,-0.000220973
,,,-9.14665e-008,-0.000441946
,,,-9.10665e-008,0.000220973
,,,-9.06665e-008,0
,,,-9.02665e-008,0.000220973
,,,-8.98665e-008,0
,,,-8.94665e-008,0
,,,-8.90665e-008,0.000220973
,,,-8.86665e-008,0
,,,-8.82665e-008,0.000883892
,,,-8.78665e-008,0.00110486
,,,-8.74665e-008,0.000441946
,,,-8.70665e-008,0.000441946
,,,-8.66665e-008,0.000220973
,,,-8.62665e-008,0.000441946
,,,-8.58665e-008,0.000441946
,,,-8.54665e-008,-0.000220973
,,,-8.50665e-008,-0.000662919
,,,-8.46665e-008,0.000441946
,,,-8.42665e-008,-0.000441946
,,,-8.38665e-008,-0.000220973
,,,-8.34665e-008,0
,,,-8.30665e-008,0.000662919
,,,-8.26665e-008,-0.000220973
,,,-8.22665e-008,0
,,,-8.18665e-008,0.000220973
,,,-8.14665e-008,0.000220973
,,,-8.10665e-008,0
,,,-8.06665e-008,0.000441946
,,,-8.02665e-008,0.000441946
,,,-7.98665e-008,0.000441946
,,,-7.94665e-008,0.000220973
,,,-7.90665e-008,-0.000220973
,,,-7.86665e-008,0.000220973
,,,-7.82665e-008,-0.000441946
,,,-7.78665e-008,0.000220973
,,,-7.74665e-008,-0.000220973
,,,-7.70665e-008,0.000220973
,,,-7.66665e-008,0.000220973
,,,-7.62665e-008,0
,,,-7.58665e-008,0.000662919
,,,-7.54665e-008,0.000441946
,,,-7.50665e-008,-0.000441946
,,,-7.46665e-008,-0.000441946
,,,-7.42665e-008,0
,,,-7.38665e-008,0.000441946
,,,-7.34665e-008,-0.000220973
,,,-7.30665e-008,0.000441946
,,,-7.26665e-008,0
,,,-7.22665e-008,0.00110486
,,,-7.18665e-008,0.000441946
,,,-7.14665e-008,0.000220973
,,,-7.10665e-008,0.000220973
,,,-7.06665e-008,0.000441946
,,,-7.02665e-008,0.000441946
,,,-6.98665e-008,0.000220973
,,,-6.94665e-008,-0.000662919
,,,-6.90665e-008,-0.000441946
,,,-6.86665e-008,0
,,,-6.82665e-008,-0.000220973
,,,-6.78665e-008,-0.000220973
,,,-6.74665e-008,0.000441946
,,,-6.70665e-008,0.000220973
,,,-6.66665e-008,0.000220973
,,,-6.62665e-008,-0.000662919
,,,-6.58665e-008,0.000220973
,,,-6.54665e-008,0.000220973
,,,-6.50665e-008,0.000220973
,,,-6.46665e-008,-0.000441946
,,,-6.42665e-008,0
,,,-6.38665e-008,0
,,,-6.34665e-008,0.000883892
,,,-6.30665e-008,0.000662919
,,,-6.26665e-008,0.000662919
,,,-6.22665e-008,0
,,,-6.18665e-008,0.000441946
,,,-6.14665e-008,-0.000220973
,,,-6.10665e-008,0.000441946
,,,-6.06665e-008,0
,,,-6.02665e-008,0.000220973
,,,-5.98665e-008,-0.000220973
,,,-5.94665e-008,0
,,,-5.90665e-008,0.000883892
,,,-5.86665e-008,0.000220973
,,,-5.82665e-008,0.000441946
,,,-5.78665e-008,0.000883892
,,,-5.74665e-008,0.000662919
,,,-5.70665e-008,0.000441946
,,,-5.66665e-008,0.000662919
,,,-5.62665e-008,0.000662919
,,,-5.58665e-008,0.000441946
,,,-5.54665e-008,0.000662919
,,,-5.50665e-008,0.000662919
,,,-5.46665e-008,-0.000662919
,,,-5.42665e-008,0.000662919
,,,-5.38665e-008,0.00110486
,,,-5.34665e-008,0.000441946
,,,-5.30665e-008,0
,,,-5.26665e-008,0.000441946
,,,-5.22665e-008,0
,,,-5.18665e-008,0.000662919
,,,-5.14665e-008,0.000220973
,,,-5.10665e-008,0.000220973
,,,-5.06665e-008,0.000662919
,,,-5.02665e-008,0.000662919
,,,-4.98665e-008,0.000662919
,,,-4.94665e-008,-0.000441946
,,,-4.90665e-008,0
,,,-4.86665e-008,0.000662919
,,,-4.82665e-008,0.000220973
,,,-4.78665e-008,-0.000220973
,,,-4.74665e-008,0
,,,-4.70665e-008,0.000441946
,,,-4.66665e-008,0.000220973
,,,-4.62665e-008,0
,,,-4.58665e-008,0.000441946
,,,-4.54665e-008,0.000220973
,,,-4.50665e-008,0.000441946
,,,-4.46665e-008,0.000220973
,,,-4.42665e-008,0
,,,-4.38665e-008,0.000662919
,,,-4.34665e-008,0.000220973
,,,-4.30665e-008,0
,,,-4.26665e-008,0
,,,-4.22665e-008,0
,,,-4.18665e-008,0.000441946
,,,-4.14665e-008,0.000662919
,,,-4.10665e-008,0.000220973
,,,-4.06665e-008,0.000662919
,,,-4.02665e-008,0.000883892
,,,-3.98665e-008,0
,,,-3.94665e-008,-0.000220973
,,,-3.90665e-008,0
,,,-3.86665e-008,0.000662919
,,,-3.82665e-008,-0.000220973
,,,-3.78665e-008,0.000220973
,,,-3.74665e-008,0.000220973
,,,-3.70665e-008,0.000883892
,,,-3.66665e-008,0.000441946
,,,-3.62665e-008,0
,,,-3.58665e-008,-0.000441946
,,,-3.54665e-008,-0.000220973
,,,-3.50665e-008,-0.000220973
,,,-3.46665e-008,-0.000441946
,,,-3.42665e-008,0.000220973
,,,-3.38665e-008,0.000662919
,,,-3.34665e-008,0
,,,-3.30665e-008,0.000441946
,,,-3.26665e-008,0.000220973
,,,-3.22665e-008,0.000220973
,,,-3.18665e-008,0
,,,-3.14665e-008,0.000441946
,,,-3.10665e-008,0.00154681
,,,-3.06665e-008,0
,,,-3.02665e-008,0.000883892
,,,-2.98665e-008,0.000220973
,,,-2.94665e-008,0
,,,-2.90665e-008,0.000662919
,,,-2.86665e-008,0.000441946
,,,-2.82665e-008,0
,,,-2.78665e-008,0.000220973
,,,-2.74665e-008,-0.000220973
,,,-2.70665e-008,0
,,,-2.66665e-008,0.000441946
,,,-2.62665e-008,0
,,,-2.58665e-008,0.000441946
,,,-2.54665e-008,0.000662919
,,,-2.50665e-008,0.000441946
,,,-2.46665e-008,0
,,,-2.42665e-008,0.000662919
,,,-2.38665e-008,0.000883892
,,,-2.34665e-008,0
,,,-2.30665e-008,0.000220973
,,,-2.26665e-008,-0.000220973
,,,-2.22665e-008,0.000662919
,,,-2.18665e-008,0.000441946
,,,-2.14665e-008,-0.000220973
,,,-2.10665e-008,-0.000441946
,,,-2.06665e-008,0
,,,-2.02665e-008,0
,,,-1.98665e-008,0.000220973
,,,-1.94665e-008,-0.000220973
,,,-1.90665e-008,0.000220973
,,,-1.86665e-008,0
,,,-1.82665e-008,0.000662919
,,,-1.78665e-008,0.000883892
,,,-1.74665e-008,0
,,,-1.70665e-008,0.000220973
,,,-1.66665e-008,0
,,,-1.62665e-008,0.000662919
,,,-1.58665e-008,0.000662919
,,,-1.54665e-008,0.000220973
,,,-1.50665e-008,-0.000441946
,,,-1.46665e-008,0.00132584
,,,-1.42665e-008,0
,,,-1.38665e-008,0.000441946
,,,-1.34665e-008,0.000220973
,,,-1.30665e-008,0.000441946
,,,-1.26665e-008,-0.000441946
,,,-1.22665e-008,-0.000220973
,,,-1.18665e-008,-0.000220973
,,,-1.14665e-008,0.000220973
,,,-1.10665e-008,0.000441946
,,,-1.06665e-008,0.000883892
,,,-1.02665e-008,0
,,,-9.8665e-009,0.000220973
,,,-9.4665e-009,0.000220973
,,,-9.0665e-009,0
,,,-8.6665e-009,0
,,,-8.2665e-009,0.000220973
,,,-7.8665e-009,0
,,,-7.4665e-009,-0.000220973
,,,-7.0665e-009,0
,,,-6.6665e-009,0.000441946
,,,-6.2665e-009,0.000441946
,,,-5.8665e-009,0.000220973
,,,-5.4665e-009,-0.000662919
,,,-5.0665e-009,0.000220973
,,,-4.6665e-009,0.000220973
,,,-4.2665e-009,-0.000220973
,,,-3.8665e-009,0.000220973
,,,-3.4665e-009,-0.000220973
,,,-3.0665e-009,-0.000662919
,,,-2.6665e-009,-0.000220973
,,,-2.2665e-009,0.000220973
,,,-1.8665e-009,0.000662919
,,,-1.4665e-009,0.000883892
,,,-1.0665e-009,0.000662919
,,,-6.66498e-010,-0.000441946
,,,-2.66498e-010,0.000883892
,,,1.33502e-010,0.000220973
,,,5.33502e-010,0
,,,9.33502e-010,0.000662919
,,,1.3335e-009,0.000883892
,,,1.7335e-009,0.000441946
,,,2.1335e-009,0.000662919
,,,2.5335e-009,0.000220973
,,,2.9335e-009,0.000662919
,,,3.3335e-009,0.000662919
,,,3.7335e-009,0
,,,4.1335e-009,0
,,,4.5335e-009,0.000220973
,,,4.9335e-009,0
,,,5.3335e-009,0.000441946
,,,5.7335e-009,-0.000441946
,,,6.1335e-009,0.000220973
,,,6.5335e-009,-0.000220973
,,,6.9335e-009,0.000441946
,,,7.3335e-009,0.000220973
,,,7.7335e-009,0.000662919
,,,8.1335e-009,0
,,,8.5335e-009,0
,,,8.9335e-009,0
,,,9.3335e-009,0.000883892
,,,9.7335e-009,0.00132584
,,,1.01335e-008,0.000441946
,,,1.05335e-008,0.000662919
,,,1.09335e-008,0
,,,1.13335e-008,-0.000441946
,,,1.17335e-008,0.000662919
,,,1.21335e-008,0
,,,1.25335e-008,0.000220973
,,,1.29335e-008,0
,,,1.33335e-008,0
,,,1.37335e-008,0
,,,1.41335e-008,0.000441946
,,,1.45335e-008,0
,,,1.49335e-008,0.000220973
,,,1.53335e-008,0.000220973
,,,1.57335e-008,0.000441946
,,,1.61335e-008,0
,,,1.65335e-008,0
,,,1.69335e-008,-0.000441946
,,,1.73335e-008,-0.000441946
,,,1.77335e-008,0
,,,1.81335e-008,0.000220973
,,,1.85335e-008,-0.000220973
,,,1.89335e-008,0
,,,1.93335e-008,0.000220973
,,,1.97335e-008,0.000220973
,,,2.01335e-008,-0.000441946
,,,2.05335e-008,0.000220973
,,,2.09335e-008,0
,,,2.13335e-008,0.000441946
,,,2.17335e-008,0
,,,2.21335e-008,-0.000220973
,,,2.25335e-008,-0.000220973
,,,2.29335e-008,-0.000220973
,,,2.33335e-008,0.000220973
,,,2.37335e-008,0.000662919
,,,2.41335e-008,0.000220973
,,,2.45335e-008,0
,,,2.49335e-008,0.000883892
,,,2.53335e-008,-0.000220973
,,,2.57335e-008,0.000441946
,,,2.61335e-008,0.000441946
,,,2.65335e-008,0
,,,2.69335e-008,0
,,,2.73335e-008,0.000883892
,,,2.77335e-008,-0.000220973
,,,2.81335e-008,0.000220973
,,,2.85335e-008,0.000883892
,,,2.89335e-008,0.000220973
,,,2.93335e-008,0.000441946
,,,2.97335e-008,0.000220973
,,,3.01335e-008,0.000662919
,,,3.05335e-008,-0.000220973
,,,3.09335e-008,-0.000220973
,,,3.13335e-008,0.000220973
,,,3.17335e-008,0
,,,3.21335e-008,0.000662919
,,,3.25335e-008,0.000441946
,,,3.29335e-008,0.000883892
,,,3.33335e-008,0.000441946
,,,3.37335e-008,0.000441946
,,,3.41335e-008,0.000441946
,,,3.45335e-008,-0.000441946
,,,3.49335e-008,0.000662919
,,,3.53335e-008,0.000662919
,,,3.57335e-008,0.000220973
,,,3.61335e-008,0
,,,3.65335e-008,-0.000441946
,,,3.69335e-008,0.000441946
,,,3.73335e-008,0.000662919
,,,3.77335e-008,0.000220973
,,,3.81335e-008,0.000441946
,,,3.85335e-008,0.000220973
,,,3.89335e-008,0.000441946
,,,3.93335e-008,0.000220973
,,,3.97335e-008,0.000220973
,,,4.01335e-008,0.000220973
,,,4.05335e-008,-0.000441946
,,,4.09335e-008,0
,,,4.13335e-008,0.000662919
,,,4.17335e-008,0.000883892
,,,4.21335e-008,0.000220973
,,,4.25335e-008,0.000220973
,,,4.29335e-008,0
,,,4.33335e-008,0.000220973
,,,4.37335e-008,0.000220973
,,,4.41335e-008,0.000441946
,,,4.45335e-008,0.000220973
,,,4.49335e-008,0
,,,4.53335e-008,0.000441946
,,,4.57335e-008,-0.000220973
,,,4.61335e-008,0.000220973
,,,4.65335e-008,0.000441946
,,,4.69335e-008,0.000441946
,,,4.73335e-008,0
,,,4.77335e-008,0.000220973
,,,4.81335e-008,0.000441946
,,,4.85335e-008,0.000662919
,,,4.89335e-008,0.000441946
,,,4.93335e-008,0.000441946
,,,4.97335e-008,-0.000220973
,,,5.01335e-008,0.000220973
,,,5.05335e-008,0.000441946
,,,5.09335e-008,0
,,,5.13335e-008,0
,,,5.17335e-008,0
,,,5.21335e-008,0.000441946
,,,5.25335e-008,-0.000220973
,,,5.29335e-008,-0.000441946
,,,5.33335e-008,-0.000220973
,,,5.37335e-008,0.000441946
,,,5.41335e-008,0.000883892
,,,5.45335e-008,0.000883892
,,,5.49335e-008,0.000441946
,,,5.53335e-008,-0.000220973
,,,5.57335e-008,0.000220973
,,,5.61335e-008,-0.000883892
,,,5.65335e-008,-0.000220973
,,,5.69335e-008,0.000220973
,,,5.73335e-008,0.000441946
,,,5.77335e-008,0.000220973
,,,5.81335e-008,0.000220973
,,,5.85335e-008,0.000220973
,,,5.89335e-008,-0.000441946
,,,5.93335e-008,0.000441946
,,,5.97335e-008,0.000441946
,,,6.01335e-008,0.000662919
,,,6.05335e-008,-0.000220973
,,,6.09335e-008,-0.000441946
,,,6.13335e-008,0.000220973
,,,6.17335e-008,0.000220973
,,,6.21335e-008,0.00132584
,,,6.25335e-008,0.000441946
,,,6.29335e-008,0.000220973
,,,6.33335e-008,-0.000883892
,,,6.37335e-008,0
,,,6.41335e-008,-0.000220973
,,,6.45335e-008,0.000220973
,,,6.49335e-008,-0.000220973
,,,6.53335e-008,0.000220973
,,,6.57335e-008,0.000662919
,,,6.61335e-008,0
,,,6.65335e-008,0.000662919
,,,6.69335e-008,-0.000441946
,,,6.73335e-008,0.000441946
,,,6.77335e-008,-0.000220973
,,,6.81335e-008,0.000662919
,,,6.85335e-008,0.000441946
,,,6.89335e-008,0.000441946
,,,6.93335e-008,0
,,,6.97335e-008,0.000220973
,,,7.01335e-008,0.000662919
,,,7.05335e-008,0.000441946
,,,7.09335e-008,0.00132584
,,,7.13335e-008,0.000441946
,,,7.17335e-008,0.000662919
,,,7.21335e-008,0.000441946
,,,7.25335e-008,0.000220973
,,,7.29335e-008,0.000883892
,,,7.33335e-008,0.000441946
,,,7.37335e-008,0.000220973
,,,7.41335e-008,0.000662919
,,,7.45335e-008,0.000220973
,,,7.49335e-008,0.000220973
,,,7.53335e-008,0.000662919
,,,7.57335e-008,0.000441946
,,,7.61335e-008,-0.000220973
,,,7.65335e-008,0
,,,7.69335e-008,-0.000220973
,,,7.73335e-008,0.000220973
,,,7.77335e-008,0.000220973
,,,7.81335e-008,0.000220973
,,,7.85335e-008,0
,,,7.89335e-008,0.000441946
,,,7.93335e-008,0.000662919
,,,7.97335e-008,0.000441946
,,,8.01335e-008,0.00110486
,,,8.05335e-008,0.000441946
,,,8.09335e-008,0.000662919
,,,8.13335e-008,0.000441946
,,,8.17335e-008,0
,,,8.21335e-008,0.000662919
,,,8.25335e-008,0.000883892
,,,8.29335e-008,0.000441946
,,,8.33335e-008,0
,,,8.37335e-008,0.000883892
,,,8.41335e-008,0.000220973
,,,8.45335e-008,0.000441946
,,,8.49335e-008,-0.000220973
,,,8.53335e-008,-0.000662919
,,,8.57335e-008,-0.000662919
,,,8.61335e-008,-0.000220973
,,,8.65335e-008,0
,,,8.69335e-008,0.000220973
,,,8.73335e-008,0.000220973
,,,8.77335e-008,0.000441946
,,,8.81335e-008,0.000220973
,,,8.85335e-008,0.000441946
,,,8.89335e-008,0.00110486
,,,8.93335e-008,0.000662919
,,,8.97335e-008,0.000441946
,,,9.01335e-008,0
,,,9.05335e-008,-0.000220973
,,,9.09335e-008,-0.000441946
,,,9.13335e-008,0.000220973
,,,9.17335e-008,0.000220973
,,,9.21335e-008,0.000662919
,,,9.25335e-008,0.000662919
,,,9.29335e-008,0.00110486
,,,9.33335e-008,0.000883892
,,,9.37335e-008,0.000883892
,,,9.41335e-008,0.00110486
,,,9.45335e-008,0.00198876
,,,9.49335e-008,0.00198876
,,,9.53335e-008,0.0024307
,,,9.57335e-008,0.00441946
,,,9.61335e-008,0.00486141
,,,9.65335e-008,0.0057453
,,,9.69335e-008,0.00685016
,,,9.73335e-008,0.008176
,,,9.77335e-008,0.00861795
,,,9.81335e-008,0.0103857
,,,9.85335e-008,0.0117116
,,,9.89335e-008,0.0128164
,,,9.93335e-008,0.0137003
,,,9.97335e-008,0.0143632
,,,1.00134e-007,0.0150262
,,,1.00534e-007,0.0154681
,,,1.00934e-007,0.0159101
,,,1.01334e-007,0.016131
,,,1.01734e-007,0.016131
,,,1.02134e-007,0.0167939
,,,1.02534e-007,0.0172359
,,,1.02934e-007,0.0174569
,,,1.03334e-007,0.0172359
,,,1.03734e-007,0.0181198
,,,1.04134e-007,0.0178988
,,,1.04534e-007,0.0174569
,,,1.04934e-007,0.0174569
,,,1.05334e-007,0.0181198
,,,1.05734e-007,0.0183408
,,,1.06134e-007,0.0183408
,,,1.06534e-007,0.0176778
,,,1.06934e-007,0.0172359
,,,1.07334e-007,0.0178988
,,,1.07734e-007,0.0183408
,,,1.08134e-007,0.0174569
,,,1.08534e-007,0.0176778
,,,1.08934e-007,0.0181198
,,,1.09334e-007,0.0183408
,,,1.09734e-007,0.0185617
,,,1.10134e-007,0.0187827
,,,1.10534e-007,0.0181198
,,,1.10934e-007,0.0183408
,,,1.11334e-007,0.0185617
,,,1.11734e-007,0.0183408
,,,1.12134e-007,0.0178988
,,,1.12534e-007,0.0181198
,,,1.12934e-007,0.0176778
,,,1.13334e-007,0.0181198
,,,1.13734e-007,0.0172359
,,,1.14134e-007,0.0174569
,,,1.14534e-007,0.0178988
,,,1.14934e-007,0.0181198
,,,1.15334e-007,0.0174569
,,,1.15734e-007,0.0170149
,,,1.16134e-007,0.0178988
,,,1.16534e-007,0.0178988
,,,1.16934e-007,0.0178988
,,,1.17334e-007,0.0181198
,,,1.17734e-007,0.0172359
,,,1.18134e-007,0.0185617
,,,1.18534e-007,0.0183408
,,,1.18934e-007,0.0183408
,,,1.19334e-007,0.0185617
,,,1.19734e-007,0.0172359
,,,1.20134e-007,0.0176778
,,,1.20534e-007,0.0183408
,,,1.20934e-007,0.0190037
,,,1.21334e-007,0.0181198
,,,1.21734e-007,0.0190037
,,,1.22134e-007,0.0194456
,,,1.22534e-007,0.0190037
,,,1.22934e-007,0.0187827
,,,1.23334e-007,0.0187827
,,,1.23734e-007,0.0194456
,,,1.24134e-007,0.0198876
,,,1.24534e-007,0.0196666
,,,1.24934e-007,0.0196666
,,,1.25334e-007,0.0203295
,,,1.25734e-007,0.0203295
,,,1.26134e-007,0.0212134
,,,1.26534e-007,0.0212134
,,,1.26934e-007,0.0209924
,,,1.27334e-007,0.0214344
,,,1.27734e-007,0.0218763
,,,1.28134e-007,0.0205505
,,,1.28534e-007,0.0203295
,,,1.28934e-007,0.0198876
,,,1.29334e-007,0.0203295
,,,1.29734e-007,0.0194456
,,,1.30134e-007,0.0192246
,,,1.30534e-007,0.0183408
,,,1.30934e-007,0.0178988
,,,1.31334e-007,0.0183408
,,,1.31734e-007,0.0174569
,,,1.32134e-007,0.0178988
,,,1.32534e-007,0.0178988
,,,1.32934e-007,0.0167939
,,,1.33334e-007,0.0172359
,,,1.33734e-007,0.0172359
,,,1.34134e-007,0.016573
,,,1.34534e-007,0.0170149
,,,1.34934e-007,0.0174569
,,,1.35334e-007,0.0167939
,,,1.35734e-007,0.0167939
,,,1.36134e-007,0.0167939
,,,1.36534e-007,0.0170149
,,,1.36934e-007,0.0170149
,,,1.37334e-007,0.016131
,,,1.37734e-007,0.016573
,,,1.38134e-007,0.016573
,,,1.38534e-007,0.016573
,,,1.38934e-007,0.016352
,,,1.39334e-007,0.016573
,,,1.39734e-007,0.016131
,,,1.40134e-007,0.016131
,,,1.40534e-007,0.0154681
,,,1.40934e-007,0.0152471
,,,1.41334e-007,0.0154681
,,,1.41734e-007,0.0154681
,,,1.42134e-007,0.016573
,,,1.42534e-007,0.016131
,,,1.42934e-007,0.0156891
,,,1.43334e-007,0.0152471
,,,1.43734e-007,0.0156891
,,,1.44134e-007,0.0154681
,,,1.44534e-007,0.0156891
,,,1.44934e-007,0.0154681
,,,1.45334e-007,0.0145842
,,,1.45734e-007,0.0148052
,,,1.46134e-007,0.0156891
,,,1.46534e-007,0.0159101
,,,1.46934e-007,0.0148052
,,,1.47334e-007,0.0148052
,,,1.47734e-007,0.0145842
,,,1.48134e-007,0.0152471
,,,1.48534e-007,0.0150262
,,,1.48934e-007,0.0143632
,,,1.49334e-007,0.0145842
,,,1.49734e-007,0.0145842
,,,1.50134e-007,0.0148052
,,,1.50534e-007,0.0143632
,,,1.50934e-007,0.0141423
,,,1.51334e-007,0.0143632
,,,1.51734e-007,0.0148052
,,,1.52134e-007,0.0145842
,,,1.52534e-007,0.0141423
,,,1.52934e-007,0.0143632
,,,1.53334e-007,0.0139213
,,,1.53734e-007,0.0139213
,,,1.54134e-007,0.0134794
,,,1.54534e-007,0.0134794
,,,1.54934e-007,0.0139213
,,,1.55334e-007,0.0139213
,,,1.55734e-007,0.0132584
,,,1.56134e-007,0.0130374
,,,1.56534e-007,0.0121535
,,,1.56934e-007,0.0119325
,,,1.57334e-007,0.0114906
,,,1.57734e-007,0.0117116
,,,1.58134e-007,0.0123745
,,,1.58534e-007,0.0123745
,,,1.58934e-007,0.0128164
,,,1.59334e-007,0.0123745
,,,1.59734e-007,0.0128164
,,,1.60134e-007,0.0119325
,,,1.60534e-007,0.0119325
,,,1.60934e-007,0.0123745
,,,1.61334e-007,0.0119325
,,,1.61734e-007,0.0128164
,,,1.62134e-007,0.0128164
,,,1.62534e-007,0.0114906
,,,1.62934e-007,0.0125955
,,,1.63334e-007,0.0121535
,,,1.63734e-007,0.0128164
,,,1.64134e-007,0.0117116
,,,1.64534e-007,0.0112696
,,,1.64934e-007,0.0112696
,,,1.65334e-007,0.0121535
,,,1.65734e-007,0.0123745
,,,1.66134e-007,0.0125955
,,,1.66534e-007,0.0130374
,,,1.66934e-007,0.0125955
,,,1.67334e-007,0.0117116
,,,1.67734e-007,0.0128164
,,,1.68134e-007,0.0125955
,,,1.68534e-007,0.0117116
,,,1.68934e-007,0.0123745
,,,1.69334e-007,0.0130374
,,,1.69734e-007,0.0128164
,,,1.70134e-007,0.0121535
,,,1.70534e-007,0.0114906
,,,1.70934e-007,0.0117116
,,,1.71334e-007,0.0121535
,,,1.71734e-007,0.0123745
,,,1.72134e-007,0.0121535
,,,1.72534e-007,0.0117116
,,,1.72934e-007,0.0114906
,,,1.73334e-007,0.0125955
,,,1.73734e-007,0.0128164
,,,1.74134e-007,0.0128164
,,,1.74534e-007,0.0128164
,,,1.74934e-007,0.0132584
,,,1.75334e-007,0.0121535
,,,1.75734e-007,0.0130374
,,,1.76134e-007,0.0123745
,,,1.76534e-007,0.0134794
,,,1.76934e-007,0.0130374
,,,1.77334e-007,0.0132584
,,,1.77734e-007,0.0123745
,,,1.78134e-007,0.0125955
,,,1.78534e-007,0.0130374
,,,1.78934e-007,0.0130374
,,,1.79334e-007,0.0128164
,,,1.79734e-007,0.0128164
,,,1.80134e-007,0.0130374
,,,1.80534e-007,0.0123745
,,,1.80934e-007,0.0125955
,,,1.81334e-007,0.0125955
,,,1.81734e-007,0.0121535
,,,1.82134e-007,0.0123745
,,,1.82534e-007,0.0123745
,,,1.82934e-007,0.0125955
,,,1.83334e-007,0.0119325
,,,1.83734e-007,0.0125955
,,,1.84134e-007,0.0119325
,,,1.84534e-007,0.0121535
,,,1.84934e-007,0.0125955
,,,1.85334e-007,0.0123745
,,,1.85734e-007,0.0130374
,,,1.86134e-007,0.0134794
,,,1.86534e-007,0.0123745
,,,1.86934e-007,0.0123745
,,,1.87334e-007,0.0123745
,,,1.87734e-007,0.0130374
,,,1.88134e-007,0.0132584
,,,1.88534e-007,0.0139213
,,,1.88934e-007,0.0132584
,,,1.89334e-007,0.0125955
,,,1.89734e-007,0.0137003
,,,1.90134e-007,0.0137003
,,,1.90534e-007,0.0132584
,,,1.90934e-007,0.0132584
,,,1.91334e-007,0.0134794
,,,1.91734e-007,0.0134794
,,,1.92134e-007,0.0132584
,,,1.92534e-007,0.0134794
,,,1.92934e-007,0.0139213
,,,1.93334e-007,0.0141423
,,,1.93734e-007,0.0137003
,,,1.94134e-007,0.0132584
,,,1.94534e-007,0.0137003
,,,1.94934e-007,0.0134794
,,,1.95334e-007,0.0134794
,,,1.95734e-007,0.0132584
,,,1.96134e-007,0.0137003
,,,1.96534e-007,0.0130374
,,,1.96934e-007,0.0134794
,,,1.97334e-007,0.0137003
,,,1.97734e-007,0.0128164
,,,1.98134e-007,0.0132584
,,,1.98534e-007,0.0130374
,,,1.98934e-007,0.0137003
,,,1.99334e-007,0.0128164
,,,1.99734e-007,0.0123745
,,,2.00134e-007,0.0123745
,,,2.00534e-007,0.0130374
,,,2.00934e-007,0.0128164
,,,2.01334e-007,0.0130374
,,,2.01734e-007,0.0119325
,,,2.02134e-007,0.0121535
,,,2.02534e-007,0.0128164
,,,2.02934e-007,0.0125955
,,,2.03334e-007,0.0119325
,,,2.03734e-007,0.0125955
,,,2.04134e-007,0.0119325
,,,2.04534e-007,0.0112696
,,,2.04934e-007,0.0112696
,,,2.05334e-007,0.0112696
,,,2.05734e-007,0.0110486
,,,2.06134e-007,0.0119325
,,,2.06534e-007,0.0121535
,,,2.06934e-007,0.0110486
,,,2.07334e-007,0.0101648
,,,2.07734e-007,0.0103857
,,,2.08134e-007,0.00994378
,,,2.08534e-007,0.00950184
,,,2.08934e-007,0.00972281
,,,2.09334e-007,0.00972281
,,,2.09734e-007,0.00883892
,,,2.10134e-007,0.00839697
,,,2.10534e-007,0.008176
,,,2.10934e-007,0.00839697
,,,2.11334e-007,0.00751308
,,,2.11734e-007,0.00662919
,,,2.12134e-007,0.00640822
,,,2.12534e-007,0.00640822
,,,2.12934e-007,0.00552432
,,,2.13334e-007,0.00530335
,,,2.13734e-007,0.0057453
,,,2.14134e-007,0.00552432
,,,2.14534e-007,0.00508238
,,,2.14934e-007,0.00397751
,,,2.15334e-007,0.00464043
,,,2.15734e-007,0.00464043
,,,2.16134e-007,0.00419849
,,,2.16534e-007,0.00265168
,,,2.16934e-007,0.00397751
,,,2.17334e-007,0.00375654
,,,2.17734e-007,0.00309362
,,,2.18134e-007,0.00287265
,,,2.18534e-007,0.00265168
,,,2.18934e-007,0.00265168
,,,2.19334e-007,0.0024307
,,,2.19734e-007,0.00176778
,,,2.20134e-007,0.0024307
,,,2.20534e-007,0.00176778
,,,2.20934e-007,0.00198876
,,,2.21334e-007,0.00198876
,,,2.21734e-007,0.00198876
,,,2.22134e-007,0.00220973
,,,2.22534e-007,0.00132584
,,,2.22934e-007,0.00132584
,,,2.23334e-007,0.00176778
,,,2.23734e-007,0.00132584
,,,2.24134e-007,0.00132584
,,,2.24534e-007,0.000220973
,,,2.24934e-007,0.00110486
,,,2.25334e-007,0.00154681
,,,2.25734e-007,0.00132584
,,,2.26134e-007,0.00132584
,,,2.26534e-007,0.00110486
,,,2.26934e-007,0.000662919
,,,2.27334e-007,0.00132584
,,,2.27734e-007,0.00110486
,,,2.28134e-007,0.00132584
,,,2.28534e-007,0.000441946
,,,2.28934e-007,0.000883892
,,,2.29334e-007,0.000662919
,,,2.29734e-007,0.000883892
,,,2.30134e-007,0.000883892
,,,2.30534e-007,0.000441946
,,,2.30934e-007,0.000883892
,,,2.31334e-007,0
,,,2.31734e-007,0.000662919
,,,2.32134e-007,0.000883892
,,,2.32534e-007,0.00132584
,,,2.32934e-007,0
,,,2.33334e-007,0
,,,2.33734e-007,0.000883892
,,,2.34134e-007,0.000220973
,,,2.34534e-007,0
,,,2.34934e-007,0.000441946
,,,2.35334e-007,-0.000220973
,,,2.35734e-007,-0.000220973
,,,2.36134e-007,0
,,,2.36534e-007,0
,,,2.36934e-007,0.000220973
,,,2.37334e-007,0.000883892
,,,2.37734e-007,0
,,,2.38134e-007,-0.000220973
,,,2.38534e-007,0
,,,2.38934e-007,-0.000883892
,,,2.39334e-007,-0.000662919
,,,2.39734e-007,-0.000441946
,,,2.40134e-007,-0.000220973
,,,2.40534e-007,-0.000662919
,,,2.40934e-007,-0.000441946
,,,2.41334e-007,0
,,,2.41734e-007,-0.000220973
,,,2.42134e-007,0.000220973
,,,2.42534e-007,-0.000220973
,,,2.42934e-007,0
,,,2.43334e-007,-0.000662919
,,,2.43734e-007,-0.000662919
,,,2.44134e-007,-0.000220973
,,,2.44534e-007,-0.000883892
,,,2.44934e-007,-0.000662919
,,,2.45334e-007,0
,,,2.45734e-007,-0.000883892
,,,2.46134e-007,0
,,,2.46534e-007,-0.000220973
,,,2.46934e-007,0
,,,2.47334e-007,-0.000220973
,,,2.47734e-007,0
,,,2.48134e-007,-0.000662919
,,,2.48534e-007,0.000220973
,,,2.48934e-007,0.000441946
,,,2.49334e-007,0
,,,2.49734e-007,0.000220973
,,,2.50134e-007,0.000662919
