"Record Length",1252,"Points",-2.50367e-007,0
"Sample Interval",4e-010,s,-2.49967e-007,-0.000441946
"Trigger Point",625,"Samples",-2.49567e-007,-0.000662919
"Trigger Time",0.917149,s,-2.49167e-007,0.000220973
,,,-2.48767e-007,0.000441946
"Horizontal Offset",-2.50367e-007,s,-2.48367e-007,-0.000220973
,,,-2.47967e-007,0.000220973
,,,-2.47567e-007,-0.000441946
,,,-2.47167e-007,0
,,,-2.46767e-007,-0.000883892
,,,-2.46367e-007,-0.000441946
,,,-2.45967e-007,0.000220973
,,,-2.45567e-007,0.000441946
,,,-2.45167e-007,0.000220973
,,,-2.44767e-007,0
,,,-2.44367e-007,0.000220973
,,,-2.43967e-007,0
,,,-2.43567e-007,-0.000441946
,,,-2.43167e-007,-0.000220973
,,,-2.42767e-007,-0.000441946
,,,-2.42367e-007,0.000441946
,,,-2.41967e-007,-0.000220973
,,,-2.41567e-007,0.000883892
,,,-2.41167e-007,0
,,,-2.40767e-007,0.000662919
,,,-2.40367e-007,-0.000220973
,,,-2.39967e-007,0.000662919
,,,-2.39567e-007,0.000441946
,,,-2.39167e-007,0.000220973
,,,-2.38767e-007,0.000220973
,,,-2.38367e-007,0.000883892
,,,-2.37967e-007,0.000220973
,,,-2.37567e-007,0.000220973
,,,-2.37167e-007,-0.000220973
,,,-2.36767e-007,0.000441946
,,,-2.36367e-007,0.000883892
,,,-2.35967e-007,0
,,,-2.35567e-007,-0.000883892
,,,-2.35167e-007,0
,,,-2.34767e-007,0.000662919
,,,-2.34367e-007,0.000220973
,,,-2.33967e-007,0.000441946
,,,-2.33567e-007,0.000662919
,,,-2.33167e-007,0.000220973
,,,-2.32767e-007,0
,,,-2.32367e-007,-0.000662919
,,,-2.31967e-007,-0.000441946
,,,-2.31567e-007,-0.000441946
,,,-2.31167e-007,0
,,,-2.30767e-007,0.000441946
,,,-2.30367e-007,0
,,,-2.29967e-007,-0.000441946
,,,-2.29567e-007,0.000220973
,,,-2.29167e-007,0
,,,-2.28767e-007,0.000220973
,,,-2.28367e-007,-0.000220973
,,,-2.27967e-007,-0.000662919
,,,-2.27567e-007,0
,,,-2.27167e-007,-0.000441946
,,,-2.26767e-007,0
,,,-2.26367e-007,-0.000441946
,,,-2.25967e-007,0
,,,-2.25567e-007,0
,,,-2.25167e-007,-0.000220973
,,,-2.24767e-007,-0.000441946
,,,-2.24367e-007,-0.000220973
,,,-2.23967e-007,0.000441946
,,,-2.23567e-007,0.000441946
,,,-2.23167e-007,0.000441946
,,,-2.22767e-007,0.000441946
,,,-2.22367e-007,0.000441946
,,,-2.21967e-007,0.000441946
,,,-2.21567e-007,0.000220973
,,,-2.21167e-007,-0.000441946
,,,-2.20767e-007,0
,,,-2.20367e-007,0.000441946
,,,-2.19967e-007,0
,,,-2.19567e-007,0
,,,-2.19167e-007,0.000662919
,,,-2.18767e-007,0
,,,-2.18367e-007,-0.000441946
,,,-2.17967e-007,0.000441946
,,,-2.17567e-007,0.000441946
,,,-2.17167e-007,0.000220973
,,,-2.16767e-007,0.000662919
,,,-2.16367e-007,0.000220973
,,,-2.15967e-007,0.000441946
,,,-2.15567e-007,0.000662919
,,,-2.15167e-007,-0.000662919
,,,-2.14767e-007,0.000220973
,,,-2.14367e-007,0.000220973
,,,-2.13967e-007,0.00132584
,,,-2.13567e-007,0.000441946
,,,-2.13167e-007,0
,,,-2.12767e-007,-0.000220973
,,,-2.12367e-007,0.000441946
,,,-2.11967e-007,0.000220973
,,,-2.11567e-007,0.000441946
,,,-2.11167e-007,0
,,,-2.10767e-007,-0.000220973
,,,-2.10367e-007,0.000220973
,,,-2.09967e-007,-0.000441946
,,,-2.09567e-007,0.000220973
,,,-2.09167e-007,0
,,,-2.08767e-007,0.000220973
,,,-2.08367e-007,-0.000441946
,,,-2.07967e-007,0.000220973
,,,-2.07567e-007,-0.000441946
,,,-2.07167e-007,0.000662919
,,,-2.06767e-007,0.000441946
,,,-2.06367e-007,0.000662919
,,,-2.05967e-007,0.000662919
,,,-2.05567e-007,0.000220973
,,,-2.05167e-007,0
,,,-2.04767e-007,0.000441946
,,,-2.04367e-007,-0.000220973
,,,-2.03967e-007,-0.000441946
,,,-2.03567e-007,-0.000441946
,,,-2.03167e-007,-0.000662919
,,,-2.02767e-007,0.000220973
,,,-2.02367e-007,0
,,,-2.01967e-007,0.000220973
,,,-2.01567e-007,0.000662919
,,,-2.01167e-007,0.00110486
,,,-2.00767e-007,0.000220973
,,,-2.00367e-007,-0.000220973
,,,-1.99967e-007,0.000662919
,,,-1.99567e-007,0.000662919
,,,-1.99167e-007,0.000662919
,,,-1.98767e-007,0.000662919
,,,-1.98367e-007,-0.000662919
,,,-1.97967e-007,0.000662919
,,,-1.97567e-007,0.000883892
,,,-1.97167e-007,0.000220973
,,,-1.96767e-007,0.000662919
,,,-1.96367e-007,0.000441946
,,,-1.95967e-007,0
,,,-1.95567e-007,0
,,,-1.95167e-007,0.000883892
,,,-1.94767e-007,0.000220973
,,,-1.94367e-007,0.000441946
,,,-1.93967e-007,0.000441946
,,,-1.93567e-007,0.000220973
,,,-1.93167e-007,0.000220973
,,,-1.92767e-007,0.000662919
,,,-1.92367e-007,-0.000441946
,,,-1.91967e-007,0
,,,-1.91567e-007,0.000441946
,,,-1.91167e-007,0
,,,-1.90767e-007,0.000220973
,,,-1.90367e-007,-0.000220973
,,,-1.89967e-007,0
,,,-1.89567e-007,0
,,,-1.89167e-007,0.000441946
,,,-1.88767e-007,0.000220973
,,,-1.88367e-007,0
,,,-1.87967e-007,-0.000441946
,,,-1.87567e-007,0.000441946
,,,-1.87167e-007,0
,,,-1.86767e-007,0.000441946
,,,-1.86367e-007,0.000883892
,,,-1.85967e-007,0
,,,-1.85567e-007,0.000441946
,,,-1.85167e-007,0.000662919
,,,-1.84767e-007,0.000662919
,,,-1.84367e-007,0.000441946
,,,-1.83967e-007,0.000883892
,,,-1.83567e-007,-0.000220973
,,,-1.83167e-007,0.000441946
,,,-1.82767e-007,0
,,,-1.82367e-007,0.000662919
,,,-1.81967e-007,0.000662919
,,,-1.81567e-007,0.000441946
,,,-1.81167e-007,0.000220973
,,,-1.80767e-007,0.000220973
,,,-1.80367e-007,0.000662919
,,,-1.79967e-007,0
,,,-1.79567e-007,-0.000220973
,,,-1.79167e-007,-0.000220973
,,,-1.78767e-007,0
,,,-1.78367e-007,0.000662919
,,,-1.77967e-007,-0.000220973
,,,-1.77567e-007,0.000662919
,,,-1.77167e-007,0
,,,-1.76767e-007,-0.000220973
,,,-1.76367e-007,-0.000441946
,,,-1.75967e-007,0
,,,-1.75567e-007,-0.000662919
,,,-1.75167e-007,-0.000220973
,,,-1.74767e-007,0.000883892
,,,-1.74367e-007,0.000441946
,,,-1.73967e-007,0.000220973
,,,-1.73567e-007,0.000883892
,,,-1.73167e-007,0
,,,-1.72767e-007,0
,,,-1.72367e-007,0.000441946
,,,-1.71967e-007,0.000883892
,,,-1.71567e-007,0
,,,-1.71167e-007,0.000220973
,,,-1.70767e-007,0.000220973
,,,-1.70367e-007,0
,,,-1.69967e-007,-0.000220973
,,,-1.69567e-007,0
,,,-1.69167e-007,0.000662919
,,,-1.68767e-007,-0.000441946
,,,-1.68367e-007,0.000883892
,,,-1.67967e-007,0.000441946
,,,-1.67567e-007,0.000441946
,,,-1.67167e-007,0.000220973
,,,-1.66767e-007,0.000662919
,,,-1.66367e-007,-0.000220973
,,,-1.65967e-007,0.000883892
,,,-1.65567e-007,0.000220973
,,,-1.65167e-007,0.000441946
,,,-1.64767e-007,0.000220973
,,,-1.64367e-007,0.000220973
,,,-1.63967e-007,-0.000220973
,,,-1.63567e-007,0
,,,-1.63167e-007,0.000220973
,,,-1.62767e-007,-0.000220973
,,,-1.62367e-007,-0.000220973
,,,-1.61967e-007,0.000220973
,,,-1.61567e-007,0.000220973
,,,-1.61167e-007,0.000220973
,,,-1.60767e-007,0.000220973
,,,-1.60367e-007,-0.000220973
,,,-1.59967e-007,-0.000662919
,,,-1.59567e-007,0.000662919
,,,-1.59167e-007,0.000662919
,,,-1.58767e-007,-0.000220973
,,,-1.58367e-007,0
,,,-1.57967e-007,0.000220973
,,,-1.57567e-007,0.000220973
,,,-1.57167e-007,-0.000220973
,,,-1.56767e-007,0.000441946
,,,-1.56367e-007,0
,,,-1.55967e-007,0.000441946
,,,-1.55567e-007,0.000220973
,,,-1.55167e-007,0.000220973
,,,-1.54767e-007,-0.000220973
,,,-1.54367e-007,0.000220973
,,,-1.53967e-007,0.000220973
,,,-1.53567e-007,0
,,,-1.53167e-007,0.000220973
,,,-1.52767e-007,0
,,,-1.52367e-007,0.000220973
,,,-1.51967e-007,0.000662919
,,,-1.51567e-007,0.000441946
,,,-1.51167e-007,0.000220973
,,,-1.50767e-007,0.000662919
,,,-1.50367e-007,0
,,,-1.49967e-007,0.000220973
,,,-1.49567e-007,0.000220973
,,,-1.49167e-007,-0.000220973
,,,-1.48767e-007,-0.000220973
,,,-1.48367e-007,0.000662919
,,,-1.47967e-007,0.000220973
,,,-1.47567e-007,0
,,,-1.47167e-007,0.000662919
,,,-1.46767e-007,0.000220973
,,,-1.46367e-007,0
,,,-1.45967e-007,0.000662919
,,,-1.45567e-007,0.000662919
,,,-1.45167e-007,0.000441946
,,,-1.44767e-007,0.000441946
,,,-1.44367e-007,-0.000220973
,,,-1.43967e-007,0.000662919
,,,-1.43567e-007,0.000441946
,,,-1.43167e-007,0.000220973
,,,-1.42767e-007,0
,,,-1.42367e-007,0.000220973
,,,-1.41967e-007,0
,,,-1.41567e-007,0.000220973
,,,-1.41167e-007,0.000220973
,,,-1.40767e-007,0.000220973
,,,-1.40367e-007,0
,,,-1.39967e-007,-0.000441946
,,,-1.39567e-007,0.000220973
,,,-1.39167e-007,-0.000441946
,,,-1.38767e-007,0.000220973
,,,-1.38367e-007,-0.000220973
,,,-1.37967e-007,-0.000441946
,,,-1.37567e-007,-0.000220973
,,,-1.37167e-007,0.000662919
,,,-1.36767e-007,0.000220973
,,,-1.36367e-007,-0.000662919
,,,-1.35967e-007,-0.000220973
,,,-1.35567e-007,0.000441946
,,,-1.35167e-007,0.000662919
,,,-1.34767e-007,0.000441946
,,,-1.34367e-007,0.000662919
,,,-1.33967e-007,0
,,,-1.33567e-007,-0.000220973
,,,-1.33167e-007,-0.000220973
,,,-1.32767e-007,0.000662919
,,,-1.32367e-007,0.000441946
,,,-1.31967e-007,-0.000441946
,,,-1.31567e-007,-0.000441946
,,,-1.31167e-007,-0.000441946
,,,-1.30767e-007,0
,,,-1.30367e-007,0.000220973
,,,-1.29967e-007,0.000220973
,,,-1.29567e-007,0.000662919
,,,-1.29167e-007,0.000220973
,,,-1.28767e-007,0
,,,-1.28367e-007,0.000441946
,,,-1.27967e-007,0
,,,-1.27567e-007,0.000441946
,,,-1.27167e-007,0
,,,-1.26767e-007,0.000883892
,,,-1.26367e-007,0.000220973
,,,-1.25967e-007,0
,,,-1.25567e-007,-0.000220973
,,,-1.25167e-007,0
,,,-1.24767e-007,0
,,,-1.24367e-007,0
,,,-1.23967e-007,-0.000220973
,,,-1.23567e-007,-0.000441946
,,,-1.23167e-007,0
,,,-1.22767e-007,-0.000220973
,,,-1.22367e-007,0
,,,-1.21967e-007,0
,,,-1.21567e-007,0.000441946
,,,-1.21167e-007,0
,,,-1.20767e-007,0.000220973
,,,-1.20367e-007,-0.000441946
,,,-1.19967e-007,0.000441946
,,,-1.19567e-007,0
,,,-1.19167e-007,0.000220973
,,,-1.18767e-007,0.000441946
,,,-1.18367e-007,0.000662919
,,,-1.17967e-007,0
,,,-1.17567e-007,-0.000220973
,,,-1.17167e-007,-0.000220973
,,,-1.16767e-007,0
,,,-1.16367e-007,0.000220973
,,,-1.15967e-007,-0.000220973
,,,-1.15567e-007,0.000220973
,,,-1.15167e-007,0.000220973
,,,-1.14767e-007,0.000883892
,,,-1.14367e-007,0.000441946
,,,-1.13967e-007,0.000441946
,,,-1.13567e-007,0.000662919
,,,-1.13167e-007,0.000220973
,,,-1.12767e-007,0
,,,-1.12367e-007,0.000220973
,,,-1.11967e-007,0
,,,-1.11567e-007,0
,,,-1.11167e-007,0.000220973
,,,-1.10767e-007,0.000662919
,,,-1.10367e-007,0
,,,-1.09967e-007,0.000441946
,,,-1.09567e-007,0
,,,-1.09167e-007,0.000220973
,,,-1.08767e-007,0.000662919
,,,-1.08367e-007,-0.000220973
,,,-1.07967e-007,0.000220973
,,,-1.07567e-007,-0.000220973
,,,-1.07167e-007,0
,,,-1.06767e-007,0.000441946
,,,-1.06367e-007,0
,,,-1.05967e-007,-0.000220973
,,,-1.05567e-007,0.000220973
,,,-1.05167e-007,0.000220973
,,,-1.04767e-007,0.000220973
,,,-1.04367e-007,0.000220973
,,,-1.03967e-007,0.000662919
,,,-1.03567e-007,0.000441946
,,,-1.03167e-007,0.000220973
,,,-1.02767e-007,0.000220973
,,,-1.02367e-007,0.000662919
,,,-1.01967e-007,0
,,,-1.01567e-007,0.000441946
,,,-1.01167e-007,-0.000441946
,,,-1.00767e-007,0
,,,-1.00367e-007,-0.000441946
,,,-9.99669e-008,0
,,,-9.95669e-008,0.000220973
,,,-9.91669e-008,-0.000220973
,,,-9.87669e-008,-0.000441946
,,,-9.83669e-008,-0.000220973
,,,-9.79669e-008,-0.000441946
,,,-9.75669e-008,0.000220973
,,,-9.71669e-008,0.000220973
,,,-9.67669e-008,0.000662919
,,,-9.63669e-008,0.000220973
,,,-9.59669e-008,0.000662919
,,,-9.55669e-008,0.000441946
,,,-9.51669e-008,0
,,,-9.47669e-008,0.000662919
,,,-9.43669e-008,0.000883892
,,,-9.39669e-008,0.000220973
,,,-9.35669e-008,0.000441946
,,,-9.31669e-008,0.000662919
,,,-9.27669e-008,0
,,,-9.23669e-008,0
,,,-9.19669e-008,0.000883892
,,,-9.15669e-008,0.000220973
,,,-9.11669e-008,0.000883892
,,,-9.07669e-008,0.000220973
,,,-9.03669e-008,0.000662919
,,,-8.99669e-008,0.000220973
,,,-8.95669e-008,0.000883892
,,,-8.91669e-008,0
,,,-8.87669e-008,0.000220973
,,,-8.83669e-008,0.000441946
,,,-8.79669e-008,0.000220973
,,,-8.75669e-008,0
,,,-8.71669e-008,0.000441946
,,,-8.67669e-008,-0.000220973
,,,-8.63669e-008,-0.000220973
,,,-8.59669e-008,0
,,,-8.55669e-008,0.000220973
,,,-8.51669e-008,0.000883892
,,,-8.47669e-008,0.000220973
,,,-8.43669e-008,0.000441946
,,,-8.39669e-008,-0.000220973
,,,-8.35669e-008,-0.000662919
,,,-8.31669e-008,-0.000662919
,,,-8.27669e-008,-0.000662919
,,,-8.23669e-008,0
,,,-8.19669e-008,-0.000441946
,,,-8.15669e-008,0.000220973
,,,-8.11669e-008,0
,,,-8.07669e-008,0.000220973
,,,-8.03669e-008,0
,,,-7.99669e-008,0.000662919
,,,-7.95669e-008,-0.000220973
,,,-7.91669e-008,-0.000220973
,,,-7.87669e-008,0.000220973
,,,-7.83669e-008,0
,,,-7.79669e-008,0.000441946
,,,-7.75669e-008,0.00198876
,,,-7.71669e-008,0
,,,-7.67669e-008,0.000220973
,,,-7.63669e-008,0
,,,-7.59669e-008,0
,,,-7.55669e-008,-0.000441946
,,,-7.51669e-008,0
,,,-7.47669e-008,-0.000441946
,,,-7.43669e-008,0
,,,-7.39669e-008,-0.000662919
,,,-7.35669e-008,0
,,,-7.31669e-008,0.000220973
,,,-7.27669e-008,0
,,,-7.23669e-008,-0.000662919
,,,-7.19669e-008,0
,,,-7.15669e-008,0.000662919
,,,-7.11669e-008,0
,,,-7.07669e-008,0.000220973
,,,-7.03669e-008,0.000662919
,,,-6.99669e-008,0.00110486
,,,-6.95669e-008,0.000441946
,,,-6.91669e-008,-0.000441946
,,,-6.87669e-008,0.000441946
,,,-6.83669e-008,0.000441946
,,,-6.79669e-008,0.000220973
,,,-6.75669e-008,-0.000220973
,,,-6.71669e-008,0.000441946
,,,-6.67669e-008,-0.000220973
,,,-6.63669e-008,0
,,,-6.59669e-008,0.000220973
,,,-6.55669e-008,0.00110486
,,,-6.51669e-008,0.000662919
,,,-6.47669e-008,0.000220973
,,,-6.43669e-008,0.000662919
,,,-6.39669e-008,0.000220973
,,,-6.35669e-008,0
,,,-6.31669e-008,-0.000220973
,,,-6.27669e-008,-0.000220973
,,,-6.23669e-008,0
,,,-6.19669e-008,0
,,,-6.15669e-008,0
,,,-6.11669e-008,0
,,,-6.07669e-008,-0.000220973
,,,-6.03669e-008,0
,,,-5.99669e-008,0.000441946
,,,-5.95669e-008,-0.000220973
,,,-5.91669e-008,-0.000441946
,,,-5.87669e-008,-0.000441946
,,,-5.83669e-008,0
,,,-5.79669e-008,0
,,,-5.75669e-008,0.000441946
,,,-5.71669e-008,0.000220973
,,,-5.67669e-008,0.000220973
,,,-5.63669e-008,-0.000441946
,,,-5.59669e-008,0.000662919
,,,-5.55669e-008,0.000220973
,,,-5.51669e-008,0
,,,-5.47669e-008,-0.000441946
,,,-5.43669e-008,-0.000220973
,,,-5.39669e-008,0.000220973
,,,-5.35669e-008,-0.000441946
,,,-5.31669e-008,-0.000441946
,,,-5.27669e-008,0.000662919
,,,-5.23669e-008,0.000662919
,,,-5.19669e-008,0.000441946
,,,-5.15669e-008,0.000220973
,,,-5.11669e-008,0
,,,-5.07669e-008,0
,,,-5.03669e-008,0.000662919
,,,-4.99669e-008,0.000441946
,,,-4.95669e-008,0.000662919
,,,-4.91669e-008,0
,,,-4.87669e-008,0.000441946
,,,-4.83669e-008,0
,,,-4.79669e-008,0.000883892
,,,-4.75669e-008,-0.000220973
,,,-4.71669e-008,0.000441946
,,,-4.67669e-008,0.000662919
,,,-4.63669e-008,0.000662919
,,,-4.59669e-008,0
,,,-4.55669e-008,0.000220973
,,,-4.51669e-008,0.000441946
,,,-4.47669e-008,0.000220973
,,,-4.43669e-008,-0.000220973
,,,-4.39669e-008,-0.000441946
,,,-4.35669e-008,0
,,,-4.31669e-008,0.000441946
,,,-4.27669e-008,0.000441946
,,,-4.23669e-008,-0.000441946
,,,-4.19669e-008,-0.000441946
,,,-4.15669e-008,0.000662919
,,,-4.11669e-008,0.000441946
,,,-4.07669e-008,0
,,,-4.03669e-008,0.000220973
,,,-3.99669e-008,0.000662919
,,,-3.95669e-008,0.000220973
,,,-3.91669e-008,0
,,,-3.87669e-008,0
,,,-3.83669e-008,0
,,,-3.79669e-008,0.000883892
,,,-3.75669e-008,0.000220973
,,,-3.71669e-008,0.000220973
,,,-3.67669e-008,-0.000441946
,,,-3.63669e-008,0.000220973
,,,-3.59669e-008,-0.000441946
,,,-3.55669e-008,-0.000220973
,,,-3.51669e-008,0.000220973
,,,-3.47669e-008,-0.000441946
,,,-3.43669e-008,0.000662919
,,,-3.39669e-008,0.000662919
,,,-3.35669e-008,0.000220973
,,,-3.31669e-008,0.000441946
,,,-3.27669e-008,0
,,,-3.23669e-008,0
,,,-3.19669e-008,-0.000441946
,,,-3.15669e-008,0
,,,-3.11669e-008,0.000220973
,,,-3.07669e-008,0.000662919
,,,-3.03669e-008,0
,,,-2.99669e-008,0.000441946
,,,-2.95669e-008,0.000662919
,,,-2.91669e-008,0.000220973
,,,-2.87669e-008,0
,,,-2.83669e-008,0.000220973
,,,-2.79669e-008,-0.000662919
,,,-2.75669e-008,0.000220973
,,,-2.71669e-008,-0.000441946
,,,-2.67669e-008,0.000441946
,,,-2.63669e-008,-0.000441946
,,,-2.59669e-008,0.000220973
,,,-2.55669e-008,0.000441946
,,,-2.51669e-008,0.000220973
,,,-2.47669e-008,0.000220973
,,,-2.43669e-008,0
,,,-2.39669e-008,0.000662919
,,,-2.35669e-008,0.000883892
,,,-2.31669e-008,-0.000441946
,,,-2.27669e-008,0.000220973
,,,-2.23669e-008,-0.000441946
,,,-2.19669e-008,0
,,,-2.15669e-008,-0.000220973
,,,-2.11669e-008,0.000441946
,,,-2.07669e-008,0.000220973
,,,-2.03669e-008,0
,,,-1.99669e-008,0.000662919
,,,-1.95669e-008,-0.000220973
,,,-1.91669e-008,-0.000441946
,,,-1.87669e-008,-0.000441946
,,,-1.83669e-008,0.000662919
,,,-1.79669e-008,0.000220973
,,,-1.75669e-008,0.000441946
,,,-1.71669e-008,0
,,,-1.67669e-008,0.000662919
,,,-1.63669e-008,0
,,,-1.59669e-008,0.000220973
,,,-1.55669e-008,-0.000441946
,,,-1.51669e-008,0.000883892
,,,-1.47669e-008,0.000220973
,,,-1.43669e-008,0.000441946
,,,-1.39669e-008,0
,,,-1.35669e-008,-0.00110486
,,,-1.31669e-008,-0.000441946
,,,-1.27669e-008,0.000441946
,,,-1.23669e-008,0.00132584
,,,-1.19669e-008,0.000662919
,,,-1.15669e-008,0.000220973
,,,-1.11669e-008,-0.000220973
,,,-1.07669e-008,-0.000441946
,,,-1.03669e-008,-0.000441946
,,,-9.96686e-009,0
,,,-9.56686e-009,0
,,,-9.16686e-009,0.000662919
,,,-8.76686e-009,0.000220973
,,,-8.36686e-009,0
,,,-7.96686e-009,0.000441946
,,,-7.56686e-009,0
,,,-7.16686e-009,0
,,,-6.76686e-009,0.000441946
,,,-6.36686e-009,0.00110486
,,,-5.96686e-009,0.000220973
,,,-5.56686e-009,0.000220973
,,,-5.16686e-009,-0.000220973
,,,-4.76686e-009,-0.000220973
,,,-4.36686e-009,-0.000220973
,,,-3.96686e-009,0.000220973
,,,-3.56686e-009,0.000220973
,,,-3.16686e-009,0
,,,-2.76686e-009,0.000220973
,,,-2.36686e-009,0.000220973
,,,-1.96686e-009,0.000441946
,,,-1.56686e-009,0
,,,-1.16686e-009,0.000220973
,,,-7.66859e-010,0.000883892
,,,-3.66859e-010,0.000662919
,,,3.31406e-011,-0.000441946
,,,4.33141e-010,0.000220973
,,,8.33141e-010,0
,,,1.23314e-009,-0.000220973
,,,1.63314e-009,-0.000441946
,,,2.03314e-009,0.000220973
,,,2.43314e-009,0.000662919
,,,2.83314e-009,0.000441946
,,,3.23314e-009,-0.000220973
,,,3.63314e-009,-0.000441946
,,,4.03314e-009,-0.000662919
,,,4.43314e-009,0
,,,4.83314e-009,0.000441946
,,,5.23314e-009,0.000220973
,,,5.63314e-009,0.000662919
,,,6.03314e-009,0.000220973
,,,6.43314e-009,-0.000441946
,,,6.83314e-009,0
,,,7.23314e-009,0.000220973
,,,7.63314e-009,0.000220973
,,,8.03314e-009,0.000441946
,,,8.43314e-009,0
,,,8.83314e-009,-0.000220973
,,,9.23314e-009,-0.000220973
,,,9.63314e-009,0.000220973
,,,1.00331e-008,0.000662919
,,,1.04331e-008,0.000220973
,,,1.08331e-008,-0.000220973
,,,1.12331e-008,0
,,,1.16331e-008,0.000441946
,,,1.20331e-008,0.000220973
,,,1.24331e-008,-0.000441946
,,,1.28331e-008,0
,,,1.32331e-008,0.000220973
,,,1.36331e-008,-0.000220973
,,,1.40331e-008,0.000441946
,,,1.44331e-008,0.000220973
,,,1.48331e-008,-0.000220973
,,,1.52331e-008,0
,,,1.56331e-008,0
,,,1.60331e-008,0.00132584
,,,1.64331e-008,-0.000220973
,,,1.68331e-008,0.000662919
,,,1.72331e-008,-0.000441946
,,,1.76331e-008,0.000441946
,,,1.80331e-008,0.000662919
,,,1.84331e-008,0.000441946
,,,1.88331e-008,-0.00110486
,,,1.92331e-008,0.000441946
,,,1.96331e-008,-0.000220973
,,,2.00331e-008,0.000220973
,,,2.04331e-008,-0.000220973
,,,2.08331e-008,0.000662919
,,,2.12331e-008,0.000220973
,,,2.16331e-008,0.000220973
,,,2.20331e-008,0
,,,2.24331e-008,0.000220973
,,,2.28331e-008,0
,,,2.32331e-008,0.000441946
,,,2.36331e-008,0.000220973
,,,2.40331e-008,0
,,,2.44331e-008,0.000220973
,,,2.48331e-008,-0.000220973
,,,2.52331e-008,0
,,,2.56331e-008,0.000220973
,,,2.60331e-008,0.000662919
,,,2.64331e-008,0.000662919
,,,2.68331e-008,-0.000441946
,,,2.72331e-008,0.000441946
,,,2.76331e-008,0
,,,2.80331e-008,0
,,,2.84331e-008,0.000441946
,,,2.88331e-008,0.000220973
,,,2.92331e-008,-0.000220973
,,,2.96331e-008,-0.000441946
,,,3.00331e-008,0
,,,3.04331e-008,0.000662919
,,,3.08331e-008,0
,,,3.12331e-008,0
,,,3.16331e-008,0.000662919
,,,3.20331e-008,0.000662919
,,,3.24331e-008,0.000441946
,,,3.28331e-008,0.000662919
,,,3.32331e-008,0.000220973
,,,3.36331e-008,0.000441946
,,,3.40331e-008,0
,,,3.44331e-008,-0.000220973
,,,3.48331e-008,-0.000441946
,,,3.52331e-008,0
,,,3.56331e-008,0.000220973
,,,3.60331e-008,-0.000220973
,,,3.64331e-008,0
,,,3.68331e-008,0.000220973
,,,3.72331e-008,0.000441946
,,,3.76331e-008,0.00110486
,,,3.80331e-008,0.000220973
,,,3.84331e-008,0.000441946
,,,3.88331e-008,0
,,,3.92331e-008,0
,,,3.96331e-008,0.000441946
,,,4.00331e-008,0
,,,4.04331e-008,0.000220973
,,,4.08331e-008,0
,,,4.12331e-008,0.00110486
,,,4.16331e-008,0.000220973
,,,4.20331e-008,0
,,,4.24331e-008,-0.000220973
,,,4.28331e-008,-0.000220973
,,,4.32331e-008,0
,,,4.36331e-008,-0.000220973
,,,4.40331e-008,-0.000662919
,,,4.44331e-008,-0.000441946
,,,4.48331e-008,-0.000220973
,,,4.52331e-008,-0.000220973
,,,4.56331e-008,0.000441946
,,,4.60331e-008,0.000662919
,,,4.64331e-008,0.000883892
,,,4.68331e-008,0.000662919
,,,4.72331e-008,0.000662919
,,,4.76331e-008,0
,,,4.80331e-008,0.000441946
,,,4.84331e-008,0.000441946
,,,4.88331e-008,-0.000441946
,,,4.92331e-008,0.000220973
,,,4.96331e-008,0
,,,5.00331e-008,0.000220973
,,,5.04331e-008,-0.000441946
,,,5.08331e-008,0.000441946
,,,5.12331e-008,0.000441946
,,,5.16331e-008,0.000441946
,,,5.20331e-008,0.000220973
,,,5.24331e-008,0.000220973
,,,5.28331e-008,-0.000441946
,,,5.32331e-008,-0.000220973
,,,5.36331e-008,0.000220973
,,,5.40331e-008,0
,,,5.44331e-008,0.000220973
,,,5.48331e-008,0.000441946
,,,5.52331e-008,0.000441946
,,,5.56331e-008,-0.000883892
,,,5.60331e-008,0.000220973
,,,5.64331e-008,-0.000441946
,,,5.68331e-008,-0.000883892
,,,5.72331e-008,0
,,,5.76331e-008,-0.000220973
,,,5.80331e-008,0.000220973
,,,5.84331e-008,0
,,,5.88331e-008,0.000441946
,,,5.92331e-008,0
,,,5.96331e-008,0.000220973
,,,6.00331e-008,0
,,,6.04331e-008,0.000441946
,,,6.08331e-008,0
,,,6.12331e-008,-0.000662919
,,,6.16331e-008,0
,,,6.20331e-008,0
,,,6.24331e-008,0.000662919
,,,6.28331e-008,0.000883892
,,,6.32331e-008,-0.000441946
,,,6.36331e-008,0.000662919
,,,6.40331e-008,0.000662919
,,,6.44331e-008,0.00110486
,,,6.48331e-008,0.000220973
,,,6.52331e-008,0.000220973
,,,6.56331e-008,0.000220973
,,,6.60331e-008,0
,,,6.64331e-008,0
,,,6.68331e-008,-0.000220973
,,,6.72331e-008,0.000220973
,,,6.76331e-008,-0.000220973
,,,6.80331e-008,-0.000662919
,,,6.84331e-008,0
,,,6.88331e-008,0.000441946
,,,6.92331e-008,0.000220973
,,,6.96331e-008,0.000441946
,,,7.00331e-008,0
,,,7.04331e-008,-0.000662919
,,,7.08331e-008,0.000441946
,,,7.12331e-008,0.000220973
,,,7.16331e-008,0
,,,7.20331e-008,0
,,,7.24331e-008,0
,,,7.28331e-008,-0.000441946
,,,7.32331e-008,0.000441946
,,,7.36331e-008,0.000662919
,,,7.40331e-008,0.000220973
,,,7.44331e-008,0.000220973
,,,7.48331e-008,0.000883892
,,,7.52331e-008,0.000662919
,,,7.56331e-008,0.000220973
,,,7.60331e-008,0.000220973
,,,7.64331e-008,0.000220973
,,,7.68331e-008,0.000441946
,,,7.72331e-008,0.000662919
,,,7.76331e-008,0.000662919
,,,7.80331e-008,0.000662919
,,,7.84331e-008,0.000220973
,,,7.88331e-008,-0.000220973
,,,7.92331e-008,0.000662919
,,,7.96331e-008,0.000883892
,,,8.00331e-008,0.000662919
,,,8.04331e-008,-0.000220973
,,,8.08331e-008,-0.000662919
,,,8.12331e-008,-0.000441946
,,,8.16331e-008,0.000662919
,,,8.20331e-008,0.000662919
,,,8.24331e-008,-0.000441946
,,,8.28331e-008,-0.000662919
,,,8.32331e-008,0
,,,8.36331e-008,-0.000220973
,,,8.40331e-008,0
,,,8.44331e-008,0.000441946
,,,8.48331e-008,0.000220973
,,,8.52331e-008,0
,,,8.56331e-008,0.000662919
,,,8.60331e-008,0.000441946
,,,8.64331e-008,0.000441946
,,,8.68331e-008,0.000662919
,,,8.72331e-008,0.000220973
,,,8.76331e-008,-0.000220973
,,,8.80331e-008,0.000220973
,,,8.84331e-008,0
,,,8.88331e-008,-0.000441946
,,,8.92331e-008,-0.000220973
,,,8.96331e-008,0
,,,9.00331e-008,0.000662919
,,,9.04331e-008,0.000220973
,,,9.08331e-008,0.000220973
,,,9.12331e-008,0.000220973
,,,9.16331e-008,0.000220973
,,,9.20331e-008,0.000441946
,,,9.24331e-008,0
,,,9.28331e-008,0.000220973
,,,9.32331e-008,-0.000220973
,,,9.36331e-008,0.000220973
,,,9.40331e-008,0.00220973
,,,9.44331e-008,0.00198876
,,,9.48331e-008,0.00220973
,,,9.52331e-008,0.00309362
,,,9.56331e-008,0.00441946
,,,9.60331e-008,0.0057453
,,,9.64331e-008,0.00640822
,,,9.68331e-008,0.00685016
,,,9.72331e-008,0.00795503
,,,9.76331e-008,0.0103857
,,,9.80331e-008,0.0112696
,,,9.84331e-008,0.0119325
,,,9.88331e-008,0.0132584
,,,9.92331e-008,0.0134794
,,,9.96331e-008,0.0143632
,,,1.00033e-007,0.0145842
,,,1.00433e-007,0.0150262
,,,1.00833e-007,0.0156891
,,,1.01233e-007,0.0156891
,,,1.01633e-007,0.016131
,,,1.02033e-007,0.016352
,,,1.02433e-007,0.0167939
,,,1.02833e-007,0.0176778
,,,1.03233e-007,0.0176778
,,,1.03633e-007,0.0174569
,,,1.04033e-007,0.0174569
,,,1.04433e-007,0.0176778
,,,1.04833e-007,0.0176778
,,,1.05233e-007,0.0178988
,,,1.05633e-007,0.0181198
,,,1.06033e-007,0.0185617
,,,1.06433e-007,0.0181198
,,,1.06833e-007,0.0170149
,,,1.07233e-007,0.0172359
,,,1.07633e-007,0.0176778
,,,1.08033e-007,0.0174569
,,,1.08433e-007,0.0172359
,,,1.08833e-007,0.0172359
,,,1.09233e-007,0.0181198
,,,1.09633e-007,0.0181198
,,,1.10033e-007,0.0170149
,,,1.10433e-007,0.0181198
,,,1.10833e-007,0.0183408
,,,1.11233e-007,0.0185617
,,,1.11633e-007,0.0178988
,,,1.12033e-007,0.0178988
,,,1.12433e-007,0.0176778
,,,1.12833e-007,0.0178988
,,,1.13233e-007,0.0181198
,,,1.13633e-007,0.0178988
,,,1.14033e-007,0.0181198
,,,1.14433e-007,0.0174569
,,,1.14833e-007,0.0174569
,,,1.15233e-007,0.0181198
,,,1.15633e-007,0.0170149
,,,1.16033e-007,0.0176778
,,,1.16433e-007,0.0185617
,,,1.16833e-007,0.0172359
,,,1.17233e-007,0.0176778
,,,1.17633e-007,0.0178988
,,,1.18033e-007,0.0178988
,,,1.18433e-007,0.0178988
,,,1.18833e-007,0.0185617
,,,1.19233e-007,0.0183408
,,,1.19633e-007,0.0176778
,,,1.20033e-007,0.0190037
,,,1.20433e-007,0.0183408
,,,1.20833e-007,0.0176778
,,,1.21233e-007,0.0187827
,,,1.21633e-007,0.0185617
,,,1.22033e-007,0.0181198
,,,1.22433e-007,0.0185617
,,,1.22833e-007,0.0185617
,,,1.23233e-007,0.0190037
,,,1.23633e-007,0.0194456
,,,1.24033e-007,0.0198876
,,,1.24433e-007,0.0198876
,,,1.24833e-007,0.0203295
,,,1.25233e-007,0.0203295
,,,1.25633e-007,0.0209924
,,,1.26033e-007,0.0212134
,,,1.26433e-007,0.0218763
,,,1.26833e-007,0.0207715
,,,1.27233e-007,0.0205505
,,,1.27633e-007,0.0201085
,,,1.28033e-007,0.0201085
,,,1.28433e-007,0.0201085
,,,1.28833e-007,0.0192246
,,,1.29233e-007,0.0192246
,,,1.29633e-007,0.0196666
,,,1.30033e-007,0.0192246
,,,1.30433e-007,0.0185617
,,,1.30833e-007,0.0181198
,,,1.31233e-007,0.0181198
,,,1.31633e-007,0.0178988
,,,1.32033e-007,0.0176778
,,,1.32433e-007,0.0167939
,,,1.32833e-007,0.0172359
,,,1.33233e-007,0.0174569
,,,1.33633e-007,0.0172359
,,,1.34033e-007,0.0167939
,,,1.34433e-007,0.0167939
,,,1.34833e-007,0.0172359
,,,1.35233e-007,0.016573
,,,1.35633e-007,0.0178988
,,,1.36033e-007,0.0176778
,,,1.36433e-007,0.0167939
,,,1.36833e-007,0.0170149
,,,1.37233e-007,0.0167939
,,,1.37633e-007,0.016131
,,,1.38033e-007,0.0156891
,,,1.38433e-007,0.016573
,,,1.38833e-007,0.0159101
,,,1.39233e-007,0.0154681
,,,1.39633e-007,0.016352
,,,1.40033e-007,0.0159101
,,,1.40433e-007,0.0156891
,,,1.40833e-007,0.0159101
,,,1.41233e-007,0.016131
,,,1.41633e-007,0.0156891
,,,1.42033e-007,0.0159101
,,,1.42433e-007,0.016352
,,,1.42833e-007,0.0150262
,,,1.43233e-007,0.0154681
,,,1.43633e-007,0.0148052
,,,1.44033e-007,0.0154681
,,,1.44433e-007,0.0150262
,,,1.44833e-007,0.0150262
,,,1.45233e-007,0.0152471
,,,1.45633e-007,0.0150262
,,,1.46033e-007,0.0152471
,,,1.46433e-007,0.0154681
,,,1.46833e-007,0.0139213
,,,1.47233e-007,0.0152471
,,,1.47633e-007,0.0145842
,,,1.48033e-007,0.0143632
,,,1.48433e-007,0.0139213
,,,1.48833e-007,0.0145842
,,,1.49233e-007,0.0148052
,,,1.49633e-007,0.0148052
,,,1.50033e-007,0.0145842
,,,1.50433e-007,0.0143632
,,,1.50833e-007,0.0143632
,,,1.51233e-007,0.0141423
,,,1.51633e-007,0.0137003
,,,1.52033e-007,0.0139213
,,,1.52433e-007,0.0141423
,,,1.52833e-007,0.0145842
,,,1.53233e-007,0.0143632
,,,1.53633e-007,0.0145842
,,,1.54033e-007,0.0143632
,,,1.54433e-007,0.0139213
,,,1.54833e-007,0.0134794
,,,1.55233e-007,0.0130374
,,,1.55633e-007,0.0125955
,,,1.56033e-007,0.0123745
,,,1.56433e-007,0.0123745
,,,1.56833e-007,0.0121535
,,,1.57233e-007,0.0117116
,,,1.57633e-007,0.0119325
,,,1.58033e-007,0.0121535
,,,1.58433e-007,0.0121535
,,,1.58833e-007,0.0125955
,,,1.59233e-007,0.0123745
,,,1.59633e-007,0.0114906
,,,1.60033e-007,0.0123745
,,,1.60433e-007,0.0123745
,,,1.60833e-007,0.0123745
,,,1.61233e-007,0.0128164
,,,1.61633e-007,0.0119325
,,,1.62033e-007,0.0119325
,,,1.62433e-007,0.0121535
,,,1.62833e-007,0.0121535
,,,1.63233e-007,0.0121535
,,,1.63633e-007,0.0125955
,,,1.64033e-007,0.0130374
,,,1.64433e-007,0.0123745
,,,1.64833e-007,0.0123745
,,,1.65233e-007,0.0125955
,,,1.65633e-007,0.0125955
,,,1.66033e-007,0.0119325
,,,1.66433e-007,0.0123745
,,,1.66833e-007,0.0132584
,,,1.67233e-007,0.0134794
,,,1.67633e-007,0.0125955
,,,1.68033e-007,0.0125955
,,,1.68433e-007,0.0112696
,,,1.68833e-007,0.0125955
,,,1.69233e-007,0.0119325
,,,1.69633e-007,0.0128164
,,,1.70033e-007,0.0128164
,,,1.70433e-007,0.0125955
,,,1.70833e-007,0.0119325
,,,1.71233e-007,0.0123745
,,,1.71633e-007,0.0123745
,,,1.72033e-007,0.0125955
,,,1.72433e-007,0.0130374
,,,1.72833e-007,0.0123745
,,,1.73233e-007,0.0123745
,,,1.73633e-007,0.0117116
,,,1.74033e-007,0.0132584
,,,1.74433e-007,0.0132584
,,,1.74833e-007,0.0125955
,,,1.75233e-007,0.0123745
,,,1.75633e-007,0.0125955
,,,1.76033e-007,0.0130374
,,,1.76433e-007,0.0117116
,,,1.76833e-007,0.0125955
,,,1.77233e-007,0.0130374
,,,1.77633e-007,0.0132584
,,,1.78033e-007,0.0125955
,,,1.78433e-007,0.0130374
,,,1.78833e-007,0.0121535
,,,1.79233e-007,0.0125955
,,,1.79633e-007,0.0125955
,,,1.80033e-007,0.0119325
,,,1.80433e-007,0.0128164
,,,1.80833e-007,0.0130374
,,,1.81233e-007,0.0125955
,,,1.81633e-007,0.0121535
,,,1.82033e-007,0.0123745
,,,1.82433e-007,0.0130374
,,,1.82833e-007,0.0125955
,,,1.83233e-007,0.0119325
,,,1.83633e-007,0.0121535
,,,1.84033e-007,0.0117116
,,,1.84433e-007,0.0123745
,,,1.84833e-007,0.0123745
,,,1.85233e-007,0.0125955
,,,1.85633e-007,0.0123745
,,,1.86033e-007,0.0123745
,,,1.86433e-007,0.0128164
,,,1.86833e-007,0.0128164
,,,1.87233e-007,0.0119325
,,,1.87633e-007,0.0121535
,,,1.88033e-007,0.0125955
,,,1.88433e-007,0.0121535
,,,1.88833e-007,0.0128164
,,,1.89233e-007,0.0123745
,,,1.89633e-007,0.0132584
,,,1.90033e-007,0.0134794
,,,1.90433e-007,0.0130374
,,,1.90833e-007,0.0132584
,,,1.91233e-007,0.0134794
,,,1.91633e-007,0.0132584
,,,1.92033e-007,0.0141423
,,,1.92433e-007,0.0132584
,,,1.92833e-007,0.0137003
,,,1.93233e-007,0.0139213
,,,1.93633e-007,0.0134794
,,,1.94033e-007,0.0139213
,,,1.94433e-007,0.0137003
,,,1.94833e-007,0.0134794
,,,1.95233e-007,0.0137003
,,,1.95633e-007,0.0137003
,,,1.96033e-007,0.0130374
,,,1.96433e-007,0.0128164
,,,1.96833e-007,0.0141423
,,,1.97233e-007,0.0134794
,,,1.97633e-007,0.0137003
,,,1.98033e-007,0.0121535
,,,1.98433e-007,0.0125955
,,,1.98833e-007,0.0137003
,,,1.99233e-007,0.0141423
,,,1.99633e-007,0.0128164
,,,2.00033e-007,0.0128164
,,,2.00433e-007,0.0123745
,,,2.00833e-007,0.0130374
,,,2.01233e-007,0.0132584
,,,2.01633e-007,0.0123745
,,,2.02033e-007,0.0121535
,,,2.02433e-007,0.0128164
,,,2.02833e-007,0.0119325
,,,2.03233e-007,0.0114906
,,,2.03633e-007,0.0125955
,,,2.04033e-007,0.0121535
,,,2.04433e-007,0.0121535
,,,2.04833e-007,0.0110486
,,,2.05233e-007,0.0110486
,,,2.05633e-007,0.0110486
,,,2.06033e-007,0.0106067
,,,2.06433e-007,0.0110486
,,,2.06833e-007,0.0112696
,,,2.07233e-007,0.0110486
,,,2.07633e-007,0.00994378
,,,2.08033e-007,0.0108277
,,,2.08433e-007,0.00950184
,,,2.08833e-007,0.00972281
,,,2.09233e-007,0.00994378
,,,2.09633e-007,0.00905989
,,,2.10033e-007,0.00839697
,,,2.10433e-007,0.00795503
,,,2.10833e-007,0.00751308
,,,2.11233e-007,0.00707114
,,,2.11633e-007,0.00662919
,,,2.12033e-007,0.00685016
,,,2.12433e-007,0.00662919
,,,2.12833e-007,0.00618724
,,,2.13233e-007,0.00508238
,,,2.13633e-007,0.00464043
,,,2.14033e-007,0.00530335
,,,2.14433e-007,0.00552432
,,,2.14833e-007,0.00530335
,,,2.15233e-007,0.00419849
,,,2.15633e-007,0.00441946
,,,2.16033e-007,0.00419849
,,,2.16433e-007,0.00397751
,,,2.16833e-007,0.00375654
,,,2.17233e-007,0.00353557
,,,2.17633e-007,0.00397751
,,,2.18033e-007,0.00331459
,,,2.18433e-007,0.0024307
,,,2.18833e-007,0.0024307
,,,2.19233e-007,0.00198876
,,,2.19633e-007,0.00220973
,,,2.20033e-007,0.0024307
,,,2.20433e-007,0.0024307
,,,2.20833e-007,0.0024307
,,,2.21233e-007,0.00154681
,,,2.21633e-007,0.00176778
,,,2.22033e-007,0.00110486
,,,2.22433e-007,0.00110486
,,,2.22833e-007,0.00132584
,,,2.23233e-007,0.00132584
,,,2.23633e-007,0.00110486
,,,2.24033e-007,0.00132584
,,,2.24433e-007,0.00154681
,,,2.24833e-007,0.00154681
,,,2.25233e-007,0.00132584
,,,2.25633e-007,0.00110486
,,,2.26033e-007,0.00110486
,,,2.26433e-007,0.00110486
,,,2.26833e-007,0.00110486
,,,2.27233e-007,0.00154681
,,,2.27633e-007,0.000883892
,,,2.28033e-007,0.000662919
,,,2.28433e-007,0.00110486
,,,2.28833e-007,0.000662919
,,,2.29233e-007,0.000441946
,,,2.29633e-007,0.00110486
,,,2.30033e-007,0.00110486
,,,2.30433e-007,0.00110486
,,,2.30833e-007,0.00198876
,,,2.31233e-007,0.000441946
,,,2.31633e-007,0.000220973
,,,2.32033e-007,0.00110486
,,,2.32433e-007,0.000441946
,,,2.32833e-007,0.000441946
,,,2.33233e-007,0.00154681
,,,2.33633e-007,0.000883892
,,,2.34033e-007,0.000220973
,,,2.34433e-007,0.00154681
,,,2.34833e-007,0.000220973
,,,2.35233e-007,-0.000220973
,,,2.35633e-007,0
,,,2.36033e-007,0
,,,2.36433e-007,-0.000220973
,,,2.36833e-007,-0.000441946
,,,2.37233e-007,0.000220973
,,,2.37633e-007,0
,,,2.38033e-007,-0.000441946
,,,2.38433e-007,0
,,,2.38833e-007,0
,,,2.39233e-007,0.000220973
,,,2.39633e-007,-0.000662919
,,,2.40033e-007,0.000220973
,,,2.40433e-007,-0.000441946
,,,2.40833e-007,-0.000220973
,,,2.41233e-007,-0.000441946
,,,2.41633e-007,-0.000662919
,,,2.42033e-007,-0.000662919
,,,2.42433e-007,0
,,,2.42833e-007,-0.000441946
,,,2.43233e-007,-0.000220973
,,,2.43633e-007,-0.000220973
,,,2.44033e-007,-0.000662919
,,,2.44433e-007,-0.000220973
,,,2.44833e-007,0.000220973
,,,2.45233e-007,0.000441946
,,,2.45633e-007,0.000220973
,,,2.46033e-007,0.000220973
,,,2.46433e-007,0.000220973
,,,2.46833e-007,0.000220973
,,,2.47233e-007,0
,,,2.47633e-007,0.000220973
,,,2.48033e-007,0.000220973
,,,2.48433e-007,0.000220973
,,,2.48833e-007,0.00110486
,,,2.49233e-007,0
,,,2.49633e-007,0.000441946
,,,2.50033e-007,0.000883892
