"Record Length",1252,"Points",-2.50136e-007,0
"Sample Interval",4e-010,s,-2.49736e-007,0.000441946
"Trigger Point",625,"Samples",-2.49336e-007,-0.000662919
"Trigger Time",0.339419,s,-2.48936e-007,0.000220973
,,,-2.48536e-007,-0.000441946
"Horizontal Offset",-2.50136e-007,s,-2.48136e-007,0.000441946
,,,-2.47736e-007,0.000662919
,,,-2.47336e-007,0.000220973
,,,-2.46936e-007,0
,,,-2.46536e-007,0
,,,-2.46136e-007,0.000220973
,,,-2.45736e-007,0
,,,-2.45336e-007,-0.000220973
,,,-2.44936e-007,-0.000220973
,,,-2.44536e-007,-0.000220973
,,,-2.44136e-007,-0.000662919
,,,-2.43736e-007,-0.000220973
,,,-2.43336e-007,0
,,,-2.42936e-007,0.000441946
,,,-2.42536e-007,-0.000220973
,,,-2.42136e-007,-0.000220973
,,,-2.41736e-007,0.000883892
,,,-2.41336e-007,0
,,,-2.40936e-007,0.000220973
,,,-2.40536e-007,-0.000441946
,,,-2.40136e-007,-0.000441946
,,,-2.39736e-007,-0.000220973
,,,-2.39336e-007,0
,,,-2.38936e-007,0.000441946
,,,-2.38536e-007,0
,,,-2.38136e-007,0.000220973
,,,-2.37736e-007,0
,,,-2.37336e-007,0.000662919
,,,-2.36936e-007,0
,,,-2.36536e-007,-0.000441946
,,,-2.36136e-007,-0.000220973
,,,-2.35736e-007,0.000220973
,,,-2.35336e-007,0.000662919
,,,-2.34936e-007,0.000220973
,,,-2.34536e-007,0.000220973
,,,-2.34136e-007,0.000220973
,,,-2.33736e-007,-0.000220973
,,,-2.33336e-007,0.000662919
,,,-2.32936e-007,0.000220973
,,,-2.32536e-007,0.000220973
,,,-2.32136e-007,0
,,,-2.31736e-007,0
,,,-2.31336e-007,0.000662919
,,,-2.30936e-007,0.000220973
,,,-2.30536e-007,0.000662919
,,,-2.30136e-007,-0.000441946
,,,-2.29736e-007,-0.000441946
,,,-2.29336e-007,0
,,,-2.28936e-007,0
,,,-2.28536e-007,-0.000220973
,,,-2.28136e-007,0
,,,-2.27736e-007,0.000220973
,,,-2.27336e-007,0
,,,-2.26936e-007,-0.000220973
,,,-2.26536e-007,0.000441946
,,,-2.26136e-007,0
,,,-2.25736e-007,0
,,,-2.25336e-007,-0.000441946
,,,-2.24936e-007,0.000441946
,,,-2.24536e-007,0.000220973
,,,-2.24136e-007,0.000883892
,,,-2.23736e-007,0.000220973
,,,-2.23336e-007,0.000220973
,,,-2.22936e-007,-0.000220973
,,,-2.22536e-007,-0.000220973
,,,-2.22136e-007,-0.000441946
,,,-2.21736e-007,-0.000220973
,,,-2.21336e-007,0.000220973
,,,-2.20936e-007,0.000441946
,,,-2.20536e-007,0.000220973
,,,-2.20136e-007,0.000441946
,,,-2.19736e-007,0
,,,-2.19336e-007,0
,,,-2.18936e-007,-0.000220973
,,,-2.18536e-007,-0.000662919
,,,-2.18136e-007,0.000220973
,,,-2.17736e-007,0.000662919
,,,-2.17336e-007,0
,,,-2.16936e-007,0
,,,-2.16536e-007,0
,,,-2.16136e-007,0.000220973
,,,-2.15736e-007,0.000441946
,,,-2.15336e-007,0.000220973
,,,-2.14936e-007,-0.000441946
,,,-2.14536e-007,-0.000441946
,,,-2.14136e-007,-0.000883892
,,,-2.13736e-007,-0.000441946
,,,-2.13336e-007,-0.000662919
,,,-2.12936e-007,0.000662919
,,,-2.12536e-007,-0.000220973
,,,-2.12136e-007,-0.000220973
,,,-2.11736e-007,0.000220973
,,,-2.11336e-007,0.000441946
,,,-2.10936e-007,0.000662919
,,,-2.10536e-007,0
,,,-2.10136e-007,0.000220973
,,,-2.09736e-007,0.000220973
,,,-2.09336e-007,-0.000220973
,,,-2.08936e-007,0
,,,-2.08536e-007,0.000220973
,,,-2.08136e-007,-0.000441946
,,,-2.07736e-007,0
,,,-2.07336e-007,0.000662919
,,,-2.06936e-007,-0.000220973
,,,-2.06536e-007,0
,,,-2.06136e-007,0.000662919
,,,-2.05736e-007,0
,,,-2.05336e-007,-0.000441946
,,,-2.04936e-007,-0.000220973
,,,-2.04536e-007,-0.000220973
,,,-2.04136e-007,0
,,,-2.03736e-007,0
,,,-2.03336e-007,0.000220973
,,,-2.02936e-007,0.000220973
,,,-2.02536e-007,0.000662919
,,,-2.02136e-007,0.000662919
,,,-2.01736e-007,0.000220973
,,,-2.01336e-007,0.000441946
,,,-2.00936e-007,-0.000220973
,,,-2.00536e-007,0.000220973
,,,-2.00136e-007,0.000220973
,,,-1.99736e-007,-0.000441946
,,,-1.99336e-007,0.000220973
,,,-1.98936e-007,0.000441946
,,,-1.98536e-007,0.000220973
,,,-1.98136e-007,0
,,,-1.97736e-007,0
,,,-1.97336e-007,0.000220973
,,,-1.96936e-007,-0.000883892
,,,-1.96536e-007,0
,,,-1.96136e-007,0.000220973
,,,-1.95736e-007,0
,,,-1.95336e-007,0.000662919
,,,-1.94936e-007,-0.000220973
,,,-1.94536e-007,0
,,,-1.94136e-007,-0.000441946
,,,-1.93736e-007,-0.000441946
,,,-1.93336e-007,-0.000441946
,,,-1.92936e-007,0.000220973
,,,-1.92536e-007,0.000662919
,,,-1.92136e-007,0.000441946
,,,-1.91736e-007,-0.000220973
,,,-1.91336e-007,0.000220973
,,,-1.90936e-007,-0.000441946
,,,-1.90536e-007,0
,,,-1.90136e-007,-0.000441946
,,,-1.89736e-007,-0.000220973
,,,-1.89336e-007,0.000441946
,,,-1.88936e-007,-0.000441946
,,,-1.88536e-007,-0.000662919
,,,-1.88136e-007,0.000220973
,,,-1.87736e-007,-0.000220973
,,,-1.87336e-007,0.000441946
,,,-1.86936e-007,0.000220973
,,,-1.86536e-007,0.000220973
,,,-1.86136e-007,-0.000441946
,,,-1.85736e-007,0.000662919
,,,-1.85336e-007,0
,,,-1.84936e-007,0.000220973
,,,-1.84536e-007,0.000662919
,,,-1.84136e-007,0
,,,-1.83736e-007,0
,,,-1.83336e-007,-0.000220973
,,,-1.82936e-007,0.000220973
,,,-1.82536e-007,0.000220973
,,,-1.82136e-007,-0.000220973
,,,-1.81736e-007,-0.000220973
,,,-1.81336e-007,-0.000441946
,,,-1.80936e-007,-0.000662919
,,,-1.80536e-007,-0.000220973
,,,-1.80136e-007,0.000441946
,,,-1.79736e-007,0
,,,-1.79336e-007,-0.000220973
,,,-1.78936e-007,0.000441946
,,,-1.78536e-007,0
,,,-1.78136e-007,-0.000220973
,,,-1.77736e-007,0.000662919
,,,-1.77336e-007,-0.000441946
,,,-1.76936e-007,-0.000220973
,,,-1.76536e-007,-0.000441946
,,,-1.76136e-007,0
,,,-1.75736e-007,-0.000220973
,,,-1.75336e-007,-0.000662919
,,,-1.74936e-007,0.000220973
,,,-1.74536e-007,-0.000220973
,,,-1.74136e-007,0
,,,-1.73736e-007,-0.000662919
,,,-1.73336e-007,-0.000220973
,,,-1.72936e-007,-0.000220973
,,,-1.72536e-007,0
,,,-1.72136e-007,0
,,,-1.71736e-007,-0.000220973
,,,-1.71336e-007,0
,,,-1.70936e-007,0.000220973
,,,-1.70536e-007,0.000220973
,,,-1.70136e-007,0.000441946
,,,-1.69736e-007,0
,,,-1.69336e-007,0.000220973
,,,-1.68936e-007,0
,,,-1.68536e-007,-0.000220973
,,,-1.68136e-007,0.000220973
,,,-1.67736e-007,-0.000220973
,,,-1.67336e-007,0
,,,-1.66936e-007,-0.000220973
,,,-1.66536e-007,-0.000441946
,,,-1.66136e-007,-0.000220973
,,,-1.65736e-007,-0.000662919
,,,-1.65336e-007,-0.000220973
,,,-1.64936e-007,-0.000220973
,,,-1.64536e-007,-0.000662919
,,,-1.64136e-007,0.000441946
,,,-1.63736e-007,0.000220973
,,,-1.63336e-007,-0.000220973
,,,-1.62936e-007,0.000662919
,,,-1.62536e-007,-0.000662919
,,,-1.62136e-007,0
,,,-1.61736e-007,-0.000662919
,,,-1.61336e-007,0.000220973
,,,-1.60936e-007,0.000220973
,,,-1.60536e-007,0.00132584
,,,-1.60136e-007,0.000220973
,,,-1.59736e-007,0.000220973
,,,-1.59336e-007,-0.000441946
,,,-1.58936e-007,-0.000220973
,,,-1.58536e-007,0
,,,-1.58136e-007,0
,,,-1.57736e-007,0
,,,-1.57336e-007,-0.000220973
,,,-1.56936e-007,-0.000441946
,,,-1.56536e-007,0.000220973
,,,-1.56136e-007,0.000662919
,,,-1.55736e-007,0.000220973
,,,-1.55336e-007,0.000220973
,,,-1.54936e-007,0.000441946
,,,-1.54536e-007,0.000220973
,,,-1.54136e-007,-0.000662919
,,,-1.53736e-007,0
,,,-1.53336e-007,-0.000220973
,,,-1.52936e-007,-0.000220973
,,,-1.52536e-007,0
,,,-1.52136e-007,0.000441946
,,,-1.51736e-007,-0.000441946
,,,-1.51336e-007,0
,,,-1.50936e-007,-0.000441946
,,,-1.50536e-007,0
,,,-1.50136e-007,-0.000883892
,,,-1.49736e-007,-0.000662919
,,,-1.49336e-007,-0.000441946
,,,-1.48936e-007,-0.000441946
,,,-1.48536e-007,-0.000441946
,,,-1.48136e-007,0
,,,-1.47736e-007,0
,,,-1.47336e-007,0
,,,-1.46936e-007,-0.000220973
,,,-1.46536e-007,0
,,,-1.46136e-007,0.000662919
,,,-1.45736e-007,0.000441946
,,,-1.45336e-007,0.000220973
,,,-1.44936e-007,-0.000441946
,,,-1.44536e-007,-0.000220973
,,,-1.44136e-007,0
,,,-1.43736e-007,0.000441946
,,,-1.43336e-007,0
,,,-1.42936e-007,0
,,,-1.42536e-007,-0.000441946
,,,-1.42136e-007,-0.000220973
,,,-1.41736e-007,0.000220973
,,,-1.41336e-007,0.000662919
,,,-1.40936e-007,0.000220973
,,,-1.40536e-007,0.000662919
,,,-1.40136e-007,-0.000220973
,,,-1.39736e-007,0.000441946
,,,-1.39336e-007,0.000441946
,,,-1.38936e-007,0.000220973
,,,-1.38536e-007,-0.000220973
,,,-1.38136e-007,0.000441946
,,,-1.37736e-007,-0.000220973
,,,-1.37336e-007,0.000220973
,,,-1.36936e-007,-0.000220973
,,,-1.36536e-007,0.000441946
,,,-1.36136e-007,0.000441946
,,,-1.35736e-007,0
,,,-1.35336e-007,0.000441946
,,,-1.34936e-007,0.000220973
,,,-1.34536e-007,0
,,,-1.34136e-007,-0.000220973
,,,-1.33736e-007,-0.000441946
,,,-1.33336e-007,-0.000883892
,,,-1.32936e-007,-0.000220973
,,,-1.32536e-007,0
,,,-1.32136e-007,0.000220973
,,,-1.31736e-007,-0.000441946
,,,-1.31336e-007,0.000220973
,,,-1.30936e-007,-0.000662919
,,,-1.30536e-007,0
,,,-1.30136e-007,-0.000220973
,,,-1.29736e-007,0.000883892
,,,-1.29336e-007,0.000441946
,,,-1.28936e-007,0.000220973
,,,-1.28536e-007,-0.000220973
,,,-1.28136e-007,0.000220973
,,,-1.27736e-007,-0.000220973
,,,-1.27336e-007,-0.000220973
,,,-1.26936e-007,-0.00110486
,,,-1.26536e-007,-0.000220973
,,,-1.26136e-007,0.000220973
,,,-1.25736e-007,0
,,,-1.25336e-007,0.000220973
,,,-1.24936e-007,0
,,,-1.24536e-007,0
,,,-1.24136e-007,-0.000220973
,,,-1.23736e-007,0
,,,-1.23336e-007,0.000883892
,,,-1.22936e-007,-0.000220973
,,,-1.22536e-007,0.000441946
,,,-1.22136e-007,-0.000662919
,,,-1.21736e-007,0
,,,-1.21336e-007,-0.000220973
,,,-1.20936e-007,-0.000220973
,,,-1.20536e-007,0.000220973
,,,-1.20136e-007,0.000441946
,,,-1.19736e-007,0.000441946
,,,-1.19336e-007,0.000220973
,,,-1.18936e-007,0
,,,-1.18536e-007,0
,,,-1.18136e-007,-0.000220973
,,,-1.17736e-007,-0.000220973
,,,-1.17336e-007,0
,,,-1.16936e-007,-0.000220973
,,,-1.16536e-007,-0.000220973
,,,-1.16136e-007,-0.000220973
,,,-1.15736e-007,0.000220973
,,,-1.15336e-007,0
,,,-1.14936e-007,0.000441946
,,,-1.14536e-007,0
,,,-1.14136e-007,-0.000441946
,,,-1.13736e-007,0.000220973
,,,-1.13336e-007,0.000883892
,,,-1.12936e-007,0.000220973
,,,-1.12536e-007,0.000441946
,,,-1.12136e-007,0
,,,-1.11736e-007,-0.000441946
,,,-1.11336e-007,-0.000220973
,,,-1.10936e-007,0.000220973
,,,-1.10536e-007,-0.000441946
,,,-1.10136e-007,0
,,,-1.09736e-007,-0.000220973
,,,-1.09336e-007,-0.000220973
,,,-1.08936e-007,0.000441946
,,,-1.08536e-007,-0.000441946
,,,-1.08136e-007,0.000220973
,,,-1.07736e-007,-0.000441946
,,,-1.07336e-007,0
,,,-1.06936e-007,-0.000220973
,,,-1.06536e-007,-0.000220973
,,,-1.06136e-007,-0.000220973
,,,-1.05736e-007,0
,,,-1.05336e-007,0.000662919
,,,-1.04936e-007,0.000441946
,,,-1.04536e-007,0
,,,-1.04136e-007,0.000220973
,,,-1.03736e-007,-0.000220973
,,,-1.03336e-007,0
,,,-1.02936e-007,0.000220973
,,,-1.02536e-007,-0.000220973
,,,-1.02136e-007,-0.000220973
,,,-1.01736e-007,0.000441946
,,,-1.01336e-007,-0.000441946
,,,-1.00936e-007,0.000220973
,,,-1.00536e-007,0
,,,-1.00136e-007,-0.000441946
,,,-9.97358e-008,-0.000883892
,,,-9.93358e-008,-0.000220973
,,,-9.89358e-008,0
,,,-9.85358e-008,-0.000220973
,,,-9.81358e-008,0.000220973
,,,-9.77358e-008,-0.000441946
,,,-9.73358e-008,-0.000220973
,,,-9.69358e-008,0.000662919
,,,-9.65358e-008,0.000441946
,,,-9.61358e-008,0.000220973
,,,-9.57358e-008,0
,,,-9.53358e-008,0.000220973
,,,-9.49358e-008,-0.000662919
,,,-9.45358e-008,0
,,,-9.41358e-008,0.000662919
,,,-9.37358e-008,-0.000662919
,,,-9.33358e-008,-0.000220973
,,,-9.29358e-008,0
,,,-9.25358e-008,0
,,,-9.21358e-008,0.000220973
,,,-9.17358e-008,0
,,,-9.13358e-008,0.000662919
,,,-9.09358e-008,0.000220973
,,,-9.05358e-008,0.000662919
,,,-9.01358e-008,-0.000441946
,,,-8.97358e-008,0.000441946
,,,-8.93358e-008,-0.000441946
,,,-8.89358e-008,0
,,,-8.85358e-008,0.000883892
,,,-8.81358e-008,0
,,,-8.77358e-008,0
,,,-8.73358e-008,0
,,,-8.69358e-008,-0.000220973
,,,-8.65358e-008,-0.000220973
,,,-8.61358e-008,0.000220973
,,,-8.57358e-008,0
,,,-8.53358e-008,0
,,,-8.49358e-008,-0.000441946
,,,-8.45358e-008,-0.000441946
,,,-8.41358e-008,-0.000220973
,,,-8.37358e-008,0.000662919
,,,-8.33358e-008,0.000220973
,,,-8.29358e-008,0.000441946
,,,-8.25358e-008,0.000662919
,,,-8.21358e-008,0.000662919
,,,-8.17358e-008,0.000441946
,,,-8.13358e-008,0.000883892
,,,-8.09358e-008,0.000220973
,,,-8.05358e-008,-0.000220973
,,,-8.01358e-008,-0.000220973
,,,-7.97358e-008,0.000220973
,,,-7.93358e-008,0.000220973
,,,-7.89358e-008,0
,,,-7.85358e-008,0.000220973
,,,-7.81358e-008,-0.000220973
,,,-7.77358e-008,-0.000220973
,,,-7.73358e-008,-0.000220973
,,,-7.69358e-008,0
,,,-7.65358e-008,0
,,,-7.61358e-008,-0.000662919
,,,-7.57358e-008,0
,,,-7.53358e-008,-0.000220973
,,,-7.49358e-008,0.000662919
,,,-7.45358e-008,0.000441946
,,,-7.41358e-008,0
,,,-7.37358e-008,0
,,,-7.33358e-008,0
,,,-7.29358e-008,0.000220973
,,,-7.25358e-008,-0.000220973
,,,-7.21358e-008,0
,,,-7.17358e-008,0
,,,-7.13358e-008,0
,,,-7.09358e-008,-0.000441946
,,,-7.05358e-008,0.000441946
,,,-7.01358e-008,0.000441946
,,,-6.97358e-008,-0.000662919
,,,-6.93358e-008,0.000220973
,,,-6.89358e-008,0.000662919
,,,-6.85358e-008,0.000441946
,,,-6.81358e-008,0.000220973
,,,-6.77358e-008,0.000441946
,,,-6.73358e-008,0.000662919
,,,-6.69358e-008,0.000441946
,,,-6.65358e-008,0
,,,-6.61358e-008,0.000220973
,,,-6.57358e-008,0.000220973
,,,-6.53358e-008,-0.000220973
,,,-6.49358e-008,-0.000220973
,,,-6.45358e-008,0.000662919
,,,-6.41358e-008,0
,,,-6.37358e-008,-0.000441946
,,,-6.33358e-008,0.000220973
,,,-6.29358e-008,-0.000220973
,,,-6.25358e-008,0.000441946
,,,-6.21358e-008,0.000220973
,,,-6.17358e-008,0
,,,-6.13358e-008,0.000662919
,,,-6.09358e-008,0.000662919
,,,-6.05358e-008,-0.000220973
,,,-6.01358e-008,-0.000441946
,,,-5.97358e-008,-0.000220973
,,,-5.93358e-008,0.000220973
,,,-5.89358e-008,0.000441946
,,,-5.85358e-008,0.000662919
,,,-5.81358e-008,-0.000220973
,,,-5.77358e-008,0.000441946
,,,-5.73358e-008,0
,,,-5.69358e-008,0.000662919
,,,-5.65358e-008,0.000441946
,,,-5.61358e-008,0.000220973
,,,-5.57358e-008,0.000441946
,,,-5.53358e-008,0.000220973
,,,-5.49358e-008,-0.000220973
,,,-5.45358e-008,0
,,,-5.41358e-008,-0.000441946
,,,-5.37358e-008,0
,,,-5.33358e-008,-0.000662919
,,,-5.29358e-008,-0.000883892
,,,-5.25358e-008,0.000220973
,,,-5.21358e-008,0.000441946
,,,-5.17358e-008,0.000441946
,,,-5.13358e-008,0.000220973
,,,-5.09358e-008,0.000662919
,,,-5.05358e-008,0.000441946
,,,-5.01358e-008,-0.000441946
,,,-4.97358e-008,0.000220973
,,,-4.93358e-008,0
,,,-4.89358e-008,0.000220973
,,,-4.85358e-008,0.000441946
,,,-4.81358e-008,0
,,,-4.77358e-008,0
,,,-4.73358e-008,-0.000220973
,,,-4.69358e-008,0.000220973
,,,-4.65358e-008,0.000220973
,,,-4.61358e-008,0
,,,-4.57358e-008,-0.000441946
,,,-4.53358e-008,0
,,,-4.49358e-008,-0.000220973
,,,-4.45358e-008,0
,,,-4.41358e-008,-0.000441946
,,,-4.37358e-008,-0.000883892
,,,-4.33358e-008,0.000441946
,,,-4.29358e-008,0.000883892
,,,-4.25358e-008,0.000441946
,,,-4.21358e-008,-0.000441946
,,,-4.17358e-008,0
,,,-4.13358e-008,0.00110486
,,,-4.09358e-008,0.000220973
,,,-4.05358e-008,-0.000220973
,,,-4.01358e-008,0.000220973
,,,-3.97358e-008,0
,,,-3.93358e-008,0.000662919
,,,-3.89358e-008,0.000441946
,,,-3.85358e-008,0
,,,-3.81358e-008,-0.000220973
,,,-3.77358e-008,-0.000220973
,,,-3.73358e-008,-0.000220973
,,,-3.69358e-008,-0.000441946
,,,-3.65358e-008,-0.000220973
,,,-3.61358e-008,0.000441946
,,,-3.57358e-008,0.000662919
,,,-3.53358e-008,0.000220973
,,,-3.49358e-008,-0.000220973
,,,-3.45358e-008,0.00110486
,,,-3.41358e-008,0.000220973
,,,-3.37358e-008,0
,,,-3.33358e-008,-0.000441946
,,,-3.29358e-008,0.000220973
,,,-3.25358e-008,0
,,,-3.21358e-008,0
,,,-3.17358e-008,-0.000662919
,,,-3.13358e-008,-0.000662919
,,,-3.09358e-008,0.000883892
,,,-3.05358e-008,0
,,,-3.01358e-008,0.000441946
,,,-2.97358e-008,0.000662919
,,,-2.93358e-008,0.000441946
,,,-2.89358e-008,-0.000220973
,,,-2.85358e-008,-0.000441946
,,,-2.81358e-008,0.000441946
,,,-2.77358e-008,0.000441946
,,,-2.73358e-008,0.000220973
,,,-2.69358e-008,-0.000220973
,,,-2.65358e-008,0.000441946
,,,-2.61358e-008,0.000883892
,,,-2.57358e-008,0.000441946
,,,-2.53358e-008,-0.000220973
,,,-2.49358e-008,0.000220973
,,,-2.45358e-008,0.000220973
,,,-2.41358e-008,0.000220973
,,,-2.37358e-008,0.000441946
,,,-2.33358e-008,0
,,,-2.29358e-008,-0.000220973
,,,-2.25358e-008,-0.000662919
,,,-2.21358e-008,-0.000220973
,,,-2.17358e-008,0
,,,-2.13358e-008,-0.000220973
,,,-2.09358e-008,-0.000220973
,,,-2.05358e-008,0.000220973
,,,-2.01358e-008,0.000662919
,,,-1.97358e-008,0.000220973
,,,-1.93358e-008,0.000441946
,,,-1.89358e-008,0.000883892
,,,-1.85358e-008,0
,,,-1.81358e-008,0
,,,-1.77358e-008,0.000220973
,,,-1.73358e-008,0
,,,-1.69358e-008,0.000441946
,,,-1.65358e-008,0.000883892
,,,-1.61358e-008,-0.000220973
,,,-1.57358e-008,0.000220973
,,,-1.53358e-008,0.000883892
,,,-1.49358e-008,0
,,,-1.45358e-008,0
,,,-1.41358e-008,0.000220973
,,,-1.37358e-008,-0.000220973
,,,-1.33358e-008,0.000220973
,,,-1.29358e-008,-0.000441946
,,,-1.25358e-008,-0.000220973
,,,-1.21358e-008,0
,,,-1.17358e-008,0
,,,-1.13358e-008,0.000220973
,,,-1.09358e-008,-0.000220973
,,,-1.05358e-008,0.000220973
,,,-1.01358e-008,0.000220973
,,,-9.73577e-009,0.000220973
,,,-9.33577e-009,0.000441946
,,,-8.93577e-009,-0.000220973
,,,-8.53577e-009,0
,,,-8.13577e-009,0
,,,-7.73577e-009,-0.000220973
,,,-7.33577e-009,0
,,,-6.93577e-009,-0.000220973
,,,-6.53577e-009,-0.000220973
,,,-6.13577e-009,0.000441946
,,,-5.73577e-009,-0.000220973
,,,-5.33577e-009,0.000220973
,,,-4.93577e-009,0
,,,-4.53577e-009,0.000220973
,,,-4.13577e-009,0
,,,-3.73577e-009,-0.000220973
,,,-3.33577e-009,0.000441946
,,,-2.93577e-009,0.000220973
,,,-2.53577e-009,-0.000220973
,,,-2.13577e-009,-0.000220973
,,,-1.73577e-009,0
,,,-1.33577e-009,0
,,,-9.35768e-010,0
,,,-5.35768e-010,0
,,,-1.35768e-010,0.000441946
,,,2.64232e-010,0.000441946
,,,6.64232e-010,0.000441946
,,,1.06423e-009,-0.000220973
,,,1.46423e-009,0.000220973
,,,1.86423e-009,0.000220973
,,,2.26423e-009,0
,,,2.66423e-009,-0.000220973
,,,3.06423e-009,0
,,,3.46423e-009,-0.000220973
,,,3.86423e-009,0.000220973
,,,4.26423e-009,0.000883892
,,,4.66423e-009,0.000662919
,,,5.06423e-009,0.000662919
,,,5.46423e-009,0.000220973
,,,5.86423e-009,0
,,,6.26423e-009,0.000662919
,,,6.66423e-009,0
,,,7.06423e-009,0
,,,7.46423e-009,0.000662919
,,,7.86423e-009,0.000441946
,,,8.26423e-009,0.000662919
,,,8.66423e-009,-0.000220973
,,,9.06423e-009,0
,,,9.46423e-009,0
,,,9.86423e-009,-0.000441946
,,,1.02642e-008,0
,,,1.06642e-008,0.000441946
,,,1.10642e-008,0
,,,1.14642e-008,-0.000220973
,,,1.18642e-008,0.000220973
,,,1.22642e-008,0.000883892
,,,1.26642e-008,0.000220973
,,,1.30642e-008,0.000220973
,,,1.34642e-008,0.000883892
,,,1.38642e-008,0
,,,1.42642e-008,0.000441946
,,,1.46642e-008,0.000662919
,,,1.50642e-008,0.000220973
,,,1.54642e-008,0.000441946
,,,1.58642e-008,-0.000220973
,,,1.62642e-008,0
,,,1.66642e-008,0.000662919
,,,1.70642e-008,0.000662919
,,,1.74642e-008,-0.000220973
,,,1.78642e-008,0.000662919
,,,1.82642e-008,0.000441946
,,,1.86642e-008,-0.000220973
,,,1.90642e-008,0.000220973
,,,1.94642e-008,-0.000220973
,,,1.98642e-008,0
,,,2.02642e-008,-0.000220973
,,,2.06642e-008,0
,,,2.10642e-008,0
,,,2.14642e-008,0.000220973
,,,2.18642e-008,0.000220973
,,,2.22642e-008,0
,,,2.26642e-008,0
,,,2.30642e-008,-0.000220973
,,,2.34642e-008,0
,,,2.38642e-008,0
,,,2.42642e-008,0
,,,2.46642e-008,-0.000220973
,,,2.50642e-008,0
,,,2.54642e-008,0
,,,2.58642e-008,-0.000441946
,,,2.62642e-008,-0.000441946
,,,2.66642e-008,0.000220973
,,,2.70642e-008,0.000220973
,,,2.74642e-008,0.000441946
,,,2.78642e-008,0.000220973
,,,2.82642e-008,-0.000441946
,,,2.86642e-008,0.000662919
,,,2.90642e-008,0
,,,2.94642e-008,0.000220973
,,,2.98642e-008,-0.000220973
,,,3.02642e-008,0.000441946
,,,3.06642e-008,-0.000220973
,,,3.10642e-008,-0.000441946
,,,3.14642e-008,0.000883892
,,,3.18642e-008,0.000220973
,,,3.22642e-008,0.000441946
,,,3.26642e-008,0
,,,3.30642e-008,-0.000220973
,,,3.34642e-008,0.000220973
,,,3.38642e-008,0.000441946
,,,3.42642e-008,-0.000441946
,,,3.46642e-008,0.000220973
,,,3.50642e-008,-0.000441946
,,,3.54642e-008,0
,,,3.58642e-008,0.000220973
,,,3.62642e-008,0
,,,3.66642e-008,0.000441946
,,,3.70642e-008,0
,,,3.74642e-008,0.000662919
,,,3.78642e-008,0.000662919
,,,3.82642e-008,0.000220973
,,,3.86642e-008,0.000220973
,,,3.90642e-008,-0.000441946
,,,3.94642e-008,0.000220973
,,,3.98642e-008,0.000662919
,,,4.02642e-008,-0.000220973
,,,4.06642e-008,0
,,,4.10642e-008,0
,,,4.14642e-008,-0.000441946
,,,4.18642e-008,-0.000220973
,,,4.22642e-008,-0.000220973
,,,4.26642e-008,-0.000441946
,,,4.30642e-008,-0.000883892
,,,4.34642e-008,-0.000662919
,,,4.38642e-008,0.000220973
,,,4.42642e-008,0
,,,4.46642e-008,0.000220973
,,,4.50642e-008,0
,,,4.54642e-008,0
,,,4.58642e-008,0.000662919
,,,4.62642e-008,0
,,,4.66642e-008,-0.000441946
,,,4.70642e-008,0
,,,4.74642e-008,0
,,,4.78642e-008,0.000441946
,,,4.82642e-008,0.000662919
,,,4.86642e-008,0.000662919
,,,4.90642e-008,0.000220973
,,,4.94642e-008,0
,,,4.98642e-008,-0.000662919
,,,5.02642e-008,0
,,,5.06642e-008,0.000441946
,,,5.10642e-008,0
,,,5.14642e-008,0.000441946
,,,5.18642e-008,0.000883892
,,,5.22642e-008,0.000662919
,,,5.26642e-008,0.000441946
,,,5.30642e-008,0.000441946
,,,5.34642e-008,-0.000220973
,,,5.38642e-008,0.000662919
,,,5.42642e-008,0.000220973
,,,5.46642e-008,0.000441946
,,,5.50642e-008,0
,,,5.54642e-008,0.00110486
,,,5.58642e-008,-0.000220973
,,,5.62642e-008,-0.000220973
,,,5.66642e-008,0
,,,5.70642e-008,-0.000220973
,,,5.74642e-008,0.000220973
,,,5.78642e-008,-0.000441946
,,,5.82642e-008,0
,,,5.86642e-008,0.000220973
,,,5.90642e-008,0.000441946
,,,5.94642e-008,0
,,,5.98642e-008,0
,,,6.02642e-008,0.000883892
,,,6.06642e-008,0.000662919
,,,6.10642e-008,0.000441946
,,,6.14642e-008,0.000220973
,,,6.18642e-008,-0.000220973
,,,6.22642e-008,0.000441946
,,,6.26642e-008,0.000220973
,,,6.30642e-008,-0.000220973
,,,6.34642e-008,0
,,,6.38642e-008,0.000662919
,,,6.42642e-008,0.000220973
,,,6.46642e-008,0.000220973
,,,6.50642e-008,0.000883892
,,,6.54642e-008,0.000441946
,,,6.58642e-008,0
,,,6.62642e-008,-0.000220973
,,,6.66642e-008,0
,,,6.70642e-008,-0.000441946
,,,6.74642e-008,0.000220973
,,,6.78642e-008,-0.000220973
,,,6.82642e-008,-0.000441946
,,,6.86642e-008,0.000220973
,,,6.90642e-008,0.000220973
,,,6.94642e-008,0.000662919
,,,6.98642e-008,0.000220973
,,,7.02642e-008,0
,,,7.06642e-008,0.000441946
,,,7.10642e-008,0.000662919
,,,7.14642e-008,-0.000220973
,,,7.18642e-008,0.000441946
,,,7.22642e-008,0.000441946
,,,7.26642e-008,0.000441946
,,,7.30642e-008,0.000220973
,,,7.34642e-008,0.000220973
,,,7.38642e-008,0.000441946
,,,7.42642e-008,0.000441946
,,,7.46642e-008,-0.000220973
,,,7.50642e-008,0.000220973
,,,7.54642e-008,-0.000662919
,,,7.58642e-008,0.000883892
,,,7.62642e-008,0.000220973
,,,7.66642e-008,0.000220973
,,,7.70642e-008,0.000220973
,,,7.74642e-008,-0.000220973
,,,7.78642e-008,-0.000220973
,,,7.82642e-008,0.000220973
,,,7.86642e-008,-0.000220973
,,,7.90642e-008,0
,,,7.94642e-008,0.000883892
,,,7.98642e-008,0.000220973
,,,8.02642e-008,-0.000441946
,,,8.06642e-008,0.000220973
,,,8.10642e-008,0.000662919
,,,8.14642e-008,0
,,,8.18642e-008,0.000662919
,,,8.22642e-008,0.000220973
,,,8.26642e-008,0
,,,8.30642e-008,-0.000220973
,,,8.34642e-008,0.000220973
,,,8.38642e-008,0.000662919
,,,8.42642e-008,-0.000220973
,,,8.46642e-008,0.000220973
,,,8.50642e-008,-0.000220973
,,,8.54642e-008,0
,,,8.58642e-008,0.000220973
,,,8.62642e-008,0.000883892
,,,8.66642e-008,0.00132584
,,,8.70642e-008,-0.000220973
,,,8.74642e-008,0.000220973
,,,8.78642e-008,0.000441946
,,,8.82642e-008,-0.000220973
,,,8.86642e-008,0
,,,8.90642e-008,0.000441946
,,,8.94642e-008,0
,,,8.98642e-008,-0.000220973
,,,9.02642e-008,-0.000662919
,,,9.06642e-008,0.000220973
,,,9.10642e-008,0.000220973
,,,9.14642e-008,0
,,,9.18642e-008,0.000220973
,,,9.22642e-008,-0.000220973
,,,9.26642e-008,0.000441946
,,,9.30642e-008,0.000220973
,,,9.34642e-008,0.000883892
,,,9.38642e-008,0.00110486
,,,9.42642e-008,0.00132584
,,,9.46642e-008,0.00110486
,,,9.50642e-008,0.0024307
,,,9.54642e-008,0.00353557
,,,9.58642e-008,0.00441946
,,,9.62642e-008,0.00508238
,,,9.66642e-008,0.0057453
,,,9.70642e-008,0.00729211
,,,9.74642e-008,0.00883892
,,,9.78642e-008,0.00883892
,,,9.82642e-008,0.00972281
,,,9.86642e-008,0.0112696
,,,9.90642e-008,0.0123745
,,,9.94642e-008,0.0134794
,,,9.98642e-008,0.0148052
,,,1.00264e-007,0.0143632
,,,1.00664e-007,0.0152471
,,,1.01064e-007,0.016131
,,,1.01464e-007,0.016131
,,,1.01864e-007,0.0156891
,,,1.02264e-007,0.0170149
,,,1.02664e-007,0.0167939
,,,1.03064e-007,0.016573
,,,1.03464e-007,0.0178988
,,,1.03864e-007,0.0176778
,,,1.04264e-007,0.0174569
,,,1.04664e-007,0.0181198
,,,1.05064e-007,0.0174569
,,,1.05464e-007,0.0176778
,,,1.05864e-007,0.0167939
,,,1.06264e-007,0.0170149
,,,1.06664e-007,0.0178988
,,,1.07064e-007,0.0167939
,,,1.07464e-007,0.0174569
,,,1.07864e-007,0.0172359
,,,1.08264e-007,0.0172359
,,,1.08664e-007,0.0178988
,,,1.09064e-007,0.0178988
,,,1.09464e-007,0.0178988
,,,1.09864e-007,0.0178988
,,,1.10264e-007,0.0178988
,,,1.10664e-007,0.0181198
,,,1.11064e-007,0.0178988
,,,1.11464e-007,0.0181198
,,,1.11864e-007,0.0176778
,,,1.12264e-007,0.0176778
,,,1.12664e-007,0.0176778
,,,1.13064e-007,0.0176778
,,,1.13464e-007,0.0172359
,,,1.13864e-007,0.0183408
,,,1.14264e-007,0.0183408
,,,1.14664e-007,0.016573
,,,1.15064e-007,0.0178988
,,,1.15464e-007,0.0176778
,,,1.15864e-007,0.0178988
,,,1.16264e-007,0.0183408
,,,1.16664e-007,0.0183408
,,,1.17064e-007,0.0174569
,,,1.17464e-007,0.0185617
,,,1.17864e-007,0.0181198
,,,1.18264e-007,0.0176778
,,,1.18664e-007,0.0174569
,,,1.19064e-007,0.0183408
,,,1.19464e-007,0.0183408
,,,1.19864e-007,0.0181198
,,,1.20264e-007,0.0174569
,,,1.20664e-007,0.0176778
,,,1.21064e-007,0.0185617
,,,1.21464e-007,0.0185617
,,,1.21864e-007,0.0185617
,,,1.22264e-007,0.0183408
,,,1.22664e-007,0.0185617
,,,1.23064e-007,0.0181198
,,,1.23464e-007,0.0183408
,,,1.23864e-007,0.0185617
,,,1.24264e-007,0.0194456
,,,1.24664e-007,0.0205505
,,,1.25064e-007,0.0205505
,,,1.25464e-007,0.0196666
,,,1.25864e-007,0.0209924
,,,1.26264e-007,0.0209924
,,,1.26664e-007,0.0209924
,,,1.27064e-007,0.0203295
,,,1.27464e-007,0.0207715
,,,1.27864e-007,0.0201085
,,,1.28264e-007,0.0203295
,,,1.28664e-007,0.0201085
,,,1.29064e-007,0.0192246
,,,1.29464e-007,0.0192246
,,,1.29864e-007,0.0194456
,,,1.30264e-007,0.0181198
,,,1.30664e-007,0.0185617
,,,1.31064e-007,0.0183408
,,,1.31464e-007,0.0183408
,,,1.31864e-007,0.0174569
,,,1.32264e-007,0.0174569
,,,1.32664e-007,0.0174569
,,,1.33064e-007,0.0181198
,,,1.33464e-007,0.0174569
,,,1.33864e-007,0.0172359
,,,1.34264e-007,0.0170149
,,,1.34664e-007,0.016131
,,,1.35064e-007,0.016131
,,,1.35464e-007,0.0167939
,,,1.35864e-007,0.0170149
,,,1.36264e-007,0.0174569
,,,1.36664e-007,0.016352
,,,1.37064e-007,0.016131
,,,1.37464e-007,0.0170149
,,,1.37864e-007,0.016573
,,,1.38264e-007,0.0156891
,,,1.38664e-007,0.016131
,,,1.39064e-007,0.0167939
,,,1.39464e-007,0.016573
,,,1.39864e-007,0.016131
,,,1.40264e-007,0.016131
,,,1.40664e-007,0.016352
,,,1.41064e-007,0.0159101
,,,1.41464e-007,0.0156891
,,,1.41864e-007,0.0152471
,,,1.42264e-007,0.0154681
,,,1.42664e-007,0.0154681
,,,1.43064e-007,0.0154681
,,,1.43464e-007,0.0159101
,,,1.43864e-007,0.0152471
,,,1.44264e-007,0.0159101
,,,1.44664e-007,0.0156891
,,,1.45064e-007,0.0148052
,,,1.45464e-007,0.0145842
,,,1.45864e-007,0.0145842
,,,1.46264e-007,0.0148052
,,,1.46664e-007,0.0145842
,,,1.47064e-007,0.0148052
,,,1.47464e-007,0.0148052
,,,1.47864e-007,0.0150262
,,,1.48264e-007,0.0150262
,,,1.48664e-007,0.0148052
,,,1.49064e-007,0.0145842
,,,1.49464e-007,0.0143632
,,,1.49864e-007,0.0139213
,,,1.50264e-007,0.0143632
,,,1.50664e-007,0.0143632
,,,1.51064e-007,0.0145842
,,,1.51464e-007,0.0150262
,,,1.51864e-007,0.0143632
,,,1.52264e-007,0.0137003
,,,1.52664e-007,0.0143632
,,,1.53064e-007,0.0139213
,,,1.53464e-007,0.0148052
,,,1.53864e-007,0.0145842
,,,1.54264e-007,0.0139213
,,,1.54664e-007,0.0141423
,,,1.55064e-007,0.0130374
,,,1.55464e-007,0.0132584
,,,1.55864e-007,0.0132584
,,,1.56264e-007,0.0132584
,,,1.56664e-007,0.0123745
,,,1.57064e-007,0.0123745
,,,1.57464e-007,0.0123745
,,,1.57864e-007,0.0121535
,,,1.58264e-007,0.0121535
,,,1.58664e-007,0.0123745
,,,1.59064e-007,0.0130374
,,,1.59464e-007,0.0128164
,,,1.59864e-007,0.0119325
,,,1.60264e-007,0.0119325
,,,1.60664e-007,0.0121535
,,,1.61064e-007,0.0117116
,,,1.61464e-007,0.0128164
,,,1.61864e-007,0.0121535
,,,1.62264e-007,0.0123745
,,,1.62664e-007,0.0119325
,,,1.63064e-007,0.0119325
,,,1.63464e-007,0.0117116
,,,1.63864e-007,0.0125955
,,,1.64264e-007,0.0119325
,,,1.64664e-007,0.0128164
,,,1.65064e-007,0.0121535
,,,1.65464e-007,0.0119325
,,,1.65864e-007,0.0123745
,,,1.66264e-007,0.0130374
,,,1.66664e-007,0.0123745
,,,1.67064e-007,0.0117116
,,,1.67464e-007,0.0123745
,,,1.67864e-007,0.0119325
,,,1.68264e-007,0.0125955
,,,1.68664e-007,0.0123745
,,,1.69064e-007,0.0117116
,,,1.69464e-007,0.0123745
,,,1.69864e-007,0.0121535
,,,1.70264e-007,0.0119325
,,,1.70664e-007,0.0121535
,,,1.71064e-007,0.0117116
,,,1.71464e-007,0.0117116
,,,1.71864e-007,0.0123745
,,,1.72264e-007,0.0119325
,,,1.72664e-007,0.0119325
,,,1.73064e-007,0.0128164
,,,1.73464e-007,0.0123745
,,,1.73864e-007,0.0117116
,,,1.74264e-007,0.0125955
,,,1.74664e-007,0.0134794
,,,1.75064e-007,0.0121535
,,,1.75464e-007,0.0125955
,,,1.75864e-007,0.0125955
,,,1.76264e-007,0.0123745
,,,1.76664e-007,0.0130374
,,,1.77064e-007,0.0125955
,,,1.77464e-007,0.0123745
,,,1.77864e-007,0.0128164
,,,1.78264e-007,0.0132584
,,,1.78664e-007,0.0121535
,,,1.79064e-007,0.0119325
,,,1.79464e-007,0.0123745
,,,1.79864e-007,0.0132584
,,,1.80264e-007,0.0125955
,,,1.80664e-007,0.0130374
,,,1.81064e-007,0.0128164
,,,1.81464e-007,0.0125955
,,,1.81864e-007,0.0123745
,,,1.82264e-007,0.0125955
,,,1.82664e-007,0.0123745
,,,1.83064e-007,0.0125955
,,,1.83464e-007,0.0119325
,,,1.83864e-007,0.0121535
,,,1.84264e-007,0.0114906
,,,1.84664e-007,0.0119325
,,,1.85064e-007,0.0123745
,,,1.85464e-007,0.0130374
,,,1.85864e-007,0.0123745
,,,1.86264e-007,0.0119325
,,,1.86664e-007,0.0112696
,,,1.87064e-007,0.0119325
,,,1.87464e-007,0.0123745
,,,1.87864e-007,0.0132584
,,,1.88264e-007,0.0137003
,,,1.88664e-007,0.0130374
,,,1.89064e-007,0.0137003
,,,1.89464e-007,0.0137003
,,,1.89864e-007,0.0132584
,,,1.90264e-007,0.0134794
,,,1.90664e-007,0.0139213
,,,1.91064e-007,0.0134794
,,,1.91464e-007,0.0137003
,,,1.91864e-007,0.0141423
,,,1.92264e-007,0.0130374
,,,1.92664e-007,0.0134794
,,,1.93064e-007,0.0130374
,,,1.93464e-007,0.0130374
,,,1.93864e-007,0.0134794
,,,1.94264e-007,0.0132584
,,,1.94664e-007,0.0130374
,,,1.95064e-007,0.0134794
,,,1.95464e-007,0.0123745
,,,1.95864e-007,0.0132584
,,,1.96264e-007,0.0137003
,,,1.96664e-007,0.0141423
,,,1.97064e-007,0.0134794
,,,1.97464e-007,0.0141423
,,,1.97864e-007,0.0137003
,,,1.98264e-007,0.0137003
,,,1.98664e-007,0.0134794
,,,1.99064e-007,0.0125955
,,,1.99464e-007,0.0132584
,,,1.99864e-007,0.0128164
,,,2.00264e-007,0.0123745
,,,2.00664e-007,0.0123745
,,,2.01064e-007,0.0128164
,,,2.01464e-007,0.0130374
,,,2.01864e-007,0.0121535
,,,2.02264e-007,0.0119325
,,,2.02664e-007,0.0114906
,,,2.03064e-007,0.0117116
,,,2.03464e-007,0.0117116
,,,2.03864e-007,0.0114906
,,,2.04264e-007,0.0117116
,,,2.04664e-007,0.0114906
,,,2.05064e-007,0.0117116
,,,2.05464e-007,0.0117116
,,,2.05864e-007,0.0110486
,,,2.06264e-007,0.0106067
,,,2.06664e-007,0.0101648
,,,2.07064e-007,0.0108277
,,,2.07464e-007,0.0103857
,,,2.07864e-007,0.00972281
,,,2.08264e-007,0.0106067
,,,2.08664e-007,0.0103857
,,,2.09064e-007,0.00950184
,,,2.09464e-007,0.00839697
,,,2.09864e-007,0.00773405
,,,2.10264e-007,0.00795503
,,,2.10664e-007,0.00751308
,,,2.11064e-007,0.00729211
,,,2.11464e-007,0.00640822
,,,2.11864e-007,0.00662919
,,,2.12264e-007,0.00707114
,,,2.12664e-007,0.00640822
,,,2.13064e-007,0.00618724
,,,2.13464e-007,0.00530335
,,,2.13864e-007,0.00552432
,,,2.14264e-007,0.00552432
,,,2.14664e-007,0.00464043
,,,2.15064e-007,0.00441946
,,,2.15464e-007,0.00353557
,,,2.15864e-007,0.00486141
,,,2.16264e-007,0.00419849
,,,2.16664e-007,0.00375654
,,,2.17064e-007,0.00397751
,,,2.17464e-007,0.00287265
,,,2.17864e-007,0.0024307
,,,2.18264e-007,0.00265168
,,,2.18664e-007,0.00309362
,,,2.19064e-007,0.00220973
,,,2.19464e-007,0.00154681
,,,2.19864e-007,0.00220973
,,,2.20264e-007,0.00198876
,,,2.20664e-007,0.00198876
,,,2.21064e-007,0.00287265
,,,2.21464e-007,0.00220973
,,,2.21864e-007,0.00265168
,,,2.22264e-007,0.00220973
,,,2.22664e-007,0.00132584
,,,2.23064e-007,0.00198876
,,,2.23464e-007,0.00198876
,,,2.23864e-007,0.00176778
,,,2.24264e-007,0.00132584
,,,2.24664e-007,0.00154681
,,,2.25064e-007,0.00110486
,,,2.25464e-007,0.000662919
,,,2.25864e-007,0.00154681
,,,2.26264e-007,0.000441946
,,,2.26664e-007,0.000662919
,,,2.27064e-007,0.00132584
,,,2.27464e-007,0.000883892
,,,2.27864e-007,0.000662919
,,,2.28264e-007,0.000883892
,,,2.28664e-007,0.000883892
,,,2.29064e-007,0.000662919
,,,2.29464e-007,0.00132584
,,,2.29864e-007,0.000441946
,,,2.30264e-007,0.000883892
,,,2.30664e-007,0.000883892
,,,2.31064e-007,0.000220973
,,,2.31464e-007,0.000441946
,,,2.31864e-007,0.00110486
,,,2.32264e-007,0.000441946
,,,2.32664e-007,0.000883892
,,,2.33064e-007,-0.000220973
,,,2.33464e-007,-0.000220973
,,,2.33864e-007,-0.000662919
,,,2.34264e-007,0.000220973
,,,2.34664e-007,-0.000220973
,,,2.35064e-007,0
,,,2.35464e-007,0.000662919
,,,2.35864e-007,0
,,,2.36264e-007,-0.000220973
,,,2.36664e-007,-0.000220973
,,,2.37064e-007,0.000220973
,,,2.37464e-007,0.000662919
,,,2.37864e-007,0.000441946
,,,2.38264e-007,-0.000220973
,,,2.38664e-007,-0.000441946
,,,2.39064e-007,-0.000220973
,,,2.39464e-007,0
,,,2.39864e-007,0
,,,2.40264e-007,-0.000220973
,,,2.40664e-007,0.000220973
,,,2.41064e-007,-0.000883892
,,,2.41464e-007,-0.000883892
,,,2.41864e-007,-0.000883892
,,,2.42264e-007,-0.000441946
,,,2.42664e-007,-0.000220973
,,,2.43064e-007,0
,,,2.43464e-007,-0.000662919
,,,2.43864e-007,-0.000220973
,,,2.44264e-007,-0.000220973
,,,2.44664e-007,0.000441946
,,,2.45064e-007,-0.000220973
,,,2.45464e-007,0
,,,2.45864e-007,-0.000441946
,,,2.46264e-007,-0.000220973
,,,2.46664e-007,-0.000220973
,,,2.47064e-007,-0.000441946
,,,2.47464e-007,-0.000441946
,,,2.47864e-007,0
,,,2.48264e-007,0.000220973
,,,2.48664e-007,0.00110486
,,,2.49064e-007,0.000220973
,,,2.49464e-007,0
,,,2.49864e-007,0.000220973
,,,2.50264e-007,0.000441946
