"Record Length",1252,"Points",-2.5024e-007,0.000662919
"Sample Interval",4e-010,s,-2.4984e-007,0.000441946
"Trigger Point",625,"Samples",-2.4944e-007,0.000220973
"Trigger Time",0.600446,s,-2.4904e-007,0.000441946
,,,-2.4864e-007,0
"Horizontal Offset",-2.5024e-007,s,-2.4824e-007,-0.000441946
,,,-2.4784e-007,0.000441946
,,,-2.4744e-007,0.000441946
,,,-2.4704e-007,0
,,,-2.4664e-007,0.000662919
,,,-2.4624e-007,0.000441946
,,,-2.4584e-007,-0.000441946
,,,-2.4544e-007,0.000441946
,,,-2.4504e-007,0.000662919
,,,-2.4464e-007,0.000662919
,,,-2.4424e-007,0.000220973
,,,-2.4384e-007,0.000441946
,,,-2.4344e-007,0.000220973
,,,-2.4304e-007,0.000441946
,,,-2.4264e-007,0.000220973
,,,-2.4224e-007,0.000220973
,,,-2.4184e-007,0.000220973
,,,-2.4144e-007,0
,,,-2.4104e-007,0
,,,-2.4064e-007,0.000441946
,,,-2.4024e-007,-0.000441946
,,,-2.3984e-007,0
,,,-2.3944e-007,0
,,,-2.3904e-007,0.000662919
,,,-2.3864e-007,0.00110486
,,,-2.3824e-007,0
,,,-2.3784e-007,0.000220973
,,,-2.3744e-007,0
,,,-2.3704e-007,0
,,,-2.3664e-007,0.00110486
,,,-2.3624e-007,0.000662919
,,,-2.3584e-007,0.000441946
,,,-2.3544e-007,0.00110486
,,,-2.3504e-007,0.000662919
,,,-2.3464e-007,-0.000220973
,,,-2.3424e-007,-0.000220973
,,,-2.3384e-007,-0.000220973
,,,-2.3344e-007,0
,,,-2.3304e-007,0.000220973
,,,-2.3264e-007,0.000220973
,,,-2.3224e-007,-0.000220973
,,,-2.3184e-007,-0.000220973
,,,-2.3144e-007,0
,,,-2.3104e-007,0.000220973
,,,-2.3064e-007,0.000220973
,,,-2.3024e-007,-0.000220973
,,,-2.2984e-007,0
,,,-2.2944e-007,0
,,,-2.2904e-007,0.000441946
,,,-2.2864e-007,0.000220973
,,,-2.2824e-007,-0.000220973
,,,-2.2784e-007,0.000441946
,,,-2.2744e-007,-0.000220973
,,,-2.2704e-007,0.000441946
,,,-2.2664e-007,0.000441946
,,,-2.2624e-007,0.000220973
,,,-2.2584e-007,0
,,,-2.2544e-007,-0.000220973
,,,-2.2504e-007,0.000441946
,,,-2.2464e-007,0.000662919
,,,-2.2424e-007,0
,,,-2.2384e-007,0
,,,-2.2344e-007,0.000441946
,,,-2.2304e-007,0.000441946
,,,-2.2264e-007,0
,,,-2.2224e-007,0.000662919
,,,-2.2184e-007,0.000220973
,,,-2.2144e-007,0.000662919
,,,-2.2104e-007,0
,,,-2.2064e-007,0.000220973
,,,-2.2024e-007,0.000441946
,,,-2.1984e-007,0.000662919
,,,-2.1944e-007,0.000662919
,,,-2.1904e-007,0.000441946
,,,-2.1864e-007,-0.000220973
,,,-2.1824e-007,-0.000220973
,,,-2.1784e-007,0.000220973
,,,-2.1744e-007,0
,,,-2.1704e-007,0.000441946
,,,-2.1664e-007,0
,,,-2.1624e-007,0
,,,-2.1584e-007,0.000662919
,,,-2.1544e-007,0.000883892
,,,-2.1504e-007,0.000662919
,,,-2.1464e-007,0.000220973
,,,-2.1424e-007,0.000220973
,,,-2.1384e-007,0
,,,-2.1344e-007,0.000441946
,,,-2.1304e-007,-0.000220973
,,,-2.1264e-007,0.000662919
,,,-2.1224e-007,0.000220973
,,,-2.1184e-007,0.000441946
,,,-2.1144e-007,0.000441946
,,,-2.1104e-007,0
,,,-2.1064e-007,-0.000220973
,,,-2.1024e-007,-0.000220973
,,,-2.0984e-007,-0.000220973
,,,-2.0944e-007,-0.000441946
,,,-2.0904e-007,-0.000220973
,,,-2.0864e-007,0
,,,-2.0824e-007,0
,,,-2.0784e-007,0.000662919
,,,-2.0744e-007,0.000220973
,,,-2.0704e-007,0.000441946
,,,-2.0664e-007,0.000220973
,,,-2.0624e-007,-0.000220973
,,,-2.0584e-007,-0.000220973
,,,-2.0544e-007,0.000220973
,,,-2.0504e-007,-0.000662919
,,,-2.0464e-007,0
,,,-2.0424e-007,0.000220973
,,,-2.0384e-007,0.000662919
,,,-2.0344e-007,0.000441946
,,,-2.0304e-007,-0.000220973
,,,-2.0264e-007,-0.000441946
,,,-2.0224e-007,0
,,,-2.0184e-007,0
,,,-2.0144e-007,0
,,,-2.0104e-007,0
,,,-2.0064e-007,-0.000220973
,,,-2.0024e-007,-0.000220973
,,,-1.9984e-007,-0.000441946
,,,-1.9944e-007,0
,,,-1.9904e-007,-0.000441946
,,,-1.9864e-007,-0.000220973
,,,-1.9824e-007,0.000441946
,,,-1.9784e-007,-0.000220973
,,,-1.9744e-007,0.000220973
,,,-1.9704e-007,-0.000220973
,,,-1.9664e-007,-0.000220973
,,,-1.9624e-007,0
,,,-1.9584e-007,0.000441946
,,,-1.9544e-007,0
,,,-1.9504e-007,-0.000220973
,,,-1.9464e-007,-0.00110486
,,,-1.9424e-007,0
,,,-1.9384e-007,-0.000220973
,,,-1.9344e-007,0.000220973
,,,-1.9304e-007,-0.000662919
,,,-1.9264e-007,0.000441946
,,,-1.9224e-007,0.000662919
,,,-1.9184e-007,0.000662919
,,,-1.9144e-007,0
,,,-1.9104e-007,0
,,,-1.9064e-007,0.000441946
,,,-1.9024e-007,0.000220973
,,,-1.8984e-007,0.000662919
,,,-1.8944e-007,0.000220973
,,,-1.8904e-007,-0.000220973
,,,-1.8864e-007,0.000220973
,,,-1.8824e-007,0.000220973
,,,-1.8784e-007,0
,,,-1.8744e-007,0
,,,-1.8704e-007,0.000441946
,,,-1.8664e-007,0
,,,-1.8624e-007,0.000883892
,,,-1.8584e-007,0
,,,-1.8544e-007,0
,,,-1.8504e-007,0.000662919
,,,-1.8464e-007,0
,,,-1.8424e-007,0.000441946
,,,-1.8384e-007,0.000883892
,,,-1.8344e-007,0.000441946
,,,-1.8304e-007,0.00110486
,,,-1.8264e-007,0.000883892
,,,-1.8224e-007,0.000441946
,,,-1.8184e-007,0
,,,-1.8144e-007,0.000441946
,,,-1.8104e-007,-0.000441946
,,,-1.8064e-007,0.000220973
,,,-1.8024e-007,0.000220973
,,,-1.7984e-007,0
,,,-1.7944e-007,-0.000220973
,,,-1.7904e-007,0.000441946
,,,-1.7864e-007,0.000441946
,,,-1.7824e-007,0.000220973
,,,-1.7784e-007,0.000441946
,,,-1.7744e-007,-0.000220973
,,,-1.7704e-007,-0.000220973
,,,-1.7664e-007,0.000883892
,,,-1.7624e-007,0
,,,-1.7584e-007,0.000220973
,,,-1.7544e-007,0.000662919
,,,-1.7504e-007,0.000441946
,,,-1.7464e-007,0
,,,-1.7424e-007,-0.000220973
,,,-1.7384e-007,0.000883892
,,,-1.7344e-007,0.000883892
,,,-1.7304e-007,0.000441946
,,,-1.7264e-007,0
,,,-1.7224e-007,0.000662919
,,,-1.7184e-007,0.000441946
,,,-1.7144e-007,-0.000220973
,,,-1.7104e-007,0.000662919
,,,-1.7064e-007,0.000883892
,,,-1.7024e-007,0
,,,-1.6984e-007,0
,,,-1.6944e-007,0.000220973
,,,-1.6904e-007,0
,,,-1.6864e-007,0
,,,-1.6824e-007,-0.000662919
,,,-1.6784e-007,-0.000662919
,,,-1.6744e-007,0
,,,-1.6704e-007,0.000441946
,,,-1.6664e-007,0.000662919
,,,-1.6624e-007,0.000441946
,,,-1.6584e-007,-0.000220973
,,,-1.6544e-007,0.000220973
,,,-1.6504e-007,0.000220973
,,,-1.6464e-007,0
,,,-1.6424e-007,-0.000220973
,,,-1.6384e-007,0.000220973
,,,-1.6344e-007,-0.000220973
,,,-1.6304e-007,0.000441946
,,,-1.6264e-007,0.000441946
,,,-1.6224e-007,0
,,,-1.6184e-007,0.000220973
,,,-1.6144e-007,0.000662919
,,,-1.6104e-007,0
,,,-1.6064e-007,-0.000220973
,,,-1.6024e-007,-0.000220973
,,,-1.5984e-007,0.000441946
,,,-1.5944e-007,-0.000220973
,,,-1.5904e-007,0
,,,-1.5864e-007,0.000441946
,,,-1.5824e-007,0.000441946
,,,-1.5784e-007,0
,,,-1.5744e-007,0.000441946
,,,-1.5704e-007,0.000441946
,,,-1.5664e-007,0.000441946
,,,-1.5624e-007,0.000883892
,,,-1.5584e-007,0.000441946
,,,-1.5544e-007,0
,,,-1.5504e-007,0.000220973
,,,-1.5464e-007,0.000220973
,,,-1.5424e-007,-0.000220973
,,,-1.5384e-007,0.000220973
,,,-1.5344e-007,-0.000220973
,,,-1.5304e-007,0.000441946
,,,-1.5264e-007,0.000220973
,,,-1.5224e-007,-0.000441946
,,,-1.5184e-007,0
,,,-1.5144e-007,0.000220973
,,,-1.5104e-007,0.000220973
,,,-1.5064e-007,-0.000220973
,,,-1.5024e-007,0.000220973
,,,-1.4984e-007,0
,,,-1.4944e-007,0.000441946
,,,-1.4904e-007,0.000662919
,,,-1.4864e-007,0.000441946
,,,-1.4824e-007,0.000662919
,,,-1.4784e-007,0.000220973
,,,-1.4744e-007,0.000220973
,,,-1.4704e-007,0
,,,-1.4664e-007,0.000220973
,,,-1.4624e-007,0
,,,-1.4584e-007,0.000441946
,,,-1.4544e-007,0
,,,-1.4504e-007,0
,,,-1.4464e-007,0
,,,-1.4424e-007,0.000441946
,,,-1.4384e-007,0
,,,-1.4344e-007,0.000220973
,,,-1.4304e-007,0.000220973
,,,-1.4264e-007,0
,,,-1.4224e-007,0.000441946
,,,-1.4184e-007,0.000220973
,,,-1.4144e-007,0
,,,-1.4104e-007,0.000441946
,,,-1.4064e-007,0.000883892
,,,-1.4024e-007,0.000441946
,,,-1.3984e-007,0.000220973
,,,-1.3944e-007,0.000662919
,,,-1.3904e-007,0.000220973
,,,-1.3864e-007,0.000441946
,,,-1.3824e-007,0.000220973
,,,-1.3784e-007,-0.000220973
,,,-1.3744e-007,0
,,,-1.3704e-007,0
,,,-1.3664e-007,0.000220973
,,,-1.3624e-007,0.000220973
,,,-1.3584e-007,0
,,,-1.3544e-007,0.000441946
,,,-1.3504e-007,0.000220973
,,,-1.3464e-007,0.000441946
,,,-1.3424e-007,0.000220973
,,,-1.3384e-007,0.000220973
,,,-1.3344e-007,0.000441946
,,,-1.3304e-007,0
,,,-1.3264e-007,-0.000220973
,,,-1.3224e-007,-0.000220973
,,,-1.3184e-007,0.000662919
,,,-1.3144e-007,-0.000220973
,,,-1.3104e-007,0.000220973
,,,-1.3064e-007,0
,,,-1.3024e-007,0.000662919
,,,-1.2984e-007,0.000441946
,,,-1.2944e-007,0.000220973
,,,-1.2904e-007,0.000662919
,,,-1.2864e-007,0.000441946
,,,-1.2824e-007,0.000220973
,,,-1.2784e-007,0.000441946
,,,-1.2744e-007,0
,,,-1.2704e-007,0.000441946
,,,-1.2664e-007,-0.000441946
,,,-1.2624e-007,0
,,,-1.2584e-007,-0.000441946
,,,-1.2544e-007,0
,,,-1.2504e-007,0.000220973
,,,-1.2464e-007,0.000662919
,,,-1.2424e-007,0.000662919
,,,-1.2384e-007,0.000883892
,,,-1.2344e-007,0.000883892
,,,-1.2304e-007,0
,,,-1.2264e-007,0
,,,-1.2224e-007,0.000441946
,,,-1.2184e-007,-0.000441946
,,,-1.2144e-007,0.000662919
,,,-1.2104e-007,0
,,,-1.2064e-007,0
,,,-1.2024e-007,0.000662919
,,,-1.1984e-007,0.000441946
,,,-1.1944e-007,-0.000220973
,,,-1.1904e-007,0.000662919
,,,-1.1864e-007,0
,,,-1.1824e-007,0.000220973
,,,-1.1784e-007,0.000441946
,,,-1.1744e-007,0.000220973
,,,-1.1704e-007,0.000220973
,,,-1.1664e-007,0.000441946
,,,-1.1624e-007,0
,,,-1.1584e-007,0
,,,-1.1544e-007,0
,,,-1.1504e-007,0.000220973
,,,-1.1464e-007,-0.000441946
,,,-1.1424e-007,0.000441946
,,,-1.1384e-007,0.000441946
,,,-1.1344e-007,0.000220973
,,,-1.1304e-007,0.000441946
,,,-1.1264e-007,0.000441946
,,,-1.1224e-007,0
,,,-1.1184e-007,0
,,,-1.1144e-007,-0.000662919
,,,-1.1104e-007,0.000441946
,,,-1.1064e-007,0.000883892
,,,-1.1024e-007,0.000220973
,,,-1.0984e-007,0.000220973
,,,-1.0944e-007,0.000883892
,,,-1.0904e-007,0.000220973
,,,-1.0864e-007,0.000662919
,,,-1.0824e-007,0.000883892
,,,-1.0784e-007,0.000220973
,,,-1.0744e-007,0.000220973
,,,-1.0704e-007,-0.000220973
,,,-1.0664e-007,0.000220973
,,,-1.0624e-007,0.000441946
,,,-1.0584e-007,0.000441946
,,,-1.0544e-007,0
,,,-1.0504e-007,0.000441946
,,,-1.0464e-007,-0.000220973
,,,-1.0424e-007,0
,,,-1.0384e-007,0
,,,-1.0344e-007,0.000220973
,,,-1.0304e-007,0.000220973
,,,-1.0264e-007,0
,,,-1.0224e-007,0.000441946
,,,-1.0184e-007,0.000220973
,,,-1.0144e-007,0
,,,-1.0104e-007,0.000662919
,,,-1.0064e-007,0
,,,-1.0024e-007,0.000662919
,,,-9.98402e-008,0.000883892
,,,-9.94402e-008,0.000220973
,,,-9.90402e-008,0.000441946
,,,-9.86402e-008,0.000441946
,,,-9.82402e-008,-0.000220973
,,,-9.78402e-008,-0.000220973
,,,-9.74402e-008,0.000220973
,,,-9.70402e-008,0.000220973
,,,-9.66402e-008,-0.000441946
,,,-9.62402e-008,0.000662919
,,,-9.58402e-008,0.000441946
,,,-9.54402e-008,0
,,,-9.50402e-008,0.000662919
,,,-9.46402e-008,0
,,,-9.42402e-008,0
,,,-9.38402e-008,0.000883892
,,,-9.34402e-008,0
,,,-9.30402e-008,-0.000220973
,,,-9.26402e-008,0
,,,-9.22402e-008,0.000441946
,,,-9.18402e-008,-0.000441946
,,,-9.14402e-008,0.000662919
,,,-9.10402e-008,0
,,,-9.06402e-008,-0.000662919
,,,-9.02402e-008,0.000662919
,,,-8.98402e-008,0.00110486
,,,-8.94402e-008,0.000662919
,,,-8.90402e-008,-0.000441946
,,,-8.86402e-008,-0.000220973
,,,-8.82402e-008,-0.000441946
,,,-8.78402e-008,0.000441946
,,,-8.74402e-008,-0.000220973
,,,-8.70402e-008,0.000220973
,,,-8.66402e-008,0
,,,-8.62402e-008,0.000441946
,,,-8.58402e-008,0.000220973
,,,-8.54402e-008,0.000662919
,,,-8.50402e-008,0.000441946
,,,-8.46402e-008,0.000220973
,,,-8.42402e-008,0.000441946
,,,-8.38402e-008,0.000662919
,,,-8.34402e-008,0.000662919
,,,-8.30402e-008,0.000883892
,,,-8.26402e-008,0
,,,-8.22402e-008,0
,,,-8.18402e-008,-0.000220973
,,,-8.14402e-008,0.000220973
,,,-8.10402e-008,-0.000220973
,,,-8.06402e-008,-0.000441946
,,,-8.02402e-008,-0.000220973
,,,-7.98402e-008,0.000441946
,,,-7.94402e-008,0.000883892
,,,-7.90402e-008,0
,,,-7.86402e-008,0
,,,-7.82402e-008,0.000441946
,,,-7.78402e-008,0.000441946
,,,-7.74402e-008,0.000662919
,,,-7.70402e-008,0.000441946
,,,-7.66402e-008,0.000220973
,,,-7.62402e-008,0.000441946
,,,-7.58402e-008,0.00110486
,,,-7.54402e-008,0.000662919
,,,-7.50402e-008,0.000220973
,,,-7.46402e-008,0.000441946
,,,-7.42402e-008,0.000220973
,,,-7.38402e-008,0
,,,-7.34402e-008,-0.000441946
,,,-7.30402e-008,-0.000441946
,,,-7.26402e-008,0
,,,-7.22402e-008,-0.000220973
,,,-7.18402e-008,0.000220973
,,,-7.14402e-008,0
,,,-7.10402e-008,0.000662919
,,,-7.06402e-008,0.000220973
,,,-7.02402e-008,0.000662919
,,,-6.98402e-008,-0.000220973
,,,-6.94402e-008,-0.000220973
,,,-6.90402e-008,0
,,,-6.86402e-008,0.000220973
,,,-6.82402e-008,-0.000220973
,,,-6.78402e-008,0.000883892
,,,-6.74402e-008,0.000662919
,,,-6.70402e-008,0.000220973
,,,-6.66402e-008,-0.000441946
,,,-6.62402e-008,0.000220973
,,,-6.58402e-008,0.000441946
,,,-6.54402e-008,0
,,,-6.50402e-008,-0.000441946
,,,-6.46402e-008,0
,,,-6.42402e-008,-0.000662919
,,,-6.38402e-008,0.000883892
,,,-6.34402e-008,0.000220973
,,,-6.30402e-008,0.000441946
,,,-6.26402e-008,0.000883892
,,,-6.22402e-008,0.00110486
,,,-6.18402e-008,0.000441946
,,,-6.14402e-008,0.000883892
,,,-6.10402e-008,0
,,,-6.06402e-008,-0.000220973
,,,-6.02402e-008,-0.000220973
,,,-5.98402e-008,0.000441946
,,,-5.94402e-008,0.000220973
,,,-5.90402e-008,0
,,,-5.86402e-008,0
,,,-5.82402e-008,0
,,,-5.78402e-008,0.000220973
,,,-5.74402e-008,-0.000220973
,,,-5.70402e-008,-0.000220973
,,,-5.66402e-008,0.000883892
,,,-5.62402e-008,-0.000220973
,,,-5.58402e-008,0
,,,-5.54402e-008,0
,,,-5.50402e-008,0.000662919
,,,-5.46402e-008,0.000883892
,,,-5.42402e-008,0.000883892
,,,-5.38402e-008,0.000441946
,,,-5.34402e-008,0.000220973
,,,-5.30402e-008,0.000662919
,,,-5.26402e-008,0.000441946
,,,-5.22402e-008,0.000883892
,,,-5.18402e-008,0.000662919
,,,-5.14402e-008,0
,,,-5.10402e-008,-0.000220973
,,,-5.06402e-008,0
,,,-5.02402e-008,0
,,,-4.98402e-008,0.000220973
,,,-4.94402e-008,-0.000662919
,,,-4.90402e-008,-0.000220973
,,,-4.86402e-008,0
,,,-4.82402e-008,0.000883892
,,,-4.78402e-008,0
,,,-4.74402e-008,0
,,,-4.70402e-008,-0.000220973
,,,-4.66402e-008,0.000220973
,,,-4.62402e-008,0.000220973
,,,-4.58402e-008,0.000220973
,,,-4.54402e-008,0.000441946
,,,-4.50402e-008,0.000441946
,,,-4.46402e-008,0.000662919
,,,-4.42402e-008,0
,,,-4.38402e-008,0.000220973
,,,-4.34402e-008,0.000220973
,,,-4.30402e-008,0.000662919
,,,-4.26402e-008,0.000662919
,,,-4.22402e-008,0.000662919
,,,-4.18402e-008,0.000441946
,,,-4.14402e-008,0.000662919
,,,-4.10402e-008,0.000441946
,,,-4.06402e-008,0.000441946
,,,-4.02402e-008,0.000220973
,,,-3.98402e-008,-0.000220973
,,,-3.94402e-008,0.000441946
,,,-3.90402e-008,0.000220973
,,,-3.86402e-008,0.000662919
,,,-3.82402e-008,0.000441946
,,,-3.78402e-008,0.000441946
,,,-3.74402e-008,0.000441946
,,,-3.70402e-008,0.000441946
,,,-3.66402e-008,0
,,,-3.62402e-008,-0.000220973
,,,-3.58402e-008,0
,,,-3.54402e-008,0.000441946
,,,-3.50402e-008,0.000441946
,,,-3.46402e-008,0.000883892
,,,-3.42402e-008,0
,,,-3.38402e-008,0.000220973
,,,-3.34402e-008,0.000220973
,,,-3.30402e-008,0.000662919
,,,-3.26402e-008,0.000662919
,,,-3.22402e-008,0
,,,-3.18402e-008,0
,,,-3.14402e-008,0
,,,-3.10402e-008,0.000220973
,,,-3.06402e-008,0.000441946
,,,-3.02402e-008,0.000662919
,,,-2.98402e-008,-0.000441946
,,,-2.94402e-008,0.000220973
,,,-2.90402e-008,0
,,,-2.86402e-008,0.000220973
,,,-2.82402e-008,0.000662919
,,,-2.78402e-008,0.000220973
,,,-2.74402e-008,0.000220973
,,,-2.70402e-008,0
,,,-2.66402e-008,0
,,,-2.62402e-008,0.000220973
,,,-2.58402e-008,0.000441946
,,,-2.54402e-008,-0.000220973
,,,-2.50402e-008,0.000220973
,,,-2.46402e-008,0.000220973
,,,-2.42402e-008,0
,,,-2.38402e-008,0.000220973
,,,-2.34402e-008,0.000220973
,,,-2.30402e-008,0.00110486
,,,-2.26402e-008,0.000220973
,,,-2.22402e-008,0.000441946
,,,-2.18402e-008,-0.000662919
,,,-2.14402e-008,-0.000220973
,,,-2.10402e-008,0.000441946
,,,-2.06402e-008,0.000441946
,,,-2.02402e-008,0
,,,-1.98402e-008,0
,,,-1.94402e-008,0.000220973
,,,-1.90402e-008,0
,,,-1.86402e-008,-0.000220973
,,,-1.82402e-008,0.000220973
,,,-1.78402e-008,0.000220973
,,,-1.74402e-008,-0.000441946
,,,-1.70402e-008,0.000220973
,,,-1.66402e-008,-0.000220973
,,,-1.62402e-008,0
,,,-1.58402e-008,0.000220973
,,,-1.54402e-008,0.000441946
,,,-1.50402e-008,0.000441946
,,,-1.46402e-008,0.000220973
,,,-1.42402e-008,-0.000220973
,,,-1.38402e-008,0.000220973
,,,-1.34402e-008,0
,,,-1.30402e-008,-0.000220973
,,,-1.26402e-008,0
,,,-1.22402e-008,-0.000441946
,,,-1.18402e-008,0.000883892
,,,-1.14402e-008,0
,,,-1.10402e-008,0.000441946
,,,-1.06402e-008,0.000220973
,,,-1.02402e-008,0
,,,-9.84018e-009,-0.000220973
,,,-9.44018e-009,-0.000662919
,,,-9.04018e-009,-0.000441946
,,,-8.64018e-009,-0.000220973
,,,-8.24018e-009,0
,,,-7.84018e-009,0.000220973
,,,-7.44018e-009,0.000883892
,,,-7.04018e-009,0
,,,-6.64018e-009,0
,,,-6.24018e-009,0.000662919
,,,-5.84018e-009,0
,,,-5.44018e-009,0.000883892
,,,-5.04018e-009,0.000662919
,,,-4.64018e-009,0.000220973
,,,-4.24018e-009,0
,,,-3.84018e-009,0.000662919
,,,-3.44018e-009,-0.000220973
,,,-3.04018e-009,-0.000441946
,,,-2.64018e-009,-0.00110486
,,,-2.24018e-009,0
,,,-1.84018e-009,0.000220973
,,,-1.44018e-009,-0.000220973
,,,-1.04018e-009,0
,,,-6.40178e-010,0.000662919
,,,-2.40178e-010,0.000441946
,,,1.59822e-010,0.000662919
,,,5.59822e-010,0
,,,9.59822e-010,0.00110486
,,,1.35982e-009,0.000220973
,,,1.75982e-009,0
,,,2.15982e-009,0.000220973
,,,2.55982e-009,0
,,,2.95982e-009,-0.000441946
,,,3.35982e-009,0.000220973
,,,3.75982e-009,0.000220973
,,,4.15982e-009,0.000441946
,,,4.55982e-009,-0.000220973
,,,4.95982e-009,0.000662919
,,,5.35982e-009,-0.000220973
,,,5.75982e-009,0.000662919
,,,6.15982e-009,0
,,,6.55982e-009,0.000441946
,,,6.95982e-009,-0.000220973
,,,7.35982e-009,-0.000883892
,,,7.75982e-009,0.000220973
,,,8.15982e-009,0.000883892
,,,8.55982e-009,0.000441946
,,,8.95982e-009,0.000662919
,,,9.35982e-009,0.00110486
,,,9.75982e-009,0.000220973
,,,1.01598e-008,-0.000220973
,,,1.05598e-008,0
,,,1.09598e-008,0.000220973
,,,1.13598e-008,0.000441946
,,,1.17598e-008,0
,,,1.21598e-008,0.000662919
,,,1.25598e-008,0.000441946
,,,1.29598e-008,0.000883892
,,,1.33598e-008,-0.000220973
,,,1.37598e-008,0.000220973
,,,1.41598e-008,0.000220973
,,,1.45598e-008,-0.000220973
,,,1.49598e-008,-0.000220973
,,,1.53598e-008,0
,,,1.57598e-008,0
,,,1.61598e-008,-0.000662919
,,,1.65598e-008,-0.000441946
,,,1.69598e-008,0
,,,1.73598e-008,0.000441946
,,,1.77598e-008,0.000220973
,,,1.81598e-008,0.000441946
,,,1.85598e-008,0.000220973
,,,1.89598e-008,0
,,,1.93598e-008,-0.000220973
,,,1.97598e-008,-0.000220973
,,,2.01598e-008,-0.000662919
,,,2.05598e-008,0.000220973
,,,2.09598e-008,0.000662919
,,,2.13598e-008,0.000441946
,,,2.17598e-008,-0.000441946
,,,2.21598e-008,0.000441946
,,,2.25598e-008,0.000220973
,,,2.29598e-008,0
,,,2.33598e-008,-0.000220973
,,,2.37598e-008,0.000220973
,,,2.41598e-008,0
,,,2.45598e-008,0
,,,2.49598e-008,0.000662919
,,,2.53598e-008,0.000662919
,,,2.57598e-008,0.000441946
,,,2.61598e-008,0.000662919
,,,2.65598e-008,0.000662919
,,,2.69598e-008,0
,,,2.73598e-008,0.000220973
,,,2.77598e-008,0.000441946
,,,2.81598e-008,0.000662919
,,,2.85598e-008,0.000220973
,,,2.89598e-008,0.000220973
,,,2.93598e-008,0
,,,2.97598e-008,0.000220973
,,,3.01598e-008,-0.000662919
,,,3.05598e-008,-0.000220973
,,,3.09598e-008,0.000441946
,,,3.13598e-008,0.000220973
,,,3.17598e-008,0
,,,3.21598e-008,0.000441946
,,,3.25598e-008,-0.000441946
,,,3.29598e-008,0.000883892
,,,3.33598e-008,0.000662919
,,,3.37598e-008,0.000441946
,,,3.41598e-008,-0.000220973
,,,3.45598e-008,0.000441946
,,,3.49598e-008,0
,,,3.53598e-008,0
,,,3.57598e-008,0.000883892
,,,3.61598e-008,0
,,,3.65598e-008,0.000220973
,,,3.69598e-008,0.000662919
,,,3.73598e-008,0.000220973
,,,3.77598e-008,0.000220973
,,,3.81598e-008,0.000220973
,,,3.85598e-008,0
,,,3.89598e-008,0
,,,3.93598e-008,0.000220973
,,,3.97598e-008,-0.000441946
,,,4.01598e-008,0
,,,4.05598e-008,0.000220973
,,,4.09598e-008,0.000441946
,,,4.13598e-008,0.000441946
,,,4.17598e-008,0.000441946
,,,4.21598e-008,-0.000220973
,,,4.25598e-008,0.000441946
,,,4.29598e-008,0.000662919
,,,4.33598e-008,0.000220973
,,,4.37598e-008,0.000662919
,,,4.41598e-008,0.000441946
,,,4.45598e-008,0.000662919
,,,4.49598e-008,0.000220973
,,,4.53598e-008,-0.000441946
,,,4.57598e-008,-0.000220973
,,,4.61598e-008,-0.000662919
,,,4.65598e-008,-0.000220973
,,,4.69598e-008,-0.000220973
,,,4.73598e-008,0
,,,4.77598e-008,0.000220973
,,,4.81598e-008,0.000220973
,,,4.85598e-008,-0.000220973
,,,4.89598e-008,0.000441946
,,,4.93598e-008,0
,,,4.97598e-008,0.000662919
,,,5.01598e-008,0.000441946
,,,5.05598e-008,0.000662919
,,,5.09598e-008,0
,,,5.13598e-008,0.000220973
,,,5.17598e-008,0.000441946
,,,5.21598e-008,0.000662919
,,,5.25598e-008,0.000220973
,,,5.29598e-008,0.000883892
,,,5.33598e-008,0.000441946
,,,5.37598e-008,0.000220973
,,,5.41598e-008,0
,,,5.45598e-008,0.000220973
,,,5.49598e-008,-0.000220973
,,,5.53598e-008,0.000220973
,,,5.57598e-008,-0.000220973
,,,5.61598e-008,-0.000441946
,,,5.65598e-008,0
,,,5.69598e-008,0
,,,5.73598e-008,0.000883892
,,,5.77598e-008,0
,,,5.81598e-008,0
,,,5.85598e-008,0.000662919
,,,5.89598e-008,0.000662919
,,,5.93598e-008,-0.000441946
,,,5.97598e-008,-0.000662919
,,,6.01598e-008,0.000441946
,,,6.05598e-008,0.000220973
,,,6.09598e-008,0.000220973
,,,6.13598e-008,0
,,,6.17598e-008,0
,,,6.21598e-008,-0.000662919
,,,6.25598e-008,-0.000441946
,,,6.29598e-008,-0.000220973
,,,6.33598e-008,0
,,,6.37598e-008,0
,,,6.41598e-008,0.000662919
,,,6.45598e-008,0.000220973
,,,6.49598e-008,0
,,,6.53598e-008,-0.000220973
,,,6.57598e-008,0.000220973
,,,6.61598e-008,-0.000220973
,,,6.65598e-008,-0.000220973
,,,6.69598e-008,0
,,,6.73598e-008,-0.000220973
,,,6.77598e-008,0.000441946
,,,6.81598e-008,0
,,,6.85598e-008,-0.000220973
,,,6.89598e-008,0
,,,6.93598e-008,0.000220973
,,,6.97598e-008,-0.000220973
,,,7.01598e-008,0
,,,7.05598e-008,0.000441946
,,,7.09598e-008,0
,,,7.13598e-008,0.000220973
,,,7.17598e-008,0
,,,7.21598e-008,0.000220973
,,,7.25598e-008,0
,,,7.29598e-008,0.000883892
,,,7.33598e-008,0
,,,7.37598e-008,0.000441946
,,,7.41598e-008,-0.000441946
,,,7.45598e-008,0.000220973
,,,7.49598e-008,-0.000662919
,,,7.53598e-008,0.000220973
,,,7.57598e-008,0.000662919
,,,7.61598e-008,0.000220973
,,,7.65598e-008,0.000441946
,,,7.69598e-008,0.000441946
,,,7.73598e-008,0.000220973
,,,7.77598e-008,0.000883892
,,,7.81598e-008,0.000441946
,,,7.85598e-008,0.000220973
,,,7.89598e-008,0.000220973
,,,7.93598e-008,0
,,,7.97598e-008,-0.000220973
,,,8.01598e-008,0.000220973
,,,8.05598e-008,0.000220973
,,,8.09598e-008,0.00110486
,,,8.13598e-008,0.00110486
,,,8.17598e-008,0.000662919
,,,8.21598e-008,0.000220973
,,,8.25598e-008,0.000441946
,,,8.29598e-008,0.000220973
,,,8.33598e-008,0.000441946
,,,8.37598e-008,0.000662919
,,,8.41598e-008,0.000220973
,,,8.45598e-008,0.000441946
,,,8.49598e-008,0.000662919
,,,8.53598e-008,0.000441946
,,,8.57598e-008,0.000220973
,,,8.61598e-008,0
,,,8.65598e-008,-0.000441946
,,,8.69598e-008,0.000220973
,,,8.73598e-008,0.000441946
,,,8.77598e-008,-0.000441946
,,,8.81598e-008,0.000220973
,,,8.85598e-008,0.000441946
,,,8.89598e-008,-0.000220973
,,,8.93598e-008,0.000220973
,,,8.97598e-008,0
,,,9.01598e-008,0.000220973
,,,9.05598e-008,0.000220973
,,,9.09598e-008,0.000883892
,,,9.13598e-008,0.000441946
,,,9.17598e-008,0
,,,9.21598e-008,0.000441946
,,,9.25598e-008,0.00110486
,,,9.29598e-008,0.000441946
,,,9.33598e-008,0.000662919
,,,9.37598e-008,0.000883892
,,,9.41598e-008,0.00198876
,,,9.45598e-008,0.00220973
,,,9.49598e-008,0.00331459
,,,9.53598e-008,0.00397751
,,,9.57598e-008,0.00508238
,,,9.61598e-008,0.00530335
,,,9.65598e-008,0.00685016
,,,9.69598e-008,0.00839697
,,,9.73598e-008,0.00950184
,,,9.77598e-008,0.0106067
,,,9.81598e-008,0.0119325
,,,9.85598e-008,0.0132584
,,,9.89598e-008,0.0141423
,,,9.93598e-008,0.0143632
,,,9.97598e-008,0.0150262
,,,1.0016e-007,0.0154681
,,,1.0056e-007,0.0152471
,,,1.0096e-007,0.016573
,,,1.0136e-007,0.0159101
,,,1.0176e-007,0.016573
,,,1.0216e-007,0.0176778
,,,1.0256e-007,0.0172359
,,,1.0296e-007,0.016352
,,,1.0336e-007,0.016573
,,,1.0376e-007,0.016131
,,,1.0416e-007,0.0176778
,,,1.0456e-007,0.0172359
,,,1.0496e-007,0.0181198
,,,1.0536e-007,0.0183408
,,,1.0576e-007,0.0170149
,,,1.0616e-007,0.0174569
,,,1.0656e-007,0.0174569
,,,1.0696e-007,0.0178988
,,,1.0736e-007,0.0172359
,,,1.0776e-007,0.0176778
,,,1.0816e-007,0.0176778
,,,1.0856e-007,0.0174569
,,,1.0896e-007,0.0176778
,,,1.0936e-007,0.0178988
,,,1.0976e-007,0.0181198
,,,1.1016e-007,0.0183408
,,,1.1056e-007,0.0176778
,,,1.1096e-007,0.0172359
,,,1.1136e-007,0.0167939
,,,1.1176e-007,0.0172359
,,,1.1216e-007,0.0178988
,,,1.1256e-007,0.0183408
,,,1.1296e-007,0.0181198
,,,1.1336e-007,0.0181198
,,,1.1376e-007,0.0185617
,,,1.1416e-007,0.0178988
,,,1.1456e-007,0.0183408
,,,1.1496e-007,0.0183408
,,,1.1536e-007,0.0174569
,,,1.1576e-007,0.0183408
,,,1.1616e-007,0.0174569
,,,1.1656e-007,0.0176778
,,,1.1696e-007,0.0170149
,,,1.1736e-007,0.0174569
,,,1.1776e-007,0.0170149
,,,1.1816e-007,0.0183408
,,,1.1856e-007,0.0167939
,,,1.1896e-007,0.0176778
,,,1.1936e-007,0.0172359
,,,1.1976e-007,0.0174569
,,,1.2016e-007,0.0178988
,,,1.2056e-007,0.0183408
,,,1.2096e-007,0.0183408
,,,1.2136e-007,0.0181198
,,,1.2176e-007,0.0185617
,,,1.2216e-007,0.0187827
,,,1.2256e-007,0.0192246
,,,1.2296e-007,0.0194456
,,,1.2336e-007,0.0198876
,,,1.2376e-007,0.0194456
,,,1.2416e-007,0.0203295
,,,1.2456e-007,0.0201085
,,,1.2496e-007,0.0207715
,,,1.2536e-007,0.0207715
,,,1.2576e-007,0.0205505
,,,1.2616e-007,0.0203295
,,,1.2656e-007,0.0207715
,,,1.2696e-007,0.0205505
,,,1.2736e-007,0.0203295
,,,1.2776e-007,0.0196666
,,,1.2816e-007,0.0192246
,,,1.2856e-007,0.0190037
,,,1.2896e-007,0.0190037
,,,1.2936e-007,0.0185617
,,,1.2976e-007,0.0181198
,,,1.3016e-007,0.0178988
,,,1.3056e-007,0.0176778
,,,1.3096e-007,0.0181198
,,,1.3136e-007,0.0172359
,,,1.3176e-007,0.0181198
,,,1.3216e-007,0.0174569
,,,1.3256e-007,0.0170149
,,,1.3296e-007,0.0174569
,,,1.3336e-007,0.0172359
,,,1.3376e-007,0.0172359
,,,1.3416e-007,0.0167939
,,,1.3456e-007,0.016573
,,,1.3496e-007,0.016352
,,,1.3536e-007,0.016573
,,,1.3576e-007,0.016131
,,,1.3616e-007,0.0159101
,,,1.3656e-007,0.016352
,,,1.3696e-007,0.0170149
,,,1.3736e-007,0.0154681
,,,1.3776e-007,0.016573
,,,1.3816e-007,0.0156891
,,,1.3856e-007,0.016573
,,,1.3896e-007,0.0154681
,,,1.3936e-007,0.0156891
,,,1.3976e-007,0.016131
,,,1.4016e-007,0.016352
,,,1.4056e-007,0.016131
,,,1.4096e-007,0.0159101
,,,1.4136e-007,0.016573
,,,1.4176e-007,0.0159101
,,,1.4216e-007,0.0159101
,,,1.4256e-007,0.0152471
,,,1.4296e-007,0.0152471
,,,1.4336e-007,0.0154681
,,,1.4376e-007,0.0154681
,,,1.4416e-007,0.0148052
,,,1.4456e-007,0.0145842
,,,1.4496e-007,0.0154681
,,,1.4536e-007,0.0154681
,,,1.4576e-007,0.0148052
,,,1.4616e-007,0.0150262
,,,1.4656e-007,0.0143632
,,,1.4696e-007,0.0148052
,,,1.4736e-007,0.0148052
,,,1.4776e-007,0.0150262
,,,1.4816e-007,0.0148052
,,,1.4856e-007,0.0154681
,,,1.4896e-007,0.0145842
,,,1.4936e-007,0.0139213
,,,1.4976e-007,0.0139213
,,,1.5016e-007,0.0145842
,,,1.5056e-007,0.0143632
,,,1.5096e-007,0.0137003
,,,1.5136e-007,0.0139213
,,,1.5176e-007,0.0143632
,,,1.5216e-007,0.0143632
,,,1.5256e-007,0.0141423
,,,1.5296e-007,0.0139213
,,,1.5336e-007,0.0132584
,,,1.5376e-007,0.0143632
,,,1.5416e-007,0.0139213
,,,1.5456e-007,0.0139213
,,,1.5496e-007,0.0141423
,,,1.5536e-007,0.0130374
,,,1.5576e-007,0.0125955
,,,1.5616e-007,0.0132584
,,,1.5656e-007,0.0123745
,,,1.5696e-007,0.0121535
,,,1.5736e-007,0.0112696
,,,1.5776e-007,0.0123745
,,,1.5816e-007,0.0117116
,,,1.5856e-007,0.0121535
,,,1.5896e-007,0.0117116
,,,1.5936e-007,0.0125955
,,,1.5976e-007,0.0112696
,,,1.6016e-007,0.0117116
,,,1.6056e-007,0.0119325
,,,1.6096e-007,0.0125955
,,,1.6136e-007,0.0117116
,,,1.6176e-007,0.0119325
,,,1.6216e-007,0.0121535
,,,1.6256e-007,0.0123745
,,,1.6296e-007,0.0130374
,,,1.6336e-007,0.0123745
,,,1.6376e-007,0.0128164
,,,1.6416e-007,0.0128164
,,,1.6456e-007,0.0121535
,,,1.6496e-007,0.0119325
,,,1.6536e-007,0.0130374
,,,1.6576e-007,0.0128164
,,,1.6616e-007,0.0125955
,,,1.6656e-007,0.0119325
,,,1.6696e-007,0.0123745
,,,1.6736e-007,0.0123745
,,,1.6776e-007,0.0125955
,,,1.6816e-007,0.0125955
,,,1.6856e-007,0.0125955
,,,1.6896e-007,0.0128164
,,,1.6936e-007,0.0125955
,,,1.6976e-007,0.0117116
,,,1.7016e-007,0.0117116
,,,1.7056e-007,0.0128164
,,,1.7096e-007,0.0117116
,,,1.7136e-007,0.0125955
,,,1.7176e-007,0.0137003
,,,1.7216e-007,0.0123745
,,,1.7256e-007,0.0123745
,,,1.7296e-007,0.0125955
,,,1.7336e-007,0.0123745
,,,1.7376e-007,0.0121535
,,,1.7416e-007,0.0119325
,,,1.7456e-007,0.0128164
,,,1.7496e-007,0.0123745
,,,1.7536e-007,0.0119325
,,,1.7576e-007,0.0123745
,,,1.7616e-007,0.0125955
,,,1.7656e-007,0.0123745
,,,1.7696e-007,0.0137003
,,,1.7736e-007,0.0128164
,,,1.7776e-007,0.0128164
,,,1.7816e-007,0.0128164
,,,1.7856e-007,0.0128164
,,,1.7896e-007,0.0128164
,,,1.7936e-007,0.0121535
,,,1.7976e-007,0.0121535
,,,1.8016e-007,0.0121535
,,,1.8056e-007,0.0125955
,,,1.8096e-007,0.0123745
,,,1.8136e-007,0.0119325
,,,1.8176e-007,0.0121535
,,,1.8216e-007,0.0125955
,,,1.8256e-007,0.0123745
,,,1.8296e-007,0.0119325
,,,1.8336e-007,0.0106067
,,,1.8376e-007,0.0119325
,,,1.8416e-007,0.0114906
,,,1.8456e-007,0.0125955
,,,1.8496e-007,0.0132584
,,,1.8536e-007,0.0123745
,,,1.8576e-007,0.0123745
,,,1.8616e-007,0.0125955
,,,1.8656e-007,0.0128164
,,,1.8696e-007,0.0128164
,,,1.8736e-007,0.0130374
,,,1.8776e-007,0.0121535
,,,1.8816e-007,0.0132584
,,,1.8856e-007,0.0132584
,,,1.8896e-007,0.0130374
,,,1.8936e-007,0.0130374
,,,1.8976e-007,0.0128164
,,,1.9016e-007,0.0139213
,,,1.9056e-007,0.0130374
,,,1.9096e-007,0.0130374
,,,1.9136e-007,0.0132584
,,,1.9176e-007,0.0134794
,,,1.9216e-007,0.0137003
,,,1.9256e-007,0.0134794
,,,1.9296e-007,0.0130374
,,,1.9336e-007,0.0139213
,,,1.9376e-007,0.0137003
,,,1.9416e-007,0.0130374
,,,1.9456e-007,0.0137003
,,,1.9496e-007,0.0132584
,,,1.9536e-007,0.0141423
,,,1.9576e-007,0.0134794
,,,1.9616e-007,0.0132584
,,,1.9656e-007,0.0137003
,,,1.9696e-007,0.0137003
,,,1.9736e-007,0.0123745
,,,1.9776e-007,0.0130374
,,,1.9816e-007,0.0137003
,,,1.9856e-007,0.0123745
,,,1.9896e-007,0.0125955
,,,1.9936e-007,0.0125955
,,,1.9976e-007,0.0125955
,,,2.0016e-007,0.0132584
,,,2.0056e-007,0.0123745
,,,2.0096e-007,0.0132584
,,,2.0136e-007,0.0125955
,,,2.0176e-007,0.0130374
,,,2.0216e-007,0.0123745
,,,2.0256e-007,0.0128164
,,,2.0296e-007,0.0119325
,,,2.0336e-007,0.0114906
,,,2.0376e-007,0.0121535
,,,2.0416e-007,0.0119325
,,,2.0456e-007,0.0112696
,,,2.0496e-007,0.0119325
,,,2.0536e-007,0.0112696
,,,2.0576e-007,0.0106067
,,,2.0616e-007,0.0112696
,,,2.0656e-007,0.0106067
,,,2.0696e-007,0.0101648
,,,2.0736e-007,0.00994378
,,,2.0776e-007,0.0101648
,,,2.0816e-007,0.00950184
,,,2.0856e-007,0.00950184
,,,2.0896e-007,0.00905989
,,,2.0936e-007,0.00861795
,,,2.0976e-007,0.00905989
,,,2.1016e-007,0.00861795
,,,2.1056e-007,0.00839697
,,,2.1096e-007,0.008176
,,,2.1136e-007,0.00685016
,,,2.1176e-007,0.00751308
,,,2.1216e-007,0.00640822
,,,2.1256e-007,0.00640822
,,,2.1296e-007,0.00508238
,,,2.1336e-007,0.00508238
,,,2.1376e-007,0.00486141
,,,2.1416e-007,0.00486141
,,,2.1456e-007,0.00441946
,,,2.1496e-007,0.00441946
,,,2.1536e-007,0.00397751
,,,2.1576e-007,0.00309362
,,,2.1616e-007,0.00265168
,,,2.1656e-007,0.00309362
,,,2.1696e-007,0.00375654
,,,2.1736e-007,0.00287265
,,,2.1776e-007,0.00309362
,,,2.1816e-007,0.00265168
,,,2.1856e-007,0.00265168
,,,2.1896e-007,0.00220973
,,,2.1936e-007,0.00176778
,,,2.1976e-007,0.00176778
,,,2.2016e-007,0.0024307
,,,2.2056e-007,0.00220973
,,,2.2096e-007,0.00198876
,,,2.2136e-007,0.00132584
,,,2.2176e-007,0.00198876
,,,2.2216e-007,0.00198876
,,,2.2256e-007,0.00132584
,,,2.2296e-007,0.00154681
,,,2.2336e-007,0.00220973
,,,2.2376e-007,0.00132584
,,,2.2416e-007,0.00176778
,,,2.2456e-007,0.00176778
,,,2.2496e-007,0.000662919
,,,2.2536e-007,0.00132584
,,,2.2576e-007,0.00132584
,,,2.2616e-007,0.00110486
,,,2.2656e-007,0.000883892
,,,2.2696e-007,0.00110486
,,,2.2736e-007,0.000441946
,,,2.2776e-007,0.00176778
,,,2.2816e-007,0.00110486
,,,2.2856e-007,0.000441946
,,,2.2896e-007,0.000883892
,,,2.2936e-007,0.000220973
,,,2.2976e-007,0.00110486
,,,2.3016e-007,0.000220973
,,,2.3056e-007,0.000220973
,,,2.3096e-007,0.000662919
,,,2.3136e-007,0.000883892
,,,2.3176e-007,0.000441946
,,,2.3216e-007,0.000662919
,,,2.3256e-007,0.000441946
,,,2.3296e-007,0.000220973
,,,2.3336e-007,0.000662919
,,,2.3376e-007,0.000883892
,,,2.3416e-007,-0.000220973
,,,2.3456e-007,0.000883892
,,,2.3496e-007,0.000220973
,,,2.3536e-007,-0.000220973
,,,2.3576e-007,0
,,,2.3616e-007,-0.000662919
,,,2.3656e-007,0
,,,2.3696e-007,0
,,,2.3736e-007,-0.000883892
,,,2.3776e-007,0
,,,2.3816e-007,-0.000662919
,,,2.3856e-007,-0.000220973
,,,2.3896e-007,-0.000662919
,,,2.3936e-007,-0.000662919
,,,2.3976e-007,-0.000662919
,,,2.4016e-007,-0.000662919
,,,2.4056e-007,-0.00132584
,,,2.4096e-007,-0.000441946
,,,2.4136e-007,-0.000662919
,,,2.4176e-007,-0.000662919
,,,2.4216e-007,0.000220973
,,,2.4256e-007,-0.000220973
,,,2.4296e-007,-0.000220973
,,,2.4336e-007,-0.000662919
,,,2.4376e-007,-0.000441946
,,,2.4416e-007,0
,,,2.4456e-007,0.000220973
,,,2.4496e-007,0.000441946
,,,2.4536e-007,-0.000220973
,,,2.4576e-007,-0.000220973
,,,2.4616e-007,-0.000441946
,,,2.4656e-007,-0.000441946
,,,2.4696e-007,0
,,,2.4736e-007,-0.000441946
,,,2.4776e-007,0
,,,2.4816e-007,-0.000220973
,,,2.4856e-007,0
,,,2.4896e-007,0.00110486
,,,2.4936e-007,0.000441946
,,,2.4976e-007,-0.000441946
,,,2.5016e-007,-0.000220973
