"Record Length",1252,"Points",-2.50327e-007,-0.000220973
"Sample Interval",4e-010,s,-2.49927e-007,0.000441946
"Trigger Point",625,"Samples",-2.49527e-007,0
"Trigger Time",0.817366,s,-2.49127e-007,-0.000220973
,,,-2.48727e-007,0
"Horizontal Offset",-2.50327e-007,s,-2.48327e-007,0.000441946
,,,-2.47927e-007,0.000220973
,,,-2.47527e-007,0.000441946
,,,-2.47127e-007,-0.000662919
,,,-2.46727e-007,-0.000441946
,,,-2.46327e-007,0.000220973
,,,-2.45927e-007,0
,,,-2.45527e-007,0.000220973
,,,-2.45127e-007,-0.000441946
,,,-2.44727e-007,0
,,,-2.44327e-007,0
,,,-2.43927e-007,0
,,,-2.43527e-007,0.000220973
,,,-2.43127e-007,0.000662919
,,,-2.42727e-007,0.000220973
,,,-2.42327e-007,0.000441946
,,,-2.41927e-007,0
,,,-2.41527e-007,0.000220973
,,,-2.41127e-007,-0.000220973
,,,-2.40727e-007,0.000662919
,,,-2.40327e-007,0.000220973
,,,-2.39927e-007,0.00110486
,,,-2.39527e-007,0
,,,-2.39127e-007,0
,,,-2.38727e-007,0.000441946
,,,-2.38327e-007,0.000220973
,,,-2.37927e-007,0
,,,-2.37527e-007,0
,,,-2.37127e-007,0
,,,-2.36727e-007,0.000662919
,,,-2.36327e-007,0
,,,-2.35927e-007,0.000220973
,,,-2.35527e-007,0
,,,-2.35127e-007,-0.000220973
,,,-2.34727e-007,-0.000883892
,,,-2.34327e-007,0.00110486
,,,-2.33927e-007,0
,,,-2.33527e-007,-0.000220973
,,,-2.33127e-007,-0.000220973
,,,-2.32727e-007,0.000441946
,,,-2.32327e-007,-0.000220973
,,,-2.31927e-007,0.000441946
,,,-2.31527e-007,0
,,,-2.31127e-007,0
,,,-2.30727e-007,-0.000441946
,,,-2.30327e-007,0
,,,-2.29927e-007,0
,,,-2.29527e-007,0.000441946
,,,-2.29127e-007,0
,,,-2.28727e-007,-0.000662919
,,,-2.28327e-007,0
,,,-2.27927e-007,0.000662919
,,,-2.27527e-007,0.000220973
,,,-2.27127e-007,0
,,,-2.26727e-007,-0.000441946
,,,-2.26327e-007,-0.000220973
,,,-2.25927e-007,-0.000441946
,,,-2.25527e-007,0.000441946
,,,-2.25127e-007,0.000220973
,,,-2.24727e-007,0.000662919
,,,-2.24327e-007,0.000883892
,,,-2.23927e-007,-0.000220973
,,,-2.23527e-007,0
,,,-2.23127e-007,0.000441946
,,,-2.22727e-007,0.000662919
,,,-2.22327e-007,-0.000441946
,,,-2.21927e-007,0
,,,-2.21527e-007,-0.000441946
,,,-2.21127e-007,0.000220973
,,,-2.20727e-007,0.000662919
,,,-2.20327e-007,0.000220973
,,,-2.19927e-007,0.000441946
,,,-2.19527e-007,0.00110486
,,,-2.19127e-007,-0.000441946
,,,-2.18727e-007,0
,,,-2.18327e-007,0.000220973
,,,-2.17927e-007,0.000220973
,,,-2.17527e-007,0
,,,-2.17127e-007,0.000220973
,,,-2.16727e-007,0.000220973
,,,-2.16327e-007,0.000220973
,,,-2.15927e-007,0.000220973
,,,-2.15527e-007,-0.000220973
,,,-2.15127e-007,0
,,,-2.14727e-007,0
,,,-2.14327e-007,-0.000441946
,,,-2.13927e-007,0.000662919
,,,-2.13527e-007,0.000662919
,,,-2.13127e-007,-0.000441946
,,,-2.12727e-007,-0.000441946
,,,-2.12327e-007,0.000662919
,,,-2.11927e-007,0.000662919
,,,-2.11527e-007,0.000220973
,,,-2.11127e-007,0.000441946
,,,-2.10727e-007,0
,,,-2.10327e-007,0.000662919
,,,-2.09927e-007,0.000220973
,,,-2.09527e-007,0.000662919
,,,-2.09127e-007,0.000220973
,,,-2.08727e-007,0.000662919
,,,-2.08327e-007,-0.000441946
,,,-2.07927e-007,0
,,,-2.07527e-007,-0.000220973
,,,-2.07127e-007,-0.000441946
,,,-2.06727e-007,0
,,,-2.06327e-007,0
,,,-2.05927e-007,-0.000441946
,,,-2.05527e-007,-0.000441946
,,,-2.05127e-007,-0.000220973
,,,-2.04727e-007,0
,,,-2.04327e-007,-0.000220973
,,,-2.03927e-007,0.000662919
,,,-2.03527e-007,0
,,,-2.03127e-007,0.000220973
,,,-2.02727e-007,-0.000883892
,,,-2.02327e-007,-0.000220973
,,,-2.01927e-007,0
,,,-2.01527e-007,0.000441946
,,,-2.01127e-007,-0.000220973
,,,-2.00727e-007,0
,,,-2.00327e-007,0.000220973
,,,-1.99927e-007,-0.000220973
,,,-1.99527e-007,0
,,,-1.99127e-007,0.000441946
,,,-1.98727e-007,-0.000220973
,,,-1.98327e-007,-0.000441946
,,,-1.97927e-007,0.000220973
,,,-1.97527e-007,0.000220973
,,,-1.97127e-007,0
,,,-1.96727e-007,0.000441946
,,,-1.96327e-007,0
,,,-1.95927e-007,0.000441946
,,,-1.95527e-007,0.000662919
,,,-1.95127e-007,0
,,,-1.94727e-007,0.000220973
,,,-1.94327e-007,0.000883892
,,,-1.93927e-007,0
,,,-1.93527e-007,-0.000220973
,,,-1.93127e-007,0.000220973
,,,-1.92727e-007,0.000441946
,,,-1.92327e-007,0.000662919
,,,-1.91927e-007,0
,,,-1.91527e-007,0.000441946
,,,-1.91127e-007,0
,,,-1.90727e-007,-0.000441946
,,,-1.90327e-007,-0.000441946
,,,-1.89927e-007,-0.000662919
,,,-1.89527e-007,0.000220973
,,,-1.89127e-007,0
,,,-1.88727e-007,-0.000220973
,,,-1.88327e-007,0.000662919
,,,-1.87927e-007,0
,,,-1.87527e-007,0.000220973
,,,-1.87127e-007,0.000883892
,,,-1.86727e-007,0
,,,-1.86327e-007,0.000662919
,,,-1.85927e-007,0.000441946
,,,-1.85527e-007,0
,,,-1.85127e-007,0.000220973
,,,-1.84727e-007,0.000441946
,,,-1.84327e-007,-0.000220973
,,,-1.83927e-007,0.000220973
,,,-1.83527e-007,0.000662919
,,,-1.83127e-007,-0.000220973
,,,-1.82727e-007,0
,,,-1.82327e-007,-0.000220973
,,,-1.81927e-007,-0.000662919
,,,-1.81527e-007,0.000441946
,,,-1.81127e-007,0.000662919
,,,-1.80727e-007,0.000883892
,,,-1.80327e-007,-0.000220973
,,,-1.79927e-007,0.000441946
,,,-1.79527e-007,0.000662919
,,,-1.79127e-007,0
,,,-1.78727e-007,-0.000441946
,,,-1.78327e-007,0.000662919
,,,-1.77927e-007,-0.000441946
,,,-1.77527e-007,0.000662919
,,,-1.77127e-007,0.000441946
,,,-1.76727e-007,0.000441946
,,,-1.76327e-007,0.000883892
,,,-1.75927e-007,0.000441946
,,,-1.75527e-007,0.000220973
,,,-1.75127e-007,-0.000220973
,,,-1.74727e-007,0.000220973
,,,-1.74327e-007,0.000441946
,,,-1.73927e-007,0.000220973
,,,-1.73527e-007,-0.000441946
,,,-1.73127e-007,-0.000441946
,,,-1.72727e-007,0.000662919
,,,-1.72327e-007,0.000220973
,,,-1.71927e-007,0.000441946
,,,-1.71527e-007,0.000441946
,,,-1.71127e-007,0.000220973
,,,-1.70727e-007,-0.000441946
,,,-1.70327e-007,0.000220973
,,,-1.69927e-007,0.000220973
,,,-1.69527e-007,0
,,,-1.69127e-007,0.000441946
,,,-1.68727e-007,0.000220973
,,,-1.68327e-007,0
,,,-1.67927e-007,0.000220973
,,,-1.67527e-007,0.000220973
,,,-1.67127e-007,0.000220973
,,,-1.66727e-007,0
,,,-1.66327e-007,-0.000441946
,,,-1.65927e-007,0.000220973
,,,-1.65527e-007,-0.000441946
,,,-1.65127e-007,0
,,,-1.64727e-007,0.000441946
,,,-1.64327e-007,0.000441946
,,,-1.63927e-007,0
,,,-1.63527e-007,0.000441946
,,,-1.63127e-007,0.000662919
,,,-1.62727e-007,0
,,,-1.62327e-007,0
,,,-1.61927e-007,0.000220973
,,,-1.61527e-007,-0.000220973
,,,-1.61127e-007,0.000220973
,,,-1.60727e-007,0
,,,-1.60327e-007,0.000220973
,,,-1.59927e-007,0
,,,-1.59527e-007,0
,,,-1.59127e-007,0
,,,-1.58727e-007,0.000441946
,,,-1.58327e-007,-0.000220973
,,,-1.57927e-007,-0.000220973
,,,-1.57527e-007,-0.000220973
,,,-1.57127e-007,-0.00110486
,,,-1.56727e-007,-0.000220973
,,,-1.56327e-007,-0.000220973
,,,-1.55927e-007,0.000662919
,,,-1.55527e-007,0
,,,-1.55127e-007,0.000220973
,,,-1.54727e-007,0
,,,-1.54327e-007,-0.000662919
,,,-1.53927e-007,0.000220973
,,,-1.53527e-007,-0.000220973
,,,-1.53127e-007,0
,,,-1.52727e-007,-0.000220973
,,,-1.52327e-007,-0.000220973
,,,-1.51927e-007,-0.000441946
,,,-1.51527e-007,-0.000220973
,,,-1.51127e-007,-0.000662919
,,,-1.50727e-007,-0.000220973
,,,-1.50327e-007,-0.000220973
,,,-1.49927e-007,-0.000441946
,,,-1.49527e-007,0
,,,-1.49127e-007,0
,,,-1.48727e-007,0
,,,-1.48327e-007,-0.000662919
,,,-1.47927e-007,0
,,,-1.47527e-007,-0.000441946
,,,-1.47127e-007,0
,,,-1.46727e-007,0.000220973
,,,-1.46327e-007,0.000441946
,,,-1.45927e-007,-0.000220973
,,,-1.45527e-007,-0.000441946
,,,-1.45127e-007,0.000220973
,,,-1.44727e-007,0.000441946
,,,-1.44327e-007,0.000220973
,,,-1.43927e-007,0.000441946
,,,-1.43527e-007,-0.000220973
,,,-1.43127e-007,0
,,,-1.42727e-007,-0.000441946
,,,-1.42327e-007,-0.000441946
,,,-1.41927e-007,0
,,,-1.41527e-007,0.000220973
,,,-1.41127e-007,-0.000441946
,,,-1.40727e-007,0.000220973
,,,-1.40327e-007,-0.000220973
,,,-1.39927e-007,0.000220973
,,,-1.39527e-007,0
,,,-1.39127e-007,0.000441946
,,,-1.38727e-007,0.000220973
,,,-1.38327e-007,0.000220973
,,,-1.37927e-007,0.000662919
,,,-1.37527e-007,0
,,,-1.37127e-007,0.000220973
,,,-1.36727e-007,0.000220973
,,,-1.36327e-007,0.000220973
,,,-1.35927e-007,0.000441946
,,,-1.35527e-007,0.000220973
,,,-1.35127e-007,0
,,,-1.34727e-007,0.000220973
,,,-1.34327e-007,0.000662919
,,,-1.33927e-007,0.000220973
,,,-1.33527e-007,0.000220973
,,,-1.33127e-007,-0.000441946
,,,-1.32727e-007,-0.000441946
,,,-1.32327e-007,0.000220973
,,,-1.31927e-007,0.000441946
,,,-1.31527e-007,0
,,,-1.31127e-007,0
,,,-1.30727e-007,-0.000441946
,,,-1.30327e-007,0
,,,-1.29927e-007,0.000220973
,,,-1.29527e-007,0.000441946
,,,-1.29127e-007,0
,,,-1.28727e-007,-0.000220973
,,,-1.28327e-007,0.000220973
,,,-1.27927e-007,0.000220973
,,,-1.27527e-007,0
,,,-1.27127e-007,0.000220973
,,,-1.26727e-007,-0.000220973
,,,-1.26327e-007,0.000441946
,,,-1.25927e-007,-0.000441946
,,,-1.25527e-007,0
,,,-1.25127e-007,0
,,,-1.24727e-007,0.000441946
,,,-1.24327e-007,0.000220973
,,,-1.23927e-007,0.000662919
,,,-1.23527e-007,0.000662919
,,,-1.23127e-007,0.000220973
,,,-1.22727e-007,-0.000441946
,,,-1.22327e-007,-0.000883892
,,,-1.21927e-007,-0.000220973
,,,-1.21527e-007,0.000220973
,,,-1.21127e-007,0
,,,-1.20727e-007,-0.000220973
,,,-1.20327e-007,0.000220973
,,,-1.19927e-007,0.000662919
,,,-1.19527e-007,-0.000220973
,,,-1.19127e-007,0.000220973
,,,-1.18727e-007,0.000441946
,,,-1.18327e-007,0
,,,-1.17927e-007,0.000220973
,,,-1.17527e-007,0.000220973
,,,-1.17127e-007,-0.000441946
,,,-1.16727e-007,-0.000441946
,,,-1.16327e-007,-0.000662919
,,,-1.15927e-007,0.000220973
,,,-1.15527e-007,0
,,,-1.15127e-007,-0.000441946
,,,-1.14727e-007,-0.000220973
,,,-1.14327e-007,0.00110486
,,,-1.13927e-007,0.000220973
,,,-1.13527e-007,-0.000220973
,,,-1.13127e-007,0.000441946
,,,-1.12727e-007,0.000883892
,,,-1.12327e-007,0
,,,-1.11927e-007,0.000441946
,,,-1.11527e-007,0.000220973
,,,-1.11127e-007,0
,,,-1.10727e-007,0
,,,-1.10327e-007,-0.000220973
,,,-1.09927e-007,-0.00110486
,,,-1.09527e-007,-0.000220973
,,,-1.09127e-007,-0.000441946
,,,-1.08727e-007,0.000220973
,,,-1.08327e-007,0.000220973
,,,-1.07927e-007,0.00132584
,,,-1.07527e-007,0
,,,-1.07127e-007,0.000883892
,,,-1.06727e-007,-0.000220973
,,,-1.06327e-007,0.000441946
,,,-1.05927e-007,-0.000220973
,,,-1.05527e-007,0.000662919
,,,-1.05127e-007,0
,,,-1.04727e-007,0.000441946
,,,-1.04327e-007,0
,,,-1.03927e-007,0
,,,-1.03527e-007,0.000220973
,,,-1.03127e-007,0
,,,-1.02727e-007,0
,,,-1.02327e-007,0.000220973
,,,-1.01927e-007,0.000441946
,,,-1.01527e-007,0.000441946
,,,-1.01127e-007,0
,,,-1.00727e-007,-0.000441946
,,,-1.00327e-007,-0.000441946
,,,-9.99269e-008,0.000220973
,,,-9.95269e-008,0.000662919
,,,-9.91269e-008,0.000220973
,,,-9.87269e-008,-0.000220973
,,,-9.83269e-008,0
,,,-9.79269e-008,-0.000220973
,,,-9.75269e-008,0
,,,-9.71269e-008,0
,,,-9.67269e-008,0
,,,-9.63269e-008,-0.000220973
,,,-9.59269e-008,0.000220973
,,,-9.55269e-008,-0.000220973
,,,-9.51269e-008,-0.000220973
,,,-9.47269e-008,0
,,,-9.43269e-008,0
,,,-9.39269e-008,0
,,,-9.35269e-008,0.000441946
,,,-9.31269e-008,-0.000441946
,,,-9.27269e-008,0
,,,-9.23269e-008,0.000662919
,,,-9.19269e-008,0
,,,-9.15269e-008,0.000220973
,,,-9.11269e-008,0.000220973
,,,-9.07269e-008,0
,,,-9.03269e-008,0
,,,-8.99269e-008,0.000662919
,,,-8.95269e-008,-0.000220973
,,,-8.91269e-008,0
,,,-8.87269e-008,0
,,,-8.83269e-008,-0.000220973
,,,-8.79269e-008,0
,,,-8.75269e-008,0.000441946
,,,-8.71269e-008,0.000220973
,,,-8.67269e-008,-0.000220973
,,,-8.63269e-008,-0.000220973
,,,-8.59269e-008,-0.000220973
,,,-8.55269e-008,0.000220973
,,,-8.51269e-008,0.000220973
,,,-8.47269e-008,-0.000662919
,,,-8.43269e-008,-0.000441946
,,,-8.39269e-008,-0.000220973
,,,-8.35269e-008,0
,,,-8.31269e-008,-0.000220973
,,,-8.27269e-008,-0.000441946
,,,-8.23269e-008,0
,,,-8.19269e-008,-0.000220973
,,,-8.15269e-008,-0.000220973
,,,-8.11269e-008,0
,,,-8.07269e-008,-0.000883892
,,,-8.03269e-008,-0.000441946
,,,-7.99269e-008,0.000220973
,,,-7.95269e-008,0
,,,-7.91269e-008,-0.000220973
,,,-7.87269e-008,0.000220973
,,,-7.83269e-008,-0.000220973
,,,-7.79269e-008,-0.000220973
,,,-7.75269e-008,-0.000220973
,,,-7.71269e-008,-0.000662919
,,,-7.67269e-008,0.000220973
,,,-7.63269e-008,-0.000441946
,,,-7.59269e-008,0
,,,-7.55269e-008,-0.000441946
,,,-7.51269e-008,0.000441946
,,,-7.47269e-008,-0.000220973
,,,-7.43269e-008,0
,,,-7.39269e-008,0.000662919
,,,-7.35269e-008,0
,,,-7.31269e-008,0
,,,-7.27269e-008,0.000441946
,,,-7.23269e-008,-0.000220973
,,,-7.19269e-008,0.000883892
,,,-7.15269e-008,-0.000441946
,,,-7.11269e-008,0
,,,-7.07269e-008,-0.000441946
,,,-7.03269e-008,-0.000662919
,,,-6.99269e-008,0.000220973
,,,-6.95269e-008,0.000220973
,,,-6.91269e-008,0.000441946
,,,-6.87269e-008,0
,,,-6.83269e-008,0.000441946
,,,-6.79269e-008,0.000220973
,,,-6.75269e-008,0.000441946
,,,-6.71269e-008,-0.000220973
,,,-6.67269e-008,-0.000441946
,,,-6.63269e-008,-0.000441946
,,,-6.59269e-008,-0.000220973
,,,-6.55269e-008,0
,,,-6.51269e-008,-0.000220973
,,,-6.47269e-008,0.000220973
,,,-6.43269e-008,0
,,,-6.39269e-008,0.000662919
,,,-6.35269e-008,0.000220973
,,,-6.31269e-008,-0.000220973
,,,-6.27269e-008,-0.000220973
,,,-6.23269e-008,0
,,,-6.19269e-008,0.000441946
,,,-6.15269e-008,-0.000220973
,,,-6.11269e-008,-0.000441946
,,,-6.07269e-008,-0.000220973
,,,-6.03269e-008,0
,,,-5.99269e-008,0.000441946
,,,-5.95269e-008,0.000220973
,,,-5.91269e-008,-0.000662919
,,,-5.87269e-008,-0.000441946
,,,-5.83269e-008,0
,,,-5.79269e-008,-0.000441946
,,,-5.75269e-008,0.000441946
,,,-5.71269e-008,-0.000220973
,,,-5.67269e-008,-0.000662919
,,,-5.63269e-008,0.000441946
,,,-5.59269e-008,0
,,,-5.55269e-008,-0.000441946
,,,-5.51269e-008,0
,,,-5.47269e-008,0.000220973
,,,-5.43269e-008,-0.000220973
,,,-5.39269e-008,-0.000441946
,,,-5.35269e-008,0.000441946
,,,-5.31269e-008,-0.000441946
,,,-5.27269e-008,-0.000220973
,,,-5.23269e-008,-0.000220973
,,,-5.19269e-008,-0.000220973
,,,-5.15269e-008,-0.000883892
,,,-5.11269e-008,-0.000441946
,,,-5.07269e-008,-0.000220973
,,,-5.03269e-008,0.00110486
,,,-4.99269e-008,0
,,,-4.95269e-008,0.000220973
,,,-4.91269e-008,0.000441946
,,,-4.87269e-008,0.000220973
,,,-4.83269e-008,0.000662919
,,,-4.79269e-008,0.000441946
,,,-4.75269e-008,-0.000441946
,,,-4.71269e-008,0.000220973
,,,-4.67269e-008,0.000220973
,,,-4.63269e-008,0.000220973
,,,-4.59269e-008,-0.000662919
,,,-4.55269e-008,-0.000441946
,,,-4.51269e-008,0
,,,-4.47269e-008,0.000220973
,,,-4.43269e-008,-0.000441946
,,,-4.39269e-008,0
,,,-4.35269e-008,0
,,,-4.31269e-008,0.000662919
,,,-4.27269e-008,0
,,,-4.23269e-008,0.000662919
,,,-4.19269e-008,0
,,,-4.15269e-008,0.000220973
,,,-4.11269e-008,0.000220973
,,,-4.07269e-008,0.000220973
,,,-4.03269e-008,0.000220973
,,,-3.99269e-008,0
,,,-3.95269e-008,0
,,,-3.91269e-008,0.000441946
,,,-3.87269e-008,0
,,,-3.83269e-008,0
,,,-3.79269e-008,0
,,,-3.75269e-008,0
,,,-3.71269e-008,-0.000662919
,,,-3.67269e-008,-0.000220973
,,,-3.63269e-008,0
,,,-3.59269e-008,-0.000220973
,,,-3.55269e-008,-0.000220973
,,,-3.51269e-008,0
,,,-3.47269e-008,0
,,,-3.43269e-008,0.000220973
,,,-3.39269e-008,0.000220973
,,,-3.35269e-008,0.000883892
,,,-3.31269e-008,0.000662919
,,,-3.27269e-008,0.000441946
,,,-3.23269e-008,0.000220973
,,,-3.19269e-008,-0.000220973
,,,-3.15269e-008,0.000220973
,,,-3.11269e-008,0
,,,-3.07269e-008,-0.000441946
,,,-3.03269e-008,0
,,,-2.99269e-008,-0.000220973
,,,-2.95269e-008,-0.000220973
,,,-2.91269e-008,-0.000220973
,,,-2.87269e-008,-0.000220973
,,,-2.83269e-008,-0.000220973
,,,-2.79269e-008,0.000441946
,,,-2.75269e-008,0.000441946
,,,-2.71269e-008,0
,,,-2.67269e-008,-0.000220973
,,,-2.63269e-008,0.000883892
,,,-2.59269e-008,-0.000662919
,,,-2.55269e-008,0.000220973
,,,-2.51269e-008,0.000662919
,,,-2.47269e-008,0
,,,-2.43269e-008,-0.000220973
,,,-2.39269e-008,0.000441946
,,,-2.35269e-008,-0.000220973
,,,-2.31269e-008,0
,,,-2.27269e-008,-0.000220973
,,,-2.23269e-008,0
,,,-2.19269e-008,0
,,,-2.15269e-008,-0.000220973
,,,-2.11269e-008,-0.000662919
,,,-2.07269e-008,-0.000662919
,,,-2.03269e-008,-0.000441946
,,,-1.99269e-008,-0.000883892
,,,-1.95269e-008,-0.000441946
,,,-1.91269e-008,0.000883892
,,,-1.87269e-008,0.000441946
,,,-1.83269e-008,0.000220973
,,,-1.79269e-008,0.000662919
,,,-1.75269e-008,0.000220973
,,,-1.71269e-008,0.000662919
,,,-1.67269e-008,0.000441946
,,,-1.63269e-008,0.000441946
,,,-1.59269e-008,0
,,,-1.55269e-008,0.000441946
,,,-1.51269e-008,0
,,,-1.47269e-008,0.000220973
,,,-1.43269e-008,0
,,,-1.39269e-008,0.000441946
,,,-1.35269e-008,0
,,,-1.31269e-008,-0.000441946
,,,-1.27269e-008,-0.000220973
,,,-1.23269e-008,0.000220973
,,,-1.19269e-008,0.000883892
,,,-1.15269e-008,0.000220973
,,,-1.11269e-008,-0.000220973
,,,-1.07269e-008,-0.000220973
,,,-1.03269e-008,0
,,,-9.92695e-009,0
,,,-9.52695e-009,0.000441946
,,,-9.12695e-009,0.000441946
,,,-8.72695e-009,0.000441946
,,,-8.32695e-009,0.000220973
,,,-7.92695e-009,0.00110486
,,,-7.52695e-009,-0.000441946
,,,-7.12695e-009,0.000220973
,,,-6.72695e-009,-0.000220973
,,,-6.32695e-009,0
,,,-5.92695e-009,-0.000441946
,,,-5.52695e-009,-0.000441946
,,,-5.12695e-009,0
,,,-4.72695e-009,0.00132584
,,,-4.32695e-009,0.000662919
,,,-3.92695e-009,0
,,,-3.52695e-009,0.000883892
,,,-3.12695e-009,0
,,,-2.72695e-009,-0.000441946
,,,-2.32695e-009,-0.000220973
,,,-1.92695e-009,-0.000441946
,,,-1.52695e-009,-0.000220973
,,,-1.12695e-009,-0.000220973
,,,-7.26946e-010,-0.000220973
,,,-3.26946e-010,-0.000441946
,,,7.30538e-011,0
,,,4.73054e-010,0.000220973
,,,8.73054e-010,0.000220973
,,,1.27305e-009,-0.000220973
,,,1.67305e-009,0.000220973
,,,2.07305e-009,-0.000441946
,,,2.47305e-009,-0.000220973
,,,2.87305e-009,-0.000220973
,,,3.27305e-009,0
,,,3.67305e-009,0.00110486
,,,4.07305e-009,0
,,,4.47305e-009,0
,,,4.87305e-009,0
,,,5.27305e-009,0
,,,5.67305e-009,0.000220973
,,,6.07305e-009,0.000662919
,,,6.47305e-009,-0.000220973
,,,6.87305e-009,0.000220973
,,,7.27305e-009,0.000662919
,,,7.67305e-009,0.000220973
,,,8.07305e-009,0
,,,8.47305e-009,0
,,,8.87305e-009,-0.000441946
,,,9.27305e-009,-0.000441946
,,,9.67305e-009,-0.000441946
,,,1.00731e-008,0.000220973
,,,1.04731e-008,0
,,,1.08731e-008,0
,,,1.12731e-008,-0.000441946
,,,1.16731e-008,0.000220973
,,,1.20731e-008,0.000441946
,,,1.24731e-008,0
,,,1.28731e-008,0.000441946
,,,1.32731e-008,-0.000662919
,,,1.36731e-008,0.000220973
,,,1.40731e-008,0.000220973
,,,1.44731e-008,-0.000220973
,,,1.48731e-008,0.000662919
,,,1.52731e-008,0.000441946
,,,1.56731e-008,0.000220973
,,,1.60731e-008,0.000441946
,,,1.64731e-008,-0.000662919
,,,1.68731e-008,0.000662919
,,,1.72731e-008,0
,,,1.76731e-008,0
,,,1.80731e-008,0.000220973
,,,1.84731e-008,-0.000220973
,,,1.88731e-008,0
,,,1.92731e-008,0.000220973
,,,1.96731e-008,0.000220973
,,,2.00731e-008,0
,,,2.04731e-008,0.000220973
,,,2.08731e-008,0.000662919
,,,2.12731e-008,-0.000220973
,,,2.16731e-008,0.00110486
,,,2.20731e-008,0.000441946
,,,2.24731e-008,-0.000441946
,,,2.28731e-008,-0.000220973
,,,2.32731e-008,0.000220973
,,,2.36731e-008,-0.000441946
,,,2.40731e-008,0.000441946
,,,2.44731e-008,-0.000441946
,,,2.48731e-008,0
,,,2.52731e-008,-0.000662919
,,,2.56731e-008,0.000220973
,,,2.60731e-008,-0.000220973
,,,2.64731e-008,0.000220973
,,,2.68731e-008,0.000441946
,,,2.72731e-008,0.000662919
,,,2.76731e-008,-0.000441946
,,,2.80731e-008,0
,,,2.84731e-008,0.000220973
,,,2.88731e-008,0.000662919
,,,2.92731e-008,0.000662919
,,,2.96731e-008,0.000662919
,,,3.00731e-008,0.000883892
,,,3.04731e-008,-0.000220973
,,,3.08731e-008,0.000441946
,,,3.12731e-008,0.000220973
,,,3.16731e-008,0
,,,3.20731e-008,0
,,,3.24731e-008,-0.000220973
,,,3.28731e-008,-0.000220973
,,,3.32731e-008,0
,,,3.36731e-008,0.000441946
,,,3.40731e-008,0.000662919
,,,3.44731e-008,0.000220973
,,,3.48731e-008,-0.000220973
,,,3.52731e-008,0
,,,3.56731e-008,-0.000441946
,,,3.60731e-008,0.000662919
,,,3.64731e-008,-0.000220973
,,,3.68731e-008,-0.000662919
,,,3.72731e-008,-0.000220973
,,,3.76731e-008,0.000883892
,,,3.80731e-008,0
,,,3.84731e-008,0.000441946
,,,3.88731e-008,0.000220973
,,,3.92731e-008,0.000883892
,,,3.96731e-008,0.000883892
,,,4.00731e-008,0.000441946
,,,4.04731e-008,0.000220973
,,,4.08731e-008,0.000220973
,,,4.12731e-008,0
,,,4.16731e-008,-0.000662919
,,,4.20731e-008,-0.000220973
,,,4.24731e-008,0.000883892
,,,4.28731e-008,0.000441946
,,,4.32731e-008,0.000220973
,,,4.36731e-008,0
,,,4.40731e-008,0
,,,4.44731e-008,0.00110486
,,,4.48731e-008,0.000441946
,,,4.52731e-008,0
,,,4.56731e-008,0.000883892
,,,4.60731e-008,-0.000441946
,,,4.64731e-008,0
,,,4.68731e-008,0.000662919
,,,4.72731e-008,0.000220973
,,,4.76731e-008,0.000220973
,,,4.80731e-008,0.000220973
,,,4.84731e-008,-0.000220973
,,,4.88731e-008,0.000220973
,,,4.92731e-008,-0.000441946
,,,4.96731e-008,0.000220973
,,,5.00731e-008,-0.000662919
,,,5.04731e-008,-0.000220973
,,,5.08731e-008,-0.000662919
,,,5.12731e-008,-0.000220973
,,,5.16731e-008,-0.000883892
,,,5.20731e-008,0
,,,5.24731e-008,0.000441946
,,,5.28731e-008,0.000883892
,,,5.32731e-008,-0.000441946
,,,5.36731e-008,0.000220973
,,,5.40731e-008,-0.000220973
,,,5.44731e-008,0
,,,5.48731e-008,0
,,,5.52731e-008,0.000441946
,,,5.56731e-008,0.000441946
,,,5.60731e-008,0.000220973
,,,5.64731e-008,-0.000441946
,,,5.68731e-008,-0.000220973
,,,5.72731e-008,0.000441946
,,,5.76731e-008,-0.000662919
,,,5.80731e-008,-0.000662919
,,,5.84731e-008,-0.000441946
,,,5.88731e-008,-0.000220973
,,,5.92731e-008,-0.000220973
,,,5.96731e-008,-0.000441946
,,,6.00731e-008,0.000662919
,,,6.04731e-008,0
,,,6.08731e-008,0.000662919
,,,6.12731e-008,0
,,,6.16731e-008,-0.000662919
,,,6.20731e-008,-0.000220973
,,,6.24731e-008,0.000220973
,,,6.28731e-008,0.000220973
,,,6.32731e-008,-0.000220973
,,,6.36731e-008,0.000441946
,,,6.40731e-008,-0.000220973
,,,6.44731e-008,0
,,,6.48731e-008,0.000220973
,,,6.52731e-008,0
,,,6.56731e-008,0.000220973
,,,6.60731e-008,0.000220973
,,,6.64731e-008,-0.000441946
,,,6.68731e-008,-0.000441946
,,,6.72731e-008,0
,,,6.76731e-008,0
,,,6.80731e-008,0.000883892
,,,6.84731e-008,0.000662919
,,,6.88731e-008,0
,,,6.92731e-008,-0.000441946
,,,6.96731e-008,0.000441946
,,,7.00731e-008,0.000441946
,,,7.04731e-008,0.000220973
,,,7.08731e-008,0
,,,7.12731e-008,0.000662919
,,,7.16731e-008,0
,,,7.20731e-008,0.000220973
,,,7.24731e-008,-0.000220973
,,,7.28731e-008,0.000220973
,,,7.32731e-008,-0.000441946
,,,7.36731e-008,-0.000441946
,,,7.40731e-008,-0.000662919
,,,7.44731e-008,0.000662919
,,,7.48731e-008,0
,,,7.52731e-008,0.000441946
,,,7.56731e-008,0.000441946
,,,7.60731e-008,0.000220973
,,,7.64731e-008,0.000220973
,,,7.68731e-008,0
,,,7.72731e-008,0
,,,7.76731e-008,0.000883892
,,,7.80731e-008,-0.000220973
,,,7.84731e-008,0
,,,7.88731e-008,0
,,,7.92731e-008,0.000220973
,,,7.96731e-008,0
,,,8.00731e-008,0
,,,8.04731e-008,0.000441946
,,,8.08731e-008,0
,,,8.12731e-008,0.000220973
,,,8.16731e-008,0
,,,8.20731e-008,0
,,,8.24731e-008,-0.000220973
,,,8.28731e-008,-0.000220973
,,,8.32731e-008,-0.000220973
,,,8.36731e-008,-0.000441946
,,,8.40731e-008,0.000662919
,,,8.44731e-008,0.000220973
,,,8.48731e-008,0.000220973
,,,8.52731e-008,-0.000220973
,,,8.56731e-008,-0.000220973
,,,8.60731e-008,-0.000220973
,,,8.64731e-008,-0.000220973
,,,8.68731e-008,0.000220973
,,,8.72731e-008,0.000662919
,,,8.76731e-008,0.000220973
,,,8.80731e-008,0.000220973
,,,8.84731e-008,-0.000662919
,,,8.88731e-008,0.000220973
,,,8.92731e-008,0
,,,8.96731e-008,-0.000662919
,,,9.00731e-008,0.000220973
,,,9.04731e-008,0
,,,9.08731e-008,-0.000441946
,,,9.12731e-008,0.000662919
,,,9.16731e-008,0.000441946
,,,9.20731e-008,0.000441946
,,,9.24731e-008,0.000662919
,,,9.28731e-008,0.000220973
,,,9.32731e-008,0.000220973
,,,9.36731e-008,0.000220973
,,,9.40731e-008,0.000883892
,,,9.44731e-008,0.00176778
,,,9.48731e-008,0.00265168
,,,9.52731e-008,0.00265168
,,,9.56731e-008,0.00353557
,,,9.60731e-008,0.00419849
,,,9.64731e-008,0.00441946
,,,9.68731e-008,0.00618724
,,,9.72731e-008,0.00751308
,,,9.76731e-008,0.00795503
,,,9.80731e-008,0.00928087
,,,9.84731e-008,0.0110486
,,,9.88731e-008,0.0130374
,,,9.92731e-008,0.0139213
,,,9.96731e-008,0.0137003
,,,1.00073e-007,0.0143632
,,,1.00473e-007,0.0150262
,,,1.00873e-007,0.0154681
,,,1.01273e-007,0.0159101
,,,1.01673e-007,0.016573
,,,1.02073e-007,0.016131
,,,1.02473e-007,0.016573
,,,1.02873e-007,0.0176778
,,,1.03273e-007,0.0167939
,,,1.03673e-007,0.0170149
,,,1.04073e-007,0.0178988
,,,1.04473e-007,0.0170149
,,,1.04873e-007,0.0172359
,,,1.05273e-007,0.0178988
,,,1.05673e-007,0.0170149
,,,1.06073e-007,0.0174569
,,,1.06473e-007,0.0174569
,,,1.06873e-007,0.0176778
,,,1.07273e-007,0.0181198
,,,1.07673e-007,0.0172359
,,,1.08073e-007,0.0176778
,,,1.08473e-007,0.0174569
,,,1.08873e-007,0.0181198
,,,1.09273e-007,0.0183408
,,,1.09673e-007,0.0178988
,,,1.10073e-007,0.0181198
,,,1.10473e-007,0.0181198
,,,1.10873e-007,0.0181198
,,,1.11273e-007,0.0178988
,,,1.11673e-007,0.0176778
,,,1.12073e-007,0.0176778
,,,1.12473e-007,0.0176778
,,,1.12873e-007,0.0181198
,,,1.13273e-007,0.0176778
,,,1.13673e-007,0.0176778
,,,1.14073e-007,0.0170149
,,,1.14473e-007,0.0172359
,,,1.14873e-007,0.0174569
,,,1.15273e-007,0.0176778
,,,1.15673e-007,0.0176778
,,,1.16073e-007,0.0181198
,,,1.16473e-007,0.0170149
,,,1.16873e-007,0.0178988
,,,1.17273e-007,0.0167939
,,,1.17673e-007,0.0185617
,,,1.18073e-007,0.0172359
,,,1.18473e-007,0.0178988
,,,1.18873e-007,0.0176778
,,,1.19273e-007,0.0172359
,,,1.19673e-007,0.0181198
,,,1.20073e-007,0.0176778
,,,1.20473e-007,0.0176778
,,,1.20873e-007,0.0185617
,,,1.21273e-007,0.0178988
,,,1.21673e-007,0.0185617
,,,1.22073e-007,0.0174569
,,,1.22473e-007,0.0181198
,,,1.22873e-007,0.0183408
,,,1.23273e-007,0.0192246
,,,1.23673e-007,0.0194456
,,,1.24073e-007,0.0196666
,,,1.24473e-007,0.0205505
,,,1.24873e-007,0.0201085
,,,1.25273e-007,0.0205505
,,,1.25673e-007,0.0212134
,,,1.26073e-007,0.0205505
,,,1.26473e-007,0.0205505
,,,1.26873e-007,0.0207715
,,,1.27273e-007,0.0205505
,,,1.27673e-007,0.0207715
,,,1.28073e-007,0.0207715
,,,1.28473e-007,0.0205505
,,,1.28873e-007,0.0194456
,,,1.29273e-007,0.0198876
,,,1.29673e-007,0.0196666
,,,1.30073e-007,0.0190037
,,,1.30473e-007,0.0183408
,,,1.30873e-007,0.0185617
,,,1.31273e-007,0.0185617
,,,1.31673e-007,0.0183408
,,,1.32073e-007,0.0176778
,,,1.32473e-007,0.0183408
,,,1.32873e-007,0.0178988
,,,1.33273e-007,0.0174569
,,,1.33673e-007,0.0167939
,,,1.34073e-007,0.0170149
,,,1.34473e-007,0.016352
,,,1.34873e-007,0.0167939
,,,1.35273e-007,0.0176778
,,,1.35673e-007,0.016352
,,,1.36073e-007,0.016352
,,,1.36473e-007,0.016131
,,,1.36873e-007,0.016352
,,,1.37273e-007,0.016573
,,,1.37673e-007,0.016131
,,,1.38073e-007,0.016131
,,,1.38473e-007,0.016352
,,,1.38873e-007,0.0159101
,,,1.39273e-007,0.016573
,,,1.39673e-007,0.016131
,,,1.40073e-007,0.0154681
,,,1.40473e-007,0.016131
,,,1.40873e-007,0.016131
,,,1.41273e-007,0.0152471
,,,1.41673e-007,0.0154681
,,,1.42073e-007,0.0150262
,,,1.42473e-007,0.0152471
,,,1.42873e-007,0.0156891
,,,1.43273e-007,0.016131
,,,1.43673e-007,0.0154681
,,,1.44073e-007,0.0159101
,,,1.44473e-007,0.0159101
,,,1.44873e-007,0.016131
,,,1.45273e-007,0.0150262
,,,1.45673e-007,0.0148052
,,,1.46073e-007,0.0145842
,,,1.46473e-007,0.0148052
,,,1.46873e-007,0.0148052
,,,1.47273e-007,0.0150262
,,,1.47673e-007,0.0152471
,,,1.48073e-007,0.0152471
,,,1.48473e-007,0.0137003
,,,1.48873e-007,0.0148052
,,,1.49273e-007,0.0150262
,,,1.49673e-007,0.0148052
,,,1.50073e-007,0.0139213
,,,1.50473e-007,0.0139213
,,,1.50873e-007,0.0148052
,,,1.51273e-007,0.0148052
,,,1.51673e-007,0.0145842
,,,1.52073e-007,0.0154681
,,,1.52473e-007,0.0139213
,,,1.52873e-007,0.0143632
,,,1.53273e-007,0.0143632
,,,1.53673e-007,0.0143632
,,,1.54073e-007,0.0132584
,,,1.54473e-007,0.0130374
,,,1.54873e-007,0.0132584
,,,1.55273e-007,0.0134794
,,,1.55673e-007,0.0128164
,,,1.56073e-007,0.0130374
,,,1.56473e-007,0.0125955
,,,1.56873e-007,0.0121535
,,,1.57273e-007,0.0114906
,,,1.57673e-007,0.0119325
,,,1.58073e-007,0.0121535
,,,1.58473e-007,0.0119325
,,,1.58873e-007,0.0125955
,,,1.59273e-007,0.0121535
,,,1.59673e-007,0.0121535
,,,1.60073e-007,0.0119325
,,,1.60473e-007,0.0119325
,,,1.60873e-007,0.0119325
,,,1.61273e-007,0.0119325
,,,1.61673e-007,0.0117116
,,,1.62073e-007,0.0123745
,,,1.62473e-007,0.0121535
,,,1.62873e-007,0.0123745
,,,1.63273e-007,0.0123745
,,,1.63673e-007,0.0125955
,,,1.64073e-007,0.0123745
,,,1.64473e-007,0.0123745
,,,1.64873e-007,0.0123745
,,,1.65273e-007,0.0121535
,,,1.65673e-007,0.0119325
,,,1.66073e-007,0.0125955
,,,1.66473e-007,0.0121535
,,,1.66873e-007,0.0125955
,,,1.67273e-007,0.0132584
,,,1.67673e-007,0.0128164
,,,1.68073e-007,0.0128164
,,,1.68473e-007,0.0125955
,,,1.68873e-007,0.0128164
,,,1.69273e-007,0.0125955
,,,1.69673e-007,0.0125955
,,,1.70073e-007,0.0114906
,,,1.70473e-007,0.0123745
,,,1.70873e-007,0.0123745
,,,1.71273e-007,0.0132584
,,,1.71673e-007,0.0117116
,,,1.72073e-007,0.0125955
,,,1.72473e-007,0.0119325
,,,1.72873e-007,0.0119325
,,,1.73273e-007,0.0123745
,,,1.73673e-007,0.0125955
,,,1.74073e-007,0.0121535
,,,1.74473e-007,0.0123745
,,,1.74873e-007,0.0128164
,,,1.75273e-007,0.0128164
,,,1.75673e-007,0.0128164
,,,1.76073e-007,0.0123745
,,,1.76473e-007,0.0123745
,,,1.76873e-007,0.0117116
,,,1.77273e-007,0.0114906
,,,1.77673e-007,0.0123745
,,,1.78073e-007,0.0128164
,,,1.78473e-007,0.0123745
,,,1.78873e-007,0.0121535
,,,1.79273e-007,0.0125955
,,,1.79673e-007,0.0132584
,,,1.80073e-007,0.0132584
,,,1.80473e-007,0.0123745
,,,1.80873e-007,0.0117116
,,,1.81273e-007,0.0114906
,,,1.81673e-007,0.0132584
,,,1.82073e-007,0.0123745
,,,1.82473e-007,0.0121535
,,,1.82873e-007,0.0121535
,,,1.83273e-007,0.0119325
,,,1.83673e-007,0.0125955
,,,1.84073e-007,0.0121535
,,,1.84473e-007,0.0117116
,,,1.84873e-007,0.0119325
,,,1.85273e-007,0.0121535
,,,1.85673e-007,0.0117116
,,,1.86073e-007,0.0117116
,,,1.86473e-007,0.0123745
,,,1.86873e-007,0.0121535
,,,1.87273e-007,0.0125955
,,,1.87673e-007,0.0123745
,,,1.88073e-007,0.0123745
,,,1.88473e-007,0.0132584
,,,1.88873e-007,0.0134794
,,,1.89273e-007,0.0132584
,,,1.89673e-007,0.0130374
,,,1.90073e-007,0.0130374
,,,1.90473e-007,0.0134794
,,,1.90873e-007,0.0130374
,,,1.91273e-007,0.0132584
,,,1.91673e-007,0.0130374
,,,1.92073e-007,0.0134794
,,,1.92473e-007,0.0139213
,,,1.92873e-007,0.0134794
,,,1.93273e-007,0.0137003
,,,1.93673e-007,0.0132584
,,,1.94073e-007,0.0137003
,,,1.94473e-007,0.0130374
,,,1.94873e-007,0.0130374
,,,1.95273e-007,0.0128164
,,,1.95673e-007,0.0132584
,,,1.96073e-007,0.0132584
,,,1.96473e-007,0.0134794
,,,1.96873e-007,0.0132584
,,,1.97273e-007,0.0130374
,,,1.97673e-007,0.0132584
,,,1.98073e-007,0.0134794
,,,1.98473e-007,0.0130374
,,,1.98873e-007,0.0128164
,,,1.99273e-007,0.0128164
,,,1.99673e-007,0.0128164
,,,2.00073e-007,0.0130374
,,,2.00473e-007,0.0128164
,,,2.00873e-007,0.0132584
,,,2.01273e-007,0.0121535
,,,2.01673e-007,0.0121535
,,,2.02073e-007,0.0123745
,,,2.02473e-007,0.0125955
,,,2.02873e-007,0.0121535
,,,2.03273e-007,0.0119325
,,,2.03673e-007,0.0117116
,,,2.04073e-007,0.0123745
,,,2.04473e-007,0.0121535
,,,2.04873e-007,0.0117116
,,,2.05273e-007,0.0103857
,,,2.05673e-007,0.0112696
,,,2.06073e-007,0.0108277
,,,2.06473e-007,0.0114906
,,,2.06873e-007,0.0112696
,,,2.07273e-007,0.00994378
,,,2.07673e-007,0.00928087
,,,2.08073e-007,0.0101648
,,,2.08473e-007,0.00928087
,,,2.08873e-007,0.00950184
,,,2.09273e-007,0.00950184
,,,2.09673e-007,0.00839697
,,,2.10073e-007,0.00839697
,,,2.10473e-007,0.00751308
,,,2.10873e-007,0.00751308
,,,2.11273e-007,0.00729211
,,,2.11673e-007,0.00707114
,,,2.12073e-007,0.00662919
,,,2.12473e-007,0.00596627
,,,2.12873e-007,0.00552432
,,,2.13273e-007,0.00508238
,,,2.13673e-007,0.0057453
,,,2.14073e-007,0.00419849
,,,2.14473e-007,0.00486141
,,,2.14873e-007,0.00464043
,,,2.15273e-007,0.00331459
,,,2.15673e-007,0.00397751
,,,2.16073e-007,0.00486141
,,,2.16473e-007,0.00397751
,,,2.16873e-007,0.00441946
,,,2.17273e-007,0.0024307
,,,2.17673e-007,0.00220973
,,,2.18073e-007,0.00198876
,,,2.18473e-007,0.0024307
,,,2.18873e-007,0.00176778
,,,2.19273e-007,0.00198876
,,,2.19673e-007,0.00287265
,,,2.20073e-007,0.00265168
,,,2.20473e-007,0.00309362
,,,2.20873e-007,0.0024307
,,,2.21273e-007,0.000883892
,,,2.21673e-007,0.00110486
,,,2.22073e-007,0.00176778
,,,2.22473e-007,0.00198876
,,,2.22873e-007,0.00176778
,,,2.23273e-007,0.00198876
,,,2.23673e-007,0.00132584
,,,2.24073e-007,0.00132584
,,,2.24473e-007,0.000662919
,,,2.24873e-007,0.000883892
,,,2.25273e-007,0.000662919
,,,2.25673e-007,0.00176778
,,,2.26073e-007,0.000662919
,,,2.26473e-007,-0.000220973
,,,2.26873e-007,0.000883892
,,,2.27273e-007,0.00110486
,,,2.27673e-007,0.00132584
,,,2.28073e-007,0.00176778
,,,2.28473e-007,0.000441946
,,,2.28873e-007,0.000441946
,,,2.29273e-007,0.000441946
,,,2.29673e-007,0.000662919
,,,2.30073e-007,0.00110486
,,,2.30473e-007,0.000662919
,,,2.30873e-007,0.000883892
,,,2.31273e-007,0.000662919
,,,2.31673e-007,0.000441946
,,,2.32073e-007,0.000662919
,,,2.32473e-007,0.000220973
,,,2.32873e-007,0.000662919
,,,2.33273e-007,0.000220973
,,,2.33673e-007,0
,,,2.34073e-007,0.000441946
,,,2.34473e-007,0.00110486
,,,2.34873e-007,0
,,,2.35273e-007,-0.000441946
,,,2.35673e-007,0.000220973
,,,2.36073e-007,0.000441946
,,,2.36473e-007,-0.000220973
,,,2.36873e-007,-0.000883892
,,,2.37273e-007,0
,,,2.37673e-007,0.000220973
,,,2.38073e-007,-0.000662919
,,,2.38473e-007,-0.000441946
,,,2.38873e-007,-0.000220973
,,,2.39273e-007,-0.000441946
,,,2.39673e-007,0.000220973
,,,2.40073e-007,0.000662919
,,,2.40473e-007,-0.000662919
,,,2.40873e-007,-0.000662919
,,,2.41273e-007,-0.000883892
,,,2.41673e-007,-0.000883892
,,,2.42073e-007,-0.000883892
,,,2.42473e-007,-0.000662919
,,,2.42873e-007,-0.000883892
,,,2.43273e-007,0
,,,2.43673e-007,-0.000662919
,,,2.44073e-007,-0.000220973
,,,2.44473e-007,-0.000220973
,,,2.44873e-007,-0.000883892
,,,2.45273e-007,-0.000662919
,,,2.45673e-007,0.000441946
,,,2.46073e-007,-0.000220973
,,,2.46473e-007,-0.000220973
,,,2.46873e-007,-0.000220973
,,,2.47273e-007,-0.000220973
,,,2.47673e-007,-0.000220973
,,,2.48073e-007,0
,,,2.48473e-007,0.000220973
,,,2.48873e-007,0
,,,2.49273e-007,0
,,,2.49673e-007,-0.000220973
,,,2.50073e-007,-0.000220973
