"Record Length",1252,"Points",-2.50006e-007,-0.000441946
"Sample Interval",4e-010,s,-2.49606e-007,0
"Trigger Point",625,"Samples",-2.49206e-007,0.000441946
"Trigger Time",0.0154856,s,-2.48806e-007,0.000220973
,,,-2.48406e-007,0
"Horizontal Offset",-2.50006e-007,s,-2.48006e-007,0.000662919
,,,-2.47606e-007,0
,,,-2.47206e-007,-0.000441946
,,,-2.46806e-007,-0.000220973
,,,-2.46406e-007,0.000220973
,,,-2.46006e-007,0
,,,-2.45606e-007,0.000220973
,,,-2.45206e-007,0
,,,-2.44806e-007,-0.000220973
,,,-2.44406e-007,0.000662919
,,,-2.44006e-007,0.000220973
,,,-2.43606e-007,-0.000220973
,,,-2.43206e-007,-0.000220973
,,,-2.42806e-007,-0.000662919
,,,-2.42406e-007,0.000220973
,,,-2.42006e-007,-0.000662919
,,,-2.41606e-007,0.000220973
,,,-2.41206e-007,-0.000441946
,,,-2.40806e-007,0.000662919
,,,-2.40406e-007,-0.00110486
,,,-2.40006e-007,0.000220973
,,,-2.39606e-007,0
,,,-2.39206e-007,0.000662919
,,,-2.38806e-007,0.000220973
,,,-2.38406e-007,-0.000220973
,,,-2.38006e-007,0
,,,-2.37606e-007,0
,,,-2.37206e-007,0.000441946
,,,-2.36806e-007,0
,,,-2.36406e-007,0.000220973
,,,-2.36006e-007,-0.000441946
,,,-2.35606e-007,-0.000441946
,,,-2.35206e-007,-0.000220973
,,,-2.34806e-007,0.000441946
,,,-2.34406e-007,0.000220973
,,,-2.34006e-007,0.000220973
,,,-2.33606e-007,0.000441946
,,,-2.33206e-007,0.000220973
,,,-2.32806e-007,0
,,,-2.32406e-007,-0.000662919
,,,-2.32006e-007,-0.000220973
,,,-2.31606e-007,-0.000220973
,,,-2.31206e-007,0.000441946
,,,-2.30806e-007,-0.000662919
,,,-2.30406e-007,0
,,,-2.30006e-007,0.000662919
,,,-2.29606e-007,0.000220973
,,,-2.29206e-007,0
,,,-2.28806e-007,0.000220973
,,,-2.28406e-007,-0.000220973
,,,-2.28006e-007,-0.000441946
,,,-2.27606e-007,0.000220973
,,,-2.27206e-007,0.000220973
,,,-2.26806e-007,-0.000662919
,,,-2.26406e-007,-0.000220973
,,,-2.26006e-007,0.000220973
,,,-2.25606e-007,0.00110486
,,,-2.25206e-007,0.000220973
,,,-2.24806e-007,-0.000441946
,,,-2.24406e-007,-0.000220973
,,,-2.24006e-007,-0.000220973
,,,-2.23606e-007,-0.000220973
,,,-2.23206e-007,0
,,,-2.22806e-007,0.000441946
,,,-2.22406e-007,0.000220973
,,,-2.22006e-007,0
,,,-2.21606e-007,0.000441946
,,,-2.21206e-007,-0.000441946
,,,-2.20806e-007,-0.000220973
,,,-2.20406e-007,0
,,,-2.20006e-007,0
,,,-2.19606e-007,-0.000662919
,,,-2.19206e-007,-0.000662919
,,,-2.18806e-007,0.000220973
,,,-2.18406e-007,0.000220973
,,,-2.18006e-007,0.000662919
,,,-2.17606e-007,0.000441946
,,,-2.17206e-007,0.000220973
,,,-2.16806e-007,0
,,,-2.16406e-007,0.000441946
,,,-2.16006e-007,-0.000220973
,,,-2.15606e-007,-0.000220973
,,,-2.15206e-007,-0.000220973
,,,-2.14806e-007,0.000441946
,,,-2.14406e-007,0.000441946
,,,-2.14006e-007,0
,,,-2.13606e-007,-0.000220973
,,,-2.13206e-007,0
,,,-2.12806e-007,-0.000220973
,,,-2.12406e-007,0
,,,-2.12006e-007,0
,,,-2.11606e-007,0
,,,-2.11206e-007,0.000441946
,,,-2.10806e-007,0.000662919
,,,-2.10406e-007,0.000883892
,,,-2.10006e-007,-0.000441946
,,,-2.09606e-007,0.000441946
,,,-2.09206e-007,-0.000441946
,,,-2.08806e-007,0.000441946
,,,-2.08406e-007,0.00110486
,,,-2.08006e-007,0.000441946
,,,-2.07606e-007,-0.000662919
,,,-2.07206e-007,0.000220973
,,,-2.06806e-007,0.000220973
,,,-2.06406e-007,-0.000220973
,,,-2.06006e-007,0.000220973
,,,-2.05606e-007,0.000220973
,,,-2.05206e-007,-0.000662919
,,,-2.04806e-007,0.000220973
,,,-2.04406e-007,0
,,,-2.04006e-007,0
,,,-2.03606e-007,0
,,,-2.03206e-007,-0.000441946
,,,-2.02806e-007,0.000220973
,,,-2.02406e-007,0.000220973
,,,-2.02006e-007,0.000220973
,,,-2.01606e-007,-0.000441946
,,,-2.01206e-007,0
,,,-2.00806e-007,0.000220973
,,,-2.00406e-007,0.000220973
,,,-2.00006e-007,0.000441946
,,,-1.99606e-007,0.000441946
,,,-1.99206e-007,0.000662919
,,,-1.98806e-007,0.000220973
,,,-1.98406e-007,0.000220973
,,,-1.98006e-007,0.000441946
,,,-1.97606e-007,0.000441946
,,,-1.97206e-007,0
,,,-1.96806e-007,-0.000220973
,,,-1.96406e-007,0.000220973
,,,-1.96006e-007,0
,,,-1.95606e-007,0
,,,-1.95206e-007,0
,,,-1.94806e-007,-0.000662919
,,,-1.94406e-007,0
,,,-1.94006e-007,0.000220973
,,,-1.93606e-007,0.000220973
,,,-1.93206e-007,0.000441946
,,,-1.92806e-007,-0.000220973
,,,-1.92406e-007,-0.000441946
,,,-1.92006e-007,0.000662919
,,,-1.91606e-007,0.000662919
,,,-1.91206e-007,0
,,,-1.90806e-007,0
,,,-1.90406e-007,0.000441946
,,,-1.90006e-007,0.000220973
,,,-1.89606e-007,-0.000662919
,,,-1.89206e-007,0
,,,-1.88806e-007,0
,,,-1.88406e-007,0.000441946
,,,-1.88006e-007,0
,,,-1.87606e-007,-0.000220973
,,,-1.87206e-007,-0.000441946
,,,-1.86806e-007,-0.000662919
,,,-1.86406e-007,-0.000662919
,,,-1.86006e-007,-0.000441946
,,,-1.85606e-007,0
,,,-1.85206e-007,0.000662919
,,,-1.84806e-007,-0.000220973
,,,-1.84406e-007,-0.000220973
,,,-1.84006e-007,0.000441946
,,,-1.83606e-007,0.000220973
,,,-1.83206e-007,0.000662919
,,,-1.82806e-007,0.000220973
,,,-1.82406e-007,0.000662919
,,,-1.82006e-007,0
,,,-1.81606e-007,0.000220973
,,,-1.81206e-007,-0.000220973
,,,-1.80806e-007,0
,,,-1.80406e-007,0.000441946
,,,-1.80006e-007,0
,,,-1.79606e-007,0.000220973
,,,-1.79206e-007,0.000220973
,,,-1.78806e-007,-0.000441946
,,,-1.78406e-007,0.000662919
,,,-1.78006e-007,0.000220973
,,,-1.77606e-007,0
,,,-1.77206e-007,-0.000662919
,,,-1.76806e-007,-0.000220973
,,,-1.76406e-007,-0.00154681
,,,-1.76006e-007,0.000441946
,,,-1.75606e-007,0
,,,-1.75206e-007,0
,,,-1.74806e-007,0.000883892
,,,-1.74406e-007,0.000220973
,,,-1.74006e-007,0
,,,-1.73606e-007,0.00132584
,,,-1.73206e-007,0
,,,-1.72806e-007,0.000441946
,,,-1.72406e-007,0
,,,-1.72006e-007,0
,,,-1.71606e-007,0
,,,-1.71206e-007,0.000441946
,,,-1.70806e-007,0
,,,-1.70406e-007,0.000220973
,,,-1.70006e-007,0
,,,-1.69606e-007,0.000662919
,,,-1.69206e-007,0
,,,-1.68806e-007,0
,,,-1.68406e-007,-0.000220973
,,,-1.68006e-007,0.000883892
,,,-1.67606e-007,0.000220973
,,,-1.67206e-007,0.000441946
,,,-1.66806e-007,0.000441946
,,,-1.66406e-007,-0.000220973
,,,-1.66006e-007,-0.000441946
,,,-1.65606e-007,0
,,,-1.65206e-007,-0.000220973
,,,-1.64806e-007,0.000220973
,,,-1.64406e-007,0.000220973
,,,-1.64006e-007,-0.000441946
,,,-1.63606e-007,0.000441946
,,,-1.63206e-007,0.000441946
,,,-1.62806e-007,0
,,,-1.62406e-007,-0.000220973
,,,-1.62006e-007,-0.000441946
,,,-1.61606e-007,-0.000220973
,,,-1.61206e-007,0.000220973
,,,-1.60806e-007,0.000220973
,,,-1.60406e-007,0.000441946
,,,-1.60006e-007,-0.000220973
,,,-1.59606e-007,-0.000662919
,,,-1.59206e-007,-0.000220973
,,,-1.58806e-007,-0.000220973
,,,-1.58406e-007,0.000220973
,,,-1.58006e-007,0.000883892
,,,-1.57606e-007,0.000662919
,,,-1.57206e-007,0
,,,-1.56806e-007,-0.000441946
,,,-1.56406e-007,-0.000441946
,,,-1.56006e-007,-0.000441946
,,,-1.55606e-007,0.000441946
,,,-1.55206e-007,0.000662919
,,,-1.54806e-007,0
,,,-1.54406e-007,0.000220973
,,,-1.54006e-007,0
,,,-1.53606e-007,0
,,,-1.53206e-007,-0.000220973
,,,-1.52806e-007,-0.000220973
,,,-1.52406e-007,0.000441946
,,,-1.52006e-007,-0.000883892
,,,-1.51606e-007,0
,,,-1.51206e-007,-0.000662919
,,,-1.50806e-007,0.000220973
,,,-1.50406e-007,-0.000220973
,,,-1.50006e-007,0.000441946
,,,-1.49606e-007,0.000441946
,,,-1.49206e-007,0.000220973
,,,-1.48806e-007,0.000441946
,,,-1.48406e-007,0.000441946
,,,-1.48006e-007,0
,,,-1.47606e-007,-0.000220973
,,,-1.47206e-007,-0.000220973
,,,-1.46806e-007,0.000441946
,,,-1.46406e-007,0.000441946
,,,-1.46006e-007,-0.000441946
,,,-1.45606e-007,0.000883892
,,,-1.45206e-007,0.000220973
,,,-1.44806e-007,0
,,,-1.44406e-007,-0.000220973
,,,-1.44006e-007,0
,,,-1.43606e-007,-0.000220973
,,,-1.43206e-007,-0.000441946
,,,-1.42806e-007,-0.000220973
,,,-1.42406e-007,0.000662919
,,,-1.42006e-007,-0.000220973
,,,-1.41606e-007,0.000441946
,,,-1.41206e-007,-0.000220973
,,,-1.40806e-007,0.000220973
,,,-1.40406e-007,0
,,,-1.40006e-007,-0.000220973
,,,-1.39606e-007,0.000220973
,,,-1.39206e-007,0
,,,-1.38806e-007,0
,,,-1.38406e-007,-0.000220973
,,,-1.38006e-007,-0.000662919
,,,-1.37606e-007,-0.000220973
,,,-1.37206e-007,-0.000220973
,,,-1.36806e-007,-0.000220973
,,,-1.36406e-007,-0.000441946
,,,-1.36006e-007,0
,,,-1.35606e-007,0.000441946
,,,-1.35206e-007,0.000662919
,,,-1.34806e-007,0.000220973
,,,-1.34406e-007,0.000662919
,,,-1.34006e-007,-0.000220973
,,,-1.33606e-007,-0.000441946
,,,-1.33206e-007,0
,,,-1.32806e-007,0.000220973
,,,-1.32406e-007,0.000441946
,,,-1.32006e-007,0
,,,-1.31606e-007,-0.000662919
,,,-1.31206e-007,-0.000220973
,,,-1.30806e-007,0
,,,-1.30406e-007,0
,,,-1.30006e-007,-0.000662919
,,,-1.29606e-007,-0.000883892
,,,-1.29206e-007,0.000441946
,,,-1.28806e-007,0.000220973
,,,-1.28406e-007,0
,,,-1.28006e-007,-0.000220973
,,,-1.27606e-007,0.000220973
,,,-1.27206e-007,0.000441946
,,,-1.26806e-007,0.000220973
,,,-1.26406e-007,0.000220973
,,,-1.26006e-007,0.000220973
,,,-1.25606e-007,0.000441946
,,,-1.25206e-007,-0.000220973
,,,-1.24806e-007,0.000883892
,,,-1.24406e-007,0
,,,-1.24006e-007,0
,,,-1.23606e-007,-0.000220973
,,,-1.23206e-007,0.000441946
,,,-1.22806e-007,0
,,,-1.22406e-007,0.000220973
,,,-1.22006e-007,0
,,,-1.21606e-007,0
,,,-1.21206e-007,-0.000220973
,,,-1.20806e-007,0.000662919
,,,-1.20406e-007,0.000220973
,,,-1.20006e-007,0.000662919
,,,-1.19606e-007,-0.000220973
,,,-1.19206e-007,0.000441946
,,,-1.18806e-007,0
,,,-1.18406e-007,0
,,,-1.18006e-007,0.000662919
,,,-1.17606e-007,0.000220973
,,,-1.17206e-007,-0.000220973
,,,-1.16806e-007,0
,,,-1.16406e-007,0.000220973
,,,-1.16006e-007,0
,,,-1.15606e-007,0.000220973
,,,-1.15206e-007,-0.000883892
,,,-1.14806e-007,-0.000883892
,,,-1.14406e-007,-0.000441946
,,,-1.14006e-007,0.000441946
,,,-1.13606e-007,0.000883892
,,,-1.13206e-007,0.000662919
,,,-1.12806e-007,0.000220973
,,,-1.12406e-007,0
,,,-1.12006e-007,0.000441946
,,,-1.11606e-007,0.000662919
,,,-1.11206e-007,0.000441946
,,,-1.10806e-007,0
,,,-1.10406e-007,0.000220973
,,,-1.10006e-007,0
,,,-1.09606e-007,0.000220973
,,,-1.09206e-007,0
,,,-1.08806e-007,0.000220973
,,,-1.08406e-007,-0.000220973
,,,-1.08006e-007,0.000883892
,,,-1.07606e-007,0.000220973
,,,-1.07206e-007,0.000441946
,,,-1.06806e-007,0.000441946
,,,-1.06406e-007,-0.000220973
,,,-1.06006e-007,0
,,,-1.05606e-007,0.000220973
,,,-1.05206e-007,0.000662919
,,,-1.04806e-007,0
,,,-1.04406e-007,0
,,,-1.04006e-007,0.000220973
,,,-1.03606e-007,0.000441946
,,,-1.03206e-007,0.000883892
,,,-1.02806e-007,0.000441946
,,,-1.02406e-007,-0.000220973
,,,-1.02006e-007,0.000441946
,,,-1.01606e-007,-0.000220973
,,,-1.01206e-007,0
,,,-1.00806e-007,-0.000441946
,,,-1.00406e-007,-0.000441946
,,,-1.00006e-007,0
,,,-9.96062e-008,0.000220973
,,,-9.92062e-008,-0.000441946
,,,-9.88062e-008,0
,,,-9.84062e-008,0.000220973
,,,-9.80062e-008,0
,,,-9.76062e-008,0.000220973
,,,-9.72062e-008,0.000441946
,,,-9.68062e-008,-0.000441946
,,,-9.64062e-008,0.000220973
,,,-9.60062e-008,0
,,,-9.56062e-008,0.000441946
,,,-9.52062e-008,-0.000220973
,,,-9.48062e-008,-0.000220973
,,,-9.44062e-008,0
,,,-9.40062e-008,0.000441946
,,,-9.36062e-008,0.000441946
,,,-9.32062e-008,0
,,,-9.28062e-008,0
,,,-9.24062e-008,-0.000441946
,,,-9.20062e-008,0
,,,-9.16062e-008,-0.000220973
,,,-9.12062e-008,-0.000220973
,,,-9.08062e-008,-0.000441946
,,,-9.04062e-008,0
,,,-9.00062e-008,-0.000220973
,,,-8.96062e-008,-0.000441946
,,,-8.92062e-008,-0.000220973
,,,-8.88062e-008,0.000441946
,,,-8.84062e-008,-0.000441946
,,,-8.80062e-008,0
,,,-8.76062e-008,0
,,,-8.72062e-008,0.000441946
,,,-8.68062e-008,0.000220973
,,,-8.64062e-008,0.000441946
,,,-8.60062e-008,0.000441946
,,,-8.56062e-008,0.000220973
,,,-8.52062e-008,0
,,,-8.48062e-008,0.000441946
,,,-8.44062e-008,0
,,,-8.40062e-008,0.000220973
,,,-8.36062e-008,0
,,,-8.32062e-008,-0.000220973
,,,-8.28062e-008,0
,,,-8.24062e-008,0.000662919
,,,-8.20062e-008,-0.000220973
,,,-8.16062e-008,0.000220973
,,,-8.12062e-008,0.000441946
,,,-8.08062e-008,0.000220973
,,,-8.04062e-008,0.000220973
,,,-8.00062e-008,0.00110486
,,,-7.96062e-008,0
,,,-7.92062e-008,-0.000220973
,,,-7.88062e-008,0
,,,-7.84062e-008,0.000220973
,,,-7.80062e-008,0
,,,-7.76062e-008,0.000662919
,,,-7.72062e-008,0.000220973
,,,-7.68062e-008,0.000662919
,,,-7.64062e-008,0.000220973
,,,-7.60062e-008,0
,,,-7.56062e-008,-0.000441946
,,,-7.52062e-008,-0.000220973
,,,-7.48062e-008,0.000220973
,,,-7.44062e-008,-0.000220973
,,,-7.40062e-008,0
,,,-7.36062e-008,0.000441946
,,,-7.32062e-008,0.000441946
,,,-7.28062e-008,-0.000220973
,,,-7.24062e-008,0
,,,-7.20062e-008,0.000220973
,,,-7.16062e-008,-0.000220973
,,,-7.12062e-008,-0.000662919
,,,-7.08062e-008,0.000220973
,,,-7.04062e-008,0.00110486
,,,-7.00062e-008,0.000441946
,,,-6.96062e-008,-0.000220973
,,,-6.92062e-008,-0.000220973
,,,-6.88062e-008,-0.000441946
,,,-6.84062e-008,0
,,,-6.80062e-008,-0.000220973
,,,-6.76062e-008,-0.000220973
,,,-6.72062e-008,0
,,,-6.68062e-008,-0.000220973
,,,-6.64062e-008,-0.000220973
,,,-6.60062e-008,0.000662919
,,,-6.56062e-008,0
,,,-6.52062e-008,0.000220973
,,,-6.48062e-008,0
,,,-6.44062e-008,0.000662919
,,,-6.40062e-008,0
,,,-6.36062e-008,-0.000220973
,,,-6.32062e-008,0
,,,-6.28062e-008,0.000220973
,,,-6.24062e-008,0
,,,-6.20062e-008,0.000662919
,,,-6.16062e-008,0.000220973
,,,-6.12062e-008,0.000220973
,,,-6.08062e-008,-0.000220973
,,,-6.04062e-008,0.000220973
,,,-6.00062e-008,-0.000662919
,,,-5.96062e-008,0.000441946
,,,-5.92062e-008,0.000220973
,,,-5.88062e-008,0
,,,-5.84062e-008,-0.000441946
,,,-5.80062e-008,0.000220973
,,,-5.76062e-008,0.000220973
,,,-5.72062e-008,-0.000220973
,,,-5.68062e-008,0
,,,-5.64062e-008,0.000220973
,,,-5.60062e-008,0.000662919
,,,-5.56062e-008,0
,,,-5.52062e-008,-0.000441946
,,,-5.48062e-008,0.000220973
,,,-5.44062e-008,0.000441946
,,,-5.40062e-008,-0.000441946
,,,-5.36062e-008,-0.000220973
,,,-5.32062e-008,-0.000883892
,,,-5.28062e-008,0.000220973
,,,-5.24062e-008,0.000441946
,,,-5.20062e-008,0
,,,-5.16062e-008,0.000441946
,,,-5.12062e-008,0
,,,-5.08062e-008,-0.000220973
,,,-5.04062e-008,0
,,,-5.00062e-008,0
,,,-4.96062e-008,0.000662919
,,,-4.92062e-008,0
,,,-4.88062e-008,0.000662919
,,,-4.84062e-008,0
,,,-4.80062e-008,0.000441946
,,,-4.76062e-008,-0.000220973
,,,-4.72062e-008,0
,,,-4.68062e-008,0
,,,-4.64062e-008,0.000883892
,,,-4.60062e-008,-0.000220973
,,,-4.56062e-008,0.000883892
,,,-4.52062e-008,-0.000220973
,,,-4.48062e-008,0
,,,-4.44062e-008,0.000441946
,,,-4.40062e-008,-0.000220973
,,,-4.36062e-008,-0.000441946
,,,-4.32062e-008,-0.000441946
,,,-4.28062e-008,0
,,,-4.24062e-008,0.000441946
,,,-4.20062e-008,0
,,,-4.16062e-008,-0.000220973
,,,-4.12062e-008,-0.000220973
,,,-4.08062e-008,0.000441946
,,,-4.04062e-008,0.000441946
,,,-4.00062e-008,0.000662919
,,,-3.96062e-008,0.000220973
,,,-3.92062e-008,0.000220973
,,,-3.88062e-008,0.000662919
,,,-3.84062e-008,0
,,,-3.80062e-008,-0.000220973
,,,-3.76062e-008,-0.000441946
,,,-3.72062e-008,-0.000441946
,,,-3.68062e-008,0.000220973
,,,-3.64062e-008,0
,,,-3.60062e-008,-0.000220973
,,,-3.56062e-008,0.000883892
,,,-3.52062e-008,0.000220973
,,,-3.48062e-008,-0.000220973
,,,-3.44062e-008,-0.000220973
,,,-3.40062e-008,0
,,,-3.36062e-008,0
,,,-3.32062e-008,0.000662919
,,,-3.28062e-008,0.000220973
,,,-3.24062e-008,0.000662919
,,,-3.20062e-008,0.000662919
,,,-3.16062e-008,0.000220973
,,,-3.12062e-008,0
,,,-3.08062e-008,0
,,,-3.04062e-008,0.000662919
,,,-3.00062e-008,0.000441946
,,,-2.96062e-008,0.000220973
,,,-2.92062e-008,0.000220973
,,,-2.88062e-008,0
,,,-2.84062e-008,0.000220973
,,,-2.80062e-008,0
,,,-2.76062e-008,0.000220973
,,,-2.72062e-008,-0.000220973
,,,-2.68062e-008,0.000220973
,,,-2.64062e-008,0
,,,-2.60062e-008,0
,,,-2.56062e-008,0
,,,-2.52062e-008,0
,,,-2.48062e-008,-0.000220973
,,,-2.44062e-008,-0.000220973
,,,-2.40062e-008,0
,,,-2.36062e-008,0
,,,-2.32062e-008,-0.000441946
,,,-2.28062e-008,0.000220973
,,,-2.24062e-008,0.000220973
,,,-2.20062e-008,-0.000441946
,,,-2.16062e-008,0.000220973
,,,-2.12062e-008,-0.000220973
,,,-2.08062e-008,0.000220973
,,,-2.04062e-008,0.000441946
,,,-2.00062e-008,0.00110486
,,,-1.96062e-008,0.000441946
,,,-1.92062e-008,-0.000441946
,,,-1.88062e-008,-0.000883892
,,,-1.84062e-008,-0.000883892
,,,-1.80062e-008,0.000220973
,,,-1.76062e-008,0.000662919
,,,-1.72062e-008,-0.000220973
,,,-1.68062e-008,0
,,,-1.64062e-008,-0.000441946
,,,-1.60062e-008,0.000441946
,,,-1.56062e-008,-0.000220973
,,,-1.52062e-008,-0.000441946
,,,-1.48062e-008,0
,,,-1.44062e-008,0
,,,-1.40062e-008,0.000220973
,,,-1.36062e-008,0
,,,-1.32062e-008,0.000220973
,,,-1.28062e-008,0.000441946
,,,-1.24062e-008,-0.000441946
,,,-1.20062e-008,-0.000441946
,,,-1.16062e-008,0
,,,-1.12062e-008,-0.000662919
,,,-1.08062e-008,-0.000220973
,,,-1.04062e-008,0.000662919
,,,-1.00062e-008,0.000441946
,,,-9.60619e-009,0.000441946
,,,-9.20619e-009,0.000883892
,,,-8.80619e-009,-0.000441946
,,,-8.40619e-009,-0.000220973
,,,-8.00619e-009,0.000883892
,,,-7.60619e-009,-0.000220973
,,,-7.20619e-009,0
,,,-6.80619e-009,0.000441946
,,,-6.40619e-009,0.000662919
,,,-6.00619e-009,0
,,,-5.60619e-009,0
,,,-5.20619e-009,-0.000220973
,,,-4.80619e-009,0
,,,-4.40619e-009,0
,,,-4.00619e-009,0
,,,-3.60619e-009,-0.000220973
,,,-3.20619e-009,-0.000441946
,,,-2.80619e-009,0.000220973
,,,-2.40619e-009,-0.000220973
,,,-2.00619e-009,0.000441946
,,,-1.60619e-009,0
,,,-1.20619e-009,0
,,,-8.06194e-010,0.000441946
,,,-4.06194e-010,-0.000441946
,,,-6.19422e-012,0.000441946
,,,3.93806e-010,0.000441946
,,,7.93806e-010,-0.000441946
,,,1.19381e-009,0.000441946
,,,1.59381e-009,0.000662919
,,,1.99381e-009,0.000883892
,,,2.39381e-009,-0.000220973
,,,2.79381e-009,0
,,,3.19381e-009,0.000220973
,,,3.59381e-009,0.000220973
,,,3.99381e-009,0
,,,4.39381e-009,0
,,,4.79381e-009,0.000220973
,,,5.19381e-009,0
,,,5.59381e-009,-0.000441946
,,,5.99381e-009,-0.000662919
,,,6.39381e-009,0
,,,6.79381e-009,-0.000220973
,,,7.19381e-009,0
,,,7.59381e-009,-0.000220973
,,,7.99381e-009,0
,,,8.39381e-009,0.000220973
,,,8.79381e-009,0.000441946
,,,9.19381e-009,0.000441946
,,,9.59381e-009,0.000220973
,,,9.99381e-009,0.000220973
,,,1.03938e-008,0.000662919
,,,1.07938e-008,0.000220973
,,,1.11938e-008,0
,,,1.15938e-008,-0.000220973
,,,1.19938e-008,-0.000441946
,,,1.23938e-008,-0.000220973
,,,1.27938e-008,0
,,,1.31938e-008,0.000220973
,,,1.35938e-008,0.000441946
,,,1.39938e-008,-0.000220973
,,,1.43938e-008,0.000441946
,,,1.47938e-008,0.000441946
,,,1.51938e-008,0.000441946
,,,1.55938e-008,0
,,,1.59938e-008,0.000441946
,,,1.63938e-008,-0.000220973
,,,1.67938e-008,0.000220973
,,,1.71938e-008,0.000220973
,,,1.75938e-008,0.000220973
,,,1.79938e-008,0.000441946
,,,1.83938e-008,0.000220973
,,,1.87938e-008,0.000220973
,,,1.91938e-008,0
,,,1.95938e-008,0
,,,1.99938e-008,0
,,,2.03938e-008,-0.000441946
,,,2.07938e-008,0
,,,2.11938e-008,-0.000441946
,,,2.15938e-008,0.000220973
,,,2.19938e-008,0.000662919
,,,2.23938e-008,0.000220973
,,,2.27938e-008,0.000220973
,,,2.31938e-008,-0.000220973
,,,2.35938e-008,0.000441946
,,,2.39938e-008,0.000220973
,,,2.43938e-008,-0.000220973
,,,2.47938e-008,-0.000662919
,,,2.51938e-008,0.000441946
,,,2.55938e-008,0.000220973
,,,2.59938e-008,0.000220973
,,,2.63938e-008,0.000662919
,,,2.67938e-008,0.000220973
,,,2.71938e-008,-0.000662919
,,,2.75938e-008,0
,,,2.79938e-008,0.000441946
,,,2.83938e-008,0.000220973
,,,2.87938e-008,-0.000220973
,,,2.91938e-008,-0.000883892
,,,2.95938e-008,0.000220973
,,,2.99938e-008,0
,,,3.03938e-008,0.000441946
,,,3.07938e-008,0
,,,3.11938e-008,-0.000220973
,,,3.15938e-008,-0.000220973
,,,3.19938e-008,0.000220973
,,,3.23938e-008,0.000220973
,,,3.27938e-008,0.000220973
,,,3.31938e-008,-0.000220973
,,,3.35938e-008,0.000220973
,,,3.39938e-008,-0.000220973
,,,3.43938e-008,0
,,,3.47938e-008,0
,,,3.51938e-008,0.000441946
,,,3.55938e-008,0
,,,3.59938e-008,0.000220973
,,,3.63938e-008,0.000220973
,,,3.67938e-008,-0.000220973
,,,3.71938e-008,0
,,,3.75938e-008,0.000220973
,,,3.79938e-008,-0.000441946
,,,3.83938e-008,0
,,,3.87938e-008,0.000220973
,,,3.91938e-008,-0.000441946
,,,3.95938e-008,0
,,,3.99938e-008,0
,,,4.03938e-008,-0.000220973
,,,4.07938e-008,0.000220973
,,,4.11938e-008,0.000441946
,,,4.15938e-008,0.000441946
,,,4.19938e-008,0.000220973
,,,4.23938e-008,-0.000441946
,,,4.27938e-008,-0.000662919
,,,4.31938e-008,0.000662919
,,,4.35938e-008,0.000662919
,,,4.39938e-008,-0.000441946
,,,4.43938e-008,-0.000441946
,,,4.47938e-008,-0.000662919
,,,4.51938e-008,-0.000441946
,,,4.55938e-008,0.000220973
,,,4.59938e-008,0
,,,4.63938e-008,-0.000220973
,,,4.67938e-008,0
,,,4.71938e-008,0.000220973
,,,4.75938e-008,0.000220973
,,,4.79938e-008,0.000441946
,,,4.83938e-008,0.000220973
,,,4.87938e-008,0
,,,4.91938e-008,0
,,,4.95938e-008,0.000441946
,,,4.99938e-008,-0.000441946
,,,5.03938e-008,0.000220973
,,,5.07938e-008,0.000441946
,,,5.11938e-008,-0.000220973
,,,5.15938e-008,-0.000220973
,,,5.19938e-008,-0.000220973
,,,5.23938e-008,0.000220973
,,,5.27938e-008,0.000220973
,,,5.31938e-008,0
,,,5.35938e-008,0
,,,5.39938e-008,0.000220973
,,,5.43938e-008,0.000441946
,,,5.47938e-008,0.000220973
,,,5.51938e-008,-0.000220973
,,,5.55938e-008,-0.000220973
,,,5.59938e-008,0
,,,5.63938e-008,-0.000220973
,,,5.67938e-008,0
,,,5.71938e-008,-0.000441946
,,,5.75938e-008,0
,,,5.79938e-008,0.000220973
,,,5.83938e-008,0
,,,5.87938e-008,0.000441946
,,,5.91938e-008,-0.000441946
,,,5.95938e-008,0
,,,5.99938e-008,0.000441946
,,,6.03938e-008,-0.000220973
,,,6.07938e-008,0
,,,6.11938e-008,-0.000441946
,,,6.15938e-008,-0.000220973
,,,6.19938e-008,-0.000662919
,,,6.23938e-008,0
,,,6.27938e-008,0.00154681
,,,6.31938e-008,-0.000441946
,,,6.35938e-008,0
,,,6.39938e-008,0.000220973
,,,6.43938e-008,-0.000220973
,,,6.47938e-008,-0.000441946
,,,6.51938e-008,0.000220973
,,,6.55938e-008,0
,,,6.59938e-008,0.000220973
,,,6.63938e-008,0
,,,6.67938e-008,-0.000220973
,,,6.71938e-008,0.000441946
,,,6.75938e-008,0.000662919
,,,6.79938e-008,-0.000220973
,,,6.83938e-008,0
,,,6.87938e-008,0.000441946
,,,6.91938e-008,0.000441946
,,,6.95938e-008,-0.000220973
,,,6.99938e-008,0
,,,7.03938e-008,0.000662919
,,,7.07938e-008,0
,,,7.11938e-008,0.000220973
,,,7.15938e-008,0.000441946
,,,7.19938e-008,0.000662919
,,,7.23938e-008,0.000220973
,,,7.27938e-008,-0.00132584
,,,7.31938e-008,-0.000441946
,,,7.35938e-008,0.000662919
,,,7.39938e-008,0.000220973
,,,7.43938e-008,-0.000220973
,,,7.47938e-008,-0.000220973
,,,7.51938e-008,-0.000220973
,,,7.55938e-008,0.000441946
,,,7.59938e-008,0
,,,7.63938e-008,0
,,,7.67938e-008,0
,,,7.71938e-008,0
,,,7.75938e-008,0
,,,7.79938e-008,-0.000220973
,,,7.83938e-008,0.000441946
,,,7.87938e-008,0.000220973
,,,7.91938e-008,0.000441946
,,,7.95938e-008,-0.000441946
,,,7.99938e-008,0
,,,8.03938e-008,0.000220973
,,,8.07938e-008,0.000883892
,,,8.11938e-008,0.000662919
,,,8.15938e-008,0.000441946
,,,8.19938e-008,0.000220973
,,,8.23938e-008,0.000662919
,,,8.27938e-008,0
,,,8.31938e-008,0.000220973
,,,8.35938e-008,0
,,,8.39938e-008,-0.000220973
,,,8.43938e-008,0
,,,8.47938e-008,0.000220973
,,,8.51938e-008,-0.000220973
,,,8.55938e-008,0.000441946
,,,8.59938e-008,0.000220973
,,,8.63938e-008,0.000441946
,,,8.67938e-008,0
,,,8.71938e-008,0
,,,8.75938e-008,0.000662919
,,,8.79938e-008,0.000883892
,,,8.83938e-008,-0.000220973
,,,8.87938e-008,0
,,,8.91938e-008,-0.000220973
,,,8.95938e-008,-0.000883892
,,,8.99938e-008,0.000441946
,,,9.03938e-008,0.000883892
,,,9.07938e-008,0.000220973
,,,9.11938e-008,0.000220973
,,,9.15938e-008,0.000220973
,,,9.19938e-008,0.000220973
,,,9.23938e-008,0.000220973
,,,9.27938e-008,0.00132584
,,,9.31938e-008,0.000662919
,,,9.35938e-008,0.00176778
,,,9.39938e-008,0.00154681
,,,9.43938e-008,0.00198876
,,,9.47938e-008,0.00287265
,,,9.51938e-008,0.00353557
,,,9.55938e-008,0.00375654
,,,9.59938e-008,0.00618724
,,,9.63938e-008,0.00685016
,,,9.67938e-008,0.00729211
,,,9.71938e-008,0.00883892
,,,9.75938e-008,0.0112696
,,,9.79938e-008,0.0119325
,,,9.83938e-008,0.0132584
,,,9.87938e-008,0.0134794
,,,9.91938e-008,0.0139213
,,,9.95938e-008,0.0141423
,,,9.99938e-008,0.0139213
,,,1.00394e-007,0.0150262
,,,1.00794e-007,0.0159101
,,,1.01194e-007,0.016131
,,,1.01594e-007,0.016352
,,,1.01994e-007,0.0170149
,,,1.02394e-007,0.0174569
,,,1.02794e-007,0.0172359
,,,1.03194e-007,0.0174569
,,,1.03594e-007,0.0174569
,,,1.03994e-007,0.0170149
,,,1.04394e-007,0.0172359
,,,1.04794e-007,0.0167939
,,,1.05194e-007,0.0167939
,,,1.05594e-007,0.0174569
,,,1.05994e-007,0.0170149
,,,1.06394e-007,0.0170149
,,,1.06794e-007,0.0172359
,,,1.07194e-007,0.0176778
,,,1.07594e-007,0.0178988
,,,1.07994e-007,0.0167939
,,,1.08394e-007,0.0170149
,,,1.08794e-007,0.0170149
,,,1.09194e-007,0.0176778
,,,1.09594e-007,0.0170149
,,,1.09994e-007,0.0170149
,,,1.10394e-007,0.0174569
,,,1.10794e-007,0.0174569
,,,1.11194e-007,0.0176778
,,,1.11594e-007,0.0176778
,,,1.11994e-007,0.0187827
,,,1.12394e-007,0.0178988
,,,1.12794e-007,0.0178988
,,,1.13194e-007,0.0183408
,,,1.13594e-007,0.0178988
,,,1.13994e-007,0.0181198
,,,1.14394e-007,0.0174569
,,,1.14794e-007,0.0174569
,,,1.15194e-007,0.0178988
,,,1.15594e-007,0.0167939
,,,1.15994e-007,0.0172359
,,,1.16394e-007,0.0170149
,,,1.16794e-007,0.0167939
,,,1.17194e-007,0.0172359
,,,1.17594e-007,0.0178988
,,,1.17994e-007,0.0174569
,,,1.18394e-007,0.0170149
,,,1.18794e-007,0.0183408
,,,1.19194e-007,0.0185617
,,,1.19594e-007,0.0183408
,,,1.19994e-007,0.0185617
,,,1.20394e-007,0.0170149
,,,1.20794e-007,0.0181198
,,,1.21194e-007,0.0187827
,,,1.21594e-007,0.0183408
,,,1.21994e-007,0.0185617
,,,1.22394e-007,0.0192246
,,,1.22794e-007,0.0185617
,,,1.23194e-007,0.0190037
,,,1.23594e-007,0.0198876
,,,1.23994e-007,0.0198876
,,,1.24394e-007,0.0194456
,,,1.24794e-007,0.0205505
,,,1.25194e-007,0.0205505
,,,1.25594e-007,0.0207715
,,,1.25994e-007,0.0203295
,,,1.26394e-007,0.0205505
,,,1.26794e-007,0.0209924
,,,1.27194e-007,0.0198876
,,,1.27594e-007,0.0196666
,,,1.27994e-007,0.0196666
,,,1.28394e-007,0.0205505
,,,1.28794e-007,0.0194456
,,,1.29194e-007,0.0185617
,,,1.29594e-007,0.0192246
,,,1.29994e-007,0.0185617
,,,1.30394e-007,0.0181198
,,,1.30794e-007,0.0185617
,,,1.31194e-007,0.0176778
,,,1.31594e-007,0.0172359
,,,1.31994e-007,0.0172359
,,,1.32394e-007,0.0167939
,,,1.32794e-007,0.0172359
,,,1.33194e-007,0.0172359
,,,1.33594e-007,0.0170149
,,,1.33994e-007,0.016573
,,,1.34394e-007,0.016352
,,,1.34794e-007,0.0167939
,,,1.35194e-007,0.016573
,,,1.35594e-007,0.016352
,,,1.35994e-007,0.0167939
,,,1.36394e-007,0.016352
,,,1.36794e-007,0.016352
,,,1.37194e-007,0.016352
,,,1.37594e-007,0.016352
,,,1.37994e-007,0.016352
,,,1.38394e-007,0.016573
,,,1.38794e-007,0.016352
,,,1.39194e-007,0.0159101
,,,1.39594e-007,0.016131
,,,1.39994e-007,0.016131
,,,1.40394e-007,0.0159101
,,,1.40794e-007,0.0154681
,,,1.41194e-007,0.0154681
,,,1.41594e-007,0.016131
,,,1.41994e-007,0.0159101
,,,1.42394e-007,0.0156891
,,,1.42794e-007,0.0148052
,,,1.43194e-007,0.0154681
,,,1.43594e-007,0.0148052
,,,1.43994e-007,0.0154681
,,,1.44394e-007,0.0150262
,,,1.44794e-007,0.0152471
,,,1.45194e-007,0.0143632
,,,1.45594e-007,0.0152471
,,,1.45994e-007,0.0145842
,,,1.46394e-007,0.0152471
,,,1.46794e-007,0.0150262
,,,1.47194e-007,0.0148052
,,,1.47594e-007,0.0145842
,,,1.47994e-007,0.0134794
,,,1.48394e-007,0.0143632
,,,1.48794e-007,0.0143632
,,,1.49194e-007,0.0139213
,,,1.49594e-007,0.0143632
,,,1.49994e-007,0.0141423
,,,1.50394e-007,0.0141423
,,,1.50794e-007,0.0143632
,,,1.51194e-007,0.0143632
,,,1.51594e-007,0.0139213
,,,1.51994e-007,0.0141423
,,,1.52394e-007,0.0145842
,,,1.52794e-007,0.0143632
,,,1.53194e-007,0.0141423
,,,1.53594e-007,0.0141423
,,,1.53994e-007,0.0139213
,,,1.54394e-007,0.0132584
,,,1.54794e-007,0.0139213
,,,1.55194e-007,0.0125955
,,,1.55594e-007,0.0121535
,,,1.55994e-007,0.0119325
,,,1.56394e-007,0.0123745
,,,1.56794e-007,0.0123745
,,,1.57194e-007,0.0117116
,,,1.57594e-007,0.0128164
,,,1.57994e-007,0.0125955
,,,1.58394e-007,0.0119325
,,,1.58794e-007,0.0125955
,,,1.59194e-007,0.0121535
,,,1.59594e-007,0.0114906
,,,1.59994e-007,0.0125955
,,,1.60394e-007,0.0125955
,,,1.60794e-007,0.0121535
,,,1.61194e-007,0.0119325
,,,1.61594e-007,0.0121535
,,,1.61994e-007,0.0121535
,,,1.62394e-007,0.0128164
,,,1.62794e-007,0.0123745
,,,1.63194e-007,0.0117116
,,,1.63594e-007,0.0123745
,,,1.63994e-007,0.0121535
,,,1.64394e-007,0.0117116
,,,1.64794e-007,0.0123745
,,,1.65194e-007,0.0112696
,,,1.65594e-007,0.0125955
,,,1.65994e-007,0.0121535
,,,1.66394e-007,0.0125955
,,,1.66794e-007,0.0121535
,,,1.67194e-007,0.0125955
,,,1.67594e-007,0.0123745
,,,1.67994e-007,0.0123745
,,,1.68394e-007,0.0121535
,,,1.68794e-007,0.0117116
,,,1.69194e-007,0.0119325
,,,1.69594e-007,0.0121535
,,,1.69994e-007,0.0125955
,,,1.70394e-007,0.0117116
,,,1.70794e-007,0.0121535
,,,1.71194e-007,0.0119325
,,,1.71594e-007,0.0123745
,,,1.71994e-007,0.0117116
,,,1.72394e-007,0.0123745
,,,1.72794e-007,0.0121535
,,,1.73194e-007,0.0112696
,,,1.73594e-007,0.0121535
,,,1.73994e-007,0.0117116
,,,1.74394e-007,0.0121535
,,,1.74794e-007,0.0119325
,,,1.75194e-007,0.0121535
,,,1.75594e-007,0.0119325
,,,1.75994e-007,0.0128164
,,,1.76394e-007,0.0123745
,,,1.76794e-007,0.0123745
,,,1.77194e-007,0.0125955
,,,1.77594e-007,0.0119325
,,,1.77994e-007,0.0128164
,,,1.78394e-007,0.0130374
,,,1.78794e-007,0.0123745
,,,1.79194e-007,0.0125955
,,,1.79594e-007,0.0121535
,,,1.79994e-007,0.0121535
,,,1.80394e-007,0.0128164
,,,1.80794e-007,0.0123745
,,,1.81194e-007,0.0125955
,,,1.81594e-007,0.0123745
,,,1.81994e-007,0.0119325
,,,1.82394e-007,0.0128164
,,,1.82794e-007,0.0125955
,,,1.83194e-007,0.0123745
,,,1.83594e-007,0.0114906
,,,1.83994e-007,0.0119325
,,,1.84394e-007,0.0125955
,,,1.84794e-007,0.0128164
,,,1.85194e-007,0.0121535
,,,1.85594e-007,0.0130374
,,,1.85994e-007,0.0117116
,,,1.86394e-007,0.0123745
,,,1.86794e-007,0.0132584
,,,1.87194e-007,0.0125955
,,,1.87594e-007,0.0125955
,,,1.87994e-007,0.0125955
,,,1.88394e-007,0.0134794
,,,1.88794e-007,0.0125955
,,,1.89194e-007,0.0130374
,,,1.89594e-007,0.0125955
,,,1.89994e-007,0.0128164
,,,1.90394e-007,0.0132584
,,,1.90794e-007,0.0134794
,,,1.91194e-007,0.0130374
,,,1.91594e-007,0.0137003
,,,1.91994e-007,0.0130374
,,,1.92394e-007,0.0132584
,,,1.92794e-007,0.0130374
,,,1.93194e-007,0.0134794
,,,1.93594e-007,0.0130374
,,,1.93994e-007,0.0130374
,,,1.94394e-007,0.0139213
,,,1.94794e-007,0.0134794
,,,1.95194e-007,0.0134794
,,,1.95594e-007,0.0128164
,,,1.95994e-007,0.0130374
,,,1.96394e-007,0.0134794
,,,1.96794e-007,0.0123745
,,,1.97194e-007,0.0128164
,,,1.97594e-007,0.0132584
,,,1.97994e-007,0.0134794
,,,1.98394e-007,0.0130374
,,,1.98794e-007,0.0130374
,,,1.99194e-007,0.0121535
,,,1.99594e-007,0.0125955
,,,1.99994e-007,0.0128164
,,,2.00394e-007,0.0119325
,,,2.00794e-007,0.0125955
,,,2.01194e-007,0.0121535
,,,2.01594e-007,0.0125955
,,,2.01994e-007,0.0117116
,,,2.02394e-007,0.0110486
,,,2.02794e-007,0.0117116
,,,2.03194e-007,0.0119325
,,,2.03594e-007,0.0108277
,,,2.03994e-007,0.0108277
,,,2.04394e-007,0.0112696
,,,2.04794e-007,0.0110486
,,,2.05194e-007,0.0110486
,,,2.05594e-007,0.0108277
,,,2.05994e-007,0.0103857
,,,2.06394e-007,0.0101648
,,,2.06794e-007,0.0112696
,,,2.07194e-007,0.0106067
,,,2.07594e-007,0.00905989
,,,2.07994e-007,0.00950184
,,,2.08394e-007,0.00905989
,,,2.08794e-007,0.008176
,,,2.09194e-007,0.00883892
,,,2.09594e-007,0.00861795
,,,2.09994e-007,0.008176
,,,2.10394e-007,0.00795503
,,,2.10794e-007,0.00729211
,,,2.11194e-007,0.00685016
,,,2.11594e-007,0.0057453
,,,2.11994e-007,0.00552432
,,,2.12394e-007,0.00508238
,,,2.12794e-007,0.00508238
,,,2.13194e-007,0.00508238
,,,2.13594e-007,0.00508238
,,,2.13994e-007,0.00397751
,,,2.14394e-007,0.00397751
,,,2.14794e-007,0.00441946
,,,2.15194e-007,0.00331459
,,,2.15594e-007,0.00287265
,,,2.15994e-007,0.00331459
,,,2.16394e-007,0.00287265
,,,2.16794e-007,0.00331459
,,,2.17194e-007,0.00287265
,,,2.17594e-007,0.0024307
,,,2.17994e-007,0.00265168
,,,2.18394e-007,0.00265168
,,,2.18794e-007,0.00220973
,,,2.19194e-007,0.00176778
,,,2.19594e-007,0.00176778
,,,2.19994e-007,0.00176778
,,,2.20394e-007,0.00154681
,,,2.20794e-007,0.00198876
,,,2.21194e-007,0.000883892
,,,2.21594e-007,0.000883892
,,,2.21994e-007,0.00110486
,,,2.22394e-007,0.0024307
,,,2.22794e-007,0.00154681
,,,2.23194e-007,0.00110486
,,,2.23594e-007,0.000883892
,,,2.23994e-007,0.000883892
,,,2.24394e-007,0.00132584
,,,2.24794e-007,0.00132584
,,,2.25194e-007,0.00110486
,,,2.25594e-007,0.00110486
,,,2.25994e-007,0.00110486
,,,2.26394e-007,0.000662919
,,,2.26794e-007,0.00132584
,,,2.27194e-007,0.00176778
,,,2.27594e-007,0.000883892
,,,2.27994e-007,0.000441946
,,,2.28394e-007,0.000883892
,,,2.28794e-007,0.000662919
,,,2.29194e-007,0.000220973
,,,2.29594e-007,0.000883892
,,,2.29994e-007,0.000220973
,,,2.30394e-007,0.000441946
,,,2.30794e-007,0.000662919
,,,2.31194e-007,0
,,,2.31594e-007,0.000662919
,,,2.31994e-007,0.00110486
,,,2.32394e-007,0
,,,2.32794e-007,0
,,,2.33194e-007,0.00110486
,,,2.33594e-007,0
,,,2.33994e-007,0
,,,2.34394e-007,0.000883892
,,,2.34794e-007,0
,,,2.35194e-007,0.000220973
,,,2.35594e-007,0.000220973
,,,2.35994e-007,-0.000220973
,,,2.36394e-007,-0.000883892
,,,2.36794e-007,-0.000441946
,,,2.37194e-007,-0.000220973
,,,2.37594e-007,-0.000441946
,,,2.37994e-007,-0.000883892
,,,2.38394e-007,0
,,,2.38794e-007,0
,,,2.39194e-007,0.000220973
,,,2.39594e-007,-0.000883892
,,,2.39994e-007,-0.000441946
,,,2.40394e-007,-0.00110486
,,,2.40794e-007,-0.000662919
,,,2.41194e-007,-0.000662919
,,,2.41594e-007,0
,,,2.41994e-007,-0.000662919
,,,2.42394e-007,-0.000441946
,,,2.42794e-007,-0.000441946
,,,2.43194e-007,-0.000883892
,,,2.43594e-007,-0.000883892
,,,2.43994e-007,-0.000662919
,,,2.44394e-007,-0.000441946
,,,2.44794e-007,-0.000883892
,,,2.45194e-007,-0.000441946
,,,2.45594e-007,-0.000220973
,,,2.45994e-007,-0.000662919
,,,2.46394e-007,0.000441946
,,,2.46794e-007,0
,,,2.47194e-007,-0.000220973
,,,2.47594e-007,-0.000441946
,,,2.47994e-007,0.000220973
,,,2.48394e-007,-0.000441946
,,,2.48794e-007,-0.000441946
,,,2.49194e-007,0
,,,2.49594e-007,-0.000441946
,,,2.49994e-007,-0.000220973
,,,2.50394e-007,-0.000662919
