"Record Length",1252,"Points",-2.50326e-007,0.000662919
"Sample Interval",4e-010,s,-2.49926e-007,0.000662919
"Trigger Point",625,"Samples",-2.49526e-007,0.000220973
"Trigger Time",0.81375,s,-2.49126e-007,0.000441946
,,,-2.48726e-007,0
"Horizontal Offset",-2.50326e-007,s,-2.48326e-007,-0.000441946
,,,-2.47926e-007,0.000220973
,,,-2.47526e-007,0
,,,-2.47126e-007,0.000220973
,,,-2.46726e-007,0.000220973
,,,-2.46326e-007,0.000662919
,,,-2.45926e-007,-0.000220973
,,,-2.45526e-007,0.000883892
,,,-2.45126e-007,0
,,,-2.44726e-007,0
,,,-2.44326e-007,0.000220973
,,,-2.43926e-007,-0.000220973
,,,-2.43526e-007,0
,,,-2.43126e-007,0.000441946
,,,-2.42726e-007,0
,,,-2.42326e-007,0.000220973
,,,-2.41926e-007,0.000441946
,,,-2.41526e-007,-0.000441946
,,,-2.41126e-007,-0.000220973
,,,-2.40726e-007,-0.000220973
,,,-2.40326e-007,0.000441946
,,,-2.39926e-007,0.000441946
,,,-2.39526e-007,0.00110486
,,,-2.39126e-007,0
,,,-2.38726e-007,0.000441946
,,,-2.38326e-007,0.000441946
,,,-2.37926e-007,-0.000220973
,,,-2.37526e-007,0.000662919
,,,-2.37126e-007,-0.000220973
,,,-2.36726e-007,-0.000441946
,,,-2.36326e-007,0.000220973
,,,-2.35926e-007,0
,,,-2.35526e-007,0.000662919
,,,-2.35126e-007,0.000220973
,,,-2.34726e-007,0
,,,-2.34326e-007,-0.000220973
,,,-2.33926e-007,0
,,,-2.33526e-007,-0.000441946
,,,-2.33126e-007,0
,,,-2.32726e-007,0
,,,-2.32326e-007,0.000883892
,,,-2.31926e-007,-0.000220973
,,,-2.31526e-007,-0.000662919
,,,-2.31126e-007,0
,,,-2.30726e-007,0
,,,-2.30326e-007,-0.000441946
,,,-2.29926e-007,0.000883892
,,,-2.29526e-007,0.000220973
,,,-2.29126e-007,-0.000220973
,,,-2.28726e-007,0.000662919
,,,-2.28326e-007,0.000441946
,,,-2.27926e-007,0.000441946
,,,-2.27526e-007,0.000662919
,,,-2.27126e-007,0
,,,-2.26726e-007,0.000220973
,,,-2.26326e-007,0.000220973
,,,-2.25926e-007,0.000441946
,,,-2.25526e-007,-0.000441946
,,,-2.25126e-007,-0.000220973
,,,-2.24726e-007,-0.000220973
,,,-2.24326e-007,0.000662919
,,,-2.23926e-007,-0.000220973
,,,-2.23526e-007,-0.000220973
,,,-2.23126e-007,0.000662919
,,,-2.22726e-007,0.00110486
,,,-2.22326e-007,-0.000220973
,,,-2.21926e-007,0.000441946
,,,-2.21526e-007,0.000662919
,,,-2.21126e-007,0.000220973
,,,-2.20726e-007,-0.000220973
,,,-2.20326e-007,0.000441946
,,,-2.19926e-007,-0.000662919
,,,-2.19526e-007,0.000441946
,,,-2.19126e-007,0.000662919
,,,-2.18726e-007,0
,,,-2.18326e-007,-0.00110486
,,,-2.17926e-007,-0.000220973
,,,-2.17526e-007,0.000220973
,,,-2.17126e-007,0.000662919
,,,-2.16726e-007,-0.000220973
,,,-2.16326e-007,0
,,,-2.15926e-007,0.000441946
,,,-2.15526e-007,0
,,,-2.15126e-007,-0.000220973
,,,-2.14726e-007,-0.000883892
,,,-2.14326e-007,-0.000441946
,,,-2.13926e-007,0
,,,-2.13526e-007,0.000220973
,,,-2.13126e-007,0.000662919
,,,-2.12726e-007,0.000220973
,,,-2.12326e-007,0.000441946
,,,-2.11926e-007,0.000220973
,,,-2.11526e-007,0.000220973
,,,-2.11126e-007,0.000220973
,,,-2.10726e-007,0.000441946
,,,-2.10326e-007,-0.000441946
,,,-2.09926e-007,-0.000220973
,,,-2.09526e-007,0.000220973
,,,-2.09126e-007,0.000220973
,,,-2.08726e-007,-0.000220973
,,,-2.08326e-007,0.000220973
,,,-2.07926e-007,0.000441946
,,,-2.07526e-007,0
,,,-2.07126e-007,-0.000662919
,,,-2.06726e-007,0.000662919
,,,-2.06326e-007,0
,,,-2.05926e-007,0
,,,-2.05526e-007,0
,,,-2.05126e-007,0
,,,-2.04726e-007,0.000883892
,,,-2.04326e-007,0.000441946
,,,-2.03926e-007,0
,,,-2.03526e-007,0
,,,-2.03126e-007,0.000220973
,,,-2.02726e-007,-0.000662919
,,,-2.02326e-007,0.000441946
,,,-2.01926e-007,-0.000662919
,,,-2.01526e-007,-0.000220973
,,,-2.01126e-007,0.000883892
,,,-2.00726e-007,0.000662919
,,,-2.00326e-007,0.000220973
,,,-1.99926e-007,0
,,,-1.99526e-007,0
,,,-1.99126e-007,0
,,,-1.98726e-007,0
,,,-1.98326e-007,0.000220973
,,,-1.97926e-007,0
,,,-1.97526e-007,0.000220973
,,,-1.97126e-007,0
,,,-1.96726e-007,0.000220973
,,,-1.96326e-007,0.000220973
,,,-1.95926e-007,0
,,,-1.95526e-007,0.000441946
,,,-1.95126e-007,0.000441946
,,,-1.94726e-007,-0.000662919
,,,-1.94326e-007,-0.000883892
,,,-1.93926e-007,0
,,,-1.93526e-007,0.000220973
,,,-1.93126e-007,-0.000441946
,,,-1.92726e-007,0.000662919
,,,-1.92326e-007,0.000662919
,,,-1.91926e-007,0.000220973
,,,-1.91526e-007,0.000441946
,,,-1.91126e-007,-0.000220973
,,,-1.90726e-007,0.000441946
,,,-1.90326e-007,0.000441946
,,,-1.89926e-007,0
,,,-1.89526e-007,-0.000662919
,,,-1.89126e-007,0.00110486
,,,-1.88726e-007,0.000220973
,,,-1.88326e-007,0.000441946
,,,-1.87926e-007,-0.000220973
,,,-1.87526e-007,-0.000441946
,,,-1.87126e-007,-0.000441946
,,,-1.86726e-007,0
,,,-1.86326e-007,0.000441946
,,,-1.85926e-007,0.000662919
,,,-1.85526e-007,0.000441946
,,,-1.85126e-007,0.000662919
,,,-1.84726e-007,0
,,,-1.84326e-007,0
,,,-1.83926e-007,0.000662919
,,,-1.83526e-007,0.000883892
,,,-1.83126e-007,0
,,,-1.82726e-007,0
,,,-1.82326e-007,0.000220973
,,,-1.81926e-007,0.000441946
,,,-1.81526e-007,0
,,,-1.81126e-007,-0.000220973
,,,-1.80726e-007,0
,,,-1.80326e-007,0.000441946
,,,-1.79926e-007,0
,,,-1.79526e-007,-0.000220973
,,,-1.79126e-007,0
,,,-1.78726e-007,0
,,,-1.78326e-007,-0.000220973
,,,-1.77926e-007,-0.000662919
,,,-1.77526e-007,0.000662919
,,,-1.77126e-007,0
,,,-1.76726e-007,0.000220973
,,,-1.76326e-007,0.000220973
,,,-1.75926e-007,0.000662919
,,,-1.75526e-007,0.000220973
,,,-1.75126e-007,0.000220973
,,,-1.74726e-007,0.000662919
,,,-1.74326e-007,-0.000220973
,,,-1.73926e-007,-0.000441946
,,,-1.73526e-007,0.000441946
,,,-1.73126e-007,0.000662919
,,,-1.72726e-007,0.000662919
,,,-1.72326e-007,0.000441946
,,,-1.71926e-007,0.000220973
,,,-1.71526e-007,-0.000441946
,,,-1.71126e-007,-0.000662919
,,,-1.70726e-007,-0.000441946
,,,-1.70326e-007,0.000441946
,,,-1.69926e-007,-0.000220973
,,,-1.69526e-007,0
,,,-1.69126e-007,0
,,,-1.68726e-007,0.000441946
,,,-1.68326e-007,-0.000441946
,,,-1.67926e-007,0.000662919
,,,-1.67526e-007,0.000441946
,,,-1.67126e-007,-0.000220973
,,,-1.66726e-007,0.000220973
,,,-1.66326e-007,0.000220973
,,,-1.65926e-007,-0.000220973
,,,-1.65526e-007,0.000441946
,,,-1.65126e-007,0.000883892
,,,-1.64726e-007,0.000441946
,,,-1.64326e-007,0.000220973
,,,-1.63926e-007,0.000220973
,,,-1.63526e-007,0
,,,-1.63126e-007,0.000220973
,,,-1.62726e-007,0.000220973
,,,-1.62326e-007,-0.000220973
,,,-1.61926e-007,0
,,,-1.61526e-007,0
,,,-1.61126e-007,0
,,,-1.60726e-007,0.000662919
,,,-1.60326e-007,0.000883892
,,,-1.59926e-007,0.000220973
,,,-1.59526e-007,0
,,,-1.59126e-007,0.000883892
,,,-1.58726e-007,0.000662919
,,,-1.58326e-007,0.000441946
,,,-1.57926e-007,0.000441946
,,,-1.57526e-007,0.000220973
,,,-1.57126e-007,0.000883892
,,,-1.56726e-007,-0.000662919
,,,-1.56326e-007,0.000220973
,,,-1.55926e-007,-0.000883892
,,,-1.55526e-007,-0.000441946
,,,-1.55126e-007,0.000220973
,,,-1.54726e-007,0
,,,-1.54326e-007,-0.000441946
,,,-1.53926e-007,0.000220973
,,,-1.53526e-007,-0.000220973
,,,-1.53126e-007,0
,,,-1.52726e-007,0
,,,-1.52326e-007,0.000441946
,,,-1.51926e-007,0
,,,-1.51526e-007,0.000220973
,,,-1.51126e-007,0
,,,-1.50726e-007,0.000220973
,,,-1.50326e-007,0.000220973
,,,-1.49926e-007,-0.000220973
,,,-1.49526e-007,0
,,,-1.49126e-007,0.000441946
,,,-1.48726e-007,0.000220973
,,,-1.48326e-007,0
,,,-1.47926e-007,0
,,,-1.47526e-007,0
,,,-1.47126e-007,0.000441946
,,,-1.46726e-007,0
,,,-1.46326e-007,0
,,,-1.45926e-007,0
,,,-1.45526e-007,0
,,,-1.45126e-007,-0.000220973
,,,-1.44726e-007,-0.000662919
,,,-1.44326e-007,-0.000220973
,,,-1.43926e-007,0
,,,-1.43526e-007,0
,,,-1.43126e-007,0
,,,-1.42726e-007,0
,,,-1.42326e-007,-0.000441946
,,,-1.41926e-007,0
,,,-1.41526e-007,0.000662919
,,,-1.41126e-007,0.000662919
,,,-1.40726e-007,0.000220973
,,,-1.40326e-007,0.000220973
,,,-1.39926e-007,0.000441946
,,,-1.39526e-007,0
,,,-1.39126e-007,0.000662919
,,,-1.38726e-007,-0.000220973
,,,-1.38326e-007,-0.000441946
,,,-1.37926e-007,-0.000441946
,,,-1.37526e-007,0.000441946
,,,-1.37126e-007,0
,,,-1.36726e-007,-0.000662919
,,,-1.36326e-007,0
,,,-1.35926e-007,0.000220973
,,,-1.35526e-007,0.000441946
,,,-1.35126e-007,-0.000220973
,,,-1.34726e-007,0
,,,-1.34326e-007,0
,,,-1.33926e-007,0
,,,-1.33526e-007,-0.000220973
,,,-1.33126e-007,0.000220973
,,,-1.32726e-007,-0.000220973
,,,-1.32326e-007,-0.000441946
,,,-1.31926e-007,-0.000441946
,,,-1.31526e-007,0.000441946
,,,-1.31126e-007,0.000220973
,,,-1.30726e-007,-0.000220973
,,,-1.30326e-007,0
,,,-1.29926e-007,-0.000220973
,,,-1.29526e-007,0
,,,-1.29126e-007,0.000441946
,,,-1.28726e-007,0.000220973
,,,-1.28326e-007,0.000220973
,,,-1.27926e-007,0.000441946
,,,-1.27526e-007,0.000220973
,,,-1.27126e-007,0.000220973
,,,-1.26726e-007,0.000883892
,,,-1.26326e-007,0.000883892
,,,-1.25926e-007,0.000220973
,,,-1.25526e-007,0.000220973
,,,-1.25126e-007,0.00154681
,,,-1.24726e-007,0
,,,-1.24326e-007,0.000220973
,,,-1.23926e-007,-0.000220973
,,,-1.23526e-007,-0.000441946
,,,-1.23126e-007,0.00132584
,,,-1.22726e-007,0.000441946
,,,-1.22326e-007,-0.000662919
,,,-1.21926e-007,0.000220973
,,,-1.21526e-007,0
,,,-1.21126e-007,0.000441946
,,,-1.20726e-007,0
,,,-1.20326e-007,0.000441946
,,,-1.19926e-007,0.000220973
,,,-1.19526e-007,-0.000441946
,,,-1.19126e-007,0
,,,-1.18726e-007,0.000662919
,,,-1.18326e-007,0.000883892
,,,-1.17926e-007,0
,,,-1.17526e-007,0.000220973
,,,-1.17126e-007,0.000662919
,,,-1.16726e-007,-0.000220973
,,,-1.16326e-007,0
,,,-1.15926e-007,0.000220973
,,,-1.15526e-007,-0.000441946
,,,-1.15126e-007,0.000220973
,,,-1.14726e-007,0.000441946
,,,-1.14326e-007,-0.000220973
,,,-1.13926e-007,0.000883892
,,,-1.13526e-007,0.000220973
,,,-1.13126e-007,0.000220973
,,,-1.12726e-007,-0.000662919
,,,-1.12326e-007,0.000662919
,,,-1.11926e-007,0.000441946
,,,-1.11526e-007,0.000441946
,,,-1.11126e-007,-0.000220973
,,,-1.10726e-007,0.000662919
,,,-1.10326e-007,0.00132584
,,,-1.09926e-007,0
,,,-1.09526e-007,-0.000441946
,,,-1.09126e-007,0.000220973
,,,-1.08726e-007,0.000662919
,,,-1.08326e-007,0
,,,-1.07926e-007,0
,,,-1.07526e-007,0
,,,-1.07126e-007,-0.000441946
,,,-1.06726e-007,-0.000441946
,,,-1.06326e-007,-0.000662919
,,,-1.05926e-007,0.000662919
,,,-1.05526e-007,-0.000220973
,,,-1.05126e-007,-0.000220973
,,,-1.04726e-007,0
,,,-1.04326e-007,0.000883892
,,,-1.03926e-007,0.000220973
,,,-1.03526e-007,-0.000662919
,,,-1.03126e-007,-0.000220973
,,,-1.02726e-007,0.000441946
,,,-1.02326e-007,0.000220973
,,,-1.01926e-007,0.000662919
,,,-1.01526e-007,0.000441946
,,,-1.01126e-007,0
,,,-1.00726e-007,0.000220973
,,,-1.00326e-007,0.000441946
,,,-9.99255e-008,0
,,,-9.95255e-008,0.000441946
,,,-9.91255e-008,-0.000441946
,,,-9.87255e-008,0
,,,-9.83255e-008,-0.000662919
,,,-9.79255e-008,-0.000441946
,,,-9.75255e-008,-0.000220973
,,,-9.71255e-008,0.000441946
,,,-9.67255e-008,0.000662919
,,,-9.63255e-008,0.000220973
,,,-9.59255e-008,-0.000441946
,,,-9.55255e-008,0
,,,-9.51255e-008,0
,,,-9.47255e-008,-0.000220973
,,,-9.43255e-008,0.000441946
,,,-9.39255e-008,-0.000220973
,,,-9.35255e-008,-0.000441946
,,,-9.31255e-008,0.000220973
,,,-9.27255e-008,0
,,,-9.23255e-008,0.000441946
,,,-9.19255e-008,-0.000220973
,,,-9.15255e-008,0.000441946
,,,-9.11255e-008,-0.000220973
,,,-9.07255e-008,-0.000883892
,,,-9.03255e-008,0
,,,-8.99255e-008,-0.000662919
,,,-8.95255e-008,-0.000220973
,,,-8.91255e-008,0
,,,-8.87255e-008,-0.000441946
,,,-8.83255e-008,0.000220973
,,,-8.79255e-008,0.000220973
,,,-8.75255e-008,0.000220973
,,,-8.71255e-008,0.000220973
,,,-8.67255e-008,-0.000220973
,,,-8.63255e-008,-0.000220973
,,,-8.59255e-008,-0.000220973
,,,-8.55255e-008,0
,,,-8.51255e-008,0.000662919
,,,-8.47255e-008,0.000220973
,,,-8.43255e-008,-0.000220973
,,,-8.39255e-008,-0.000662919
,,,-8.35255e-008,0.000220973
,,,-8.31255e-008,0.000220973
,,,-8.27255e-008,-0.00132584
,,,-8.23255e-008,0.000220973
,,,-8.19255e-008,0
,,,-8.15255e-008,0.000441946
,,,-8.11255e-008,0.000220973
,,,-8.07255e-008,-0.000441946
,,,-8.03255e-008,0.000220973
,,,-7.99255e-008,-0.000662919
,,,-7.95255e-008,-0.000220973
,,,-7.91255e-008,-0.000220973
,,,-7.87255e-008,0.000220973
,,,-7.83255e-008,0.000220973
,,,-7.79255e-008,0.000441946
,,,-7.75255e-008,0.000883892
,,,-7.71255e-008,0
,,,-7.67255e-008,0.000662919
,,,-7.63255e-008,0.000883892
,,,-7.59255e-008,0.000220973
,,,-7.55255e-008,-0.000220973
,,,-7.51255e-008,0.000662919
,,,-7.47255e-008,-0.000441946
,,,-7.43255e-008,0
,,,-7.39255e-008,0.000220973
,,,-7.35255e-008,-0.000441946
,,,-7.31255e-008,-0.000662919
,,,-7.27255e-008,-0.000220973
,,,-7.23255e-008,0
,,,-7.19255e-008,0
,,,-7.15255e-008,0.000883892
,,,-7.11255e-008,0
,,,-7.07255e-008,0
,,,-7.03255e-008,0
,,,-6.99255e-008,0
,,,-6.95255e-008,0.000441946
,,,-6.91255e-008,0.000441946
,,,-6.87255e-008,-0.000220973
,,,-6.83255e-008,0.000220973
,,,-6.79255e-008,0.000441946
,,,-6.75255e-008,0
,,,-6.71255e-008,-0.000220973
,,,-6.67255e-008,0
,,,-6.63255e-008,0.000220973
,,,-6.59255e-008,0
,,,-6.55255e-008,-0.000441946
,,,-6.51255e-008,-0.000441946
,,,-6.47255e-008,0.000883892
,,,-6.43255e-008,0.000441946
,,,-6.39255e-008,0.000441946
,,,-6.35255e-008,0.000441946
,,,-6.31255e-008,-0.000220973
,,,-6.27255e-008,0.000220973
,,,-6.23255e-008,0.000441946
,,,-6.19255e-008,0.000662919
,,,-6.15255e-008,-0.000441946
,,,-6.11255e-008,0.000441946
,,,-6.07255e-008,0.000441946
,,,-6.03255e-008,-0.000220973
,,,-5.99255e-008,-0.000220973
,,,-5.95255e-008,0.000441946
,,,-5.91255e-008,0
,,,-5.87255e-008,0.000441946
,,,-5.83255e-008,0.000662919
,,,-5.79255e-008,0
,,,-5.75255e-008,-0.000883892
,,,-5.71255e-008,0
,,,-5.67255e-008,0.000883892
,,,-5.63255e-008,0.000883892
,,,-5.59255e-008,0.000220973
,,,-5.55255e-008,0.000220973
,,,-5.51255e-008,0
,,,-5.47255e-008,0.000662919
,,,-5.43255e-008,0.000441946
,,,-5.39255e-008,0.000220973
,,,-5.35255e-008,0.000220973
,,,-5.31255e-008,0
,,,-5.27255e-008,-0.000441946
,,,-5.23255e-008,-0.000441946
,,,-5.19255e-008,-0.000220973
,,,-5.15255e-008,-0.000441946
,,,-5.11255e-008,0.000441946
,,,-5.07255e-008,0
,,,-5.03255e-008,0.000883892
,,,-4.99255e-008,-0.000441946
,,,-4.95255e-008,-0.000220973
,,,-4.91255e-008,0
,,,-4.87255e-008,0.000662919
,,,-4.83255e-008,0.000220973
,,,-4.79255e-008,-0.000220973
,,,-4.75255e-008,0.00110486
,,,-4.71255e-008,0
,,,-4.67255e-008,0
,,,-4.63255e-008,0.000220973
,,,-4.59255e-008,0.000220973
,,,-4.55255e-008,0.000441946
,,,-4.51255e-008,0.000662919
,,,-4.47255e-008,0.000441946
,,,-4.43255e-008,0.000441946
,,,-4.39255e-008,0.000220973
,,,-4.35255e-008,-0.000441946
,,,-4.31255e-008,0.000662919
,,,-4.27255e-008,-0.000220973
,,,-4.23255e-008,0.000441946
,,,-4.19255e-008,0.000662919
,,,-4.15255e-008,0
,,,-4.11255e-008,-0.000441946
,,,-4.07255e-008,-0.000220973
,,,-4.03255e-008,0.000220973
,,,-3.99255e-008,0.000220973
,,,-3.95255e-008,0.000220973
,,,-3.91255e-008,0
,,,-3.87255e-008,0
,,,-3.83255e-008,0.000441946
,,,-3.79255e-008,0.000220973
,,,-3.75255e-008,-0.000441946
,,,-3.71255e-008,0.000220973
,,,-3.67255e-008,0.000883892
,,,-3.63255e-008,0.000662919
,,,-3.59255e-008,0
,,,-3.55255e-008,0.000662919
,,,-3.51255e-008,0
,,,-3.47255e-008,0.000220973
,,,-3.43255e-008,0.000441946
,,,-3.39255e-008,-0.000441946
,,,-3.35255e-008,0
,,,-3.31255e-008,0.00110486
,,,-3.27255e-008,0.000662919
,,,-3.23255e-008,0.000441946
,,,-3.19255e-008,0.000662919
,,,-3.15255e-008,0.000441946
,,,-3.11255e-008,0
,,,-3.07255e-008,0.000220973
,,,-3.03255e-008,0
,,,-2.99255e-008,0
,,,-2.95255e-008,0
,,,-2.91255e-008,0.000441946
,,,-2.87255e-008,-0.000220973
,,,-2.83255e-008,0.00110486
,,,-2.79255e-008,0
,,,-2.75255e-008,0.000883892
,,,-2.71255e-008,0.000662919
,,,-2.67255e-008,0
,,,-2.63255e-008,0.000220973
,,,-2.59255e-008,0
,,,-2.55255e-008,-0.000441946
,,,-2.51255e-008,0.000220973
,,,-2.47255e-008,0.000662919
,,,-2.43255e-008,0.000220973
,,,-2.39255e-008,0.000662919
,,,-2.35255e-008,0.000441946
,,,-2.31255e-008,0.000220973
,,,-2.27255e-008,0.000441946
,,,-2.23255e-008,0
,,,-2.19255e-008,0
,,,-2.15255e-008,0.000441946
,,,-2.11255e-008,0.000883892
,,,-2.07255e-008,0.000441946
,,,-2.03255e-008,0.000662919
,,,-1.99255e-008,0
,,,-1.95255e-008,0.000220973
,,,-1.91255e-008,0.000441946
,,,-1.87255e-008,-0.000220973
,,,-1.83255e-008,0.000441946
,,,-1.79255e-008,-0.000441946
,,,-1.75255e-008,-0.000220973
,,,-1.71255e-008,0.000441946
,,,-1.67255e-008,0
,,,-1.63255e-008,0.000441946
,,,-1.59255e-008,0
,,,-1.55255e-008,0.000441946
,,,-1.51255e-008,-0.000220973
,,,-1.47255e-008,0
,,,-1.43255e-008,0
,,,-1.39255e-008,0.000441946
,,,-1.35255e-008,0.000441946
,,,-1.31255e-008,0.000662919
,,,-1.27255e-008,0.000441946
,,,-1.23255e-008,-0.000220973
,,,-1.19255e-008,0.000441946
,,,-1.15255e-008,0.000662919
,,,-1.11255e-008,0.000220973
,,,-1.07255e-008,0
,,,-1.03255e-008,-0.000220973
,,,-9.9255e-009,-0.000220973
,,,-9.5255e-009,-0.000662919
,,,-9.1255e-009,0.000441946
,,,-8.7255e-009,-0.000441946
,,,-8.3255e-009,0.000441946
,,,-7.9255e-009,0.000662919
,,,-7.5255e-009,0.000220973
,,,-7.1255e-009,0
,,,-6.7255e-009,0.000662919
,,,-6.3255e-009,0.000220973
,,,-5.9255e-009,0
,,,-5.5255e-009,0
,,,-5.1255e-009,0.000220973
,,,-4.7255e-009,0
,,,-4.3255e-009,0
,,,-3.9255e-009,0
,,,-3.5255e-009,-0.000220973
,,,-3.1255e-009,0.000662919
,,,-2.7255e-009,-0.000441946
,,,-2.3255e-009,0.000220973
,,,-1.9255e-009,0.000662919
,,,-1.5255e-009,-0.000441946
,,,-1.1255e-009,-0.000220973
,,,-7.255e-010,0.000883892
,,,-3.255e-010,0.000441946
,,,7.44999e-011,0.000441946
,,,4.745e-010,0.000441946
,,,8.745e-010,0
,,,1.2745e-009,-0.000220973
,,,1.6745e-009,0
,,,2.0745e-009,-0.000441946
,,,2.4745e-009,-0.000883892
,,,2.8745e-009,0.000662919
,,,3.2745e-009,0
,,,3.6745e-009,0.000883892
,,,4.0745e-009,0.000441946
,,,4.4745e-009,0.000441946
,,,4.8745e-009,0
,,,5.2745e-009,0.000220973
,,,5.6745e-009,0.000662919
,,,6.0745e-009,0.000662919
,,,6.4745e-009,-0.000441946
,,,6.8745e-009,-0.000441946
,,,7.2745e-009,0
,,,7.6745e-009,0.000883892
,,,8.0745e-009,-0.000220973
,,,8.4745e-009,0.000441946
,,,8.8745e-009,-0.000220973
,,,9.2745e-009,0.000441946
,,,9.6745e-009,0.000441946
,,,1.00745e-008,0.000662919
,,,1.04745e-008,0.000220973
,,,1.08745e-008,0.000662919
,,,1.12745e-008,0.000883892
,,,1.16745e-008,0.000220973
,,,1.20745e-008,-0.00154681
,,,1.24745e-008,0
,,,1.28745e-008,0
,,,1.32745e-008,-0.000441946
,,,1.36745e-008,-0.000220973
,,,1.40745e-008,-0.000220973
,,,1.44745e-008,0
,,,1.48745e-008,0
,,,1.52745e-008,0.000220973
,,,1.56745e-008,0.000883892
,,,1.60745e-008,0.000883892
,,,1.64745e-008,0.000441946
,,,1.68745e-008,0.000220973
,,,1.72745e-008,0.00110486
,,,1.76745e-008,-0.000220973
,,,1.80745e-008,-0.000441946
,,,1.84745e-008,0.000441946
,,,1.88745e-008,0
,,,1.92745e-008,0
,,,1.96745e-008,0.000441946
,,,2.00745e-008,0.000220973
,,,2.04745e-008,0.000220973
,,,2.08745e-008,0.000662919
,,,2.12745e-008,-0.000662919
,,,2.16745e-008,-0.000662919
,,,2.20745e-008,0.000441946
,,,2.24745e-008,-0.000220973
,,,2.28745e-008,-0.000662919
,,,2.32745e-008,0
,,,2.36745e-008,0
,,,2.40745e-008,0.000220973
,,,2.44745e-008,-0.000883892
,,,2.48745e-008,-0.000220973
,,,2.52745e-008,0.000220973
,,,2.56745e-008,0
,,,2.60745e-008,0
,,,2.64745e-008,0.00110486
,,,2.68745e-008,0.000883892
,,,2.72745e-008,-0.000441946
,,,2.76745e-008,-0.000662919
,,,2.80745e-008,0
,,,2.84745e-008,0
,,,2.88745e-008,0
,,,2.92745e-008,-0.000220973
,,,2.96745e-008,0.000220973
,,,3.00745e-008,-0.000220973
,,,3.04745e-008,-0.000662919
,,,3.08745e-008,-0.000220973
,,,3.12745e-008,0.000662919
,,,3.16745e-008,0.00110486
,,,3.20745e-008,0.000662919
,,,3.24745e-008,0.000662919
,,,3.28745e-008,0.000220973
,,,3.32745e-008,0.000220973
,,,3.36745e-008,0.000441946
,,,3.40745e-008,0.000883892
,,,3.44745e-008,0.000220973
,,,3.48745e-008,0.000220973
,,,3.52745e-008,-0.000662919
,,,3.56745e-008,-0.000220973
,,,3.60745e-008,0.000220973
,,,3.64745e-008,0.000220973
,,,3.68745e-008,0.000662919
,,,3.72745e-008,0.000220973
,,,3.76745e-008,-0.000220973
,,,3.80745e-008,-0.000220973
,,,3.84745e-008,-0.000662919
,,,3.88745e-008,-0.000220973
,,,3.92745e-008,0.000662919
,,,3.96745e-008,0.000441946
,,,4.00745e-008,0
,,,4.04745e-008,0
,,,4.08745e-008,0
,,,4.12745e-008,0.000220973
,,,4.16745e-008,0.000441946
,,,4.20745e-008,0.000220973
,,,4.24745e-008,0.000220973
,,,4.28745e-008,0
,,,4.32745e-008,0.000220973
,,,4.36745e-008,0.000662919
,,,4.40745e-008,-0.000220973
,,,4.44745e-008,0
,,,4.48745e-008,0.000220973
,,,4.52745e-008,-0.000662919
,,,4.56745e-008,-0.000441946
,,,4.60745e-008,-0.000441946
,,,4.64745e-008,0
,,,4.68745e-008,0.000441946
,,,4.72745e-008,-0.000220973
,,,4.76745e-008,0.000220973
,,,4.80745e-008,0.000220973
,,,4.84745e-008,0
,,,4.88745e-008,-0.000662919
,,,4.92745e-008,0.000441946
,,,4.96745e-008,0.000662919
,,,5.00745e-008,0
,,,5.04745e-008,0.000220973
,,,5.08745e-008,0.000662919
,,,5.12745e-008,0.000441946
,,,5.16745e-008,0.000441946
,,,5.20745e-008,-0.000441946
,,,5.24745e-008,-0.000220973
,,,5.28745e-008,0.000220973
,,,5.32745e-008,0
,,,5.36745e-008,0.000220973
,,,5.40745e-008,-0.000441946
,,,5.44745e-008,-0.000441946
,,,5.48745e-008,0
,,,5.52745e-008,-0.000220973
,,,5.56745e-008,0.000220973
,,,5.60745e-008,0
,,,5.64745e-008,0
,,,5.68745e-008,0.000441946
,,,5.72745e-008,-0.000220973
,,,5.76745e-008,0.000441946
,,,5.80745e-008,0.000441946
,,,5.84745e-008,0
,,,5.88745e-008,0
,,,5.92745e-008,0
,,,5.96745e-008,-0.000441946
,,,6.00745e-008,-0.000662919
,,,6.04745e-008,-0.000441946
,,,6.08745e-008,0
,,,6.12745e-008,-0.000662919
,,,6.16745e-008,-0.000441946
,,,6.20745e-008,-0.000662919
,,,6.24745e-008,-0.000662919
,,,6.28745e-008,-0.000883892
,,,6.32745e-008,0
,,,6.36745e-008,0.000220973
,,,6.40745e-008,-0.000220973
,,,6.44745e-008,-0.000220973
,,,6.48745e-008,0
,,,6.52745e-008,-0.000220973
,,,6.56745e-008,0
,,,6.60745e-008,-0.000220973
,,,6.64745e-008,-0.000220973
,,,6.68745e-008,0.000441946
,,,6.72745e-008,-0.000220973
,,,6.76745e-008,0.000441946
,,,6.80745e-008,0.000220973
,,,6.84745e-008,0.000883892
,,,6.88745e-008,0.000441946
,,,6.92745e-008,0.000441946
,,,6.96745e-008,0.000220973
,,,7.00745e-008,-0.000220973
,,,7.04745e-008,0
,,,7.08745e-008,0.000220973
,,,7.12745e-008,0.000883892
,,,7.16745e-008,0.000220973
,,,7.20745e-008,-0.000220973
,,,7.24745e-008,-0.000883892
,,,7.28745e-008,0.000220973
,,,7.32745e-008,0.000220973
,,,7.36745e-008,0
,,,7.40745e-008,-0.000441946
,,,7.44745e-008,0
,,,7.48745e-008,0.000883892
,,,7.52745e-008,0.000220973
,,,7.56745e-008,0
,,,7.60745e-008,0.000441946
,,,7.64745e-008,0.000220973
,,,7.68745e-008,0.000441946
,,,7.72745e-008,-0.000441946
,,,7.76745e-008,-0.000220973
,,,7.80745e-008,-0.000220973
,,,7.84745e-008,0
,,,7.88745e-008,0.000220973
,,,7.92745e-008,0.000220973
,,,7.96745e-008,0.000220973
,,,8.00745e-008,0.000883892
,,,8.04745e-008,0.000220973
,,,8.08745e-008,0.000220973
,,,8.12745e-008,0.000220973
,,,8.16745e-008,0.000662919
,,,8.20745e-008,0
,,,8.24745e-008,-0.000220973
,,,8.28745e-008,0
,,,8.32745e-008,0.000662919
,,,8.36745e-008,-0.000441946
,,,8.40745e-008,0.000220973
,,,8.44745e-008,0.000220973
,,,8.48745e-008,0
,,,8.52745e-008,0
,,,8.56745e-008,0
,,,8.60745e-008,0.000220973
,,,8.64745e-008,-0.000441946
,,,8.68745e-008,0.000220973
,,,8.72745e-008,-0.000220973
,,,8.76745e-008,0
,,,8.80745e-008,0.000883892
,,,8.84745e-008,0
,,,8.88745e-008,0
,,,8.92745e-008,0.000220973
,,,8.96745e-008,-0.000220973
,,,9.00745e-008,0
,,,9.04745e-008,0
,,,9.08745e-008,0
,,,9.12745e-008,0.000220973
,,,9.16745e-008,0.000441946
,,,9.20745e-008,0.000662919
,,,9.24745e-008,0.000220973
,,,9.28745e-008,0.00110486
,,,9.32745e-008,0.00132584
,,,9.36745e-008,0.000662919
,,,9.40745e-008,0.000662919
,,,9.44745e-008,0.00132584
,,,9.48745e-008,0.00198876
,,,9.52745e-008,0.00375654
,,,9.56745e-008,0.00464043
,,,9.60745e-008,0.00508238
,,,9.64745e-008,0.00618724
,,,9.68745e-008,0.00729211
,,,9.72745e-008,0.00905989
,,,9.76745e-008,0.00950184
,,,9.80745e-008,0.0117116
,,,9.84745e-008,0.0119325
,,,9.88745e-008,0.0128164
,,,9.92745e-008,0.0139213
,,,9.96745e-008,0.0145842
,,,1.00074e-007,0.0148052
,,,1.00474e-007,0.0152471
,,,1.00874e-007,0.0154681
,,,1.01274e-007,0.016352
,,,1.01674e-007,0.016573
,,,1.02074e-007,0.016352
,,,1.02474e-007,0.0167939
,,,1.02874e-007,0.0174569
,,,1.03274e-007,0.0172359
,,,1.03674e-007,0.0176778
,,,1.04074e-007,0.0172359
,,,1.04474e-007,0.0167939
,,,1.04874e-007,0.016573
,,,1.05274e-007,0.0176778
,,,1.05674e-007,0.0178988
,,,1.06074e-007,0.0176778
,,,1.06474e-007,0.0174569
,,,1.06874e-007,0.016573
,,,1.07274e-007,0.0174569
,,,1.07674e-007,0.0174569
,,,1.08074e-007,0.0176778
,,,1.08474e-007,0.0167939
,,,1.08874e-007,0.016573
,,,1.09274e-007,0.0170149
,,,1.09674e-007,0.0174569
,,,1.10074e-007,0.0181198
,,,1.10474e-007,0.0181198
,,,1.10874e-007,0.0174569
,,,1.11274e-007,0.0187827
,,,1.11674e-007,0.0176778
,,,1.12074e-007,0.0170149
,,,1.12474e-007,0.0176778
,,,1.12874e-007,0.0178988
,,,1.13274e-007,0.0178988
,,,1.13674e-007,0.0178988
,,,1.14074e-007,0.0178988
,,,1.14474e-007,0.0178988
,,,1.14874e-007,0.0181198
,,,1.15274e-007,0.0181198
,,,1.15674e-007,0.0178988
,,,1.16074e-007,0.0174569
,,,1.16474e-007,0.0176778
,,,1.16874e-007,0.0174569
,,,1.17274e-007,0.0172359
,,,1.17674e-007,0.0176778
,,,1.18074e-007,0.0183408
,,,1.18474e-007,0.0176778
,,,1.18874e-007,0.0174569
,,,1.19274e-007,0.0178988
,,,1.19674e-007,0.0176778
,,,1.20074e-007,0.0176778
,,,1.20474e-007,0.0170149
,,,1.20874e-007,0.0172359
,,,1.21274e-007,0.0187827
,,,1.21674e-007,0.0185617
,,,1.22074e-007,0.0183408
,,,1.22474e-007,0.0192246
,,,1.22874e-007,0.0198876
,,,1.23274e-007,0.0196666
,,,1.23674e-007,0.0201085
,,,1.24074e-007,0.0201085
,,,1.24474e-007,0.0205505
,,,1.24874e-007,0.0203295
,,,1.25274e-007,0.0203295
,,,1.25674e-007,0.0205505
,,,1.26074e-007,0.0207715
,,,1.26474e-007,0.0205505
,,,1.26874e-007,0.0205505
,,,1.27274e-007,0.0198876
,,,1.27674e-007,0.0201085
,,,1.28074e-007,0.0207715
,,,1.28474e-007,0.0196666
,,,1.28874e-007,0.0190037
,,,1.29274e-007,0.0192246
,,,1.29674e-007,0.0185617
,,,1.30074e-007,0.0181198
,,,1.30474e-007,0.0178988
,,,1.30874e-007,0.0187827
,,,1.31274e-007,0.0183408
,,,1.31674e-007,0.0178988
,,,1.32074e-007,0.0174569
,,,1.32474e-007,0.0167939
,,,1.32874e-007,0.0174569
,,,1.33274e-007,0.0170149
,,,1.33674e-007,0.0167939
,,,1.34074e-007,0.0170149
,,,1.34474e-007,0.0167939
,,,1.34874e-007,0.0176778
,,,1.35274e-007,0.016573
,,,1.35674e-007,0.016573
,,,1.36074e-007,0.016573
,,,1.36474e-007,0.016573
,,,1.36874e-007,0.016352
,,,1.37274e-007,0.0167939
,,,1.37674e-007,0.016352
,,,1.38074e-007,0.0154681
,,,1.38474e-007,0.016352
,,,1.38874e-007,0.016131
,,,1.39274e-007,0.016131
,,,1.39674e-007,0.0159101
,,,1.40074e-007,0.016352
,,,1.40474e-007,0.0150262
,,,1.40874e-007,0.016352
,,,1.41274e-007,0.0156891
,,,1.41674e-007,0.0159101
,,,1.42074e-007,0.0152471
,,,1.42474e-007,0.0145842
,,,1.42874e-007,0.0150262
,,,1.43274e-007,0.0159101
,,,1.43674e-007,0.0156891
,,,1.44074e-007,0.0148052
,,,1.44474e-007,0.0150262
,,,1.44874e-007,0.0152471
,,,1.45274e-007,0.0154681
,,,1.45674e-007,0.0150262
,,,1.46074e-007,0.0145842
,,,1.46474e-007,0.0152471
,,,1.46874e-007,0.0150262
,,,1.47274e-007,0.0148052
,,,1.47674e-007,0.0148052
,,,1.48074e-007,0.0148052
,,,1.48474e-007,0.0148052
,,,1.48874e-007,0.0150262
,,,1.49274e-007,0.0139213
,,,1.49674e-007,0.0143632
,,,1.50074e-007,0.0145842
,,,1.50474e-007,0.0134794
,,,1.50874e-007,0.0143632
,,,1.51274e-007,0.0141423
,,,1.51674e-007,0.0143632
,,,1.52074e-007,0.0143632
,,,1.52474e-007,0.0148052
,,,1.52874e-007,0.0137003
,,,1.53274e-007,0.0137003
,,,1.53674e-007,0.0134794
,,,1.54074e-007,0.0134794
,,,1.54474e-007,0.0139213
,,,1.54874e-007,0.0130374
,,,1.55274e-007,0.0130374
,,,1.55674e-007,0.0128164
,,,1.56074e-007,0.0125955
,,,1.56474e-007,0.0130374
,,,1.56874e-007,0.0125955
,,,1.57274e-007,0.0121535
,,,1.57674e-007,0.0121535
,,,1.58074e-007,0.0121535
,,,1.58474e-007,0.0112696
,,,1.58874e-007,0.0117116
,,,1.59274e-007,0.0119325
,,,1.59674e-007,0.0119325
,,,1.60074e-007,0.0117116
,,,1.60474e-007,0.0125955
,,,1.60874e-007,0.0123745
,,,1.61274e-007,0.0125955
,,,1.61674e-007,0.0125955
,,,1.62074e-007,0.0119325
,,,1.62474e-007,0.0119325
,,,1.62874e-007,0.0128164
,,,1.63274e-007,0.0119325
,,,1.63674e-007,0.0123745
,,,1.64074e-007,0.0121535
,,,1.64474e-007,0.0119325
,,,1.64874e-007,0.0121535
,,,1.65274e-007,0.0119325
,,,1.65674e-007,0.0114906
,,,1.66074e-007,0.0123745
,,,1.66474e-007,0.0121535
,,,1.66874e-007,0.0117116
,,,1.67274e-007,0.0128164
,,,1.67674e-007,0.0125955
,,,1.68074e-007,0.0123745
,,,1.68474e-007,0.0125955
,,,1.68874e-007,0.0123745
,,,1.69274e-007,0.0123745
,,,1.69674e-007,0.0125955
,,,1.70074e-007,0.0123745
,,,1.70474e-007,0.0125955
,,,1.70874e-007,0.0121535
,,,1.71274e-007,0.0114906
,,,1.71674e-007,0.0117116
,,,1.72074e-007,0.0119325
,,,1.72474e-007,0.0125955
,,,1.72874e-007,0.0123745
,,,1.73274e-007,0.0121535
,,,1.73674e-007,0.0121535
,,,1.74074e-007,0.0119325
,,,1.74474e-007,0.0125955
,,,1.74874e-007,0.0117116
,,,1.75274e-007,0.0119325
,,,1.75674e-007,0.0130374
,,,1.76074e-007,0.0123745
,,,1.76474e-007,0.0125955
,,,1.76874e-007,0.0119325
,,,1.77274e-007,0.0123745
,,,1.77674e-007,0.0119325
,,,1.78074e-007,0.0130374
,,,1.78474e-007,0.0125955
,,,1.78874e-007,0.0119325
,,,1.79274e-007,0.0117116
,,,1.79674e-007,0.0125955
,,,1.80074e-007,0.0132584
,,,1.80474e-007,0.0123745
,,,1.80874e-007,0.0121535
,,,1.81274e-007,0.0121535
,,,1.81674e-007,0.0119325
,,,1.82074e-007,0.0123745
,,,1.82474e-007,0.0123745
,,,1.82874e-007,0.0119325
,,,1.83274e-007,0.0125955
,,,1.83674e-007,0.0119325
,,,1.84074e-007,0.0128164
,,,1.84474e-007,0.0123745
,,,1.84874e-007,0.0117116
,,,1.85274e-007,0.0123745
,,,1.85674e-007,0.0125955
,,,1.86074e-007,0.0130374
,,,1.86474e-007,0.0125955
,,,1.86874e-007,0.0134794
,,,1.87274e-007,0.0134794
,,,1.87674e-007,0.0130374
,,,1.88074e-007,0.0130374
,,,1.88474e-007,0.0123745
,,,1.88874e-007,0.0128164
,,,1.89274e-007,0.0125955
,,,1.89674e-007,0.0130374
,,,1.90074e-007,0.0125955
,,,1.90474e-007,0.0130374
,,,1.90874e-007,0.0128164
,,,1.91274e-007,0.0139213
,,,1.91674e-007,0.0137003
,,,1.92074e-007,0.0132584
,,,1.92474e-007,0.0134794
,,,1.92874e-007,0.0130374
,,,1.93274e-007,0.0141423
,,,1.93674e-007,0.0137003
,,,1.94074e-007,0.0130374
,,,1.94474e-007,0.0134794
,,,1.94874e-007,0.0141423
,,,1.95274e-007,0.0134794
,,,1.95674e-007,0.0139213
,,,1.96074e-007,0.0130374
,,,1.96474e-007,0.0128164
,,,1.96874e-007,0.0132584
,,,1.97274e-007,0.0134794
,,,1.97674e-007,0.0137003
,,,1.98074e-007,0.0130374
,,,1.98474e-007,0.0121535
,,,1.98874e-007,0.0134794
,,,1.99274e-007,0.0130374
,,,1.99674e-007,0.0123745
,,,2.00074e-007,0.0121535
,,,2.00474e-007,0.0123745
,,,2.00874e-007,0.0123745
,,,2.01274e-007,0.0132584
,,,2.01674e-007,0.0121535
,,,2.02074e-007,0.0123745
,,,2.02474e-007,0.0121535
,,,2.02874e-007,0.0114906
,,,2.03274e-007,0.0119325
,,,2.03674e-007,0.0121535
,,,2.04074e-007,0.0117116
,,,2.04474e-007,0.0114906
,,,2.04874e-007,0.0119325
,,,2.05274e-007,0.0114906
,,,2.05674e-007,0.0110486
,,,2.06074e-007,0.0108277
,,,2.06474e-007,0.0101648
,,,2.06874e-007,0.0106067
,,,2.07274e-007,0.0103857
,,,2.07674e-007,0.0103857
,,,2.08074e-007,0.00972281
,,,2.08474e-007,0.00950184
,,,2.08874e-007,0.00883892
,,,2.09274e-007,0.00928087
,,,2.09674e-007,0.00795503
,,,2.10074e-007,0.008176
,,,2.10474e-007,0.00861795
,,,2.10874e-007,0.00662919
,,,2.11274e-007,0.00707114
,,,2.11674e-007,0.00729211
,,,2.12074e-007,0.00662919
,,,2.12474e-007,0.0057453
,,,2.12874e-007,0.00596627
,,,2.13274e-007,0.0057453
,,,2.13674e-007,0.00464043
,,,2.14074e-007,0.00464043
,,,2.14474e-007,0.00508238
,,,2.14874e-007,0.00486141
,,,2.15274e-007,0.00419849
,,,2.15674e-007,0.00419849
,,,2.16074e-007,0.00464043
,,,2.16474e-007,0.00419849
,,,2.16874e-007,0.00353557
,,,2.17274e-007,0.00287265
,,,2.17674e-007,0.0024307
,,,2.18074e-007,0.00176778
,,,2.18474e-007,0.00220973
,,,2.18874e-007,0.0024307
,,,2.19274e-007,0.00132584
,,,2.19674e-007,0.00176778
,,,2.20074e-007,0.00220973
,,,2.20474e-007,0.0024307
,,,2.20874e-007,0.00154681
,,,2.21274e-007,0.00176778
,,,2.21674e-007,0.00176778
,,,2.22074e-007,0.00110486
,,,2.22474e-007,0.00154681
,,,2.22874e-007,0.000883892
,,,2.23274e-007,0.000883892
,,,2.23674e-007,0.00176778
,,,2.24074e-007,0.00132584
,,,2.24474e-007,0.00132584
,,,2.24874e-007,0.00132584
,,,2.25274e-007,0.00132584
,,,2.25674e-007,0.000883892
,,,2.26074e-007,0.00132584
,,,2.26474e-007,0.00132584
,,,2.26874e-007,0.000883892
,,,2.27274e-007,0.000441946
,,,2.27674e-007,0.00110486
,,,2.28074e-007,0.000883892
,,,2.28474e-007,0.000662919
,,,2.28874e-007,0.000220973
,,,2.29274e-007,0.000883892
,,,2.29674e-007,0.00132584
,,,2.30074e-007,0.000883892
,,,2.30474e-007,-0.000441946
,,,2.30874e-007,0.000662919
,,,2.31274e-007,0.000662919
,,,2.31674e-007,0.00110486
,,,2.32074e-007,0.000883892
,,,2.32474e-007,0.000441946
,,,2.32874e-007,0.000441946
,,,2.33274e-007,0.000441946
,,,2.33674e-007,0.000220973
,,,2.34074e-007,0.000220973
,,,2.34474e-007,0.00110486
,,,2.34874e-007,0.000883892
,,,2.35274e-007,0.000441946
,,,2.35674e-007,0.000220973
,,,2.36074e-007,0
,,,2.36474e-007,0.000220973
,,,2.36874e-007,0.000220973
,,,2.37274e-007,0
,,,2.37674e-007,-0.000220973
,,,2.38074e-007,-0.000883892
,,,2.38474e-007,-0.000883892
,,,2.38874e-007,-0.000441946
,,,2.39274e-007,-0.000883892
,,,2.39674e-007,-0.000441946
,,,2.40074e-007,-0.000883892
,,,2.40474e-007,-0.000662919
,,,2.40874e-007,-0.000441946
,,,2.41274e-007,-0.000220973
,,,2.41674e-007,0.000220973
,,,2.42074e-007,-0.000662919
,,,2.42474e-007,-0.000220973
,,,2.42874e-007,0.000441946
,,,2.43274e-007,0
,,,2.43674e-007,-0.000441946
,,,2.44074e-007,-0.000441946
,,,2.44474e-007,-0.000220973
,,,2.44874e-007,0.000220973
,,,2.45274e-007,-0.00110486
,,,2.45674e-007,-0.000220973
,,,2.46074e-007,-0.000220973
,,,2.46474e-007,0.000220973
,,,2.46874e-007,-0.000441946
,,,2.47274e-007,-0.000220973
,,,2.47674e-007,0.000662919
,,,2.48074e-007,0.000220973
,,,2.48474e-007,0
,,,2.48874e-007,0.000441946
,,,2.49274e-007,0
,,,2.49674e-007,-0.000441946
,,,2.50074e-007,0
