"Record Length",1252,"Points",-2.50059e-007,-0.000662919
"Sample Interval",4e-010,s,-2.49659e-007,-0.000220973
"Trigger Point",625,"Samples",-2.49259e-007,-0.000662919
"Trigger Time",0.14853,s,-2.48859e-007,0.000441946
,,,-2.48459e-007,-0.000220973
"Horizontal Offset",-2.50059e-007,s,-2.48059e-007,-0.000220973
,,,-2.47659e-007,0
,,,-2.47259e-007,-0.000441946
,,,-2.46859e-007,-0.000220973
,,,-2.46459e-007,0
,,,-2.46059e-007,0
,,,-2.45659e-007,-0.000441946
,,,-2.45259e-007,0.000220973
,,,-2.44859e-007,0.000220973
,,,-2.44459e-007,-0.000441946
,,,-2.44059e-007,-0.000220973
,,,-2.43659e-007,-0.000662919
,,,-2.43259e-007,0.000220973
,,,-2.42859e-007,-0.000662919
,,,-2.42459e-007,-0.000220973
,,,-2.42059e-007,-0.000220973
,,,-2.41659e-007,-0.000662919
,,,-2.41259e-007,-0.000441946
,,,-2.40859e-007,0.000441946
,,,-2.40459e-007,-0.00110486
,,,-2.40059e-007,0
,,,-2.39659e-007,0.000441946
,,,-2.39259e-007,0.000662919
,,,-2.38859e-007,0.000220973
,,,-2.38459e-007,0.000441946
,,,-2.38059e-007,-0.000220973
,,,-2.37659e-007,-0.000883892
,,,-2.37259e-007,-0.000220973
,,,-2.36859e-007,0.000441946
,,,-2.36459e-007,-0.000662919
,,,-2.36059e-007,0.000220973
,,,-2.35659e-007,0.000441946
,,,-2.35259e-007,0.000662919
,,,-2.34859e-007,0.000441946
,,,-2.34459e-007,-0.000441946
,,,-2.34059e-007,-0.000220973
,,,-2.33659e-007,0.000441946
,,,-2.33259e-007,0
,,,-2.32859e-007,-0.00110486
,,,-2.32459e-007,-0.000441946
,,,-2.32059e-007,0.000662919
,,,-2.31659e-007,0.000662919
,,,-2.31259e-007,-0.000220973
,,,-2.30859e-007,-0.000662919
,,,-2.30459e-007,0
,,,-2.30059e-007,0.000441946
,,,-2.29659e-007,0.000220973
,,,-2.29259e-007,-0.000220973
,,,-2.28859e-007,0.000441946
,,,-2.28459e-007,-0.000441946
,,,-2.28059e-007,-0.000883892
,,,-2.27659e-007,-0.000883892
,,,-2.27259e-007,-0.000441946
,,,-2.26859e-007,0
,,,-2.26459e-007,-0.000220973
,,,-2.26059e-007,-0.000441946
,,,-2.25659e-007,-0.000220973
,,,-2.25259e-007,-0.000441946
,,,-2.24859e-007,0
,,,-2.24459e-007,-0.000441946
,,,-2.24059e-007,-0.000220973
,,,-2.23659e-007,0.000220973
,,,-2.23259e-007,0.000441946
,,,-2.22859e-007,-0.000220973
,,,-2.22459e-007,0.000220973
,,,-2.22059e-007,0
,,,-2.21659e-007,0.000220973
,,,-2.21259e-007,0
,,,-2.20859e-007,0.000441946
,,,-2.20459e-007,-0.000220973
,,,-2.20059e-007,-0.000220973
,,,-2.19659e-007,-0.000441946
,,,-2.19259e-007,-0.000662919
,,,-2.18859e-007,-0.000662919
,,,-2.18459e-007,0.000220973
,,,-2.18059e-007,0.000220973
,,,-2.17659e-007,0.000220973
,,,-2.17259e-007,0.000441946
,,,-2.16859e-007,0.000220973
,,,-2.16459e-007,-0.000220973
,,,-2.16059e-007,0
,,,-2.15659e-007,-0.000441946
,,,-2.15259e-007,0.000441946
,,,-2.14859e-007,0
,,,-2.14459e-007,0.000220973
,,,-2.14059e-007,-0.000441946
,,,-2.13659e-007,-0.000883892
,,,-2.13259e-007,-0.000662919
,,,-2.12859e-007,0.000441946
,,,-2.12459e-007,-0.000220973
,,,-2.12059e-007,0
,,,-2.11659e-007,0
,,,-2.11259e-007,0
,,,-2.10859e-007,-0.000662919
,,,-2.10459e-007,-0.000441946
,,,-2.10059e-007,-0.000220973
,,,-2.09659e-007,-0.000220973
,,,-2.09259e-007,-0.000662919
,,,-2.08859e-007,-0.000662919
,,,-2.08459e-007,-0.000441946
,,,-2.08059e-007,0.000220973
,,,-2.07659e-007,-0.000220973
,,,-2.07259e-007,-0.000441946
,,,-2.06859e-007,0.000220973
,,,-2.06459e-007,0.000220973
,,,-2.06059e-007,0.000220973
,,,-2.05659e-007,0.000220973
,,,-2.05259e-007,0.000441946
,,,-2.04859e-007,0.000220973
,,,-2.04459e-007,-0.000220973
,,,-2.04059e-007,-0.000220973
,,,-2.03659e-007,0.000220973
,,,-2.03259e-007,-0.000220973
,,,-2.02859e-007,0.000662919
,,,-2.02459e-007,-0.000441946
,,,-2.02059e-007,-0.000662919
,,,-2.01659e-007,-0.000441946
,,,-2.01259e-007,-0.000883892
,,,-2.00859e-007,-0.000441946
,,,-2.00459e-007,0
,,,-2.00059e-007,0.000662919
,,,-1.99659e-007,0
,,,-1.99259e-007,0.000220973
,,,-1.98859e-007,-0.000220973
,,,-1.98459e-007,0.000883892
,,,-1.98059e-007,0.000220973
,,,-1.97659e-007,-0.000441946
,,,-1.97259e-007,0
,,,-1.96859e-007,0
,,,-1.96459e-007,-0.000662919
,,,-1.96059e-007,0
,,,-1.95659e-007,-0.000220973
,,,-1.95259e-007,0.000441946
,,,-1.94859e-007,0
,,,-1.94459e-007,-0.000441946
,,,-1.94059e-007,0
,,,-1.93659e-007,0
,,,-1.93259e-007,0.000220973
,,,-1.92859e-007,-0.000220973
,,,-1.92459e-007,-0.000441946
,,,-1.92059e-007,-0.000441946
,,,-1.91659e-007,-0.000220973
,,,-1.91259e-007,0.000883892
,,,-1.90859e-007,0.000662919
,,,-1.90459e-007,0.000662919
,,,-1.90059e-007,0.000662919
,,,-1.89659e-007,-0.000220973
,,,-1.89259e-007,0.000883892
,,,-1.88859e-007,0.000220973
,,,-1.88459e-007,0
,,,-1.88059e-007,-0.00110486
,,,-1.87659e-007,0.000220973
,,,-1.87259e-007,-0.000220973
,,,-1.86859e-007,0
,,,-1.86459e-007,0.000441946
,,,-1.86059e-007,0.000220973
,,,-1.85659e-007,-0.000662919
,,,-1.85259e-007,-0.000220973
,,,-1.84859e-007,-0.000220973
,,,-1.84459e-007,-0.000220973
,,,-1.84059e-007,-0.000220973
,,,-1.83659e-007,-0.000220973
,,,-1.83259e-007,0.000662919
,,,-1.82859e-007,0.000220973
,,,-1.82459e-007,0.000220973
,,,-1.82059e-007,0
,,,-1.81659e-007,-0.000441946
,,,-1.81259e-007,-0.000441946
,,,-1.80859e-007,0.000220973
,,,-1.80459e-007,0.000220973
,,,-1.80059e-007,0.000220973
,,,-1.79659e-007,0
,,,-1.79259e-007,-0.000220973
,,,-1.78859e-007,0.000441946
,,,-1.78459e-007,0.000220973
,,,-1.78059e-007,0
,,,-1.77659e-007,0
,,,-1.77259e-007,-0.000441946
,,,-1.76859e-007,-0.000220973
,,,-1.76459e-007,0.000220973
,,,-1.76059e-007,0
,,,-1.75659e-007,-0.000220973
,,,-1.75259e-007,0
,,,-1.74859e-007,-0.000220973
,,,-1.74459e-007,-0.000441946
,,,-1.74059e-007,-0.000441946
,,,-1.73659e-007,0.000220973
,,,-1.73259e-007,0.000220973
,,,-1.72859e-007,0
,,,-1.72459e-007,0.000441946
,,,-1.72059e-007,0.000441946
,,,-1.71659e-007,0.000220973
,,,-1.71259e-007,0.000220973
,,,-1.70859e-007,-0.000220973
,,,-1.70459e-007,-0.000662919
,,,-1.70059e-007,-0.000441946
,,,-1.69659e-007,-0.000883892
,,,-1.69259e-007,-0.000441946
,,,-1.68859e-007,0
,,,-1.68459e-007,-0.000220973
,,,-1.68059e-007,0
,,,-1.67659e-007,0
,,,-1.67259e-007,0.000441946
,,,-1.66859e-007,0
,,,-1.66459e-007,0.00132584
,,,-1.66059e-007,0.000220973
,,,-1.65659e-007,0
,,,-1.65259e-007,-0.000220973
,,,-1.64859e-007,-0.000220973
,,,-1.64459e-007,0.000441946
,,,-1.64059e-007,0.000220973
,,,-1.63659e-007,-0.000441946
,,,-1.63259e-007,-0.000220973
,,,-1.62859e-007,0
,,,-1.62459e-007,-0.000220973
,,,-1.62059e-007,-0.000220973
,,,-1.61659e-007,-0.000441946
,,,-1.61259e-007,-0.000220973
,,,-1.60859e-007,-0.000220973
,,,-1.60459e-007,0.000220973
,,,-1.60059e-007,0
,,,-1.59659e-007,-0.000220973
,,,-1.59259e-007,0
,,,-1.58859e-007,0.000220973
,,,-1.58459e-007,0
,,,-1.58059e-007,-0.000220973
,,,-1.57659e-007,-0.000441946
,,,-1.57259e-007,0
,,,-1.56859e-007,0.000220973
,,,-1.56459e-007,-0.000220973
,,,-1.56059e-007,0.000441946
,,,-1.55659e-007,-0.000441946
,,,-1.55259e-007,0
,,,-1.54859e-007,0
,,,-1.54459e-007,-0.000220973
,,,-1.54059e-007,-0.000662919
,,,-1.53659e-007,-0.000220973
,,,-1.53259e-007,-0.00132584
,,,-1.52859e-007,-0.000220973
,,,-1.52459e-007,0
,,,-1.52059e-007,0
,,,-1.51659e-007,0.000220973
,,,-1.51259e-007,0
,,,-1.50859e-007,0.000441946
,,,-1.50459e-007,0
,,,-1.50059e-007,0
,,,-1.49659e-007,-0.000662919
,,,-1.49259e-007,-0.000220973
,,,-1.48859e-007,-0.000220973
,,,-1.48459e-007,0.000220973
,,,-1.48059e-007,0
,,,-1.47659e-007,0
,,,-1.47259e-007,0
,,,-1.46859e-007,-0.000220973
,,,-1.46459e-007,-0.000662919
,,,-1.46059e-007,-0.000220973
,,,-1.45659e-007,0.000220973
,,,-1.45259e-007,0
,,,-1.44859e-007,0.000441946
,,,-1.44459e-007,-0.000220973
,,,-1.44059e-007,-0.000662919
,,,-1.43659e-007,0.000220973
,,,-1.43259e-007,-0.000220973
,,,-1.42859e-007,0.000441946
,,,-1.42459e-007,0.000441946
,,,-1.42059e-007,-0.000441946
,,,-1.41659e-007,-0.000220973
,,,-1.41259e-007,0.000220973
,,,-1.40859e-007,0.000220973
,,,-1.40459e-007,0
,,,-1.40059e-007,-0.000220973
,,,-1.39659e-007,0.000441946
,,,-1.39259e-007,-0.000441946
,,,-1.38859e-007,0.000441946
,,,-1.38459e-007,-0.000220973
,,,-1.38059e-007,0
,,,-1.37659e-007,0
,,,-1.37259e-007,-0.000220973
,,,-1.36859e-007,-0.000220973
,,,-1.36459e-007,0
,,,-1.36059e-007,0.000441946
,,,-1.35659e-007,0.000441946
,,,-1.35259e-007,0.000220973
,,,-1.34859e-007,-0.000441946
,,,-1.34459e-007,0.000441946
,,,-1.34059e-007,0.000220973
,,,-1.33659e-007,0
,,,-1.33259e-007,0.000441946
,,,-1.32859e-007,0.000220973
,,,-1.32459e-007,-0.000220973
,,,-1.32059e-007,0.000220973
,,,-1.31659e-007,-0.000220973
,,,-1.31259e-007,-0.000220973
,,,-1.30859e-007,-0.000220973
,,,-1.30459e-007,-0.000441946
,,,-1.30059e-007,-0.000662919
,,,-1.29659e-007,0.000441946
,,,-1.29259e-007,0.000220973
,,,-1.28859e-007,-0.000220973
,,,-1.28459e-007,-0.000441946
,,,-1.28059e-007,0.000220973
,,,-1.27659e-007,0
,,,-1.27259e-007,0.000220973
,,,-1.26859e-007,0.000441946
,,,-1.26459e-007,-0.000220973
,,,-1.26059e-007,0.000220973
,,,-1.25659e-007,0.000441946
,,,-1.25259e-007,0
,,,-1.24859e-007,0.00110486
,,,-1.24459e-007,0.000220973
,,,-1.24059e-007,-0.000220973
,,,-1.23659e-007,0
,,,-1.23259e-007,-0.000662919
,,,-1.22859e-007,-0.000441946
,,,-1.22459e-007,-0.000220973
,,,-1.22059e-007,-0.000662919
,,,-1.21659e-007,-0.000662919
,,,-1.21259e-007,-0.000662919
,,,-1.20859e-007,0.000220973
,,,-1.20459e-007,-0.000441946
,,,-1.20059e-007,0.000220973
,,,-1.19659e-007,-0.000220973
,,,-1.19259e-007,0.000220973
,,,-1.18859e-007,-0.000220973
,,,-1.18459e-007,0
,,,-1.18059e-007,0.000441946
,,,-1.17659e-007,0.000220973
,,,-1.17259e-007,0
,,,-1.16859e-007,0.00132584
,,,-1.16459e-007,-0.000220973
,,,-1.16059e-007,0.000662919
,,,-1.15659e-007,-0.000441946
,,,-1.15259e-007,-0.000441946
,,,-1.14859e-007,-0.000883892
,,,-1.14459e-007,0.000220973
,,,-1.14059e-007,0.000220973
,,,-1.13659e-007,0.000441946
,,,-1.13259e-007,-0.000441946
,,,-1.12859e-007,0
,,,-1.12459e-007,0.000441946
,,,-1.12059e-007,-0.000441946
,,,-1.11659e-007,0
,,,-1.11259e-007,0
,,,-1.10859e-007,-0.000220973
,,,-1.10459e-007,0.000441946
,,,-1.10059e-007,0.000441946
,,,-1.09659e-007,0.000220973
,,,-1.09259e-007,-0.000441946
,,,-1.08859e-007,0.000220973
,,,-1.08459e-007,-0.000220973
,,,-1.08059e-007,0.000220973
,,,-1.07659e-007,-0.000220973
,,,-1.07259e-007,-0.000220973
,,,-1.06859e-007,-0.000220973
,,,-1.06459e-007,-0.000441946
,,,-1.06059e-007,-0.000662919
,,,-1.05659e-007,-0.000441946
,,,-1.05259e-007,-0.000220973
,,,-1.04859e-007,0.000441946
,,,-1.04459e-007,0.000220973
,,,-1.04059e-007,0
,,,-1.03659e-007,0.000220973
,,,-1.03259e-007,0
,,,-1.02859e-007,-0.000662919
,,,-1.02459e-007,0.000441946
,,,-1.02059e-007,0
,,,-1.01659e-007,-0.000220973
,,,-1.01259e-007,0.000441946
,,,-1.00859e-007,0
,,,-1.00459e-007,-0.000220973
,,,-1.00059e-007,-0.000441946
,,,-9.96594e-008,0.000220973
,,,-9.92594e-008,0.000662919
,,,-9.88594e-008,-0.000220973
,,,-9.84594e-008,0.000220973
,,,-9.80594e-008,0
,,,-9.76594e-008,-0.00110486
,,,-9.72594e-008,-0.000662919
,,,-9.68594e-008,0
,,,-9.64594e-008,-0.000220973
,,,-9.60594e-008,0
,,,-9.56594e-008,0
,,,-9.52594e-008,0.000220973
,,,-9.48594e-008,0
,,,-9.44594e-008,0.000220973
,,,-9.40594e-008,0
,,,-9.36594e-008,0
,,,-9.32594e-008,0.000220973
,,,-9.28594e-008,-0.000220973
,,,-9.24594e-008,0.000441946
,,,-9.20594e-008,0
,,,-9.16594e-008,0.000220973
,,,-9.12594e-008,0
,,,-9.08594e-008,-0.000441946
,,,-9.04594e-008,0
,,,-9.00594e-008,-0.000220973
,,,-8.96594e-008,-0.000220973
,,,-8.92594e-008,-0.000220973
,,,-8.88594e-008,0.000220973
,,,-8.84594e-008,-0.000441946
,,,-8.80594e-008,0
,,,-8.76594e-008,0
,,,-8.72594e-008,0
,,,-8.68594e-008,0
,,,-8.64594e-008,0
,,,-8.60594e-008,-0.000441946
,,,-8.56594e-008,-0.000220973
,,,-8.52594e-008,0
,,,-8.48594e-008,0
,,,-8.44594e-008,-0.000883892
,,,-8.40594e-008,0.000220973
,,,-8.36594e-008,0.000220973
,,,-8.32594e-008,-0.000220973
,,,-8.28594e-008,0
,,,-8.24594e-008,0.000220973
,,,-8.20594e-008,0
,,,-8.16594e-008,-0.000441946
,,,-8.12594e-008,0
,,,-8.08594e-008,-0.000441946
,,,-8.04594e-008,-0.000441946
,,,-8.00594e-008,0
,,,-7.96594e-008,0
,,,-7.92594e-008,-0.000441946
,,,-7.88594e-008,0.000220973
,,,-7.84594e-008,0.00110486
,,,-7.80594e-008,0
,,,-7.76594e-008,0
,,,-7.72594e-008,0
,,,-7.68594e-008,0.000220973
,,,-7.64594e-008,0
,,,-7.60594e-008,-0.000220973
,,,-7.56594e-008,0
,,,-7.52594e-008,0.000441946
,,,-7.48594e-008,0.000220973
,,,-7.44594e-008,-0.000441946
,,,-7.40594e-008,-0.000220973
,,,-7.36594e-008,-0.000220973
,,,-7.32594e-008,-0.000883892
,,,-7.28594e-008,0.000662919
,,,-7.24594e-008,-0.000662919
,,,-7.20594e-008,0.000220973
,,,-7.16594e-008,0
,,,-7.12594e-008,0.000220973
,,,-7.08594e-008,-0.000662919
,,,-7.04594e-008,0.000662919
,,,-7.00594e-008,0
,,,-6.96594e-008,0.000220973
,,,-6.92594e-008,0.000441946
,,,-6.88594e-008,0.000220973
,,,-6.84594e-008,0.000662919
,,,-6.80594e-008,-0.000662919
,,,-6.76594e-008,-0.000662919
,,,-6.72594e-008,-0.000220973
,,,-6.68594e-008,-0.000220973
,,,-6.64594e-008,-0.000441946
,,,-6.60594e-008,-0.000441946
,,,-6.56594e-008,0.000441946
,,,-6.52594e-008,0.000220973
,,,-6.48594e-008,-0.000441946
,,,-6.44594e-008,0
,,,-6.40594e-008,-0.000441946
,,,-6.36594e-008,-0.000220973
,,,-6.32594e-008,-0.000220973
,,,-6.28594e-008,0.000220973
,,,-6.24594e-008,-0.000441946
,,,-6.20594e-008,0
,,,-6.16594e-008,0
,,,-6.12594e-008,0.000220973
,,,-6.08594e-008,0.000220973
,,,-6.04594e-008,0
,,,-6.00594e-008,-0.000662919
,,,-5.96594e-008,-0.000662919
,,,-5.92594e-008,-0.000441946
,,,-5.88594e-008,0.000220973
,,,-5.84594e-008,-0.000220973
,,,-5.80594e-008,-0.000662919
,,,-5.76594e-008,0
,,,-5.72594e-008,0.000220973
,,,-5.68594e-008,0.000220973
,,,-5.64594e-008,0
,,,-5.60594e-008,0.000441946
,,,-5.56594e-008,0
,,,-5.52594e-008,-0.000220973
,,,-5.48594e-008,-0.000883892
,,,-5.44594e-008,-0.000220973
,,,-5.40594e-008,-0.000441946
,,,-5.36594e-008,0.000441946
,,,-5.32594e-008,0
,,,-5.28594e-008,0.000441946
,,,-5.24594e-008,-0.000220973
,,,-5.20594e-008,0.000662919
,,,-5.16594e-008,-0.000441946
,,,-5.12594e-008,-0.000220973
,,,-5.08594e-008,-0.000441946
,,,-5.04594e-008,-0.000220973
,,,-5.00594e-008,-0.000662919
,,,-4.96594e-008,-0.000220973
,,,-4.92594e-008,-0.000441946
,,,-4.88594e-008,0
,,,-4.84594e-008,0
,,,-4.80594e-008,-0.000441946
,,,-4.76594e-008,-0.000220973
,,,-4.72594e-008,-0.000441946
,,,-4.68594e-008,0
,,,-4.64594e-008,0.00110486
,,,-4.60594e-008,-0.000441946
,,,-4.56594e-008,0
,,,-4.52594e-008,0.000441946
,,,-4.48594e-008,-0.000662919
,,,-4.44594e-008,0
,,,-4.40594e-008,-0.000220973
,,,-4.36594e-008,-0.000220973
,,,-4.32594e-008,-0.000220973
,,,-4.28594e-008,0
,,,-4.24594e-008,-0.000220973
,,,-4.20594e-008,0
,,,-4.16594e-008,-0.000441946
,,,-4.12594e-008,-0.000662919
,,,-4.08594e-008,-0.000662919
,,,-4.04594e-008,-0.000441946
,,,-4.00594e-008,0
,,,-3.96594e-008,-0.000441946
,,,-3.92594e-008,-0.000220973
,,,-3.88594e-008,0
,,,-3.84594e-008,-0.000220973
,,,-3.80594e-008,-0.000441946
,,,-3.76594e-008,-0.000441946
,,,-3.72594e-008,-0.000441946
,,,-3.68594e-008,0.000662919
,,,-3.64594e-008,0.000220973
,,,-3.60594e-008,-0.000441946
,,,-3.56594e-008,-0.000662919
,,,-3.52594e-008,-0.000220973
,,,-3.48594e-008,-0.000220973
,,,-3.44594e-008,-0.000220973
,,,-3.40594e-008,-0.000441946
,,,-3.36594e-008,-0.000441946
,,,-3.32594e-008,-0.000662919
,,,-3.28594e-008,0.000220973
,,,-3.24594e-008,0.000441946
,,,-3.20594e-008,0.000883892
,,,-3.16594e-008,-0.000220973
,,,-3.12594e-008,-0.000220973
,,,-3.08594e-008,0.000220973
,,,-3.04594e-008,0
,,,-3.00594e-008,-0.000662919
,,,-2.96594e-008,0
,,,-2.92594e-008,0.000220973
,,,-2.88594e-008,0
,,,-2.84594e-008,0
,,,-2.80594e-008,0.000662919
,,,-2.76594e-008,0.000220973
,,,-2.72594e-008,0
,,,-2.68594e-008,0.000220973
,,,-2.64594e-008,0
,,,-2.60594e-008,0.000441946
,,,-2.56594e-008,-0.000441946
,,,-2.52594e-008,-0.000883892
,,,-2.48594e-008,-0.000662919
,,,-2.44594e-008,-0.000220973
,,,-2.40594e-008,0.000220973
,,,-2.36594e-008,0.000220973
,,,-2.32594e-008,0
,,,-2.28594e-008,-0.000662919
,,,-2.24594e-008,-0.000883892
,,,-2.20594e-008,-0.000441946
,,,-2.16594e-008,-0.000441946
,,,-2.12594e-008,0
,,,-2.08594e-008,0.000220973
,,,-2.04594e-008,-0.000441946
,,,-2.00594e-008,0.000220973
,,,-1.96594e-008,-0.000220973
,,,-1.92594e-008,0.000441946
,,,-1.88594e-008,0
,,,-1.84594e-008,0.000220973
,,,-1.80594e-008,-0.000441946
,,,-1.76594e-008,0.000441946
,,,-1.72594e-008,0
,,,-1.68594e-008,0.000441946
,,,-1.64594e-008,0.000220973
,,,-1.60594e-008,0
,,,-1.56594e-008,0.000441946
,,,-1.52594e-008,0
,,,-1.48594e-008,0
,,,-1.44594e-008,0
,,,-1.40594e-008,0
,,,-1.36594e-008,0.000220973
,,,-1.32594e-008,-0.000220973
,,,-1.28594e-008,0
,,,-1.24594e-008,0
,,,-1.20594e-008,0.000220973
,,,-1.16594e-008,0.000441946
,,,-1.12594e-008,-0.000220973
,,,-1.08594e-008,0
,,,-1.04594e-008,0.000441946
,,,-1.00594e-008,0
,,,-9.65941e-009,-0.000662919
,,,-9.25941e-009,-0.000441946
,,,-8.85941e-009,0.000220973
,,,-8.45941e-009,0.000220973
,,,-8.05941e-009,0.000220973
,,,-7.65941e-009,-0.000220973
,,,-7.25941e-009,0.000662919
,,,-6.85941e-009,0.000662919
,,,-6.45941e-009,0.000220973
,,,-6.05941e-009,0.000441946
,,,-5.65941e-009,0.000441946
,,,-5.25941e-009,-0.000220973
,,,-4.85941e-009,0.000220973
,,,-4.45941e-009,0.000220973
,,,-4.05941e-009,-0.000441946
,,,-3.65941e-009,0.000220973
,,,-3.25941e-009,0.000662919
,,,-2.85941e-009,0.000220973
,,,-2.45941e-009,-0.000441946
,,,-2.05941e-009,-0.000220973
,,,-1.65941e-009,0.000220973
,,,-1.25941e-009,0.000220973
,,,-8.59412e-010,0
,,,-4.59412e-010,0
,,,-5.94119e-011,0.000662919
,,,3.40588e-010,0.000441946
,,,7.40588e-010,0
,,,1.14059e-009,-0.00110486
,,,1.54059e-009,0.000220973
,,,1.94059e-009,0
,,,2.34059e-009,-0.000220973
,,,2.74059e-009,0.000220973
,,,3.14059e-009,-0.000441946
,,,3.54059e-009,-0.000441946
,,,3.94059e-009,-0.000220973
,,,4.34059e-009,0
,,,4.74059e-009,-0.000220973
,,,5.14059e-009,0.000441946
,,,5.54059e-009,-0.000220973
,,,5.94059e-009,-0.000662919
,,,6.34059e-009,-0.000883892
,,,6.74059e-009,-0.000662919
,,,7.14059e-009,-0.000662919
,,,7.54059e-009,0.000662919
,,,7.94059e-009,0.00110486
,,,8.34059e-009,0.000662919
,,,8.74059e-009,-0.000662919
,,,9.14059e-009,-0.000662919
,,,9.54059e-009,0.000662919
,,,9.94059e-009,0.000441946
,,,1.03406e-008,-0.000220973
,,,1.07406e-008,0.000220973
,,,1.11406e-008,0.000883892
,,,1.15406e-008,0
,,,1.19406e-008,0.000662919
,,,1.23406e-008,0.000220973
,,,1.27406e-008,-0.000220973
,,,1.31406e-008,-0.000220973
,,,1.35406e-008,0.000441946
,,,1.39406e-008,0
,,,1.43406e-008,0
,,,1.47406e-008,-0.000883892
,,,1.51406e-008,0
,,,1.55406e-008,0
,,,1.59406e-008,0
,,,1.63406e-008,0
,,,1.67406e-008,-0.000441946
,,,1.71406e-008,-0.000441946
,,,1.75406e-008,0
,,,1.79406e-008,-0.000441946
,,,1.83406e-008,-0.000220973
,,,1.87406e-008,-0.000220973
,,,1.91406e-008,-0.000220973
,,,1.95406e-008,0.000220973
,,,1.99406e-008,0
,,,2.03406e-008,-0.000441946
,,,2.07406e-008,0.000220973
,,,2.11406e-008,0
,,,2.15406e-008,0
,,,2.19406e-008,-0.000441946
,,,2.23406e-008,-0.000220973
,,,2.27406e-008,-0.000220973
,,,2.31406e-008,0.000441946
,,,2.35406e-008,0.000220973
,,,2.39406e-008,0.000220973
,,,2.43406e-008,-0.000220973
,,,2.47406e-008,-0.000220973
,,,2.51406e-008,-0.000441946
,,,2.55406e-008,0.000662919
,,,2.59406e-008,-0.000441946
,,,2.63406e-008,-0.000441946
,,,2.67406e-008,-0.000883892
,,,2.71406e-008,0.000220973
,,,2.75406e-008,-0.000220973
,,,2.79406e-008,0
,,,2.83406e-008,-0.000883892
,,,2.87406e-008,0
,,,2.91406e-008,-0.000441946
,,,2.95406e-008,0
,,,2.99406e-008,-0.000441946
,,,3.03406e-008,-0.000441946
,,,3.07406e-008,-0.000441946
,,,3.11406e-008,0
,,,3.15406e-008,0.000441946
,,,3.19406e-008,0
,,,3.23406e-008,0.000220973
,,,3.27406e-008,0.000220973
,,,3.31406e-008,-0.000220973
,,,3.35406e-008,0.000220973
,,,3.39406e-008,-0.000220973
,,,3.43406e-008,0.000441946
,,,3.47406e-008,-0.000220973
,,,3.51406e-008,0.000662919
,,,3.55406e-008,-0.000441946
,,,3.59406e-008,0.000220973
,,,3.63406e-008,0.000441946
,,,3.67406e-008,-0.000220973
,,,3.71406e-008,-0.000220973
,,,3.75406e-008,-0.000662919
,,,3.79406e-008,0.000220973
,,,3.83406e-008,0.000220973
,,,3.87406e-008,-0.000441946
,,,3.91406e-008,-0.000220973
,,,3.95406e-008,0
,,,3.99406e-008,0.000220973
,,,4.03406e-008,-0.000220973
,,,4.07406e-008,0
,,,4.11406e-008,-0.00110486
,,,4.15406e-008,-0.000662919
,,,4.19406e-008,0.000220973
,,,4.23406e-008,-0.000220973
,,,4.27406e-008,-0.000441946
,,,4.31406e-008,0.000441946
,,,4.35406e-008,-0.000441946
,,,4.39406e-008,0.000441946
,,,4.43406e-008,-0.000883892
,,,4.47406e-008,0.000220973
,,,4.51406e-008,-0.000662919
,,,4.55406e-008,0.000220973
,,,4.59406e-008,-0.000441946
,,,4.63406e-008,0
,,,4.67406e-008,-0.000662919
,,,4.71406e-008,-0.000662919
,,,4.75406e-008,-0.000441946
,,,4.79406e-008,-0.000662919
,,,4.83406e-008,0
,,,4.87406e-008,-0.000662919
,,,4.91406e-008,-0.000883892
,,,4.95406e-008,0.000662919
,,,4.99406e-008,-0.000220973
,,,5.03406e-008,0.000220973
,,,5.07406e-008,0.000220973
,,,5.11406e-008,-0.000220973
,,,5.15406e-008,0.000220973
,,,5.19406e-008,-0.000441946
,,,5.23406e-008,0.000441946
,,,5.27406e-008,0
,,,5.31406e-008,-0.000441946
,,,5.35406e-008,-0.000883892
,,,5.39406e-008,-0.000883892
,,,5.43406e-008,0.000662919
,,,5.47406e-008,0.000220973
,,,5.51406e-008,-0.000220973
,,,5.55406e-008,-0.000441946
,,,5.59406e-008,0.000441946
,,,5.63406e-008,-0.000441946
,,,5.67406e-008,0.000220973
,,,5.71406e-008,0
,,,5.75406e-008,0
,,,5.79406e-008,-0.000441946
,,,5.83406e-008,0
,,,5.87406e-008,-0.000441946
,,,5.91406e-008,0.000220973
,,,5.95406e-008,-0.000220973
,,,5.99406e-008,0.000441946
,,,6.03406e-008,-0.000220973
,,,6.07406e-008,0.000662919
,,,6.11406e-008,0.000441946
,,,6.15406e-008,0
,,,6.19406e-008,0.000220973
,,,6.23406e-008,0.000220973
,,,6.27406e-008,0.000220973
,,,6.31406e-008,0.000220973
,,,6.35406e-008,-0.000441946
,,,6.39406e-008,0
,,,6.43406e-008,0.000220973
,,,6.47406e-008,-0.000220973
,,,6.51406e-008,-0.000220973
,,,6.55406e-008,-0.000441946
,,,6.59406e-008,-0.000220973
,,,6.63406e-008,0.000662919
,,,6.67406e-008,0.000220973
,,,6.71406e-008,0
,,,6.75406e-008,0
,,,6.79406e-008,0.000662919
,,,6.83406e-008,-0.000441946
,,,6.87406e-008,0
,,,6.91406e-008,-0.000220973
,,,6.95406e-008,-0.000441946
,,,6.99406e-008,-0.000220973
,,,7.03406e-008,-0.000441946
,,,7.07406e-008,-0.000441946
,,,7.11406e-008,-0.000441946
,,,7.15406e-008,0
,,,7.19406e-008,0.000441946
,,,7.23406e-008,0.000883892
,,,7.27406e-008,0.000220973
,,,7.31406e-008,-0.000441946
,,,7.35406e-008,0.000662919
,,,7.39406e-008,-0.000662919
,,,7.43406e-008,-0.000220973
,,,7.47406e-008,-0.000220973
,,,7.51406e-008,0.000662919
,,,7.55406e-008,0.000220973
,,,7.59406e-008,0.000441946
,,,7.63406e-008,-0.000441946
,,,7.67406e-008,0.000662919
,,,7.71406e-008,0.000662919
,,,7.75406e-008,0
,,,7.79406e-008,0.000220973
,,,7.83406e-008,-0.000662919
,,,7.87406e-008,-0.000441946
,,,7.91406e-008,0.000220973
,,,7.95406e-008,0.000662919
,,,7.99406e-008,0.000220973
,,,8.03406e-008,0
,,,8.07406e-008,-0.000220973
,,,8.11406e-008,0.000220973
,,,8.15406e-008,0.000662919
,,,8.19406e-008,0.000220973
,,,8.23406e-008,-0.000220973
,,,8.27406e-008,0.000441946
,,,8.31406e-008,-0.000220973
,,,8.35406e-008,0.000220973
,,,8.39406e-008,0.000441946
,,,8.43406e-008,0.000220973
,,,8.47406e-008,-0.000220973
,,,8.51406e-008,0
,,,8.55406e-008,0
,,,8.59406e-008,0
,,,8.63406e-008,-0.000441946
,,,8.67406e-008,0
,,,8.71406e-008,0
,,,8.75406e-008,0.000220973
,,,8.79406e-008,0.00110486
,,,8.83406e-008,0
,,,8.87406e-008,0.000220973
,,,8.91406e-008,0
,,,8.95406e-008,0.000220973
,,,8.99406e-008,0.000220973
,,,9.03406e-008,0
,,,9.07406e-008,-0.000441946
,,,9.11406e-008,0.000441946
,,,9.15406e-008,0.000662919
,,,9.19406e-008,0
,,,9.23406e-008,0
,,,9.27406e-008,0.00110486
,,,9.31406e-008,0.000220973
,,,9.35406e-008,0
,,,9.39406e-008,0.000441946
,,,9.43406e-008,0.000662919
,,,9.47406e-008,0.00110486
,,,9.51406e-008,0.00198876
,,,9.55406e-008,0.0024307
,,,9.59406e-008,0.00353557
,,,9.63406e-008,0.00530335
,,,9.67406e-008,0.00707114
,,,9.71406e-008,0.00751308
,,,9.75406e-008,0.00861795
,,,9.79406e-008,0.0103857
,,,9.83406e-008,0.0108277
,,,9.87406e-008,0.0119325
,,,9.91406e-008,0.0128164
,,,9.95406e-008,0.0139213
,,,9.99406e-008,0.0145842
,,,1.00341e-007,0.0143632
,,,1.00741e-007,0.0152471
,,,1.01141e-007,0.0152471
,,,1.01541e-007,0.0150262
,,,1.01941e-007,0.016352
,,,1.02341e-007,0.0170149
,,,1.02741e-007,0.0159101
,,,1.03141e-007,0.0170149
,,,1.03541e-007,0.0172359
,,,1.03941e-007,0.0170149
,,,1.04341e-007,0.0181198
,,,1.04741e-007,0.0174569
,,,1.05141e-007,0.0172359
,,,1.05541e-007,0.0174569
,,,1.05941e-007,0.0170149
,,,1.06341e-007,0.0172359
,,,1.06741e-007,0.0170149
,,,1.07141e-007,0.0178988
,,,1.07541e-007,0.0172359
,,,1.07941e-007,0.0174569
,,,1.08341e-007,0.0176778
,,,1.08741e-007,0.0172359
,,,1.09141e-007,0.0167939
,,,1.09541e-007,0.0187827
,,,1.09941e-007,0.0176778
,,,1.10341e-007,0.0176778
,,,1.10741e-007,0.0172359
,,,1.11141e-007,0.0178988
,,,1.11541e-007,0.0172359
,,,1.11941e-007,0.0174569
,,,1.12341e-007,0.0176778
,,,1.12741e-007,0.0176778
,,,1.13141e-007,0.0172359
,,,1.13541e-007,0.0183408
,,,1.13941e-007,0.0176778
,,,1.14341e-007,0.0172359
,,,1.14741e-007,0.0176778
,,,1.15141e-007,0.0181198
,,,1.15541e-007,0.0176778
,,,1.15941e-007,0.0176778
,,,1.16341e-007,0.0178988
,,,1.16741e-007,0.0172359
,,,1.17141e-007,0.0174569
,,,1.17541e-007,0.0181198
,,,1.17941e-007,0.0174569
,,,1.18341e-007,0.0170149
,,,1.18741e-007,0.0172359
,,,1.19141e-007,0.0176778
,,,1.19541e-007,0.0178988
,,,1.19941e-007,0.0183408
,,,1.20341e-007,0.0178988
,,,1.20741e-007,0.0174569
,,,1.21141e-007,0.0176778
,,,1.21541e-007,0.0187827
,,,1.21941e-007,0.0190037
,,,1.22341e-007,0.0183408
,,,1.22741e-007,0.0181198
,,,1.23141e-007,0.0185617
,,,1.23541e-007,0.0196666
,,,1.23941e-007,0.0192246
,,,1.24341e-007,0.0194456
,,,1.24741e-007,0.0203295
,,,1.25141e-007,0.0198876
,,,1.25541e-007,0.0201085
,,,1.25941e-007,0.0207715
,,,1.26341e-007,0.0212134
,,,1.26741e-007,0.0209924
,,,1.27141e-007,0.0205505
,,,1.27541e-007,0.0201085
,,,1.27941e-007,0.0205505
,,,1.28341e-007,0.0203295
,,,1.28741e-007,0.0198876
,,,1.29141e-007,0.0190037
,,,1.29541e-007,0.0192246
,,,1.29941e-007,0.0192246
,,,1.30341e-007,0.0183408
,,,1.30741e-007,0.0178988
,,,1.31141e-007,0.0183408
,,,1.31541e-007,0.0174569
,,,1.31941e-007,0.0178988
,,,1.32341e-007,0.0170149
,,,1.32741e-007,0.0170149
,,,1.33141e-007,0.0172359
,,,1.33541e-007,0.0170149
,,,1.33941e-007,0.0159101
,,,1.34341e-007,0.0170149
,,,1.34741e-007,0.016573
,,,1.35141e-007,0.0174569
,,,1.35541e-007,0.0159101
,,,1.35941e-007,0.016573
,,,1.36341e-007,0.0159101
,,,1.36741e-007,0.016352
,,,1.37141e-007,0.016352
,,,1.37541e-007,0.016352
,,,1.37941e-007,0.0174569
,,,1.38341e-007,0.016352
,,,1.38741e-007,0.0170149
,,,1.39141e-007,0.016573
,,,1.39541e-007,0.0159101
,,,1.39941e-007,0.016573
,,,1.40341e-007,0.0154681
,,,1.40741e-007,0.016352
,,,1.41141e-007,0.0154681
,,,1.41541e-007,0.0154681
,,,1.41941e-007,0.0154681
,,,1.42341e-007,0.0150262
,,,1.42741e-007,0.0152471
,,,1.43141e-007,0.0154681
,,,1.43541e-007,0.0150262
,,,1.43941e-007,0.0154681
,,,1.44341e-007,0.0148052
,,,1.44741e-007,0.0154681
,,,1.45141e-007,0.0152471
,,,1.45541e-007,0.0148052
,,,1.45941e-007,0.0154681
,,,1.46341e-007,0.0152471
,,,1.46741e-007,0.0150262
,,,1.47141e-007,0.0145842
,,,1.47541e-007,0.0148052
,,,1.47941e-007,0.0148052
,,,1.48341e-007,0.0143632
,,,1.48741e-007,0.0148052
,,,1.49141e-007,0.0143632
,,,1.49541e-007,0.0143632
,,,1.49941e-007,0.0141423
,,,1.50341e-007,0.0139213
,,,1.50741e-007,0.0141423
,,,1.51141e-007,0.0148052
,,,1.51541e-007,0.0141423
,,,1.51941e-007,0.0141423
,,,1.52341e-007,0.0137003
,,,1.52741e-007,0.0137003
,,,1.53141e-007,0.0137003
,,,1.53541e-007,0.0139213
,,,1.53941e-007,0.0132584
,,,1.54341e-007,0.0139213
,,,1.54741e-007,0.0134794
,,,1.55141e-007,0.0123745
,,,1.55541e-007,0.0130374
,,,1.55941e-007,0.0125955
,,,1.56341e-007,0.0123745
,,,1.56741e-007,0.0123745
,,,1.57141e-007,0.0119325
,,,1.57541e-007,0.0119325
,,,1.57941e-007,0.0117116
,,,1.58341e-007,0.0112696
,,,1.58741e-007,0.0114906
,,,1.59141e-007,0.0117116
,,,1.59541e-007,0.0117116
,,,1.59941e-007,0.0119325
,,,1.60341e-007,0.0121535
,,,1.60741e-007,0.0119325
,,,1.61141e-007,0.0117116
,,,1.61541e-007,0.0119325
,,,1.61941e-007,0.0128164
,,,1.62341e-007,0.0125955
,,,1.62741e-007,0.0119325
,,,1.63141e-007,0.0123745
,,,1.63541e-007,0.0119325
,,,1.63941e-007,0.0123745
,,,1.64341e-007,0.0119325
,,,1.64741e-007,0.0119325
,,,1.65141e-007,0.0121535
,,,1.65541e-007,0.0123745
,,,1.65941e-007,0.0123745
,,,1.66341e-007,0.0121535
,,,1.66741e-007,0.0119325
,,,1.67141e-007,0.0123745
,,,1.67541e-007,0.0119325
,,,1.67941e-007,0.0132584
,,,1.68341e-007,0.0117116
,,,1.68741e-007,0.0112696
,,,1.69141e-007,0.0114906
,,,1.69541e-007,0.0121535
,,,1.69941e-007,0.0128164
,,,1.70341e-007,0.0117116
,,,1.70741e-007,0.0123745
,,,1.71141e-007,0.0121535
,,,1.71541e-007,0.0123745
,,,1.71941e-007,0.0121535
,,,1.72341e-007,0.0117116
,,,1.72741e-007,0.0121535
,,,1.73141e-007,0.0119325
,,,1.73541e-007,0.0123745
,,,1.73941e-007,0.0121535
,,,1.74341e-007,0.0119325
,,,1.74741e-007,0.0114906
,,,1.75141e-007,0.0117116
,,,1.75541e-007,0.0121535
,,,1.75941e-007,0.0125955
,,,1.76341e-007,0.0117116
,,,1.76741e-007,0.0125955
,,,1.77141e-007,0.0128164
,,,1.77541e-007,0.0119325
,,,1.77941e-007,0.0117116
,,,1.78341e-007,0.0123745
,,,1.78741e-007,0.0125955
,,,1.79141e-007,0.0125955
,,,1.79541e-007,0.0128164
,,,1.79941e-007,0.0125955
,,,1.80341e-007,0.0123745
,,,1.80741e-007,0.0130374
,,,1.81141e-007,0.0121535
,,,1.81541e-007,0.0128164
,,,1.81941e-007,0.0125955
,,,1.82341e-007,0.0121535
,,,1.82741e-007,0.0119325
,,,1.83141e-007,0.0121535
,,,1.83541e-007,0.0119325
,,,1.83941e-007,0.0123745
,,,1.84341e-007,0.0117116
,,,1.84741e-007,0.0121535
,,,1.85141e-007,0.0119325
,,,1.85541e-007,0.0125955
,,,1.85941e-007,0.0114906
,,,1.86341e-007,0.0117116
,,,1.86741e-007,0.0125955
,,,1.87141e-007,0.0130374
,,,1.87541e-007,0.0125955
,,,1.87941e-007,0.0132584
,,,1.88341e-007,0.0128164
,,,1.88741e-007,0.0134794
,,,1.89141e-007,0.0128164
,,,1.89541e-007,0.0121535
,,,1.89941e-007,0.0128164
,,,1.90341e-007,0.0134794
,,,1.90741e-007,0.0128164
,,,1.91141e-007,0.0128164
,,,1.91541e-007,0.0130374
,,,1.91941e-007,0.0128164
,,,1.92341e-007,0.0130374
,,,1.92741e-007,0.0139213
,,,1.93141e-007,0.0134794
,,,1.93541e-007,0.0130374
,,,1.93941e-007,0.0132584
,,,1.94341e-007,0.0137003
,,,1.94741e-007,0.0134794
,,,1.95141e-007,0.0132584
,,,1.95541e-007,0.0134794
,,,1.95941e-007,0.0134794
,,,1.96341e-007,0.0134794
,,,1.96741e-007,0.0125955
,,,1.97141e-007,0.0130374
,,,1.97541e-007,0.0130374
,,,1.97941e-007,0.0130374
,,,1.98341e-007,0.0134794
,,,1.98741e-007,0.0123745
,,,1.99141e-007,0.0121535
,,,1.99541e-007,0.0121535
,,,1.99941e-007,0.0137003
,,,2.00341e-007,0.0125955
,,,2.00741e-007,0.0123745
,,,2.01141e-007,0.0125955
,,,2.01541e-007,0.0128164
,,,2.01941e-007,0.0123745
,,,2.02341e-007,0.0128164
,,,2.02741e-007,0.0119325
,,,2.03141e-007,0.0119325
,,,2.03541e-007,0.0117116
,,,2.03941e-007,0.0121535
,,,2.04341e-007,0.0103857
,,,2.04741e-007,0.0112696
,,,2.05141e-007,0.0112696
,,,2.05541e-007,0.0112696
,,,2.05941e-007,0.0110486
,,,2.06341e-007,0.0112696
,,,2.06741e-007,0.0108277
,,,2.07141e-007,0.0106067
,,,2.07541e-007,0.00950184
,,,2.07941e-007,0.00972281
,,,2.08341e-007,0.00950184
,,,2.08741e-007,0.00861795
,,,2.09141e-007,0.00883892
,,,2.09541e-007,0.00905989
,,,2.09941e-007,0.00795503
,,,2.10341e-007,0.00795503
,,,2.10741e-007,0.00773405
,,,2.11141e-007,0.008176
,,,2.11541e-007,0.00751308
,,,2.11941e-007,0.00685016
,,,2.12341e-007,0.00596627
,,,2.12741e-007,0.00596627
,,,2.13141e-007,0.00618724
,,,2.13541e-007,0.00508238
,,,2.13941e-007,0.0057453
,,,2.14341e-007,0.00530335
,,,2.14741e-007,0.00441946
,,,2.15141e-007,0.00397751
,,,2.15541e-007,0.00397751
,,,2.15941e-007,0.00441946
,,,2.16341e-007,0.00287265
,,,2.16741e-007,0.00309362
,,,2.17141e-007,0.0024307
,,,2.17541e-007,0.00331459
,,,2.17941e-007,0.00220973
,,,2.18341e-007,0.00265168
,,,2.18741e-007,0.0024307
,,,2.19141e-007,0.00198876
,,,2.19541e-007,0.0024307
,,,2.19941e-007,0.00220973
,,,2.20341e-007,0.00220973
,,,2.20741e-007,0.00154681
,,,2.21141e-007,0.00154681
,,,2.21541e-007,0.000883892
,,,2.21941e-007,0.00110486
,,,2.22341e-007,0.00132584
,,,2.22741e-007,0.00132584
,,,2.23141e-007,0.000883892
,,,2.23541e-007,0.00110486
,,,2.23941e-007,0.00176778
,,,2.24341e-007,0.00110486
,,,2.24741e-007,0.00110486
,,,2.25141e-007,0.000883892
,,,2.25541e-007,0.000662919
,,,2.25941e-007,0.000662919
,,,2.26341e-007,0.000441946
,,,2.26741e-007,0.000441946
,,,2.27141e-007,0.000662919
,,,2.27541e-007,0.00110486
,,,2.27941e-007,0.00154681
,,,2.28341e-007,0
,,,2.28741e-007,0.000441946
,,,2.29141e-007,0.000662919
,,,2.29541e-007,0.00110486
,,,2.29941e-007,0.000441946
,,,2.30341e-007,-0.000662919
,,,2.30741e-007,-0.000220973
,,,2.31141e-007,0
,,,2.31541e-007,0
,,,2.31941e-007,0.000441946
,,,2.32341e-007,0.000662919
,,,2.32741e-007,0.000883892
,,,2.33141e-007,0.000220973
,,,2.33541e-007,0.000662919
,,,2.33941e-007,0
,,,2.34341e-007,0.000220973
,,,2.34741e-007,0.000220973
,,,2.35141e-007,0
,,,2.35541e-007,0
,,,2.35941e-007,0.000220973
,,,2.36341e-007,-0.000441946
,,,2.36741e-007,-0.000220973
,,,2.37141e-007,-0.000220973
,,,2.37541e-007,-0.000662919
,,,2.37941e-007,-0.000220973
,,,2.38341e-007,-0.000883892
,,,2.38741e-007,-0.000883892
,,,2.39141e-007,-0.000883892
,,,2.39541e-007,-0.000441946
,,,2.39941e-007,-0.000441946
,,,2.40341e-007,-0.000220973
,,,2.40741e-007,-0.000220973
,,,2.41141e-007,-0.000883892
,,,2.41541e-007,-0.000441946
,,,2.41941e-007,0
,,,2.42341e-007,-0.000662919
,,,2.42741e-007,0.000441946
,,,2.43141e-007,-0.000220973
,,,2.43541e-007,-0.000441946
,,,2.43941e-007,-0.000883892
,,,2.44341e-007,-0.000441946
,,,2.44741e-007,-0.000662919
,,,2.45141e-007,-0.000662919
,,,2.45541e-007,-0.000220973
,,,2.45941e-007,-0.000441946
,,,2.46341e-007,-0.000662919
,,,2.46741e-007,-0.00110486
,,,2.47141e-007,0
,,,2.47541e-007,0.000662919
,,,2.47941e-007,0.000441946
,,,2.48341e-007,-0.000220973
,,,2.48741e-007,0.000441946
,,,2.49141e-007,0
,,,2.49541e-007,0.000662919
,,,2.49941e-007,0
,,,2.50341e-007,0.000220973
