"Record Length",1252,"Points",-2.50096e-007,0
"Sample Interval",4e-010,s,-2.49696e-007,0.000220973
"Trigger Point",625,"Samples",-2.49296e-007,0
"Trigger Time",0.238913,s,-2.48896e-007,0.000662919
,,,-2.48496e-007,-0.000441946
"Horizontal Offset",-2.50096e-007,s,-2.48096e-007,0
,,,-2.47696e-007,0.000220973
,,,-2.47296e-007,0.000220973
,,,-2.46896e-007,0
,,,-2.46496e-007,-0.000220973
,,,-2.46096e-007,-0.000441946
,,,-2.45696e-007,-0.000441946
,,,-2.45296e-007,0
,,,-2.44896e-007,0
,,,-2.44496e-007,0.000220973
,,,-2.44096e-007,-0.000220973
,,,-2.43696e-007,0
,,,-2.43296e-007,-0.000662919
,,,-2.42896e-007,0
,,,-2.42496e-007,0
,,,-2.42096e-007,0.000220973
,,,-2.41696e-007,0.000220973
,,,-2.41296e-007,0.000220973
,,,-2.40896e-007,0.000883892
,,,-2.40496e-007,0.000662919
,,,-2.40096e-007,0
,,,-2.39696e-007,0.000220973
,,,-2.39296e-007,-0.000220973
,,,-2.38896e-007,-0.000220973
,,,-2.38496e-007,0.000220973
,,,-2.38096e-007,0.000662919
,,,-2.37696e-007,0
,,,-2.37296e-007,-0.000662919
,,,-2.36896e-007,-0.000662919
,,,-2.36496e-007,0.000220973
,,,-2.36096e-007,0
,,,-2.35696e-007,0.000662919
,,,-2.35296e-007,0
,,,-2.34896e-007,-0.000220973
,,,-2.34496e-007,0
,,,-2.34096e-007,0.000220973
,,,-2.33696e-007,-0.000220973
,,,-2.33296e-007,0.000441946
,,,-2.32896e-007,0.000220973
,,,-2.32496e-007,0.00110486
,,,-2.32096e-007,0.000441946
,,,-2.31696e-007,0.000441946
,,,-2.31296e-007,-0.000441946
,,,-2.30896e-007,-0.000220973
,,,-2.30496e-007,0
,,,-2.30096e-007,0.000220973
,,,-2.29696e-007,-0.000662919
,,,-2.29296e-007,-0.000220973
,,,-2.28896e-007,-0.000441946
,,,-2.28496e-007,0
,,,-2.28096e-007,0
,,,-2.27696e-007,0.000662919
,,,-2.27296e-007,0.000220973
,,,-2.26896e-007,0
,,,-2.26496e-007,-0.000441946
,,,-2.26096e-007,-0.000220973
,,,-2.25696e-007,0.000883892
,,,-2.25296e-007,0.000220973
,,,-2.24896e-007,0.000441946
,,,-2.24496e-007,0.000220973
,,,-2.24096e-007,0
,,,-2.23696e-007,0.000441946
,,,-2.23296e-007,0.000220973
,,,-2.22896e-007,0.000662919
,,,-2.22496e-007,0.000220973
,,,-2.22096e-007,0.000441946
,,,-2.21696e-007,-0.000220973
,,,-2.21296e-007,0.000441946
,,,-2.20896e-007,-0.000441946
,,,-2.20496e-007,-0.000441946
,,,-2.20096e-007,0.000662919
,,,-2.19696e-007,0.000220973
,,,-2.19296e-007,0.000220973
,,,-2.18896e-007,-0.000220973
,,,-2.18496e-007,-0.000220973
,,,-2.18096e-007,0
,,,-2.17696e-007,0.000441946
,,,-2.17296e-007,0.000220973
,,,-2.16896e-007,-0.000220973
,,,-2.16496e-007,0.000662919
,,,-2.16096e-007,0.000662919
,,,-2.15696e-007,0.000220973
,,,-2.15296e-007,0.000220973
,,,-2.14896e-007,-0.000220973
,,,-2.14496e-007,-0.000441946
,,,-2.14096e-007,-0.000220973
,,,-2.13696e-007,0
,,,-2.13296e-007,0
,,,-2.12896e-007,0.000883892
,,,-2.12496e-007,0.000220973
,,,-2.12096e-007,0.000220973
,,,-2.11696e-007,0.000883892
,,,-2.11296e-007,0
,,,-2.10896e-007,0
,,,-2.10496e-007,-0.000441946
,,,-2.10096e-007,0.000220973
,,,-2.09696e-007,0.000441946
,,,-2.09296e-007,0.000441946
,,,-2.08896e-007,0
,,,-2.08496e-007,0.000441946
,,,-2.08096e-007,0.000441946
,,,-2.07696e-007,0.000220973
,,,-2.07296e-007,-0.000662919
,,,-2.06896e-007,0.000441946
,,,-2.06496e-007,0
,,,-2.06096e-007,0
,,,-2.05696e-007,0.000441946
,,,-2.05296e-007,0.000441946
,,,-2.04896e-007,-0.000441946
,,,-2.04496e-007,0.000220973
,,,-2.04096e-007,0.000441946
,,,-2.03696e-007,0
,,,-2.03296e-007,0
,,,-2.02896e-007,-0.000220973
,,,-2.02496e-007,0
,,,-2.02096e-007,0.000883892
,,,-2.01696e-007,0
,,,-2.01296e-007,0.000441946
,,,-2.00896e-007,0.000883892
,,,-2.00496e-007,0
,,,-2.00096e-007,0.000441946
,,,-1.99696e-007,0.00110486
,,,-1.99296e-007,0
,,,-1.98896e-007,-0.000662919
,,,-1.98496e-007,0.000662919
,,,-1.98096e-007,0
,,,-1.97696e-007,0
,,,-1.97296e-007,0
,,,-1.96896e-007,0
,,,-1.96496e-007,0
,,,-1.96096e-007,0
,,,-1.95696e-007,0.000662919
,,,-1.95296e-007,-0.000220973
,,,-1.94896e-007,0.000441946
,,,-1.94496e-007,-0.000220973
,,,-1.94096e-007,0.000441946
,,,-1.93696e-007,0.000220973
,,,-1.93296e-007,0.000220973
,,,-1.92896e-007,0.000220973
,,,-1.92496e-007,0
,,,-1.92096e-007,0.000220973
,,,-1.91696e-007,0.000662919
,,,-1.91296e-007,0.000662919
,,,-1.90896e-007,-0.000220973
,,,-1.90496e-007,-0.000220973
,,,-1.90096e-007,-0.000220973
,,,-1.89696e-007,-0.000220973
,,,-1.89296e-007,-0.000662919
,,,-1.88896e-007,-0.000220973
,,,-1.88496e-007,0.000220973
,,,-1.88096e-007,0
,,,-1.87696e-007,0.000220973
,,,-1.87296e-007,0.000220973
,,,-1.86896e-007,0.000220973
,,,-1.86496e-007,0.000220973
,,,-1.86096e-007,0.000220973
,,,-1.85696e-007,0.000220973
,,,-1.85296e-007,-0.000220973
,,,-1.84896e-007,0.000441946
,,,-1.84496e-007,0.000220973
,,,-1.84096e-007,0.000220973
,,,-1.83696e-007,0
,,,-1.83296e-007,-0.000220973
,,,-1.82896e-007,0.000220973
,,,-1.82496e-007,0.000220973
,,,-1.82096e-007,-0.000220973
,,,-1.81696e-007,-0.000441946
,,,-1.81296e-007,-0.000220973
,,,-1.80896e-007,-0.000441946
,,,-1.80496e-007,0.000662919
,,,-1.80096e-007,0.000220973
,,,-1.79696e-007,0.000441946
,,,-1.79296e-007,0
,,,-1.78896e-007,0
,,,-1.78496e-007,-0.000220973
,,,-1.78096e-007,0
,,,-1.77696e-007,0.000441946
,,,-1.77296e-007,0
,,,-1.76896e-007,0.000220973
,,,-1.76496e-007,-0.000220973
,,,-1.76096e-007,-0.000220973
,,,-1.75696e-007,0.000662919
,,,-1.75296e-007,-0.000441946
,,,-1.74896e-007,-0.000220973
,,,-1.74496e-007,-0.000220973
,,,-1.74096e-007,-0.000220973
,,,-1.73696e-007,0
,,,-1.73296e-007,0.000883892
,,,-1.72896e-007,0.000220973
,,,-1.72496e-007,0
,,,-1.72096e-007,0
,,,-1.71696e-007,0.000220973
,,,-1.71296e-007,0.000220973
,,,-1.70896e-007,0.000662919
,,,-1.70496e-007,-0.000220973
,,,-1.70096e-007,0.000441946
,,,-1.69696e-007,-0.000220973
,,,-1.69296e-007,-0.000220973
,,,-1.68896e-007,0.000441946
,,,-1.68496e-007,0.000220973
,,,-1.68096e-007,-0.000441946
,,,-1.67696e-007,0
,,,-1.67296e-007,0.000220973
,,,-1.66896e-007,0
,,,-1.66496e-007,0.000441946
,,,-1.66096e-007,-0.000220973
,,,-1.65696e-007,0
,,,-1.65296e-007,0.000441946
,,,-1.64896e-007,0.000220973
,,,-1.64496e-007,-0.000441946
,,,-1.64096e-007,0
,,,-1.63696e-007,0.000441946
,,,-1.63296e-007,0.000220973
,,,-1.62896e-007,0
,,,-1.62496e-007,-0.000662919
,,,-1.62096e-007,-0.000220973
,,,-1.61696e-007,0.000441946
,,,-1.61296e-007,0.000441946
,,,-1.60896e-007,0.000220973
,,,-1.60496e-007,0.000441946
,,,-1.60096e-007,0.000662919
,,,-1.59696e-007,-0.000220973
,,,-1.59296e-007,-0.000441946
,,,-1.58896e-007,-0.000220973
,,,-1.58496e-007,0.000441946
,,,-1.58096e-007,0.000220973
,,,-1.57696e-007,-0.000220973
,,,-1.57296e-007,-0.00110486
,,,-1.56896e-007,0
,,,-1.56496e-007,0.000441946
,,,-1.56096e-007,-0.000220973
,,,-1.55696e-007,-0.000220973
,,,-1.55296e-007,0.000441946
,,,-1.54896e-007,-0.000220973
,,,-1.54496e-007,0
,,,-1.54096e-007,0.000883892
,,,-1.53696e-007,0.000662919
,,,-1.53296e-007,0
,,,-1.52896e-007,0.000662919
,,,-1.52496e-007,-0.000220973
,,,-1.52096e-007,0.000441946
,,,-1.51696e-007,0
,,,-1.51296e-007,0
,,,-1.50896e-007,0.000662919
,,,-1.50496e-007,0.000441946
,,,-1.50096e-007,0.000220973
,,,-1.49696e-007,0.000441946
,,,-1.49296e-007,-0.000883892
,,,-1.48896e-007,-0.000220973
,,,-1.48496e-007,-0.000220973
,,,-1.48096e-007,-0.000220973
,,,-1.47696e-007,0.000220973
,,,-1.47296e-007,-0.000441946
,,,-1.46896e-007,0.000441946
,,,-1.46496e-007,0
,,,-1.46096e-007,0.000883892
,,,-1.45696e-007,0.000883892
,,,-1.45296e-007,0
,,,-1.44896e-007,0
,,,-1.44496e-007,0.000662919
,,,-1.44096e-007,0.000220973
,,,-1.43696e-007,0.000441946
,,,-1.43296e-007,-0.000220973
,,,-1.42896e-007,-0.000662919
,,,-1.42496e-007,-0.000441946
,,,-1.42096e-007,-0.000441946
,,,-1.41696e-007,0.000220973
,,,-1.41296e-007,0.000441946
,,,-1.40896e-007,-0.000220973
,,,-1.40496e-007,-0.000220973
,,,-1.40096e-007,0
,,,-1.39696e-007,0.000220973
,,,-1.39296e-007,-0.000220973
,,,-1.38896e-007,0.000220973
,,,-1.38496e-007,0.000441946
,,,-1.38096e-007,0.000441946
,,,-1.37696e-007,0.000220973
,,,-1.37296e-007,-0.000220973
,,,-1.36896e-007,0
,,,-1.36496e-007,-0.000220973
,,,-1.36096e-007,-0.000441946
,,,-1.35696e-007,-0.000220973
,,,-1.35296e-007,0
,,,-1.34896e-007,-0.000220973
,,,-1.34496e-007,-0.000220973
,,,-1.34096e-007,-0.000662919
,,,-1.33696e-007,-0.000220973
,,,-1.33296e-007,-0.000441946
,,,-1.32896e-007,0.000441946
,,,-1.32496e-007,0
,,,-1.32096e-007,-0.000220973
,,,-1.31696e-007,-0.000220973
,,,-1.31296e-007,-0.000220973
,,,-1.30896e-007,0
,,,-1.30496e-007,0.000441946
,,,-1.30096e-007,0.000662919
,,,-1.29696e-007,0
,,,-1.29296e-007,-0.000441946
,,,-1.28896e-007,0.00110486
,,,-1.28496e-007,0.000220973
,,,-1.28096e-007,0.000662919
,,,-1.27696e-007,-0.000220973
,,,-1.27296e-007,-0.000220973
,,,-1.26896e-007,0.000441946
,,,-1.26496e-007,-0.000220973
,,,-1.26096e-007,0.000441946
,,,-1.25696e-007,0.000220973
,,,-1.25296e-007,-0.000441946
,,,-1.24896e-007,0
,,,-1.24496e-007,0.000220973
,,,-1.24096e-007,0
,,,-1.23696e-007,0.000883892
,,,-1.23296e-007,0.000662919
,,,-1.22896e-007,0.000441946
,,,-1.22496e-007,0.000220973
,,,-1.22096e-007,0
,,,-1.21696e-007,0.000441946
,,,-1.21296e-007,0
,,,-1.20896e-007,0.000220973
,,,-1.20496e-007,0.000441946
,,,-1.20096e-007,0.000220973
,,,-1.19696e-007,0
,,,-1.19296e-007,-0.000220973
,,,-1.18896e-007,-0.000220973
,,,-1.18496e-007,0.000441946
,,,-1.18096e-007,0.000662919
,,,-1.17696e-007,-0.000220973
,,,-1.17296e-007,0.000441946
,,,-1.16896e-007,0.000220973
,,,-1.16496e-007,0.000662919
,,,-1.16096e-007,0.000662919
,,,-1.15696e-007,0.00132584
,,,-1.15296e-007,0
,,,-1.14896e-007,-0.000662919
,,,-1.14496e-007,0.000441946
,,,-1.14096e-007,0.000662919
,,,-1.13696e-007,-0.000220973
,,,-1.13296e-007,0.000220973
,,,-1.12896e-007,0.000220973
,,,-1.12496e-007,0
,,,-1.12096e-007,0
,,,-1.11696e-007,0.000220973
,,,-1.11296e-007,0.000441946
,,,-1.10896e-007,-0.000441946
,,,-1.10496e-007,-0.000883892
,,,-1.10096e-007,-0.000662919
,,,-1.09696e-007,-0.000220973
,,,-1.09296e-007,-0.000220973
,,,-1.08896e-007,-0.000220973
,,,-1.08496e-007,-0.000220973
,,,-1.08096e-007,-0.000441946
,,,-1.07696e-007,0.000441946
,,,-1.07296e-007,0.000441946
,,,-1.06896e-007,0.000220973
,,,-1.06496e-007,0.000220973
,,,-1.06096e-007,0.000220973
,,,-1.05696e-007,-0.000441946
,,,-1.05296e-007,0
,,,-1.04896e-007,0.000883892
,,,-1.04496e-007,0.000441946
,,,-1.04096e-007,0
,,,-1.03696e-007,0.000441946
,,,-1.03296e-007,0.000441946
,,,-1.02896e-007,0
,,,-1.02496e-007,0.000441946
,,,-1.02096e-007,0
,,,-1.01696e-007,-0.000220973
,,,-1.01296e-007,0.000662919
,,,-1.00896e-007,-0.000220973
,,,-1.00496e-007,-0.000220973
,,,-1.00096e-007,0.000220973
,,,-9.96956e-008,0.000441946
,,,-9.92956e-008,0.000883892
,,,-9.88956e-008,-0.000441946
,,,-9.84956e-008,-0.000220973
,,,-9.80956e-008,0
,,,-9.76956e-008,0
,,,-9.72956e-008,0.000220973
,,,-9.68956e-008,0.000662919
,,,-9.64956e-008,0.00110486
,,,-9.60956e-008,0.000220973
,,,-9.56956e-008,0
,,,-9.52956e-008,-0.000220973
,,,-9.48956e-008,0.000441946
,,,-9.44956e-008,-0.000220973
,,,-9.40956e-008,0.000220973
,,,-9.36956e-008,0.000220973
,,,-9.32956e-008,0
,,,-9.28956e-008,0.000441946
,,,-9.24956e-008,0.000220973
,,,-9.20956e-008,0
,,,-9.16956e-008,0.000441946
,,,-9.12956e-008,0.000220973
,,,-9.08956e-008,0.000220973
,,,-9.04956e-008,0.000220973
,,,-9.00956e-008,0
,,,-8.96956e-008,0
,,,-8.92956e-008,0.000220973
,,,-8.88956e-008,-0.000441946
,,,-8.84956e-008,-0.000220973
,,,-8.80956e-008,0.000883892
,,,-8.76956e-008,0.000220973
,,,-8.72956e-008,0.000441946
,,,-8.68956e-008,0.000441946
,,,-8.64956e-008,-0.000220973
,,,-8.60956e-008,0
,,,-8.56956e-008,0.000220973
,,,-8.52956e-008,0
,,,-8.48956e-008,-0.000662919
,,,-8.44956e-008,0.000220973
,,,-8.40956e-008,0.000220973
,,,-8.36956e-008,0.000441946
,,,-8.32956e-008,0.000441946
,,,-8.28956e-008,0
,,,-8.24956e-008,-0.000662919
,,,-8.20956e-008,0.000441946
,,,-8.16956e-008,0.000441946
,,,-8.12956e-008,0.000441946
,,,-8.08956e-008,0
,,,-8.04956e-008,0.000441946
,,,-8.00956e-008,-0.000441946
,,,-7.96956e-008,0.000441946
,,,-7.92956e-008,-0.00110486
,,,-7.88956e-008,-0.000441946
,,,-7.84956e-008,0.000220973
,,,-7.80956e-008,0
,,,-7.76956e-008,-0.000220973
,,,-7.72956e-008,-0.000441946
,,,-7.68956e-008,-0.000441946
,,,-7.64956e-008,0.000220973
,,,-7.60956e-008,-0.000883892
,,,-7.56956e-008,0
,,,-7.52956e-008,0
,,,-7.48956e-008,0.000441946
,,,-7.44956e-008,0
,,,-7.40956e-008,0.000441946
,,,-7.36956e-008,0.000883892
,,,-7.32956e-008,0.000220973
,,,-7.28956e-008,0.000441946
,,,-7.24956e-008,0.000883892
,,,-7.20956e-008,-0.000441946
,,,-7.16956e-008,0
,,,-7.12956e-008,0
,,,-7.08956e-008,0
,,,-7.04956e-008,0
,,,-7.00956e-008,-0.000220973
,,,-6.96956e-008,0.000220973
,,,-6.92956e-008,0.000220973
,,,-6.88956e-008,0
,,,-6.84956e-008,0.000441946
,,,-6.80956e-008,0.000662919
,,,-6.76956e-008,0.000441946
,,,-6.72956e-008,0.000220973
,,,-6.68956e-008,0.000441946
,,,-6.64956e-008,-0.000662919
,,,-6.60956e-008,0
,,,-6.56956e-008,-0.000883892
,,,-6.52956e-008,0.000220973
,,,-6.48956e-008,0.000220973
,,,-6.44956e-008,0.000662919
,,,-6.40956e-008,0.000220973
,,,-6.36956e-008,-0.000662919
,,,-6.32956e-008,-0.00110486
,,,-6.28956e-008,0.000662919
,,,-6.24956e-008,0.000220973
,,,-6.20956e-008,0
,,,-6.16956e-008,0.000441946
,,,-6.12956e-008,0.000220973
,,,-6.08956e-008,0.000441946
,,,-6.04956e-008,0.000220973
,,,-6.00956e-008,0.000662919
,,,-5.96956e-008,0.000883892
,,,-5.92956e-008,0.000883892
,,,-5.88956e-008,-0.000441946
,,,-5.84956e-008,0.000220973
,,,-5.80956e-008,0.000220973
,,,-5.76956e-008,0
,,,-5.72956e-008,0
,,,-5.68956e-008,0.000883892
,,,-5.64956e-008,-0.000220973
,,,-5.60956e-008,0.000441946
,,,-5.56956e-008,0.000441946
,,,-5.52956e-008,0
,,,-5.48956e-008,-0.000220973
,,,-5.44956e-008,0.000662919
,,,-5.40956e-008,-0.000220973
,,,-5.36956e-008,0
,,,-5.32956e-008,-0.000662919
,,,-5.28956e-008,-0.000662919
,,,-5.24956e-008,-0.000220973
,,,-5.20956e-008,0.000662919
,,,-5.16956e-008,0.000441946
,,,-5.12956e-008,0
,,,-5.08956e-008,0.000220973
,,,-5.04956e-008,-0.000220973
,,,-5.00956e-008,0.000662919
,,,-4.96956e-008,0.000662919
,,,-4.92956e-008,0.000441946
,,,-4.88956e-008,0.000441946
,,,-4.84956e-008,0.000220973
,,,-4.80956e-008,0.000220973
,,,-4.76956e-008,0.000441946
,,,-4.72956e-008,-0.000220973
,,,-4.68956e-008,0.000220973
,,,-4.64956e-008,-0.000441946
,,,-4.60956e-008,-0.000441946
,,,-4.56956e-008,0.000220973
,,,-4.52956e-008,0
,,,-4.48956e-008,-0.000883892
,,,-4.44956e-008,-0.000441946
,,,-4.40956e-008,0
,,,-4.36956e-008,0.000883892
,,,-4.32956e-008,0.000220973
,,,-4.28956e-008,0
,,,-4.24956e-008,-0.000220973
,,,-4.20956e-008,0
,,,-4.16956e-008,0.000441946
,,,-4.12956e-008,0.000662919
,,,-4.08956e-008,0.000662919
,,,-4.04956e-008,0.000662919
,,,-4.00956e-008,0.000662919
,,,-3.96956e-008,0.000883892
,,,-3.92956e-008,0.000441946
,,,-3.88956e-008,-0.000441946
,,,-3.84956e-008,0.000441946
,,,-3.80956e-008,-0.000220973
,,,-3.76956e-008,0.000662919
,,,-3.72956e-008,-0.000441946
,,,-3.68956e-008,0.000220973
,,,-3.64956e-008,-0.000220973
,,,-3.60956e-008,0
,,,-3.56956e-008,0.000441946
,,,-3.52956e-008,0.000883892
,,,-3.48956e-008,0
,,,-3.44956e-008,-0.000220973
,,,-3.40956e-008,0
,,,-3.36956e-008,0
,,,-3.32956e-008,0
,,,-3.28956e-008,0.000662919
,,,-3.24956e-008,0.000441946
,,,-3.20956e-008,0.000220973
,,,-3.16956e-008,0.000220973
,,,-3.12956e-008,-0.000220973
,,,-3.08956e-008,0.000220973
,,,-3.04956e-008,0
,,,-3.00956e-008,-0.000441946
,,,-2.96956e-008,0
,,,-2.92956e-008,0
,,,-2.88956e-008,-0.000220973
,,,-2.84956e-008,0
,,,-2.80956e-008,0.000441946
,,,-2.76956e-008,-0.000220973
,,,-2.72956e-008,-0.000662919
,,,-2.68956e-008,0.000662919
,,,-2.64956e-008,0.000220973
,,,-2.60956e-008,0.000441946
,,,-2.56956e-008,0.000441946
,,,-2.52956e-008,0.000441946
,,,-2.48956e-008,0.000220973
,,,-2.44956e-008,0.000441946
,,,-2.40956e-008,0.000883892
,,,-2.36956e-008,0
,,,-2.32956e-008,-0.000220973
,,,-2.28956e-008,0
,,,-2.24956e-008,-0.000220973
,,,-2.20956e-008,-0.000220973
,,,-2.16956e-008,-0.000220973
,,,-2.12956e-008,-0.000220973
,,,-2.08956e-008,0.000662919
,,,-2.04956e-008,0
,,,-2.00956e-008,-0.000662919
,,,-1.96956e-008,0.000220973
,,,-1.92956e-008,0.000220973
,,,-1.88956e-008,0
,,,-1.84956e-008,-0.000220973
,,,-1.80956e-008,0
,,,-1.76956e-008,0.000441946
,,,-1.72956e-008,0.000883892
,,,-1.68956e-008,0
,,,-1.64956e-008,0
,,,-1.60956e-008,-0.000662919
,,,-1.56956e-008,0
,,,-1.52956e-008,0
,,,-1.48956e-008,-0.000441946
,,,-1.44956e-008,-0.000220973
,,,-1.40956e-008,-0.000883892
,,,-1.36956e-008,-0.000441946
,,,-1.32956e-008,-0.000220973
,,,-1.28956e-008,-0.000220973
,,,-1.24956e-008,0.000441946
,,,-1.20956e-008,-0.000220973
,,,-1.16956e-008,0.000441946
,,,-1.12956e-008,0.000441946
,,,-1.08956e-008,0
,,,-1.04956e-008,0
,,,-1.00956e-008,0.000441946
,,,-9.69557e-009,0
,,,-9.29557e-009,-0.000220973
,,,-8.89557e-009,0
,,,-8.49557e-009,0
,,,-8.09557e-009,0.000441946
,,,-7.69557e-009,0
,,,-7.29557e-009,0.000220973
,,,-6.89557e-009,0
,,,-6.49557e-009,0.000441946
,,,-6.09557e-009,0.000441946
,,,-5.69557e-009,0
,,,-5.29557e-009,0
,,,-4.89557e-009,0.000441946
,,,-4.49557e-009,0.000220973
,,,-4.09557e-009,-0.000662919
,,,-3.69557e-009,0.000220973
,,,-3.29557e-009,0.000883892
,,,-2.89557e-009,0.000883892
,,,-2.49557e-009,-0.000220973
,,,-2.09557e-009,0.000220973
,,,-1.69557e-009,0
,,,-1.29557e-009,0.000220973
,,,-8.95565e-010,0.000662919
,,,-4.95565e-010,0.000662919
,,,-9.55652e-011,-0.000441946
,,,3.04435e-010,-0.000220973
,,,7.04435e-010,-0.000220973
,,,1.10443e-009,-0.000220973
,,,1.50443e-009,0
,,,1.90443e-009,-0.000441946
,,,2.30443e-009,0.000220973
,,,2.70443e-009,-0.000220973
,,,3.10443e-009,-0.000441946
,,,3.50443e-009,0.000441946
,,,3.90443e-009,0
,,,4.30443e-009,0.000662919
,,,4.70443e-009,0.000220973
,,,5.10443e-009,0
,,,5.50443e-009,-0.000441946
,,,5.90443e-009,0
,,,6.30443e-009,0.000220973
,,,6.70443e-009,0.000662919
,,,7.10443e-009,0.000220973
,,,7.50443e-009,0.000220973
,,,7.90443e-009,0.000220973
,,,8.30443e-009,0.000220973
,,,8.70443e-009,0.000220973
,,,9.10443e-009,-0.000220973
,,,9.50443e-009,0
,,,9.90443e-009,-0.000220973
,,,1.03044e-008,0.000220973
,,,1.07044e-008,0
,,,1.11044e-008,-0.000220973
,,,1.15044e-008,0.000662919
,,,1.19044e-008,0
,,,1.23044e-008,0.000220973
,,,1.27044e-008,0.000662919
,,,1.31044e-008,0.000441946
,,,1.35044e-008,0
,,,1.39044e-008,0.000662919
,,,1.43044e-008,0
,,,1.47044e-008,0.000220973
,,,1.51044e-008,0.000441946
,,,1.55044e-008,0.000441946
,,,1.59044e-008,-0.000441946
,,,1.63044e-008,0.000220973
,,,1.67044e-008,-0.000220973
,,,1.71044e-008,0.000662919
,,,1.75044e-008,-0.000220973
,,,1.79044e-008,-0.000220973
,,,1.83044e-008,-0.000662919
,,,1.87044e-008,-0.000662919
,,,1.91044e-008,0
,,,1.95044e-008,0.000220973
,,,1.99044e-008,0.000441946
,,,2.03044e-008,0.000220973
,,,2.07044e-008,0.000441946
,,,2.11044e-008,0.000220973
,,,2.15044e-008,-0.000662919
,,,2.19044e-008,0.000441946
,,,2.23044e-008,0.000662919
,,,2.27044e-008,-0.000662919
,,,2.31044e-008,0
,,,2.35044e-008,0
,,,2.39044e-008,0.000441946
,,,2.43044e-008,0
,,,2.47044e-008,-0.000441946
,,,2.51044e-008,0
,,,2.55044e-008,0.000441946
,,,2.59044e-008,-0.000220973
,,,2.63044e-008,0.000441946
,,,2.67044e-008,0.000441946
,,,2.71044e-008,0.000220973
,,,2.75044e-008,-0.000441946
,,,2.79044e-008,-0.000220973
,,,2.83044e-008,0.000441946
,,,2.87044e-008,-0.000441946
,,,2.91044e-008,-0.000441946
,,,2.95044e-008,0.000662919
,,,2.99044e-008,-0.000441946
,,,3.03044e-008,-0.000441946
,,,3.07044e-008,0
,,,3.11044e-008,0.000662919
,,,3.15044e-008,0.000662919
,,,3.19044e-008,0
,,,3.23044e-008,0.000441946
,,,3.27044e-008,0
,,,3.31044e-008,0.000441946
,,,3.35044e-008,-0.000220973
,,,3.39044e-008,-0.000662919
,,,3.43044e-008,-0.000441946
,,,3.47044e-008,-0.000662919
,,,3.51044e-008,-0.000220973
,,,3.55044e-008,0
,,,3.59044e-008,0.000220973
,,,3.63044e-008,0
,,,3.67044e-008,0.000883892
,,,3.71044e-008,-0.000441946
,,,3.75044e-008,-0.000220973
,,,3.79044e-008,-0.000220973
,,,3.83044e-008,0.000220973
,,,3.87044e-008,0
,,,3.91044e-008,-0.000441946
,,,3.95044e-008,0
,,,3.99044e-008,0.000441946
,,,4.03044e-008,0
,,,4.07044e-008,0.000220973
,,,4.11044e-008,0
,,,4.15044e-008,0.000883892
,,,4.19044e-008,0
,,,4.23044e-008,0.000220973
,,,4.27044e-008,0.000441946
,,,4.31044e-008,0.000220973
,,,4.35044e-008,-0.000441946
,,,4.39044e-008,0.000220973
,,,4.43044e-008,0.000662919
,,,4.47044e-008,0
,,,4.51044e-008,0.000220973
,,,4.55044e-008,0
,,,4.59044e-008,0.000220973
,,,4.63044e-008,0.000441946
,,,4.67044e-008,0
,,,4.71044e-008,0.000220973
,,,4.75044e-008,0.000220973
,,,4.79044e-008,0
,,,4.83044e-008,-0.000662919
,,,4.87044e-008,0.000220973
,,,4.91044e-008,-0.000220973
,,,4.95044e-008,0.000220973
,,,4.99044e-008,0.000220973
,,,5.03044e-008,-0.000220973
,,,5.07044e-008,-0.000441946
,,,5.11044e-008,0
,,,5.15044e-008,0.000220973
,,,5.19044e-008,-0.000441946
,,,5.23044e-008,0.000220973
,,,5.27044e-008,0.000662919
,,,5.31044e-008,0.000220973
,,,5.35044e-008,0
,,,5.39044e-008,0.000220973
,,,5.43044e-008,0
,,,5.47044e-008,0
,,,5.51044e-008,0.000441946
,,,5.55044e-008,-0.000220973
,,,5.59044e-008,-0.000220973
,,,5.63044e-008,0
,,,5.67044e-008,-0.000441946
,,,5.71044e-008,0
,,,5.75044e-008,-0.000220973
,,,5.79044e-008,-0.000662919
,,,5.83044e-008,0.000441946
,,,5.87044e-008,0
,,,5.91044e-008,0.000441946
,,,5.95044e-008,0.000662919
,,,5.99044e-008,0.000220973
,,,6.03044e-008,0.000220973
,,,6.07044e-008,0
,,,6.11044e-008,0.000220973
,,,6.15044e-008,-0.000883892
,,,6.19044e-008,0.000441946
,,,6.23044e-008,0.000662919
,,,6.27044e-008,0
,,,6.31044e-008,0
,,,6.35044e-008,0.000220973
,,,6.39044e-008,0.000441946
,,,6.43044e-008,0.000441946
,,,6.47044e-008,-0.000220973
,,,6.51044e-008,0
,,,6.55044e-008,-0.000220973
,,,6.59044e-008,-0.000441946
,,,6.63044e-008,-0.000441946
,,,6.67044e-008,0.000662919
,,,6.71044e-008,0.000220973
,,,6.75044e-008,-0.000662919
,,,6.79044e-008,-0.00110486
,,,6.83044e-008,0
,,,6.87044e-008,-0.000220973
,,,6.91044e-008,0.000220973
,,,6.95044e-008,0.000441946
,,,6.99044e-008,0.000441946
,,,7.03044e-008,0.000220973
,,,7.07044e-008,0
,,,7.11044e-008,-0.000220973
,,,7.15044e-008,0
,,,7.19044e-008,0.000220973
,,,7.23044e-008,0
,,,7.27044e-008,0.000441946
,,,7.31044e-008,-0.000220973
,,,7.35044e-008,0.000441946
,,,7.39044e-008,0.000441946
,,,7.43044e-008,-0.000220973
,,,7.47044e-008,0.000441946
,,,7.51044e-008,-0.000220973
,,,7.55044e-008,-0.000220973
,,,7.59044e-008,0.000662919
,,,7.63044e-008,0.000441946
,,,7.67044e-008,0
,,,7.71044e-008,-0.000662919
,,,7.75044e-008,0
,,,7.79044e-008,0.000220973
,,,7.83044e-008,0.000220973
,,,7.87044e-008,0.000662919
,,,7.91044e-008,0.000220973
,,,7.95044e-008,0.000220973
,,,7.99044e-008,-0.000220973
,,,8.03044e-008,0
,,,8.07044e-008,0
,,,8.11044e-008,0
,,,8.15044e-008,0.000220973
,,,8.19044e-008,0.000441946
,,,8.23044e-008,0.000220973
,,,8.27044e-008,0
,,,8.31044e-008,-0.000220973
,,,8.35044e-008,0.000662919
,,,8.39044e-008,0.000662919
,,,8.43044e-008,0
,,,8.47044e-008,0.000441946
,,,8.51044e-008,0.000220973
,,,8.55044e-008,0.000220973
,,,8.59044e-008,0.000441946
,,,8.63044e-008,0.000220973
,,,8.67044e-008,-0.000220973
,,,8.71044e-008,-0.000441946
,,,8.75044e-008,0
,,,8.79044e-008,0
,,,8.83044e-008,0.000441946
,,,8.87044e-008,0
,,,8.91044e-008,-0.000441946
,,,8.95044e-008,0.000220973
,,,8.99044e-008,0
,,,9.03044e-008,0
,,,9.07044e-008,0.000220973
,,,9.11044e-008,-0.000220973
,,,9.15044e-008,0.000441946
,,,9.19044e-008,0
,,,9.23044e-008,0.000662919
,,,9.27044e-008,0.000662919
,,,9.31044e-008,0.00110486
,,,9.35044e-008,0.000883892
,,,9.39044e-008,0.00220973
,,,9.43044e-008,0.0024307
,,,9.47044e-008,0.00198876
,,,9.51044e-008,0.00331459
,,,9.55044e-008,0.00375654
,,,9.59044e-008,0.00441946
,,,9.63044e-008,0.00530335
,,,9.67044e-008,0.00596627
,,,9.71044e-008,0.00707114
,,,9.75044e-008,0.008176
,,,9.79044e-008,0.0103857
,,,9.83044e-008,0.0106067
,,,9.87044e-008,0.0117116
,,,9.91044e-008,0.0130374
,,,9.95044e-008,0.0145842
,,,9.99044e-008,0.0143632
,,,1.00304e-007,0.0154681
,,,1.00704e-007,0.0152471
,,,1.01104e-007,0.0150262
,,,1.01504e-007,0.0154681
,,,1.01904e-007,0.0167939
,,,1.02304e-007,0.0174569
,,,1.02704e-007,0.0172359
,,,1.03104e-007,0.0178988
,,,1.03504e-007,0.0178988
,,,1.03904e-007,0.0178988
,,,1.04304e-007,0.0174569
,,,1.04704e-007,0.0181198
,,,1.05104e-007,0.0172359
,,,1.05504e-007,0.0174569
,,,1.05904e-007,0.0174569
,,,1.06304e-007,0.0181198
,,,1.06704e-007,0.0172359
,,,1.07104e-007,0.016352
,,,1.07504e-007,0.0167939
,,,1.07904e-007,0.0174569
,,,1.08304e-007,0.0178988
,,,1.08704e-007,0.0178988
,,,1.09104e-007,0.0181198
,,,1.09504e-007,0.0176778
,,,1.09904e-007,0.0176778
,,,1.10304e-007,0.0178988
,,,1.10704e-007,0.0190037
,,,1.11104e-007,0.0178988
,,,1.11504e-007,0.0176778
,,,1.11904e-007,0.0181198
,,,1.12304e-007,0.0181198
,,,1.12704e-007,0.0176778
,,,1.13104e-007,0.0174569
,,,1.13504e-007,0.0181198
,,,1.13904e-007,0.0174569
,,,1.14304e-007,0.0174569
,,,1.14704e-007,0.0178988
,,,1.15104e-007,0.0174569
,,,1.15504e-007,0.0172359
,,,1.15904e-007,0.0174569
,,,1.16304e-007,0.0176778
,,,1.16704e-007,0.0178988
,,,1.17104e-007,0.0172359
,,,1.17504e-007,0.0174569
,,,1.17904e-007,0.0176778
,,,1.18304e-007,0.0174569
,,,1.18704e-007,0.016131
,,,1.19104e-007,0.0176778
,,,1.19504e-007,0.0178988
,,,1.19904e-007,0.0185617
,,,1.20304e-007,0.0185617
,,,1.20704e-007,0.0178988
,,,1.21104e-007,0.0183408
,,,1.21504e-007,0.0183408
,,,1.21904e-007,0.0185617
,,,1.22304e-007,0.0183408
,,,1.22704e-007,0.0187827
,,,1.23104e-007,0.0192246
,,,1.23504e-007,0.0196666
,,,1.23904e-007,0.0192246
,,,1.24304e-007,0.0198876
,,,1.24704e-007,0.0203295
,,,1.25104e-007,0.0207715
,,,1.25504e-007,0.0201085
,,,1.25904e-007,0.0207715
,,,1.26304e-007,0.0209924
,,,1.26704e-007,0.0207715
,,,1.27104e-007,0.0201085
,,,1.27504e-007,0.0207715
,,,1.27904e-007,0.0207715
,,,1.28304e-007,0.0205505
,,,1.28704e-007,0.0201085
,,,1.29104e-007,0.0192246
,,,1.29504e-007,0.0185617
,,,1.29904e-007,0.0185617
,,,1.30304e-007,0.0187827
,,,1.30704e-007,0.0183408
,,,1.31104e-007,0.0178988
,,,1.31504e-007,0.0183408
,,,1.31904e-007,0.0174569
,,,1.32304e-007,0.0178988
,,,1.32704e-007,0.0172359
,,,1.33104e-007,0.0176778
,,,1.33504e-007,0.0174569
,,,1.33904e-007,0.0178988
,,,1.34304e-007,0.0170149
,,,1.34704e-007,0.0172359
,,,1.35104e-007,0.016352
,,,1.35504e-007,0.016352
,,,1.35904e-007,0.016573
,,,1.36304e-007,0.0167939
,,,1.36704e-007,0.0172359
,,,1.37104e-007,0.0156891
,,,1.37504e-007,0.016131
,,,1.37904e-007,0.016131
,,,1.38304e-007,0.016131
,,,1.38704e-007,0.016573
,,,1.39104e-007,0.016131
,,,1.39504e-007,0.016131
,,,1.39904e-007,0.016131
,,,1.40304e-007,0.016131
,,,1.40704e-007,0.0154681
,,,1.41104e-007,0.016352
,,,1.41504e-007,0.016352
,,,1.41904e-007,0.0159101
,,,1.42304e-007,0.0156891
,,,1.42704e-007,0.0152471
,,,1.43104e-007,0.0156891
,,,1.43504e-007,0.016131
,,,1.43904e-007,0.0156891
,,,1.44304e-007,0.0152471
,,,1.44704e-007,0.0145842
,,,1.45104e-007,0.0154681
,,,1.45504e-007,0.0148052
,,,1.45904e-007,0.0143632
,,,1.46304e-007,0.0141423
,,,1.46704e-007,0.0141423
,,,1.47104e-007,0.0141423
,,,1.47504e-007,0.0150262
,,,1.47904e-007,0.0145842
,,,1.48304e-007,0.0148052
,,,1.48704e-007,0.0139213
,,,1.49104e-007,0.0150262
,,,1.49504e-007,0.0143632
,,,1.49904e-007,0.0145842
,,,1.50304e-007,0.0143632
,,,1.50704e-007,0.0137003
,,,1.51104e-007,0.0143632
,,,1.51504e-007,0.0145842
,,,1.51904e-007,0.0150262
,,,1.52304e-007,0.0148052
,,,1.52704e-007,0.0139213
,,,1.53104e-007,0.0137003
,,,1.53504e-007,0.0150262
,,,1.53904e-007,0.0143632
,,,1.54304e-007,0.0143632
,,,1.54704e-007,0.0132584
,,,1.55104e-007,0.0128164
,,,1.55504e-007,0.0132584
,,,1.55904e-007,0.0130374
,,,1.56304e-007,0.0130374
,,,1.56704e-007,0.0119325
,,,1.57104e-007,0.0125955
,,,1.57504e-007,0.0117116
,,,1.57904e-007,0.0123745
,,,1.58304e-007,0.0121535
,,,1.58704e-007,0.0114906
,,,1.59104e-007,0.0119325
,,,1.59504e-007,0.0121535
,,,1.59904e-007,0.0119325
,,,1.60304e-007,0.0125955
,,,1.60704e-007,0.0112696
,,,1.61104e-007,0.0121535
,,,1.61504e-007,0.0119325
,,,1.61904e-007,0.0128164
,,,1.62304e-007,0.0125955
,,,1.62704e-007,0.0123745
,,,1.63104e-007,0.0125955
,,,1.63504e-007,0.0121535
,,,1.63904e-007,0.0121535
,,,1.64304e-007,0.0125955
,,,1.64704e-007,0.0121535
,,,1.65104e-007,0.0123745
,,,1.65504e-007,0.0121535
,,,1.65904e-007,0.0125955
,,,1.66304e-007,0.0130374
,,,1.66704e-007,0.0123745
,,,1.67104e-007,0.0128164
,,,1.67504e-007,0.0130374
,,,1.67904e-007,0.0128164
,,,1.68304e-007,0.0123745
,,,1.68704e-007,0.0119325
,,,1.69104e-007,0.0128164
,,,1.69504e-007,0.0123745
,,,1.69904e-007,0.0117116
,,,1.70304e-007,0.0123745
,,,1.70704e-007,0.0117116
,,,1.71104e-007,0.0117116
,,,1.71504e-007,0.0123745
,,,1.71904e-007,0.0121535
,,,1.72304e-007,0.0123745
,,,1.72704e-007,0.0121535
,,,1.73104e-007,0.0117116
,,,1.73504e-007,0.0121535
,,,1.73904e-007,0.0123745
,,,1.74304e-007,0.0123745
,,,1.74704e-007,0.0125955
,,,1.75104e-007,0.0121535
,,,1.75504e-007,0.0128164
,,,1.75904e-007,0.0119325
,,,1.76304e-007,0.0128164
,,,1.76704e-007,0.0123745
,,,1.77104e-007,0.0121535
,,,1.77504e-007,0.0128164
,,,1.77904e-007,0.0125955
,,,1.78304e-007,0.0130374
,,,1.78704e-007,0.0125955
,,,1.79104e-007,0.0117116
,,,1.79504e-007,0.0123745
,,,1.79904e-007,0.0119325
,,,1.80304e-007,0.0117116
,,,1.80704e-007,0.0119325
,,,1.81104e-007,0.0130374
,,,1.81504e-007,0.0130374
,,,1.81904e-007,0.0130374
,,,1.82304e-007,0.0123745
,,,1.82704e-007,0.0121535
,,,1.83104e-007,0.0123745
,,,1.83504e-007,0.0119325
,,,1.83904e-007,0.0119325
,,,1.84304e-007,0.0112696
,,,1.84704e-007,0.0121535
,,,1.85104e-007,0.0119325
,,,1.85504e-007,0.0123745
,,,1.85904e-007,0.0119325
,,,1.86304e-007,0.0121535
,,,1.86704e-007,0.0121535
,,,1.87104e-007,0.0121535
,,,1.87504e-007,0.0130374
,,,1.87904e-007,0.0125955
,,,1.88304e-007,0.0139213
,,,1.88704e-007,0.0137003
,,,1.89104e-007,0.0132584
,,,1.89504e-007,0.0125955
,,,1.89904e-007,0.0141423
,,,1.90304e-007,0.0130374
,,,1.90704e-007,0.0125955
,,,1.91104e-007,0.0130374
,,,1.91504e-007,0.0134794
,,,1.91904e-007,0.0137003
,,,1.92304e-007,0.0137003
,,,1.92704e-007,0.0132584
,,,1.93104e-007,0.0130374
,,,1.93504e-007,0.0128164
,,,1.93904e-007,0.0125955
,,,1.94304e-007,0.0134794
,,,1.94704e-007,0.0137003
,,,1.95104e-007,0.0132584
,,,1.95504e-007,0.0137003
,,,1.95904e-007,0.0134794
,,,1.96304e-007,0.0130374
,,,1.96704e-007,0.0139213
,,,1.97104e-007,0.0139213
,,,1.97504e-007,0.0130374
,,,1.97904e-007,0.0132584
,,,1.98304e-007,0.0137003
,,,1.98704e-007,0.0132584
,,,1.99104e-007,0.0137003
,,,1.99504e-007,0.0132584
,,,1.99904e-007,0.0130374
,,,2.00304e-007,0.0125955
,,,2.00704e-007,0.0117116
,,,2.01104e-007,0.0128164
,,,2.01504e-007,0.0128164
,,,2.01904e-007,0.0117116
,,,2.02304e-007,0.0123745
,,,2.02704e-007,0.0112696
,,,2.03104e-007,0.0114906
,,,2.03504e-007,0.0121535
,,,2.03904e-007,0.0123745
,,,2.04304e-007,0.0123745
,,,2.04704e-007,0.0121535
,,,2.05104e-007,0.0119325
,,,2.05504e-007,0.0101648
,,,2.05904e-007,0.0110486
,,,2.06304e-007,0.0114906
,,,2.06704e-007,0.0117116
,,,2.07104e-007,0.0103857
,,,2.07504e-007,0.0110486
,,,2.07904e-007,0.00994378
,,,2.08304e-007,0.00972281
,,,2.08704e-007,0.00950184
,,,2.09104e-007,0.00905989
,,,2.09504e-007,0.00905989
,,,2.09904e-007,0.00839697
,,,2.10304e-007,0.008176
,,,2.10704e-007,0.008176
,,,2.11104e-007,0.00685016
,,,2.11504e-007,0.00751308
,,,2.11904e-007,0.00729211
,,,2.12304e-007,0.00662919
,,,2.12704e-007,0.00618724
,,,2.13104e-007,0.00640822
,,,2.13504e-007,0.00552432
,,,2.13904e-007,0.00596627
,,,2.14304e-007,0.00464043
,,,2.14704e-007,0.00397751
,,,2.15104e-007,0.00508238
,,,2.15504e-007,0.00486141
,,,2.15904e-007,0.00375654
,,,2.16304e-007,0.00441946
,,,2.16704e-007,0.00353557
,,,2.17104e-007,0.00265168
,,,2.17504e-007,0.00353557
,,,2.17904e-007,0.00331459
,,,2.18304e-007,0.00265168
,,,2.18704e-007,0.00265168
,,,2.19104e-007,0.00265168
,,,2.19504e-007,0.0024307
,,,2.19904e-007,0.00154681
,,,2.20304e-007,0.0024307
,,,2.20704e-007,0.00220973
,,,2.21104e-007,0.00176778
,,,2.21504e-007,0.000883892
,,,2.21904e-007,0.00154681
,,,2.22304e-007,0.00154681
,,,2.22704e-007,0.00132584
,,,2.23104e-007,0.00110486
,,,2.23504e-007,0.00176778
,,,2.23904e-007,0.00198876
,,,2.24304e-007,0.00132584
,,,2.24704e-007,0.00176778
,,,2.25104e-007,0.00132584
,,,2.25504e-007,0.00110486
,,,2.25904e-007,0.000441946
,,,2.26304e-007,0.000883892
,,,2.26704e-007,0.00132584
,,,2.27104e-007,0.00110486
,,,2.27504e-007,0.00132584
,,,2.27904e-007,0.000883892
,,,2.28304e-007,0.000220973
,,,2.28704e-007,0.00154681
,,,2.29104e-007,0.000883892
,,,2.29504e-007,0.000441946
,,,2.29904e-007,0.00110486
,,,2.30304e-007,0.00110486
,,,2.30704e-007,0.000662919
,,,2.31104e-007,0.000883892
,,,2.31504e-007,0.000441946
,,,2.31904e-007,0.000662919
,,,2.32304e-007,0.00132584
,,,2.32704e-007,0
,,,2.33104e-007,0.000662919
,,,2.33504e-007,0
,,,2.33904e-007,0.000220973
,,,2.34304e-007,0.000441946
,,,2.34704e-007,0.000662919
,,,2.35104e-007,0.000220973
,,,2.35504e-007,0.000441946
,,,2.35904e-007,0
,,,2.36304e-007,-0.000220973
,,,2.36704e-007,0
,,,2.37104e-007,0
,,,2.37504e-007,-0.000220973
,,,2.37904e-007,0
,,,2.38304e-007,0.000662919
,,,2.38704e-007,0
,,,2.39104e-007,0
,,,2.39504e-007,0.000441946
,,,2.39904e-007,0
,,,2.40304e-007,-0.000220973
,,,2.40704e-007,-0.00110486
,,,2.41104e-007,-0.000441946
,,,2.41504e-007,-0.000220973
,,,2.41904e-007,-0.000220973
,,,2.42304e-007,-0.000220973
,,,2.42704e-007,-0.000441946
,,,2.43104e-007,0
,,,2.43504e-007,-0.000662919
,,,2.43904e-007,-0.000883892
,,,2.44304e-007,0
,,,2.44704e-007,0.000220973
,,,2.45104e-007,-0.000662919
,,,2.45504e-007,0.000441946
,,,2.45904e-007,0
,,,2.46304e-007,-0.000662919
,,,2.46704e-007,-0.000662919
,,,2.47104e-007,0
,,,2.47504e-007,0.000220973
,,,2.47904e-007,0.000441946
,,,2.48304e-007,0
,,,2.48704e-007,-0.000662919
,,,2.49104e-007,-0.000662919
,,,2.49504e-007,-0.000220973
,,,2.49904e-007,-0.000441946
,,,2.50304e-007,0
