"Record Length",1252,"Points",-2.50217e-007,0.000220973
"Sample Interval",4e-010,s,-2.49817e-007,0.000883892
"Trigger Point",625,"Samples",-2.49417e-007,-0.000220973
"Trigger Time",0.541877,s,-2.49017e-007,0.000220973
,,,-2.48617e-007,0.000441946
"Horizontal Offset",-2.50217e-007,s,-2.48217e-007,-0.000220973
,,,-2.47817e-007,-0.000662919
,,,-2.47417e-007,-0.000220973
,,,-2.47017e-007,-0.000220973
,,,-2.46617e-007,0.000220973
,,,-2.46217e-007,0.000883892
,,,-2.45817e-007,0
,,,-2.45417e-007,-0.000220973
,,,-2.45017e-007,0.000220973
,,,-2.44617e-007,0
,,,-2.44217e-007,0.000441946
,,,-2.43817e-007,0
,,,-2.43417e-007,0
,,,-2.43017e-007,0.000220973
,,,-2.42617e-007,0.000441946
,,,-2.42217e-007,-0.000220973
,,,-2.41817e-007,0.000220973
,,,-2.41417e-007,0.000220973
,,,-2.41017e-007,0.000220973
,,,-2.40617e-007,-0.000883892
,,,-2.40217e-007,0.000220973
,,,-2.39817e-007,-0.000662919
,,,-2.39417e-007,0
,,,-2.39017e-007,0
,,,-2.38617e-007,0.000220973
,,,-2.38217e-007,0.000220973
,,,-2.37817e-007,0.000883892
,,,-2.37417e-007,0
,,,-2.37017e-007,0.000220973
,,,-2.36617e-007,0.000220973
,,,-2.36217e-007,-0.000220973
,,,-2.35817e-007,-0.000441946
,,,-2.35417e-007,0.000441946
,,,-2.35017e-007,0.000220973
,,,-2.34617e-007,0.000441946
,,,-2.34217e-007,0.000662919
,,,-2.33817e-007,0
,,,-2.33417e-007,-0.000441946
,,,-2.33017e-007,0.000441946
,,,-2.32617e-007,0
,,,-2.32217e-007,-0.000441946
,,,-2.31817e-007,0.000220973
,,,-2.31417e-007,0.000441946
,,,-2.31017e-007,-0.000220973
,,,-2.30617e-007,0.000441946
,,,-2.30217e-007,0.000220973
,,,-2.29817e-007,0.000441946
,,,-2.29417e-007,0.000220973
,,,-2.29017e-007,0.000883892
,,,-2.28617e-007,0.000220973
,,,-2.28217e-007,0
,,,-2.27817e-007,0.000220973
,,,-2.27417e-007,0.000441946
,,,-2.27017e-007,0
,,,-2.26617e-007,0
,,,-2.26217e-007,-0.000441946
,,,-2.25817e-007,0.000441946
,,,-2.25417e-007,0.000220973
,,,-2.25017e-007,-0.000220973
,,,-2.24617e-007,0
,,,-2.24217e-007,-0.000220973
,,,-2.23817e-007,0
,,,-2.23417e-007,0.000220973
,,,-2.23017e-007,0
,,,-2.22617e-007,0.000220973
,,,-2.22217e-007,0.000220973
,,,-2.21817e-007,0.000220973
,,,-2.21417e-007,0.000220973
,,,-2.21017e-007,0.000662919
,,,-2.20617e-007,0.000220973
,,,-2.20217e-007,0.000441946
,,,-2.19817e-007,0.000883892
,,,-2.19417e-007,0
,,,-2.19017e-007,0.000220973
,,,-2.18617e-007,0.000220973
,,,-2.18217e-007,-0.000220973
,,,-2.17817e-007,0.000441946
,,,-2.17417e-007,0.000883892
,,,-2.17017e-007,-0.000441946
,,,-2.16617e-007,0.000220973
,,,-2.16217e-007,0
,,,-2.15817e-007,-0.000220973
,,,-2.15417e-007,0.000441946
,,,-2.15017e-007,-0.000662919
,,,-2.14617e-007,0
,,,-2.14217e-007,0
,,,-2.13817e-007,0.000220973
,,,-2.13417e-007,-0.000441946
,,,-2.13017e-007,0.000883892
,,,-2.12617e-007,-0.000220973
,,,-2.12217e-007,-0.000220973
,,,-2.11817e-007,-0.000220973
,,,-2.11417e-007,-0.000220973
,,,-2.11017e-007,0.000220973
,,,-2.10617e-007,0
,,,-2.10217e-007,-0.000662919
,,,-2.09817e-007,0
,,,-2.09417e-007,-0.000441946
,,,-2.09017e-007,0.000441946
,,,-2.08617e-007,0
,,,-2.08217e-007,-0.000662919
,,,-2.07817e-007,0
,,,-2.07417e-007,0
,,,-2.07017e-007,0
,,,-2.06617e-007,0.000662919
,,,-2.06217e-007,0
,,,-2.05817e-007,0.000220973
,,,-2.05417e-007,-0.000220973
,,,-2.05017e-007,-0.000220973
,,,-2.04617e-007,0.000441946
,,,-2.04217e-007,0.000883892
,,,-2.03817e-007,0
,,,-2.03417e-007,0
,,,-2.03017e-007,0
,,,-2.02617e-007,-0.000220973
,,,-2.02217e-007,-0.000220973
,,,-2.01817e-007,0.000220973
,,,-2.01417e-007,-0.000220973
,,,-2.01017e-007,0.000883892
,,,-2.00617e-007,0.000220973
,,,-2.00217e-007,0
,,,-1.99817e-007,0.000220973
,,,-1.99417e-007,-0.000441946
,,,-1.99017e-007,0
,,,-1.98617e-007,0.000220973
,,,-1.98217e-007,-0.000220973
,,,-1.97817e-007,0.000441946
,,,-1.97417e-007,-0.000220973
,,,-1.97017e-007,0.000220973
,,,-1.96617e-007,0.000220973
,,,-1.96217e-007,0.000220973
,,,-1.95817e-007,-0.000220973
,,,-1.95417e-007,0
,,,-1.95017e-007,0
,,,-1.94617e-007,-0.000220973
,,,-1.94217e-007,0
,,,-1.93817e-007,0.000220973
,,,-1.93417e-007,0
,,,-1.93017e-007,-0.000220973
,,,-1.92617e-007,0.000220973
,,,-1.92217e-007,0
,,,-1.91817e-007,0.000220973
,,,-1.91417e-007,0.000220973
,,,-1.91017e-007,-0.000220973
,,,-1.90617e-007,0.000220973
,,,-1.90217e-007,0.000220973
,,,-1.89817e-007,0.000220973
,,,-1.89417e-007,-0.000441946
,,,-1.89017e-007,0.000220973
,,,-1.88617e-007,-0.000220973
,,,-1.88217e-007,0.000441946
,,,-1.87817e-007,0.000441946
,,,-1.87417e-007,0.000441946
,,,-1.87017e-007,0.000441946
,,,-1.86617e-007,-0.000220973
,,,-1.86217e-007,-0.000662919
,,,-1.85817e-007,0.000220973
,,,-1.85417e-007,0
,,,-1.85017e-007,-0.000220973
,,,-1.84617e-007,0
,,,-1.84217e-007,-0.000220973
,,,-1.83817e-007,0.000220973
,,,-1.83417e-007,-0.000220973
,,,-1.83017e-007,0.000220973
,,,-1.82617e-007,0.000883892
,,,-1.82217e-007,0.000441946
,,,-1.81817e-007,0
,,,-1.81417e-007,-0.000883892
,,,-1.81017e-007,0
,,,-1.80617e-007,0
,,,-1.80217e-007,0.000883892
,,,-1.79817e-007,0.000441946
,,,-1.79417e-007,0.000441946
,,,-1.79017e-007,0
,,,-1.78617e-007,0.000662919
,,,-1.78217e-007,0
,,,-1.77817e-007,0.000441946
,,,-1.77417e-007,-0.000220973
,,,-1.77017e-007,-0.000220973
,,,-1.76617e-007,0.000441946
,,,-1.76217e-007,0
,,,-1.75817e-007,0
,,,-1.75417e-007,-0.000220973
,,,-1.75017e-007,-0.000441946
,,,-1.74617e-007,0.000441946
,,,-1.74217e-007,0.000220973
,,,-1.73817e-007,0.000220973
,,,-1.73417e-007,-0.000441946
,,,-1.73017e-007,0.000662919
,,,-1.72617e-007,0.000220973
,,,-1.72217e-007,-0.000441946
,,,-1.71817e-007,-0.000220973
,,,-1.71417e-007,0
,,,-1.71017e-007,0
,,,-1.70617e-007,0.000883892
,,,-1.70217e-007,0.000662919
,,,-1.69817e-007,0
,,,-1.69417e-007,0.000662919
,,,-1.69017e-007,-0.000220973
,,,-1.68617e-007,0.000220973
,,,-1.68217e-007,-0.000220973
,,,-1.67817e-007,-0.000220973
,,,-1.67417e-007,0.000441946
,,,-1.67017e-007,0
,,,-1.66617e-007,0.000220973
,,,-1.66217e-007,0
,,,-1.65817e-007,0.000220973
,,,-1.65417e-007,-0.000662919
,,,-1.65017e-007,0.000662919
,,,-1.64617e-007,0.000441946
,,,-1.64217e-007,-0.000220973
,,,-1.63817e-007,0.000220973
,,,-1.63417e-007,0.000662919
,,,-1.63017e-007,0.000220973
,,,-1.62617e-007,0.000441946
,,,-1.62217e-007,0.000441946
,,,-1.61817e-007,0
,,,-1.61417e-007,0
,,,-1.61017e-007,0.000220973
,,,-1.60617e-007,-0.000220973
,,,-1.60217e-007,0.000220973
,,,-1.59817e-007,-0.000220973
,,,-1.59417e-007,-0.000662919
,,,-1.59017e-007,-0.000441946
,,,-1.58617e-007,0.000441946
,,,-1.58217e-007,0
,,,-1.57817e-007,0
,,,-1.57417e-007,-0.000883892
,,,-1.57017e-007,0.000220973
,,,-1.56617e-007,-0.000220973
,,,-1.56217e-007,0.000220973
,,,-1.55817e-007,0
,,,-1.55417e-007,-0.000220973
,,,-1.55017e-007,0.000662919
,,,-1.54617e-007,0.000220973
,,,-1.54217e-007,-0.000662919
,,,-1.53817e-007,-0.000441946
,,,-1.53417e-007,-0.000662919
,,,-1.53017e-007,0.000662919
,,,-1.52617e-007,0.000441946
,,,-1.52217e-007,-0.000441946
,,,-1.51817e-007,-0.000220973
,,,-1.51417e-007,-0.000441946
,,,-1.51017e-007,-0.000441946
,,,-1.50617e-007,-0.000220973
,,,-1.50217e-007,-0.000220973
,,,-1.49817e-007,0
,,,-1.49417e-007,0.000220973
,,,-1.49017e-007,0.000883892
,,,-1.48617e-007,0
,,,-1.48217e-007,0
,,,-1.47817e-007,0
,,,-1.47417e-007,-0.000220973
,,,-1.47017e-007,0.000441946
,,,-1.46617e-007,0.000662919
,,,-1.46217e-007,-0.000441946
,,,-1.45817e-007,-0.000441946
,,,-1.45417e-007,0.000883892
,,,-1.45017e-007,0
,,,-1.44617e-007,0
,,,-1.44217e-007,-0.000220973
,,,-1.43817e-007,-0.000441946
,,,-1.43417e-007,-0.000220973
,,,-1.43017e-007,-0.000441946
,,,-1.42617e-007,0
,,,-1.42217e-007,-0.000220973
,,,-1.41817e-007,0.000441946
,,,-1.41417e-007,0.000662919
,,,-1.41017e-007,0
,,,-1.40617e-007,0.000662919
,,,-1.40217e-007,-0.000220973
,,,-1.39817e-007,0
,,,-1.39417e-007,0.000662919
,,,-1.39017e-007,0
,,,-1.38617e-007,0.000662919
,,,-1.38217e-007,0
,,,-1.37817e-007,0.000220973
,,,-1.37417e-007,-0.000662919
,,,-1.37017e-007,0
,,,-1.36617e-007,0.000883892
,,,-1.36217e-007,0
,,,-1.35817e-007,-0.000662919
,,,-1.35417e-007,0.000220973
,,,-1.35017e-007,-0.000220973
,,,-1.34617e-007,-0.000441946
,,,-1.34217e-007,-0.000441946
,,,-1.33817e-007,0
,,,-1.33417e-007,-0.000220973
,,,-1.33017e-007,0.000441946
,,,-1.32617e-007,-0.000220973
,,,-1.32217e-007,0.000441946
,,,-1.31817e-007,-0.000441946
,,,-1.31417e-007,0.000220973
,,,-1.31017e-007,0
,,,-1.30617e-007,0.000441946
,,,-1.30217e-007,0
,,,-1.29817e-007,-0.000220973
,,,-1.29417e-007,0.000220973
,,,-1.29017e-007,-0.000220973
,,,-1.28617e-007,0
,,,-1.28217e-007,0
,,,-1.27817e-007,-0.000220973
,,,-1.27417e-007,0.000662919
,,,-1.27017e-007,0.000220973
,,,-1.26617e-007,0.000883892
,,,-1.26217e-007,0.000441946
,,,-1.25817e-007,-0.000441946
,,,-1.25417e-007,0.000220973
,,,-1.25017e-007,0.000883892
,,,-1.24617e-007,-0.000441946
,,,-1.24217e-007,0.000220973
,,,-1.23817e-007,-0.000662919
,,,-1.23417e-007,0.000220973
,,,-1.23017e-007,0.000220973
,,,-1.22617e-007,0.000662919
,,,-1.22217e-007,-0.000883892
,,,-1.21817e-007,0.000220973
,,,-1.21417e-007,0.000662919
,,,-1.21017e-007,0.000441946
,,,-1.20617e-007,0.000441946
,,,-1.20217e-007,0.000220973
,,,-1.19817e-007,0.000220973
,,,-1.19417e-007,0
,,,-1.19017e-007,0.000220973
,,,-1.18617e-007,-0.000220973
,,,-1.18217e-007,0
,,,-1.17817e-007,0.000441946
,,,-1.17417e-007,0.000220973
,,,-1.17017e-007,0.000883892
,,,-1.16617e-007,0.000220973
,,,-1.16217e-007,0.000441946
,,,-1.15817e-007,0.000441946
,,,-1.15417e-007,-0.000220973
,,,-1.15017e-007,-0.000220973
,,,-1.14617e-007,-0.000220973
,,,-1.14217e-007,-0.000220973
,,,-1.13817e-007,0.000662919
,,,-1.13417e-007,0.000441946
,,,-1.13017e-007,0
,,,-1.12617e-007,-0.000662919
,,,-1.12217e-007,-0.000220973
,,,-1.11817e-007,-0.000662919
,,,-1.11417e-007,-0.000662919
,,,-1.11017e-007,0
,,,-1.10617e-007,0.000220973
,,,-1.10217e-007,-0.000441946
,,,-1.09817e-007,0.000220973
,,,-1.09417e-007,0.000220973
,,,-1.09017e-007,0
,,,-1.08617e-007,0
,,,-1.08217e-007,-0.000441946
,,,-1.07817e-007,0
,,,-1.07417e-007,0.000220973
,,,-1.07017e-007,0.000220973
,,,-1.06617e-007,0.000441946
,,,-1.06217e-007,0
,,,-1.05817e-007,0.000441946
,,,-1.05417e-007,-0.000441946
,,,-1.05017e-007,-0.000220973
,,,-1.04617e-007,-0.000220973
,,,-1.04217e-007,0.000220973
,,,-1.03817e-007,0
,,,-1.03417e-007,-0.000220973
,,,-1.03017e-007,0
,,,-1.02617e-007,-0.000220973
,,,-1.02217e-007,0.000441946
,,,-1.01817e-007,0.000220973
,,,-1.01417e-007,0.000220973
,,,-1.01017e-007,0.000220973
,,,-1.00617e-007,0.000220973
,,,-1.00217e-007,0.000220973
,,,-9.98168e-008,0.000883892
,,,-9.94168e-008,0.000662919
,,,-9.90168e-008,-0.000662919
,,,-9.86168e-008,-0.000220973
,,,-9.82168e-008,0
,,,-9.78168e-008,0.000220973
,,,-9.74168e-008,-0.000441946
,,,-9.70168e-008,0
,,,-9.66168e-008,-0.000220973
,,,-9.62168e-008,0.000220973
,,,-9.58168e-008,-0.000220973
,,,-9.54168e-008,0.000220973
,,,-9.50168e-008,-0.000662919
,,,-9.46168e-008,0.000883892
,,,-9.42168e-008,0.000220973
,,,-9.38168e-008,0.000441946
,,,-9.34168e-008,-0.000220973
,,,-9.30168e-008,0.000441946
,,,-9.26168e-008,-0.000441946
,,,-9.22168e-008,0.000220973
,,,-9.18168e-008,0.000662919
,,,-9.14168e-008,0.000883892
,,,-9.10168e-008,0.000662919
,,,-9.06168e-008,0.000220973
,,,-9.02168e-008,0.000441946
,,,-8.98168e-008,0.000220973
,,,-8.94168e-008,0.000220973
,,,-8.90168e-008,-0.000662919
,,,-8.86168e-008,0
,,,-8.82168e-008,-0.000220973
,,,-8.78168e-008,0.000883892
,,,-8.74168e-008,0
,,,-8.70168e-008,0.000220973
,,,-8.66168e-008,-0.000441946
,,,-8.62168e-008,0
,,,-8.58168e-008,-0.000220973
,,,-8.54168e-008,0.000441946
,,,-8.50168e-008,0
,,,-8.46168e-008,-0.000441946
,,,-8.42168e-008,-0.000662919
,,,-8.38168e-008,0
,,,-8.34168e-008,0.000220973
,,,-8.30168e-008,0.000662919
,,,-8.26168e-008,0.000441946
,,,-8.22168e-008,0
,,,-8.18168e-008,0
,,,-8.14168e-008,-0.000441946
,,,-8.10168e-008,0.000441946
,,,-8.06168e-008,-0.000662919
,,,-8.02168e-008,-0.000441946
,,,-7.98168e-008,0.000220973
,,,-7.94168e-008,0.000441946
,,,-7.90168e-008,0.000441946
,,,-7.86168e-008,0.000662919
,,,-7.82168e-008,0
,,,-7.78168e-008,0.000441946
,,,-7.74168e-008,-0.000220973
,,,-7.70168e-008,0.000883892
,,,-7.66168e-008,0.000662919
,,,-7.62168e-008,0.000441946
,,,-7.58168e-008,0
,,,-7.54168e-008,0.000220973
,,,-7.50168e-008,0.000220973
,,,-7.46168e-008,0.000662919
,,,-7.42168e-008,-0.000220973
,,,-7.38168e-008,0
,,,-7.34168e-008,0
,,,-7.30168e-008,0
,,,-7.26168e-008,-0.000441946
,,,-7.22168e-008,0.000662919
,,,-7.18168e-008,0
,,,-7.14168e-008,0
,,,-7.10168e-008,-0.000220973
,,,-7.06168e-008,0.000441946
,,,-7.02168e-008,0
,,,-6.98168e-008,0
,,,-6.94168e-008,-0.000441946
,,,-6.90168e-008,0.000441946
,,,-6.86168e-008,0.000662919
,,,-6.82168e-008,-0.000441946
,,,-6.78168e-008,0
,,,-6.74168e-008,0.000883892
,,,-6.70168e-008,-0.000220973
,,,-6.66168e-008,-0.000220973
,,,-6.62168e-008,-0.000220973
,,,-6.58168e-008,-0.000220973
,,,-6.54168e-008,0
,,,-6.50168e-008,0.000220973
,,,-6.46168e-008,0.000441946
,,,-6.42168e-008,0
,,,-6.38168e-008,0.000220973
,,,-6.34168e-008,0.000220973
,,,-6.30168e-008,0.000220973
,,,-6.26168e-008,0.000220973
,,,-6.22168e-008,-0.000220973
,,,-6.18168e-008,0.000220973
,,,-6.14168e-008,-0.000220973
,,,-6.10168e-008,0.000662919
,,,-6.06168e-008,0.000662919
,,,-6.02168e-008,-0.000220973
,,,-5.98168e-008,-0.000220973
,,,-5.94168e-008,-0.000220973
,,,-5.90168e-008,0.000662919
,,,-5.86168e-008,-0.000220973
,,,-5.82168e-008,0
,,,-5.78168e-008,0.000662919
,,,-5.74168e-008,-0.000220973
,,,-5.70168e-008,-0.000441946
,,,-5.66168e-008,0
,,,-5.62168e-008,-0.000220973
,,,-5.58168e-008,-0.000662919
,,,-5.54168e-008,0.000441946
,,,-5.50168e-008,0
,,,-5.46168e-008,0.000220973
,,,-5.42168e-008,0.000662919
,,,-5.38168e-008,-0.000220973
,,,-5.34168e-008,0.000220973
,,,-5.30168e-008,0.000441946
,,,-5.26168e-008,-0.000220973
,,,-5.22168e-008,0.000662919
,,,-5.18168e-008,0.000883892
,,,-5.14168e-008,0.000662919
,,,-5.10168e-008,0.000441946
,,,-5.06168e-008,0.000220973
,,,-5.02168e-008,0.000662919
,,,-4.98168e-008,0.000662919
,,,-4.94168e-008,-0.000220973
,,,-4.90168e-008,-0.000441946
,,,-4.86168e-008,0
,,,-4.82168e-008,0
,,,-4.78168e-008,0
,,,-4.74168e-008,0
,,,-4.70168e-008,-0.000220973
,,,-4.66168e-008,0
,,,-4.62168e-008,0
,,,-4.58168e-008,0.000441946
,,,-4.54168e-008,0
,,,-4.50168e-008,0
,,,-4.46168e-008,0.000883892
,,,-4.42168e-008,-0.000441946
,,,-4.38168e-008,-0.000220973
,,,-4.34168e-008,0.000441946
,,,-4.30168e-008,-0.000220973
,,,-4.26168e-008,0.000441946
,,,-4.22168e-008,-0.000662919
,,,-4.18168e-008,-0.000220973
,,,-4.14168e-008,-0.000220973
,,,-4.10168e-008,0
,,,-4.06168e-008,-0.000220973
,,,-4.02168e-008,0.000220973
,,,-3.98168e-008,0.000441946
,,,-3.94168e-008,-0.000220973
,,,-3.90168e-008,-0.000662919
,,,-3.86168e-008,0.000220973
,,,-3.82168e-008,0
,,,-3.78168e-008,0
,,,-3.74168e-008,-0.000220973
,,,-3.70168e-008,-0.000220973
,,,-3.66168e-008,-0.000441946
,,,-3.62168e-008,0.000220973
,,,-3.58168e-008,0
,,,-3.54168e-008,-0.000220973
,,,-3.50168e-008,0
,,,-3.46168e-008,0.000662919
,,,-3.42168e-008,0.000441946
,,,-3.38168e-008,0.000441946
,,,-3.34168e-008,0.000220973
,,,-3.30168e-008,-0.000441946
,,,-3.26168e-008,0.000441946
,,,-3.22168e-008,0
,,,-3.18168e-008,-0.000662919
,,,-3.14168e-008,-0.000662919
,,,-3.10168e-008,0
,,,-3.06168e-008,0.000662919
,,,-3.02168e-008,0.000441946
,,,-2.98168e-008,0.000220973
,,,-2.94168e-008,-0.000441946
,,,-2.90168e-008,0.000883892
,,,-2.86168e-008,0.000441946
,,,-2.82168e-008,0
,,,-2.78168e-008,0.000662919
,,,-2.74168e-008,0.000220973
,,,-2.70168e-008,0.000220973
,,,-2.66168e-008,0.000441946
,,,-2.62168e-008,-0.000441946
,,,-2.58168e-008,0.000220973
,,,-2.54168e-008,-0.000662919
,,,-2.50168e-008,-0.000441946
,,,-2.46168e-008,0
,,,-2.42168e-008,-0.000662919
,,,-2.38168e-008,-0.000441946
,,,-2.34168e-008,0
,,,-2.30168e-008,0
,,,-2.26168e-008,0.000441946
,,,-2.22168e-008,0.000220973
,,,-2.18168e-008,-0.000441946
,,,-2.14168e-008,0.000220973
,,,-2.10168e-008,0
,,,-2.06168e-008,-0.000220973
,,,-2.02168e-008,0
,,,-1.98168e-008,0.000220973
,,,-1.94168e-008,0.000220973
,,,-1.90168e-008,0.000662919
,,,-1.86168e-008,0
,,,-1.82168e-008,0.000220973
,,,-1.78168e-008,-0.000220973
,,,-1.74168e-008,-0.000220973
,,,-1.70168e-008,0.000441946
,,,-1.66168e-008,-0.000220973
,,,-1.62168e-008,0.000220973
,,,-1.58168e-008,0.000220973
,,,-1.54168e-008,0.000220973
,,,-1.50168e-008,-0.000220973
,,,-1.46168e-008,0.000220973
,,,-1.42168e-008,0.000220973
,,,-1.38168e-008,-0.000883892
,,,-1.34168e-008,-0.000662919
,,,-1.30168e-008,0.000441946
,,,-1.26168e-008,0
,,,-1.22168e-008,0.000441946
,,,-1.18168e-008,0
,,,-1.14168e-008,0
,,,-1.10168e-008,0.000662919
,,,-1.06168e-008,0
,,,-1.02168e-008,0.000220973
,,,-9.81675e-009,0.000220973
,,,-9.41675e-009,-0.000441946
,,,-9.01675e-009,0.000220973
,,,-8.61675e-009,0.000662919
,,,-8.21675e-009,-0.000220973
,,,-7.81675e-009,-0.000662919
,,,-7.41675e-009,0.000220973
,,,-7.01675e-009,-0.000220973
,,,-6.61675e-009,0.000441946
,,,-6.21675e-009,0.000441946
,,,-5.81675e-009,0
,,,-5.41675e-009,-0.000220973
,,,-5.01675e-009,0.000441946
,,,-4.61675e-009,0
,,,-4.21675e-009,0
,,,-3.81675e-009,0
,,,-3.41675e-009,0.000220973
,,,-3.01675e-009,0.000662919
,,,-2.61675e-009,0.000220973
,,,-2.21675e-009,-0.000441946
,,,-1.81675e-009,0
,,,-1.41675e-009,0.000441946
,,,-1.01675e-009,0
,,,-6.16751e-010,-0.000220973
,,,-2.16751e-010,0
,,,1.83249e-010,0.000220973
,,,5.83249e-010,0.000220973
,,,9.83249e-010,0.000441946
,,,1.38325e-009,0.000220973
,,,1.78325e-009,0.000220973
,,,2.18325e-009,0.000441946
,,,2.58325e-009,0
,,,2.98325e-009,0.000662919
,,,3.38325e-009,0.000441946
,,,3.78325e-009,-0.000883892
,,,4.18325e-009,0
,,,4.58325e-009,0.000662919
,,,4.98325e-009,0.000220973
,,,5.38325e-009,0.000441946
,,,5.78325e-009,0.000220973
,,,6.18325e-009,-0.000220973
,,,6.58325e-009,-0.000220973
,,,6.98325e-009,-0.000441946
,,,7.38325e-009,0
,,,7.78325e-009,0.000662919
,,,8.18325e-009,0.000662919
,,,8.58325e-009,0.000220973
,,,8.98325e-009,-0.000220973
,,,9.38325e-009,0
,,,9.78325e-009,0.000441946
,,,1.01832e-008,0
,,,1.05832e-008,0.000441946
,,,1.09832e-008,0.000441946
,,,1.13832e-008,0.000220973
,,,1.17832e-008,0.000662919
,,,1.21832e-008,0
,,,1.25832e-008,0
,,,1.29832e-008,0.000220973
,,,1.33832e-008,0
,,,1.37832e-008,0.000220973
,,,1.41832e-008,0
,,,1.45832e-008,0.000441946
,,,1.49832e-008,-0.000441946
,,,1.53832e-008,0.000220973
,,,1.57832e-008,0
,,,1.61832e-008,0
,,,1.65832e-008,0.000441946
,,,1.69832e-008,0
,,,1.73832e-008,0
,,,1.77832e-008,0
,,,1.81832e-008,0
,,,1.85832e-008,0.000220973
,,,1.89832e-008,0.000220973
,,,1.93832e-008,0.000220973
,,,1.97832e-008,0.000220973
,,,2.01832e-008,-0.000220973
,,,2.05832e-008,-0.000662919
,,,2.09832e-008,-0.000662919
,,,2.13832e-008,0.000662919
,,,2.17832e-008,-0.000441946
,,,2.21832e-008,-0.000220973
,,,2.25832e-008,0.000441946
,,,2.29832e-008,-0.000441946
,,,2.33832e-008,0.000441946
,,,2.37832e-008,0.000441946
,,,2.41832e-008,-0.000883892
,,,2.45832e-008,0.000220973
,,,2.49832e-008,0.000441946
,,,2.53832e-008,0.000220973
,,,2.57832e-008,0.000220973
,,,2.61832e-008,0.00110486
,,,2.65832e-008,0.000662919
,,,2.69832e-008,0.000441946
,,,2.73832e-008,0.000220973
,,,2.77832e-008,0
,,,2.81832e-008,0.000220973
,,,2.85832e-008,0.00110486
,,,2.89832e-008,0.000441946
,,,2.93832e-008,0.000220973
,,,2.97832e-008,0.000441946
,,,3.01832e-008,0.000441946
,,,3.05832e-008,0
,,,3.09832e-008,0.000220973
,,,3.13832e-008,0
,,,3.17832e-008,0
,,,3.21832e-008,0.000441946
,,,3.25832e-008,-0.000220973
,,,3.29832e-008,-0.000220973
,,,3.33832e-008,0.000441946
,,,3.37832e-008,0.000662919
,,,3.41832e-008,0.000441946
,,,3.45832e-008,-0.000441946
,,,3.49832e-008,0.000662919
,,,3.53832e-008,0.000220973
,,,3.57832e-008,0.000220973
,,,3.61832e-008,0.000220973
,,,3.65832e-008,0.000883892
,,,3.69832e-008,-0.000220973
,,,3.73832e-008,0.000220973
,,,3.77832e-008,-0.000220973
,,,3.81832e-008,0.000441946
,,,3.85832e-008,-0.000441946
,,,3.89832e-008,-0.000220973
,,,3.93832e-008,0.000220973
,,,3.97832e-008,0.000220973
,,,4.01832e-008,-0.000662919
,,,4.05832e-008,-0.000441946
,,,4.09832e-008,0
,,,4.13832e-008,0.000441946
,,,4.17832e-008,0.000441946
,,,4.21832e-008,-0.000220973
,,,4.25832e-008,0.000220973
,,,4.29832e-008,0.00110486
,,,4.33832e-008,0.000220973
,,,4.37832e-008,0.000441946
,,,4.41832e-008,0.000883892
,,,4.45832e-008,0
,,,4.49832e-008,-0.000220973
,,,4.53832e-008,-0.000441946
,,,4.57832e-008,0
,,,4.61832e-008,0
,,,4.65832e-008,0
,,,4.69832e-008,0
,,,4.73832e-008,0
,,,4.77832e-008,0
,,,4.81832e-008,-0.000441946
,,,4.85832e-008,0
,,,4.89832e-008,0.000441946
,,,4.93832e-008,0.000441946
,,,4.97832e-008,0.000441946
,,,5.01832e-008,0.000220973
,,,5.05832e-008,-0.000220973
,,,5.09832e-008,0
,,,5.13832e-008,0
,,,5.17832e-008,0
,,,5.21832e-008,-0.000220973
,,,5.25832e-008,0.000220973
,,,5.29832e-008,0
,,,5.33832e-008,0.000220973
,,,5.37832e-008,0.000220973
,,,5.41832e-008,0
,,,5.45832e-008,-0.000441946
,,,5.49832e-008,-0.000441946
,,,5.53832e-008,0.000220973
,,,5.57832e-008,-0.000220973
,,,5.61832e-008,-0.000662919
,,,5.65832e-008,0.000220973
,,,5.69832e-008,-0.000441946
,,,5.73832e-008,0.000662919
,,,5.77832e-008,-0.000220973
,,,5.81832e-008,-0.000220973
,,,5.85832e-008,-0.000220973
,,,5.89832e-008,0
,,,5.93832e-008,0
,,,5.97832e-008,0.000220973
,,,6.01832e-008,0.000220973
,,,6.05832e-008,0.000220973
,,,6.09832e-008,-0.000220973
,,,6.13832e-008,0
,,,6.17832e-008,0.000441946
,,,6.21832e-008,0
,,,6.25832e-008,-0.000220973
,,,6.29832e-008,-0.000662919
,,,6.33832e-008,0.000441946
,,,6.37832e-008,-0.000441946
,,,6.41832e-008,-0.000441946
,,,6.45832e-008,-0.000441946
,,,6.49832e-008,0
,,,6.53832e-008,0.000441946
,,,6.57832e-008,0
,,,6.61832e-008,0.000662919
,,,6.65832e-008,-0.000220973
,,,6.69832e-008,0.000662919
,,,6.73832e-008,0.000220973
,,,6.77832e-008,0.000441946
,,,6.81832e-008,-0.000220973
,,,6.85832e-008,0.000441946
,,,6.89832e-008,0.000441946
,,,6.93832e-008,0.000441946
,,,6.97832e-008,0
,,,7.01832e-008,0.000220973
,,,7.05832e-008,0.000220973
,,,7.09832e-008,-0.000220973
,,,7.13832e-008,0.000220973
,,,7.17832e-008,0.000662919
,,,7.21832e-008,0.000441946
,,,7.25832e-008,0.000662919
,,,7.29832e-008,0.000883892
,,,7.33832e-008,0.000662919
,,,7.37832e-008,0.000441946
,,,7.41832e-008,0.000662919
,,,7.45832e-008,0
,,,7.49832e-008,0.000662919
,,,7.53832e-008,0.000220973
,,,7.57832e-008,0.000220973
,,,7.61832e-008,0.000441946
,,,7.65832e-008,0
,,,7.69832e-008,0
,,,7.73832e-008,0
,,,7.77832e-008,0.000220973
,,,7.81832e-008,0
,,,7.85832e-008,0.000220973
,,,7.89832e-008,-0.000662919
,,,7.93832e-008,-0.000220973
,,,7.97832e-008,-0.000662919
,,,8.01832e-008,-0.000883892
,,,8.05832e-008,-0.000441946
,,,8.09832e-008,-0.000662919
,,,8.13832e-008,-0.000441946
,,,8.17832e-008,0
,,,8.21832e-008,0.000441946
,,,8.25832e-008,0.000220973
,,,8.29832e-008,0.000220973
,,,8.33832e-008,0.000662919
,,,8.37832e-008,-0.000220973
,,,8.41832e-008,-0.000441946
,,,8.45832e-008,0.000220973
,,,8.49832e-008,0
,,,8.53832e-008,0
,,,8.57832e-008,0
,,,8.61832e-008,0
,,,8.65832e-008,-0.000220973
,,,8.69832e-008,0.000220973
,,,8.73832e-008,0.000220973
,,,8.77832e-008,0
,,,8.81832e-008,-0.000883892
,,,8.85832e-008,0
,,,8.89832e-008,-0.000220973
,,,8.93832e-008,0
,,,8.97832e-008,0.000662919
,,,9.01832e-008,0.000220973
,,,9.05832e-008,0
,,,9.09832e-008,0.000220973
,,,9.13832e-008,-0.000441946
,,,9.17832e-008,0.000220973
,,,9.21832e-008,0.000883892
,,,9.25832e-008,0.000220973
,,,9.29832e-008,0.000441946
,,,9.33832e-008,0.000662919
,,,9.37832e-008,0.00154681
,,,9.41832e-008,0.000883892
,,,9.45832e-008,0.00265168
,,,9.49832e-008,0.00265168
,,,9.53832e-008,0.0024307
,,,9.57832e-008,0.00441946
,,,9.61832e-008,0.00552432
,,,9.65832e-008,0.00618724
,,,9.69832e-008,0.00707114
,,,9.73832e-008,0.00861795
,,,9.77832e-008,0.00928087
,,,9.81832e-008,0.0106067
,,,9.85832e-008,0.0112696
,,,9.89832e-008,0.0139213
,,,9.93832e-008,0.0141423
,,,9.97832e-008,0.0145842
,,,1.00183e-007,0.0148052
,,,1.00583e-007,0.0154681
,,,1.00983e-007,0.0150262
,,,1.01383e-007,0.0154681
,,,1.01783e-007,0.016352
,,,1.02183e-007,0.0170149
,,,1.02583e-007,0.0170149
,,,1.02983e-007,0.016573
,,,1.03383e-007,0.016573
,,,1.03783e-007,0.0176778
,,,1.04183e-007,0.0172359
,,,1.04583e-007,0.0172359
,,,1.04983e-007,0.0167939
,,,1.05383e-007,0.0178988
,,,1.05783e-007,0.0183408
,,,1.06183e-007,0.0176778
,,,1.06583e-007,0.0170149
,,,1.06983e-007,0.0176778
,,,1.07383e-007,0.0167939
,,,1.07783e-007,0.0172359
,,,1.08183e-007,0.0176778
,,,1.08583e-007,0.0181198
,,,1.08983e-007,0.0174569
,,,1.09383e-007,0.0170149
,,,1.09783e-007,0.0174569
,,,1.10183e-007,0.0172359
,,,1.10583e-007,0.0183408
,,,1.10983e-007,0.0181198
,,,1.11383e-007,0.0174569
,,,1.11783e-007,0.0174569
,,,1.12183e-007,0.0172359
,,,1.12583e-007,0.0176778
,,,1.12983e-007,0.0183408
,,,1.13383e-007,0.0183408
,,,1.13783e-007,0.0183408
,,,1.14183e-007,0.0174569
,,,1.14583e-007,0.0174569
,,,1.14983e-007,0.0181198
,,,1.15383e-007,0.0174569
,,,1.15783e-007,0.0185617
,,,1.16183e-007,0.0172359
,,,1.16583e-007,0.0176778
,,,1.16983e-007,0.0167939
,,,1.17383e-007,0.0172359
,,,1.17783e-007,0.0172359
,,,1.18183e-007,0.0176778
,,,1.18583e-007,0.0167939
,,,1.18983e-007,0.0176778
,,,1.19383e-007,0.0178988
,,,1.19783e-007,0.0181198
,,,1.20183e-007,0.0174569
,,,1.20583e-007,0.0174569
,,,1.20983e-007,0.0181198
,,,1.21383e-007,0.0183408
,,,1.21783e-007,0.0185617
,,,1.22183e-007,0.0190037
,,,1.22583e-007,0.0183408
,,,1.22983e-007,0.0192246
,,,1.23383e-007,0.0190037
,,,1.23783e-007,0.0194456
,,,1.24183e-007,0.0201085
,,,1.24583e-007,0.0201085
,,,1.24983e-007,0.0203295
,,,1.25383e-007,0.0209924
,,,1.25783e-007,0.0207715
,,,1.26183e-007,0.0214344
,,,1.26583e-007,0.0207715
,,,1.26983e-007,0.0203295
,,,1.27383e-007,0.0207715
,,,1.27783e-007,0.0203295
,,,1.28183e-007,0.0198876
,,,1.28583e-007,0.0192246
,,,1.28983e-007,0.0196666
,,,1.29383e-007,0.0198876
,,,1.29783e-007,0.0178988
,,,1.30183e-007,0.0187827
,,,1.30583e-007,0.0181198
,,,1.30983e-007,0.0181198
,,,1.31383e-007,0.0181198
,,,1.31783e-007,0.0181198
,,,1.32183e-007,0.0181198
,,,1.32583e-007,0.0183408
,,,1.32983e-007,0.0181198
,,,1.33383e-007,0.0172359
,,,1.33783e-007,0.0172359
,,,1.34183e-007,0.0167939
,,,1.34583e-007,0.0170149
,,,1.34983e-007,0.0167939
,,,1.35383e-007,0.016573
,,,1.35783e-007,0.016131
,,,1.36183e-007,0.0154681
,,,1.36583e-007,0.0172359
,,,1.36983e-007,0.0172359
,,,1.37383e-007,0.0159101
,,,1.37783e-007,0.016352
,,,1.38183e-007,0.016352
,,,1.38583e-007,0.016131
,,,1.38983e-007,0.016131
,,,1.39383e-007,0.0159101
,,,1.39783e-007,0.016131
,,,1.40183e-007,0.016131
,,,1.40583e-007,0.0159101
,,,1.40983e-007,0.0154681
,,,1.41383e-007,0.016352
,,,1.41783e-007,0.0159101
,,,1.42183e-007,0.0154681
,,,1.42583e-007,0.0159101
,,,1.42983e-007,0.0159101
,,,1.43383e-007,0.0150262
,,,1.43783e-007,0.0154681
,,,1.44183e-007,0.0152471
,,,1.44583e-007,0.0150262
,,,1.44983e-007,0.0148052
,,,1.45383e-007,0.0156891
,,,1.45783e-007,0.0150262
,,,1.46183e-007,0.0152471
,,,1.46583e-007,0.0152471
,,,1.46983e-007,0.0152471
,,,1.47383e-007,0.0152471
,,,1.47783e-007,0.0143632
,,,1.48183e-007,0.0148052
,,,1.48583e-007,0.0143632
,,,1.48983e-007,0.0139213
,,,1.49383e-007,0.0143632
,,,1.49783e-007,0.0143632
,,,1.50183e-007,0.0145842
,,,1.50583e-007,0.0141423
,,,1.50983e-007,0.0137003
,,,1.51383e-007,0.0141423
,,,1.51783e-007,0.0145842
,,,1.52183e-007,0.0137003
,,,1.52583e-007,0.0141423
,,,1.52983e-007,0.0141423
,,,1.53383e-007,0.0145842
,,,1.53783e-007,0.0137003
,,,1.54183e-007,0.0134794
,,,1.54583e-007,0.0134794
,,,1.54983e-007,0.0137003
,,,1.55383e-007,0.0123745
,,,1.55783e-007,0.0119325
,,,1.56183e-007,0.0130374
,,,1.56583e-007,0.0130374
,,,1.56983e-007,0.0123745
,,,1.57383e-007,0.0125955
,,,1.57783e-007,0.0114906
,,,1.58183e-007,0.0114906
,,,1.58583e-007,0.0121535
,,,1.58983e-007,0.0117116
,,,1.59383e-007,0.0123745
,,,1.59783e-007,0.0117116
,,,1.60183e-007,0.0123745
,,,1.60583e-007,0.0128164
,,,1.60983e-007,0.0119325
,,,1.61383e-007,0.0121535
,,,1.61783e-007,0.0123745
,,,1.62183e-007,0.0123745
,,,1.62583e-007,0.0112696
,,,1.62983e-007,0.0125955
,,,1.63383e-007,0.0123745
,,,1.63783e-007,0.0117116
,,,1.64183e-007,0.0123745
,,,1.64583e-007,0.0125955
,,,1.64983e-007,0.0123745
,,,1.65383e-007,0.0128164
,,,1.65783e-007,0.0123745
,,,1.66183e-007,0.0130374
,,,1.66583e-007,0.0128164
,,,1.66983e-007,0.0123745
,,,1.67383e-007,0.0121535
,,,1.67783e-007,0.0121535
,,,1.68183e-007,0.0130374
,,,1.68583e-007,0.0130374
,,,1.68983e-007,0.0117116
,,,1.69383e-007,0.0123745
,,,1.69783e-007,0.0121535
,,,1.70183e-007,0.0128164
,,,1.70583e-007,0.0119325
,,,1.70983e-007,0.0125955
,,,1.71383e-007,0.0114906
,,,1.71783e-007,0.0121535
,,,1.72183e-007,0.0121535
,,,1.72583e-007,0.0121535
,,,1.72983e-007,0.0117116
,,,1.73383e-007,0.0125955
,,,1.73783e-007,0.0128164
,,,1.74183e-007,0.0121535
,,,1.74583e-007,0.0121535
,,,1.74983e-007,0.0128164
,,,1.75383e-007,0.0128164
,,,1.75783e-007,0.0121535
,,,1.76183e-007,0.0119325
,,,1.76583e-007,0.0123745
,,,1.76983e-007,0.0121535
,,,1.77383e-007,0.0128164
,,,1.77783e-007,0.0132584
,,,1.78183e-007,0.0119325
,,,1.78583e-007,0.0125955
,,,1.78983e-007,0.0130374
,,,1.79383e-007,0.0125955
,,,1.79783e-007,0.0117116
,,,1.80183e-007,0.0121535
,,,1.80583e-007,0.0134794
,,,1.80983e-007,0.0125955
,,,1.81383e-007,0.0123745
,,,1.81783e-007,0.0119325
,,,1.82183e-007,0.0125955
,,,1.82583e-007,0.0123745
,,,1.82983e-007,0.0123745
,,,1.83383e-007,0.0125955
,,,1.83783e-007,0.0114906
,,,1.84183e-007,0.0117116
,,,1.84583e-007,0.0125955
,,,1.84983e-007,0.0117116
,,,1.85383e-007,0.0123745
,,,1.85783e-007,0.0121535
,,,1.86183e-007,0.0128164
,,,1.86583e-007,0.0121535
,,,1.86983e-007,0.0121535
,,,1.87383e-007,0.0123745
,,,1.87783e-007,0.0125955
,,,1.88183e-007,0.0125955
,,,1.88583e-007,0.0130374
,,,1.88983e-007,0.0132584
,,,1.89383e-007,0.0125955
,,,1.89783e-007,0.0128164
,,,1.90183e-007,0.0132584
,,,1.90583e-007,0.0130374
,,,1.90983e-007,0.0128164
,,,1.91383e-007,0.0132584
,,,1.91783e-007,0.0128164
,,,1.92183e-007,0.0125955
,,,1.92583e-007,0.0128164
,,,1.92983e-007,0.0137003
,,,1.93383e-007,0.0137003
,,,1.93783e-007,0.0134794
,,,1.94183e-007,0.0132584
,,,1.94583e-007,0.0139213
,,,1.94983e-007,0.0141423
,,,1.95383e-007,0.0134794
,,,1.95783e-007,0.0132584
,,,1.96183e-007,0.0132584
,,,1.96583e-007,0.0132584
,,,1.96983e-007,0.0132584
,,,1.97383e-007,0.0134794
,,,1.97783e-007,0.0123745
,,,1.98183e-007,0.0137003
,,,1.98583e-007,0.0134794
,,,1.98983e-007,0.0134794
,,,1.99383e-007,0.0128164
,,,1.99783e-007,0.0128164
,,,2.00183e-007,0.0125955
,,,2.00583e-007,0.0130374
,,,2.00983e-007,0.0125955
,,,2.01383e-007,0.0132584
,,,2.01783e-007,0.0128164
,,,2.02183e-007,0.0132584
,,,2.02583e-007,0.0121535
,,,2.02983e-007,0.0125955
,,,2.03383e-007,0.0117116
,,,2.03783e-007,0.0121535
,,,2.04183e-007,0.0121535
,,,2.04583e-007,0.0110486
,,,2.04983e-007,0.0114906
,,,2.05383e-007,0.0114906
,,,2.05783e-007,0.0110486
,,,2.06183e-007,0.0101648
,,,2.06583e-007,0.0108277
,,,2.06983e-007,0.0106067
,,,2.07383e-007,0.0103857
,,,2.07783e-007,0.00950184
,,,2.08183e-007,0.00839697
,,,2.08583e-007,0.00972281
,,,2.08983e-007,0.00905989
,,,2.09383e-007,0.00883892
,,,2.09783e-007,0.00905989
,,,2.10183e-007,0.00839697
,,,2.10583e-007,0.00751308
,,,2.10983e-007,0.00795503
,,,2.11383e-007,0.00707114
,,,2.11783e-007,0.00662919
,,,2.12183e-007,0.00640822
,,,2.12583e-007,0.00662919
,,,2.12983e-007,0.00596627
,,,2.13383e-007,0.00618724
,,,2.13783e-007,0.00530335
,,,2.14183e-007,0.00464043
,,,2.14583e-007,0.00419849
,,,2.14983e-007,0.00419849
,,,2.15383e-007,0.00464043
,,,2.15783e-007,0.00464043
,,,2.16183e-007,0.00353557
,,,2.16583e-007,0.0024307
,,,2.16983e-007,0.00419849
,,,2.17383e-007,0.00375654
,,,2.17783e-007,0.00331459
,,,2.18183e-007,0.00265168
,,,2.18583e-007,0.00176778
,,,2.18983e-007,0.00198876
,,,2.19383e-007,0.00198876
,,,2.19783e-007,0.0024307
,,,2.20183e-007,0.00176778
,,,2.20583e-007,0.00220973
,,,2.20983e-007,0.0024307
,,,2.21383e-007,0.00198876
,,,2.21783e-007,0.00220973
,,,2.22183e-007,0.00132584
,,,2.22583e-007,0.00110486
,,,2.22983e-007,0.00132584
,,,2.23383e-007,0.00154681
,,,2.23783e-007,0.000662919
,,,2.24183e-007,0.000662919
,,,2.24583e-007,0.00132584
,,,2.24983e-007,0.000662919
,,,2.25383e-007,0.00198876
,,,2.25783e-007,0.00176778
,,,2.26183e-007,0.000662919
,,,2.26583e-007,0.000441946
,,,2.26983e-007,0.00110486
,,,2.27383e-007,0.000662919
,,,2.27783e-007,0.000441946
,,,2.28183e-007,0
,,,2.28583e-007,0.000662919
,,,2.28983e-007,0.00132584
,,,2.29383e-007,0.000883892
,,,2.29783e-007,-0.000220973
,,,2.30183e-007,-0.000220973
,,,2.30583e-007,0.000883892
,,,2.30983e-007,0.000662919
,,,2.31383e-007,0.000883892
,,,2.31783e-007,0
,,,2.32183e-007,0.000220973
,,,2.32583e-007,0.00110486
,,,2.32983e-007,0
,,,2.33383e-007,0.000220973
,,,2.33783e-007,0.000441946
,,,2.34183e-007,0.000220973
,,,2.34583e-007,0.000662919
,,,2.34983e-007,0.000441946
,,,2.35383e-007,0.000220973
,,,2.35783e-007,-0.000662919
,,,2.36183e-007,0.000441946
,,,2.36583e-007,-0.000220973
,,,2.36983e-007,0.000441946
,,,2.37383e-007,0.000220973
,,,2.37783e-007,-0.000662919
,,,2.38183e-007,-0.000441946
,,,2.38583e-007,-0.000662919
,,,2.38983e-007,-0.000441946
,,,2.39383e-007,-0.000441946
,,,2.39783e-007,-0.000662919
,,,2.40183e-007,-0.00132584
,,,2.40583e-007,-0.000662919
,,,2.40983e-007,-0.000441946
,,,2.41383e-007,0.000441946
,,,2.41783e-007,0
,,,2.42183e-007,0.000220973
,,,2.42583e-007,-0.000662919
,,,2.42983e-007,-0.000441946
,,,2.43383e-007,-0.000441946
,,,2.43783e-007,-0.00132584
,,,2.44183e-007,-0.000441946
,,,2.44583e-007,-0.000220973
,,,2.44983e-007,-0.000662919
,,,2.45383e-007,-0.000220973
,,,2.45783e-007,0.000220973
,,,2.46183e-007,-0.000220973
,,,2.46583e-007,-0.000441946
,,,2.46983e-007,0.000441946
,,,2.47383e-007,0
,,,2.47783e-007,-0.000220973
,,,2.48183e-007,-0.000662919
,,,2.48583e-007,0.000662919
,,,2.48983e-007,0
,,,2.49383e-007,0.000441946
,,,2.49783e-007,0
,,,2.50183e-007,0.000220973
