"Record Length",1252,"Points",-2.50012e-007,0.000220973
"Sample Interval",4e-010,s,-2.49612e-007,0
"Trigger Point",625,"Samples",-2.49212e-007,0.000662919
"Trigger Time",0.0306699,s,-2.48812e-007,0.000220973
,,,-2.48412e-007,0.000441946
"Horizontal Offset",-2.50012e-007,s,-2.48012e-007,0.000220973
,,,-2.47612e-007,0
,,,-2.47212e-007,0
,,,-2.46812e-007,0.000220973
,,,-2.46412e-007,0
,,,-2.46012e-007,-0.000220973
,,,-2.45612e-007,0
,,,-2.45212e-007,0
,,,-2.44812e-007,0.000220973
,,,-2.44412e-007,-0.000441946
,,,-2.44012e-007,0
,,,-2.43612e-007,-0.000220973
,,,-2.43212e-007,-0.000220973
,,,-2.42812e-007,0
,,,-2.42412e-007,0.000220973
,,,-2.42012e-007,0.000220973
,,,-2.41612e-007,0.000220973
,,,-2.41212e-007,0
,,,-2.40812e-007,0.000441946
,,,-2.40412e-007,0.000662919
,,,-2.40012e-007,0
,,,-2.39612e-007,0
,,,-2.39212e-007,0.000220973
,,,-2.38812e-007,0.000883892
,,,-2.38412e-007,0.000662919
,,,-2.38012e-007,0.000220973
,,,-2.37612e-007,-0.000441946
,,,-2.37212e-007,0
,,,-2.36812e-007,-0.000220973
,,,-2.36412e-007,0
,,,-2.36012e-007,0
,,,-2.35612e-007,0.000220973
,,,-2.35212e-007,0
,,,-2.34812e-007,0.000662919
,,,-2.34412e-007,0
,,,-2.34012e-007,0.000441946
,,,-2.33612e-007,-0.000441946
,,,-2.33212e-007,0.000220973
,,,-2.32812e-007,0
,,,-2.32412e-007,0.00110486
,,,-2.32012e-007,0
,,,-2.31612e-007,0.000220973
,,,-2.31212e-007,0.000220973
,,,-2.30812e-007,-0.000220973
,,,-2.30412e-007,0.000220973
,,,-2.30012e-007,0.000220973
,,,-2.29612e-007,-0.000441946
,,,-2.29212e-007,0.000220973
,,,-2.28812e-007,-0.000220973
,,,-2.28412e-007,-0.000441946
,,,-2.28012e-007,0.000220973
,,,-2.27612e-007,0.000883892
,,,-2.27212e-007,-0.000441946
,,,-2.26812e-007,0
,,,-2.26412e-007,-0.000441946
,,,-2.26012e-007,-0.000220973
,,,-2.25612e-007,-0.000441946
,,,-2.25212e-007,0.000441946
,,,-2.24812e-007,0.000220973
,,,-2.24412e-007,0
,,,-2.24012e-007,0.000883892
,,,-2.23612e-007,0
,,,-2.23212e-007,-0.000662919
,,,-2.22812e-007,-0.000220973
,,,-2.22412e-007,0.000662919
,,,-2.22012e-007,0.000441946
,,,-2.21612e-007,-0.000220973
,,,-2.21212e-007,-0.000441946
,,,-2.20812e-007,0
,,,-2.20412e-007,0.000220973
,,,-2.20012e-007,0
,,,-2.19612e-007,-0.000220973
,,,-2.19212e-007,0
,,,-2.18812e-007,0.000441946
,,,-2.18412e-007,0.000662919
,,,-2.18012e-007,0.000662919
,,,-2.17612e-007,0.000220973
,,,-2.17212e-007,-0.000441946
,,,-2.16812e-007,-0.000441946
,,,-2.16412e-007,0
,,,-2.16012e-007,0
,,,-2.15612e-007,0.000220973
,,,-2.15212e-007,0.000220973
,,,-2.14812e-007,0.000220973
,,,-2.14412e-007,0.000662919
,,,-2.14012e-007,0.000441946
,,,-2.13612e-007,0.000220973
,,,-2.13212e-007,-0.000662919
,,,-2.12812e-007,-0.000441946
,,,-2.12412e-007,-0.000220973
,,,-2.12012e-007,0.000441946
,,,-2.11612e-007,0.000441946
,,,-2.11212e-007,0.000220973
,,,-2.10812e-007,-0.000441946
,,,-2.10412e-007,-0.000220973
,,,-2.10012e-007,-0.000220973
,,,-2.09612e-007,0.000441946
,,,-2.09212e-007,0
,,,-2.08812e-007,0.000220973
,,,-2.08412e-007,0
,,,-2.08012e-007,0
,,,-2.07612e-007,0
,,,-2.07212e-007,0.000220973
,,,-2.06812e-007,0
,,,-2.06412e-007,-0.000441946
,,,-2.06012e-007,0
,,,-2.05612e-007,-0.000662919
,,,-2.05212e-007,-0.000662919
,,,-2.04812e-007,0
,,,-2.04412e-007,0.000220973
,,,-2.04012e-007,-0.000662919
,,,-2.03612e-007,0.000220973
,,,-2.03212e-007,-0.000220973
,,,-2.02812e-007,0.000662919
,,,-2.02412e-007,-0.000220973
,,,-2.02012e-007,0.000220973
,,,-2.01612e-007,-0.000441946
,,,-2.01212e-007,0.000662919
,,,-2.00812e-007,0
,,,-2.00412e-007,0
,,,-2.00012e-007,0
,,,-1.99612e-007,0.000441946
,,,-1.99212e-007,-0.000220973
,,,-1.98812e-007,0.000220973
,,,-1.98412e-007,-0.000441946
,,,-1.98012e-007,0
,,,-1.97612e-007,-0.000220973
,,,-1.97212e-007,0
,,,-1.96812e-007,0
,,,-1.96412e-007,-0.000662919
,,,-1.96012e-007,0.000441946
,,,-1.95612e-007,0
,,,-1.95212e-007,-0.000441946
,,,-1.94812e-007,-0.000220973
,,,-1.94412e-007,0
,,,-1.94012e-007,0.000220973
,,,-1.93612e-007,0.000220973
,,,-1.93212e-007,-0.000662919
,,,-1.92812e-007,0.000662919
,,,-1.92412e-007,0.000441946
,,,-1.92012e-007,0
,,,-1.91612e-007,0.000662919
,,,-1.91212e-007,0.000220973
,,,-1.90812e-007,0.000220973
,,,-1.90412e-007,0.000662919
,,,-1.90012e-007,0.000220973
,,,-1.89612e-007,-0.000220973
,,,-1.89212e-007,-0.000220973
,,,-1.88812e-007,0.000883892
,,,-1.88412e-007,0.000220973
,,,-1.88012e-007,0.000441946
,,,-1.87612e-007,-0.000441946
,,,-1.87212e-007,0
,,,-1.86812e-007,-0.000441946
,,,-1.86412e-007,-0.000220973
,,,-1.86012e-007,0.000441946
,,,-1.85612e-007,-0.000441946
,,,-1.85212e-007,0.000441946
,,,-1.84812e-007,-0.000220973
,,,-1.84412e-007,0.000662919
,,,-1.84012e-007,-0.000220973
,,,-1.83612e-007,0
,,,-1.83212e-007,0
,,,-1.82812e-007,0
,,,-1.82412e-007,-0.000220973
,,,-1.82012e-007,0
,,,-1.81612e-007,0
,,,-1.81212e-007,0.000662919
,,,-1.80812e-007,-0.000220973
,,,-1.80412e-007,0.000220973
,,,-1.80012e-007,0
,,,-1.79612e-007,0.000662919
,,,-1.79212e-007,-0.000220973
,,,-1.78812e-007,-0.000883892
,,,-1.78412e-007,-0.000883892
,,,-1.78012e-007,0
,,,-1.77612e-007,0
,,,-1.77212e-007,0.00110486
,,,-1.76812e-007,-0.000220973
,,,-1.76412e-007,0.000220973
,,,-1.76012e-007,-0.000220973
,,,-1.75612e-007,-0.000662919
,,,-1.75212e-007,0
,,,-1.74812e-007,-0.000441946
,,,-1.74412e-007,-0.000220973
,,,-1.74012e-007,0.000441946
,,,-1.73612e-007,0.000441946
,,,-1.73212e-007,0.000220973
,,,-1.72812e-007,0.000220973
,,,-1.72412e-007,0.000441946
,,,-1.72012e-007,0
,,,-1.71612e-007,0
,,,-1.71212e-007,0
,,,-1.70812e-007,0.000220973
,,,-1.70412e-007,0.000220973
,,,-1.70012e-007,0.000441946
,,,-1.69612e-007,0.000662919
,,,-1.69212e-007,0.000441946
,,,-1.68812e-007,-0.000662919
,,,-1.68412e-007,-0.000220973
,,,-1.68012e-007,0
,,,-1.67612e-007,0.000441946
,,,-1.67212e-007,0.000441946
,,,-1.66812e-007,0.000441946
,,,-1.66412e-007,0.000883892
,,,-1.66012e-007,0.000441946
,,,-1.65612e-007,-0.000220973
,,,-1.65212e-007,-0.000220973
,,,-1.64812e-007,0.000441946
,,,-1.64412e-007,0.000441946
,,,-1.64012e-007,-0.000441946
,,,-1.63612e-007,0
,,,-1.63212e-007,-0.000220973
,,,-1.62812e-007,0.000220973
,,,-1.62412e-007,0
,,,-1.62012e-007,0.000220973
,,,-1.61612e-007,-0.000220973
,,,-1.61212e-007,0
,,,-1.60812e-007,-0.000441946
,,,-1.60412e-007,0.000883892
,,,-1.60012e-007,0.000441946
,,,-1.59612e-007,-0.000441946
,,,-1.59212e-007,0.000662919
,,,-1.58812e-007,-0.000220973
,,,-1.58412e-007,0
,,,-1.58012e-007,-0.000883892
,,,-1.57612e-007,0
,,,-1.57212e-007,-0.000662919
,,,-1.56812e-007,0
,,,-1.56412e-007,0.000220973
,,,-1.56012e-007,-0.000220973
,,,-1.55612e-007,0.000220973
,,,-1.55212e-007,0
,,,-1.54812e-007,0.000441946
,,,-1.54412e-007,0.000220973
,,,-1.54012e-007,0
,,,-1.53612e-007,0.000441946
,,,-1.53212e-007,0.000883892
,,,-1.52812e-007,0
,,,-1.52412e-007,0.000441946
,,,-1.52012e-007,0.000220973
,,,-1.51612e-007,-0.000220973
,,,-1.51212e-007,-0.000220973
,,,-1.50812e-007,0.00110486
,,,-1.50412e-007,-0.000220973
,,,-1.50012e-007,0.000441946
,,,-1.49612e-007,0.000220973
,,,-1.49212e-007,0
,,,-1.48812e-007,0
,,,-1.48412e-007,0
,,,-1.48012e-007,-0.000220973
,,,-1.47612e-007,-0.000441946
,,,-1.47212e-007,-0.000220973
,,,-1.46812e-007,0
,,,-1.46412e-007,-0.000220973
,,,-1.46012e-007,-0.000220973
,,,-1.45612e-007,0.000220973
,,,-1.45212e-007,0
,,,-1.44812e-007,0
,,,-1.44412e-007,0
,,,-1.44012e-007,0
,,,-1.43612e-007,-0.000220973
,,,-1.43212e-007,0
,,,-1.42812e-007,0.000220973
,,,-1.42412e-007,0.000662919
,,,-1.42012e-007,0.000220973
,,,-1.41612e-007,-0.000441946
,,,-1.41212e-007,-0.000220973
,,,-1.40812e-007,0.000441946
,,,-1.40412e-007,-0.000220973
,,,-1.40012e-007,0.000662919
,,,-1.39612e-007,-0.000220973
,,,-1.39212e-007,-0.000220973
,,,-1.38812e-007,0.000883892
,,,-1.38412e-007,0
,,,-1.38012e-007,0
,,,-1.37612e-007,-0.000220973
,,,-1.37212e-007,-0.000220973
,,,-1.36812e-007,-0.000220973
,,,-1.36412e-007,0.000441946
,,,-1.36012e-007,0.000441946
,,,-1.35612e-007,0.000441946
,,,-1.35212e-007,-0.000220973
,,,-1.34812e-007,0.000220973
,,,-1.34412e-007,-0.000662919
,,,-1.34012e-007,0.000220973
,,,-1.33612e-007,-0.000220973
,,,-1.33212e-007,0.000441946
,,,-1.32812e-007,-0.000441946
,,,-1.32412e-007,-0.000441946
,,,-1.32012e-007,0
,,,-1.31612e-007,-0.000441946
,,,-1.31212e-007,-0.000441946
,,,-1.30812e-007,0.000220973
,,,-1.30412e-007,-0.000220973
,,,-1.30012e-007,0.000220973
,,,-1.29612e-007,0.000441946
,,,-1.29212e-007,0.000883892
,,,-1.28812e-007,-0.000220973
,,,-1.28412e-007,0.000662919
,,,-1.28012e-007,0.000441946
,,,-1.27612e-007,0
,,,-1.27212e-007,0.000662919
,,,-1.26812e-007,0
,,,-1.26412e-007,0.000220973
,,,-1.26012e-007,0.000220973
,,,-1.25612e-007,0.000220973
,,,-1.25212e-007,0
,,,-1.24812e-007,0
,,,-1.24412e-007,0
,,,-1.24012e-007,-0.000220973
,,,-1.23612e-007,0
,,,-1.23212e-007,0.000883892
,,,-1.22812e-007,-0.000220973
,,,-1.22412e-007,-0.000441946
,,,-1.22012e-007,-0.000220973
,,,-1.21612e-007,0
,,,-1.21212e-007,0.000220973
,,,-1.20812e-007,0.000441946
,,,-1.20412e-007,0.000220973
,,,-1.20012e-007,0
,,,-1.19612e-007,0
,,,-1.19212e-007,0.000220973
,,,-1.18812e-007,0.000662919
,,,-1.18412e-007,0
,,,-1.18012e-007,0
,,,-1.17612e-007,-0.000662919
,,,-1.17212e-007,0.000441946
,,,-1.16812e-007,0.000441946
,,,-1.16412e-007,0.000220973
,,,-1.16012e-007,0.000220973
,,,-1.15612e-007,-0.000662919
,,,-1.15212e-007,-0.000441946
,,,-1.14812e-007,-0.000220973
,,,-1.14412e-007,-0.000220973
,,,-1.14012e-007,0.000662919
,,,-1.13612e-007,0.000441946
,,,-1.13212e-007,0
,,,-1.12812e-007,0
,,,-1.12412e-007,0
,,,-1.12012e-007,0.000220973
,,,-1.11612e-007,0
,,,-1.11212e-007,0.000441946
,,,-1.10812e-007,0.000883892
,,,-1.10412e-007,0.000220973
,,,-1.10012e-007,0.000441946
,,,-1.09612e-007,0
,,,-1.09212e-007,0
,,,-1.08812e-007,0.000662919
,,,-1.08412e-007,0.000220973
,,,-1.08012e-007,-0.000220973
,,,-1.07612e-007,0.000220973
,,,-1.07212e-007,-0.000441946
,,,-1.06812e-007,-0.000220973
,,,-1.06412e-007,0
,,,-1.06012e-007,0
,,,-1.05612e-007,0
,,,-1.05212e-007,0.000220973
,,,-1.04812e-007,0.000220973
,,,-1.04412e-007,0.000220973
,,,-1.04012e-007,-0.000220973
,,,-1.03612e-007,0
,,,-1.03212e-007,0.000441946
,,,-1.02812e-007,-0.000441946
,,,-1.02412e-007,-0.000220973
,,,-1.02012e-007,0
,,,-1.01612e-007,0
,,,-1.01212e-007,-0.000220973
,,,-1.00812e-007,0
,,,-1.00412e-007,-0.000441946
,,,-1.00012e-007,0.000220973
,,,-9.96123e-008,0.000220973
,,,-9.92123e-008,0.000441946
,,,-9.88123e-008,0.000441946
,,,-9.84123e-008,0.000662919
,,,-9.80123e-008,0.000220973
,,,-9.76123e-008,0
,,,-9.72123e-008,-0.000220973
,,,-9.68123e-008,0.000220973
,,,-9.64123e-008,0
,,,-9.60123e-008,0.000220973
,,,-9.56123e-008,0.000441946
,,,-9.52123e-008,0
,,,-9.48123e-008,0.000220973
,,,-9.44123e-008,0.000441946
,,,-9.40123e-008,0.000220973
,,,-9.36123e-008,0.000441946
,,,-9.32123e-008,0.000220973
,,,-9.28123e-008,0.000441946
,,,-9.24123e-008,0.000220973
,,,-9.20123e-008,-0.000441946
,,,-9.16123e-008,-0.000441946
,,,-9.12123e-008,-0.000441946
,,,-9.08123e-008,-0.000220973
,,,-9.04123e-008,0
,,,-9.00123e-008,0.000220973
,,,-8.96123e-008,-0.000220973
,,,-8.92123e-008,0.000220973
,,,-8.88123e-008,0
,,,-8.84123e-008,0
,,,-8.80123e-008,0
,,,-8.76123e-008,-0.000662919
,,,-8.72123e-008,-0.000220973
,,,-8.68123e-008,0.000220973
,,,-8.64123e-008,0.000220973
,,,-8.60123e-008,0.000441946
,,,-8.56123e-008,0
,,,-8.52123e-008,0
,,,-8.48123e-008,-0.000220973
,,,-8.44123e-008,-0.000441946
,,,-8.40123e-008,0
,,,-8.36123e-008,-0.000220973
,,,-8.32123e-008,-0.000883892
,,,-8.28123e-008,0
,,,-8.24123e-008,-0.000220973
,,,-8.20123e-008,0
,,,-8.16123e-008,0.000220973
,,,-8.12123e-008,0.000441946
,,,-8.08123e-008,-0.000441946
,,,-8.04123e-008,0.000220973
,,,-8.00123e-008,0.000220973
,,,-7.96123e-008,0.000220973
,,,-7.92123e-008,0.000662919
,,,-7.88123e-008,0.000662919
,,,-7.84123e-008,0
,,,-7.80123e-008,0
,,,-7.76123e-008,0
,,,-7.72123e-008,0
,,,-7.68123e-008,0.000441946
,,,-7.64123e-008,-0.000441946
,,,-7.60123e-008,-0.000220973
,,,-7.56123e-008,0
,,,-7.52123e-008,0.000441946
,,,-7.48123e-008,0.000662919
,,,-7.44123e-008,0
,,,-7.40123e-008,0.000441946
,,,-7.36123e-008,0.000220973
,,,-7.32123e-008,0.000220973
,,,-7.28123e-008,-0.000883892
,,,-7.24123e-008,0.000220973
,,,-7.20123e-008,0.000441946
,,,-7.16123e-008,-0.000441946
,,,-7.12123e-008,0.000220973
,,,-7.08123e-008,-0.000220973
,,,-7.04123e-008,0.000441946
,,,-7.00123e-008,0
,,,-6.96123e-008,0.000441946
,,,-6.92123e-008,-0.000220973
,,,-6.88123e-008,0
,,,-6.84123e-008,0
,,,-6.80123e-008,-0.000220973
,,,-6.76123e-008,-0.000441946
,,,-6.72123e-008,-0.000662919
,,,-6.68123e-008,-0.000220973
,,,-6.64123e-008,-0.000220973
,,,-6.60123e-008,0.000662919
,,,-6.56123e-008,0.000883892
,,,-6.52123e-008,-0.000441946
,,,-6.48123e-008,0.000662919
,,,-6.44123e-008,0.000883892
,,,-6.40123e-008,0.000220973
,,,-6.36123e-008,0
,,,-6.32123e-008,0.000662919
,,,-6.28123e-008,0
,,,-6.24123e-008,0.000220973
,,,-6.20123e-008,0.000441946
,,,-6.16123e-008,0.000883892
,,,-6.12123e-008,0.000441946
,,,-6.08123e-008,0
,,,-6.04123e-008,-0.000220973
,,,-6.00123e-008,-0.000220973
,,,-5.96123e-008,-0.000220973
,,,-5.92123e-008,0.000220973
,,,-5.88123e-008,0
,,,-5.84123e-008,-0.000662919
,,,-5.80123e-008,-0.000441946
,,,-5.76123e-008,0.000220973
,,,-5.72123e-008,0.000220973
,,,-5.68123e-008,-0.000662919
,,,-5.64123e-008,-0.000220973
,,,-5.60123e-008,0.000220973
,,,-5.56123e-008,0
,,,-5.52123e-008,0
,,,-5.48123e-008,0
,,,-5.44123e-008,0
,,,-5.40123e-008,0.00110486
,,,-5.36123e-008,0.000662919
,,,-5.32123e-008,0.000441946
,,,-5.28123e-008,0.000662919
,,,-5.24123e-008,-0.000220973
,,,-5.20123e-008,0
,,,-5.16123e-008,-0.000220973
,,,-5.12123e-008,-0.000220973
,,,-5.08123e-008,0.000220973
,,,-5.04123e-008,0
,,,-5.00123e-008,0.000662919
,,,-4.96123e-008,0
,,,-4.92123e-008,0.000220973
,,,-4.88123e-008,-0.000441946
,,,-4.84123e-008,0
,,,-4.80123e-008,0.000220973
,,,-4.76123e-008,-0.000220973
,,,-4.72123e-008,-0.000441946
,,,-4.68123e-008,0.000441946
,,,-4.64123e-008,0.000441946
,,,-4.60123e-008,0
,,,-4.56123e-008,0.000662919
,,,-4.52123e-008,0
,,,-4.48123e-008,-0.000220973
,,,-4.44123e-008,-0.000220973
,,,-4.40123e-008,-0.000220973
,,,-4.36123e-008,-0.000220973
,,,-4.32123e-008,-0.000220973
,,,-4.28123e-008,0
,,,-4.24123e-008,-0.000883892
,,,-4.20123e-008,0.000220973
,,,-4.16123e-008,-0.000441946
,,,-4.12123e-008,0.000220973
,,,-4.08123e-008,0.000441946
,,,-4.04123e-008,0.000662919
,,,-4.00123e-008,0.000220973
,,,-3.96123e-008,-0.000662919
,,,-3.92123e-008,0.000662919
,,,-3.88123e-008,0
,,,-3.84123e-008,0.000662919
,,,-3.80123e-008,0.000220973
,,,-3.76123e-008,0.000220973
,,,-3.72123e-008,0.000220973
,,,-3.68123e-008,0.000662919
,,,-3.64123e-008,0
,,,-3.60123e-008,-0.000662919
,,,-3.56123e-008,0.000441946
,,,-3.52123e-008,0.000220973
,,,-3.48123e-008,0.000662919
,,,-3.44123e-008,0.000441946
,,,-3.40123e-008,0.000220973
,,,-3.36123e-008,0.000441946
,,,-3.32123e-008,0.000220973
,,,-3.28123e-008,0
,,,-3.24123e-008,0.000220973
,,,-3.20123e-008,0.000441946
,,,-3.16123e-008,0
,,,-3.12123e-008,-0.000441946
,,,-3.08123e-008,-0.000220973
,,,-3.04123e-008,0.000662919
,,,-3.00123e-008,0.000441946
,,,-2.96123e-008,-0.000220973
,,,-2.92123e-008,0
,,,-2.88123e-008,0.000220973
,,,-2.84123e-008,0.000441946
,,,-2.80123e-008,-0.000441946
,,,-2.76123e-008,-0.000441946
,,,-2.72123e-008,0.000441946
,,,-2.68123e-008,0.000220973
,,,-2.64123e-008,0.000220973
,,,-2.60123e-008,0.000883892
,,,-2.56123e-008,0.000220973
,,,-2.52123e-008,0.000220973
,,,-2.48123e-008,-0.000441946
,,,-2.44123e-008,0.000220973
,,,-2.40123e-008,0
,,,-2.36123e-008,0.000220973
,,,-2.32123e-008,-0.000441946
,,,-2.28123e-008,0.000662919
,,,-2.24123e-008,-0.000220973
,,,-2.20123e-008,0
,,,-2.16123e-008,0
,,,-2.12123e-008,-0.000441946
,,,-2.08123e-008,-0.000662919
,,,-2.04123e-008,-0.000220973
,,,-2.00123e-008,0.000662919
,,,-1.96123e-008,0.000220973
,,,-1.92123e-008,-0.000883892
,,,-1.88123e-008,-0.000883892
,,,-1.84123e-008,-0.000662919
,,,-1.80123e-008,0.000883892
,,,-1.76123e-008,0.000441946
,,,-1.72123e-008,0
,,,-1.68123e-008,0
,,,-1.64123e-008,0.000883892
,,,-1.60123e-008,0
,,,-1.56123e-008,-0.000220973
,,,-1.52123e-008,0.000441946
,,,-1.48123e-008,0.000441946
,,,-1.44123e-008,-0.000662919
,,,-1.40123e-008,-0.000662919
,,,-1.36123e-008,-0.000220973
,,,-1.32123e-008,0
,,,-1.28123e-008,0.000662919
,,,-1.24123e-008,0
,,,-1.20123e-008,0.000662919
,,,-1.16123e-008,0.000441946
,,,-1.12123e-008,0.000220973
,,,-1.08123e-008,0.000441946
,,,-1.04123e-008,-0.000441946
,,,-1.00123e-008,0
,,,-9.61227e-009,0
,,,-9.21227e-009,0
,,,-8.81227e-009,-0.000441946
,,,-8.41227e-009,0.000441946
,,,-8.01227e-009,0.000220973
,,,-7.61227e-009,-0.000441946
,,,-7.21227e-009,0
,,,-6.81227e-009,0.000441946
,,,-6.41227e-009,-0.000441946
,,,-6.01227e-009,-0.000441946
,,,-5.61227e-009,0.000220973
,,,-5.21227e-009,0.000441946
,,,-4.81227e-009,-0.000220973
,,,-4.41227e-009,-0.000220973
,,,-4.01227e-009,0
,,,-3.61227e-009,-0.000220973
,,,-3.21227e-009,-0.00110486
,,,-2.81227e-009,-0.000220973
,,,-2.41227e-009,0
,,,-2.01227e-009,-0.000220973
,,,-1.61227e-009,0.000441946
,,,-1.21227e-009,0
,,,-8.12268e-010,0.000220973
,,,-4.12268e-010,0.000220973
,,,-1.2268e-011,0.000441946
,,,3.87732e-010,0
,,,7.87732e-010,-0.000220973
,,,1.18773e-009,0
,,,1.58773e-009,0.000220973
,,,1.98773e-009,0.000220973
,,,2.38773e-009,-0.000441946
,,,2.78773e-009,0
,,,3.18773e-009,0.000220973
,,,3.58773e-009,-0.000441946
,,,3.98773e-009,-0.00110486
,,,4.38773e-009,-0.000441946
,,,4.78773e-009,-0.000441946
,,,5.18773e-009,0.000441946
,,,5.58773e-009,-0.000441946
,,,5.98773e-009,0.000662919
,,,6.38773e-009,0.000441946
,,,6.78773e-009,0.000662919
,,,7.18773e-009,-0.000662919
,,,7.58773e-009,0.000883892
,,,7.98773e-009,0.000220973
,,,8.38773e-009,0.000441946
,,,8.78773e-009,0.000662919
,,,9.18773e-009,-0.000220973
,,,9.58773e-009,-0.000441946
,,,9.98773e-009,0.000662919
,,,1.03877e-008,0.000220973
,,,1.07877e-008,0.000220973
,,,1.11877e-008,0
,,,1.15877e-008,-0.000441946
,,,1.19877e-008,0.000220973
,,,1.23877e-008,0.000883892
,,,1.27877e-008,-0.000441946
,,,1.31877e-008,0.000441946
,,,1.35877e-008,0.000220973
,,,1.39877e-008,0.000220973
,,,1.43877e-008,0.000220973
,,,1.47877e-008,0.000662919
,,,1.51877e-008,0
,,,1.55877e-008,0.000441946
,,,1.59877e-008,-0.000441946
,,,1.63877e-008,0.000220973
,,,1.67877e-008,0
,,,1.71877e-008,0.000220973
,,,1.75877e-008,-0.000220973
,,,1.79877e-008,0.000662919
,,,1.83877e-008,-0.000441946
,,,1.87877e-008,-0.000441946
,,,1.91877e-008,-0.000662919
,,,1.95877e-008,0.000662919
,,,1.99877e-008,0
,,,2.03877e-008,-0.00110486
,,,2.07877e-008,-0.000883892
,,,2.11877e-008,0.000220973
,,,2.15877e-008,0
,,,2.19877e-008,0.000441946
,,,2.23877e-008,-0.000441946
,,,2.27877e-008,-0.000441946
,,,2.31877e-008,-0.000441946
,,,2.35877e-008,0.000220973
,,,2.39877e-008,0
,,,2.43877e-008,0
,,,2.47877e-008,0.000441946
,,,2.51877e-008,0.000441946
,,,2.55877e-008,0.000220973
,,,2.59877e-008,-0.000220973
,,,2.63877e-008,-0.000441946
,,,2.67877e-008,-0.000220973
,,,2.71877e-008,-0.000220973
,,,2.75877e-008,-0.000441946
,,,2.79877e-008,-0.000662919
,,,2.83877e-008,-0.000441946
,,,2.87877e-008,-0.000662919
,,,2.91877e-008,0
,,,2.95877e-008,0.000883892
,,,2.99877e-008,0
,,,3.03877e-008,0.000220973
,,,3.07877e-008,0
,,,3.11877e-008,-0.000662919
,,,3.15877e-008,0.000441946
,,,3.19877e-008,0.000220973
,,,3.23877e-008,0.000220973
,,,3.27877e-008,0.000662919
,,,3.31877e-008,-0.000220973
,,,3.35877e-008,0.000220973
,,,3.39877e-008,0.000220973
,,,3.43877e-008,0.000220973
,,,3.47877e-008,0.000441946
,,,3.51877e-008,-0.000220973
,,,3.55877e-008,0
,,,3.59877e-008,0
,,,3.63877e-008,-0.000883892
,,,3.67877e-008,0.000220973
,,,3.71877e-008,-0.000220973
,,,3.75877e-008,-0.000220973
,,,3.79877e-008,-0.000220973
,,,3.83877e-008,0
,,,3.87877e-008,0.000662919
,,,3.91877e-008,-0.000220973
,,,3.95877e-008,0
,,,3.99877e-008,0.000441946
,,,4.03877e-008,-0.000220973
,,,4.07877e-008,-0.000220973
,,,4.11877e-008,0.000662919
,,,4.15877e-008,0.000220973
,,,4.19877e-008,0
,,,4.23877e-008,0.000883892
,,,4.27877e-008,0.00110486
,,,4.31877e-008,0.000441946
,,,4.35877e-008,0.000220973
,,,4.39877e-008,0
,,,4.43877e-008,0.000220973
,,,4.47877e-008,0
,,,4.51877e-008,0.000220973
,,,4.55877e-008,-0.000441946
,,,4.59877e-008,0.000662919
,,,4.63877e-008,0.000220973
,,,4.67877e-008,0
,,,4.71877e-008,-0.000662919
,,,4.75877e-008,0.000220973
,,,4.79877e-008,0.000220973
,,,4.83877e-008,0.000441946
,,,4.87877e-008,-0.000441946
,,,4.91877e-008,0.000220973
,,,4.95877e-008,0.000662919
,,,4.99877e-008,0.000441946
,,,5.03877e-008,0
,,,5.07877e-008,0.000220973
,,,5.11877e-008,0
,,,5.15877e-008,0
,,,5.19877e-008,0.000441946
,,,5.23877e-008,-0.000441946
,,,5.27877e-008,0
,,,5.31877e-008,-0.000662919
,,,5.35877e-008,0
,,,5.39877e-008,0.000883892
,,,5.43877e-008,0.000662919
,,,5.47877e-008,0.000441946
,,,5.51877e-008,-0.000662919
,,,5.55877e-008,0.000662919
,,,5.59877e-008,0.000220973
,,,5.63877e-008,0.000220973
,,,5.67877e-008,0.000662919
,,,5.71877e-008,0
,,,5.75877e-008,0
,,,5.79877e-008,0.000220973
,,,5.83877e-008,-0.000441946
,,,5.87877e-008,-0.000220973
,,,5.91877e-008,0.000220973
,,,5.95877e-008,-0.000662919
,,,5.99877e-008,0
,,,6.03877e-008,0.000220973
,,,6.07877e-008,-0.000220973
,,,6.11877e-008,0
,,,6.15877e-008,0.000441946
,,,6.19877e-008,0
,,,6.23877e-008,0.000220973
,,,6.27877e-008,-0.000220973
,,,6.31877e-008,-0.000220973
,,,6.35877e-008,0.000220973
,,,6.39877e-008,0.000662919
,,,6.43877e-008,-0.000662919
,,,6.47877e-008,-0.000662919
,,,6.51877e-008,0.000220973
,,,6.55877e-008,-0.000220973
,,,6.59877e-008,0
,,,6.63877e-008,0.000220973
,,,6.67877e-008,0.000220973
,,,6.71877e-008,0.000662919
,,,6.75877e-008,-0.000220973
,,,6.79877e-008,-0.000883892
,,,6.83877e-008,-0.000220973
,,,6.87877e-008,-0.000662919
,,,6.91877e-008,0.000220973
,,,6.95877e-008,0
,,,6.99877e-008,0.000441946
,,,7.03877e-008,0
,,,7.07877e-008,0
,,,7.11877e-008,-0.000220973
,,,7.15877e-008,-0.000441946
,,,7.19877e-008,0.000220973
,,,7.23877e-008,0.000220973
,,,7.27877e-008,0.000220973
,,,7.31877e-008,0.000441946
,,,7.35877e-008,0.000662919
,,,7.39877e-008,0.000441946
,,,7.43877e-008,-0.000441946
,,,7.47877e-008,0.000220973
,,,7.51877e-008,0.000220973
,,,7.55877e-008,-0.000220973
,,,7.59877e-008,0.000662919
,,,7.63877e-008,0
,,,7.67877e-008,-0.000441946
,,,7.71877e-008,0.000220973
,,,7.75877e-008,0
,,,7.79877e-008,-0.000220973
,,,7.83877e-008,0.000220973
,,,7.87877e-008,-0.000220973
,,,7.91877e-008,0
,,,7.95877e-008,0.000220973
,,,7.99877e-008,0.000220973
,,,8.03877e-008,0.000441946
,,,8.07877e-008,0.000883892
,,,8.11877e-008,0
,,,8.15877e-008,0
,,,8.19877e-008,0.000883892
,,,8.23877e-008,0.000662919
,,,8.27877e-008,0.000220973
,,,8.31877e-008,0.00110486
,,,8.35877e-008,0.000220973
,,,8.39877e-008,0.000220973
,,,8.43877e-008,-0.000441946
,,,8.47877e-008,0
,,,8.51877e-008,0.000441946
,,,8.55877e-008,-0.000220973
,,,8.59877e-008,-0.000441946
,,,8.63877e-008,0.000220973
,,,8.67877e-008,0.000441946
,,,8.71877e-008,-0.000883892
,,,8.75877e-008,0.000662919
,,,8.79877e-008,0
,,,8.83877e-008,-0.000220973
,,,8.87877e-008,-0.000220973
,,,8.91877e-008,0
,,,8.95877e-008,-0.000441946
,,,8.99877e-008,0.000441946
,,,9.03877e-008,0.000220973
,,,9.07877e-008,0
,,,9.11877e-008,0.000441946
,,,9.15877e-008,0.000662919
,,,9.19877e-008,-0.000220973
,,,9.23877e-008,0.000441946
,,,9.27877e-008,0.000220973
,,,9.31877e-008,0.000220973
,,,9.35877e-008,0.000662919
,,,9.39877e-008,0.00132584
,,,9.43877e-008,0.00198876
,,,9.47877e-008,0.00154681
,,,9.51877e-008,0.00198876
,,,9.55877e-008,0.00353557
,,,9.59877e-008,0.00353557
,,,9.63877e-008,0.00508238
,,,9.67877e-008,0.0057453
,,,9.71877e-008,0.00618724
,,,9.75877e-008,0.00839697
,,,9.79877e-008,0.00928087
,,,9.83877e-008,0.0110486
,,,9.87877e-008,0.0119325
,,,9.91877e-008,0.0128164
,,,9.95877e-008,0.0137003
,,,9.99877e-008,0.0145842
,,,1.00388e-007,0.0143632
,,,1.00788e-007,0.0148052
,,,1.01188e-007,0.0156891
,,,1.01588e-007,0.0154681
,,,1.01988e-007,0.016573
,,,1.02388e-007,0.0170149
,,,1.02788e-007,0.016352
,,,1.03188e-007,0.016352
,,,1.03588e-007,0.0170149
,,,1.03988e-007,0.0172359
,,,1.04388e-007,0.0181198
,,,1.04788e-007,0.0170149
,,,1.05188e-007,0.0174569
,,,1.05588e-007,0.0174569
,,,1.05988e-007,0.0178988
,,,1.06388e-007,0.0174569
,,,1.06788e-007,0.0178988
,,,1.07188e-007,0.0172359
,,,1.07588e-007,0.0170149
,,,1.07988e-007,0.0172359
,,,1.08388e-007,0.0174569
,,,1.08788e-007,0.0170149
,,,1.09188e-007,0.0174569
,,,1.09588e-007,0.0174569
,,,1.09988e-007,0.0174569
,,,1.10388e-007,0.0178988
,,,1.10788e-007,0.0172359
,,,1.11188e-007,0.0178988
,,,1.11588e-007,0.0192246
,,,1.11988e-007,0.0185617
,,,1.12388e-007,0.0181198
,,,1.12788e-007,0.0185617
,,,1.13188e-007,0.0178988
,,,1.13588e-007,0.0172359
,,,1.13988e-007,0.0178988
,,,1.14388e-007,0.0174569
,,,1.14788e-007,0.0174569
,,,1.15188e-007,0.0178988
,,,1.15588e-007,0.0185617
,,,1.15988e-007,0.0178988
,,,1.16388e-007,0.0176778
,,,1.16788e-007,0.0174569
,,,1.17188e-007,0.0176778
,,,1.17588e-007,0.0176778
,,,1.17988e-007,0.0176778
,,,1.18388e-007,0.0172359
,,,1.18788e-007,0.0176778
,,,1.19188e-007,0.0172359
,,,1.19588e-007,0.0178988
,,,1.19988e-007,0.0178988
,,,1.20388e-007,0.0174569
,,,1.20788e-007,0.0174569
,,,1.21188e-007,0.0185617
,,,1.21588e-007,0.0183408
,,,1.21988e-007,0.0185617
,,,1.22388e-007,0.0183408
,,,1.22788e-007,0.0192246
,,,1.23188e-007,0.0190037
,,,1.23588e-007,0.0187827
,,,1.23988e-007,0.0190037
,,,1.24388e-007,0.0194456
,,,1.24788e-007,0.0203295
,,,1.25188e-007,0.0203295
,,,1.25588e-007,0.0205505
,,,1.25988e-007,0.0209924
,,,1.26388e-007,0.0209924
,,,1.26788e-007,0.0205505
,,,1.27188e-007,0.0205505
,,,1.27588e-007,0.0203295
,,,1.27988e-007,0.0198876
,,,1.28388e-007,0.0205505
,,,1.28788e-007,0.0201085
,,,1.29188e-007,0.0192246
,,,1.29588e-007,0.0194456
,,,1.29988e-007,0.0198876
,,,1.30388e-007,0.0176778
,,,1.30788e-007,0.0190037
,,,1.31188e-007,0.0185617
,,,1.31588e-007,0.0176778
,,,1.31988e-007,0.0174569
,,,1.32388e-007,0.0172359
,,,1.32788e-007,0.0167939
,,,1.33188e-007,0.0172359
,,,1.33588e-007,0.0170149
,,,1.33988e-007,0.0170149
,,,1.34388e-007,0.0172359
,,,1.34788e-007,0.0172359
,,,1.35188e-007,0.016352
,,,1.35588e-007,0.016573
,,,1.35988e-007,0.016573
,,,1.36388e-007,0.0154681
,,,1.36788e-007,0.0170149
,,,1.37188e-007,0.0159101
,,,1.37588e-007,0.016352
,,,1.37988e-007,0.0167939
,,,1.38388e-007,0.0159101
,,,1.38788e-007,0.0159101
,,,1.39188e-007,0.016573
,,,1.39588e-007,0.0156891
,,,1.39988e-007,0.0159101
,,,1.40388e-007,0.0154681
,,,1.40788e-007,0.016131
,,,1.41188e-007,0.0159101
,,,1.41588e-007,0.0152471
,,,1.41988e-007,0.0152471
,,,1.42388e-007,0.0154681
,,,1.42788e-007,0.0154681
,,,1.43188e-007,0.0152471
,,,1.43588e-007,0.0150262
,,,1.43988e-007,0.0148052
,,,1.44388e-007,0.0148052
,,,1.44788e-007,0.0159101
,,,1.45188e-007,0.0148052
,,,1.45588e-007,0.0145842
,,,1.45988e-007,0.0148052
,,,1.46388e-007,0.0148052
,,,1.46788e-007,0.0143632
,,,1.47188e-007,0.0159101
,,,1.47588e-007,0.0150262
,,,1.47988e-007,0.0145842
,,,1.48388e-007,0.0145842
,,,1.48788e-007,0.0143632
,,,1.49188e-007,0.0148052
,,,1.49588e-007,0.0141423
,,,1.49988e-007,0.0145842
,,,1.50388e-007,0.0145842
,,,1.50788e-007,0.0145842
,,,1.51188e-007,0.0137003
,,,1.51588e-007,0.0141423
,,,1.51988e-007,0.0143632
,,,1.52388e-007,0.0141423
,,,1.52788e-007,0.0139213
,,,1.53188e-007,0.0143632
,,,1.53588e-007,0.0141423
,,,1.53988e-007,0.0139213
,,,1.54388e-007,0.0134794
,,,1.54788e-007,0.0137003
,,,1.55188e-007,0.0128164
,,,1.55588e-007,0.0130374
,,,1.55988e-007,0.0128164
,,,1.56388e-007,0.0121535
,,,1.56788e-007,0.0117116
,,,1.57188e-007,0.0108277
,,,1.57588e-007,0.0114906
,,,1.57988e-007,0.0119325
,,,1.58388e-007,0.0112696
,,,1.58788e-007,0.0117116
,,,1.59188e-007,0.0114906
,,,1.59588e-007,0.0117116
,,,1.59988e-007,0.0117116
,,,1.60388e-007,0.0121535
,,,1.60788e-007,0.0117116
,,,1.61188e-007,0.0119325
,,,1.61588e-007,0.0117116
,,,1.61988e-007,0.0117116
,,,1.62388e-007,0.0123745
,,,1.62788e-007,0.0128164
,,,1.63188e-007,0.0117116
,,,1.63588e-007,0.0114906
,,,1.63988e-007,0.0114906
,,,1.64388e-007,0.0119325
,,,1.64788e-007,0.0121535
,,,1.65188e-007,0.0121535
,,,1.65588e-007,0.0121535
,,,1.65988e-007,0.0123745
,,,1.66388e-007,0.0130374
,,,1.66788e-007,0.0121535
,,,1.67188e-007,0.0128164
,,,1.67588e-007,0.0121535
,,,1.67988e-007,0.0123745
,,,1.68388e-007,0.0119325
,,,1.68788e-007,0.0125955
,,,1.69188e-007,0.0123745
,,,1.69588e-007,0.0123745
,,,1.69988e-007,0.0128164
,,,1.70388e-007,0.0119325
,,,1.70788e-007,0.0119325
,,,1.71188e-007,0.0121535
,,,1.71588e-007,0.0110486
,,,1.71988e-007,0.0119325
,,,1.72388e-007,0.0110486
,,,1.72788e-007,0.0119325
,,,1.73188e-007,0.0121535
,,,1.73588e-007,0.0130374
,,,1.73988e-007,0.0123745
,,,1.74388e-007,0.0114906
,,,1.74788e-007,0.0117116
,,,1.75188e-007,0.0121535
,,,1.75588e-007,0.0121535
,,,1.75988e-007,0.0125955
,,,1.76388e-007,0.0121535
,,,1.76788e-007,0.0121535
,,,1.77188e-007,0.0128164
,,,1.77588e-007,0.0125955
,,,1.77988e-007,0.0125955
,,,1.78388e-007,0.0121535
,,,1.78788e-007,0.0125955
,,,1.79188e-007,0.0121535
,,,1.79588e-007,0.0121535
,,,1.79988e-007,0.0119325
,,,1.80388e-007,0.0128164
,,,1.80788e-007,0.0125955
,,,1.81188e-007,0.0130374
,,,1.81588e-007,0.0123745
,,,1.81988e-007,0.0128164
,,,1.82388e-007,0.0114906
,,,1.82788e-007,0.0121535
,,,1.83188e-007,0.0119325
,,,1.83588e-007,0.0123745
,,,1.83988e-007,0.0117116
,,,1.84388e-007,0.0121535
,,,1.84788e-007,0.0121535
,,,1.85188e-007,0.0123745
,,,1.85588e-007,0.0119325
,,,1.85988e-007,0.0121535
,,,1.86388e-007,0.0121535
,,,1.86788e-007,0.0123745
,,,1.87188e-007,0.0123745
,,,1.87588e-007,0.0119325
,,,1.87988e-007,0.0125955
,,,1.88388e-007,0.0121535
,,,1.88788e-007,0.0123745
,,,1.89188e-007,0.0130374
,,,1.89588e-007,0.0128164
,,,1.89988e-007,0.0130374
,,,1.90388e-007,0.0134794
,,,1.90788e-007,0.0134794
,,,1.91188e-007,0.0132584
,,,1.91588e-007,0.0134794
,,,1.91988e-007,0.0132584
,,,1.92388e-007,0.0132584
,,,1.92788e-007,0.0134794
,,,1.93188e-007,0.0132584
,,,1.93588e-007,0.0134794
,,,1.93988e-007,0.0130374
,,,1.94388e-007,0.0137003
,,,1.94788e-007,0.0128164
,,,1.95188e-007,0.0137003
,,,1.95588e-007,0.0125955
,,,1.95988e-007,0.0128164
,,,1.96388e-007,0.0130374
,,,1.96788e-007,0.0130374
,,,1.97188e-007,0.0125955
,,,1.97588e-007,0.0128164
,,,1.97988e-007,0.0130374
,,,1.98388e-007,0.0132584
,,,1.98788e-007,0.0134794
,,,1.99188e-007,0.0132584
,,,1.99588e-007,0.0128164
,,,1.99988e-007,0.0130374
,,,2.00388e-007,0.0130374
,,,2.00788e-007,0.0125955
,,,2.01188e-007,0.0130374
,,,2.01588e-007,0.0128164
,,,2.01988e-007,0.0130374
,,,2.02388e-007,0.0123745
,,,2.02788e-007,0.0117116
,,,2.03188e-007,0.0112696
,,,2.03588e-007,0.0119325
,,,2.03988e-007,0.0112696
,,,2.04388e-007,0.0117116
,,,2.04788e-007,0.0114906
,,,2.05188e-007,0.0114906
,,,2.05588e-007,0.0108277
,,,2.05988e-007,0.0103857
,,,2.06388e-007,0.0110486
,,,2.06788e-007,0.0110486
,,,2.07188e-007,0.0108277
,,,2.07588e-007,0.0101648
,,,2.07988e-007,0.00972281
,,,2.08388e-007,0.00950184
,,,2.08788e-007,0.00950184
,,,2.09188e-007,0.00928087
,,,2.09588e-007,0.00950184
,,,2.09988e-007,0.00795503
,,,2.10388e-007,0.00839697
,,,2.10788e-007,0.00795503
,,,2.11188e-007,0.00751308
,,,2.11588e-007,0.00685016
,,,2.11988e-007,0.00707114
,,,2.12388e-007,0.0057453
,,,2.12788e-007,0.00618724
,,,2.13188e-007,0.00662919
,,,2.13588e-007,0.00618724
,,,2.13988e-007,0.00552432
,,,2.14388e-007,0.00486141
,,,2.14788e-007,0.00552432
,,,2.15188e-007,0.00419849
,,,2.15588e-007,0.00486141
,,,2.15988e-007,0.00441946
,,,2.16388e-007,0.00353557
,,,2.16788e-007,0.00265168
,,,2.17188e-007,0.00353557
,,,2.17588e-007,0.00287265
,,,2.17988e-007,0.00265168
,,,2.18388e-007,0.00154681
,,,2.18788e-007,0.0024307
,,,2.19188e-007,0.00198876
,,,2.19588e-007,0.00198876
,,,2.19988e-007,0.00198876
,,,2.20388e-007,0.00176778
,,,2.20788e-007,0.00154681
,,,2.21188e-007,0.00154681
,,,2.21588e-007,0.00154681
,,,2.21988e-007,0.00154681
,,,2.22388e-007,0.00198876
,,,2.22788e-007,0.000662919
,,,2.23188e-007,0.000662919
,,,2.23588e-007,0.00132584
,,,2.23988e-007,0.00132584
,,,2.24388e-007,0.000662919
,,,2.24788e-007,0.000883892
,,,2.25188e-007,0.00110486
,,,2.25588e-007,0.00110486
,,,2.25988e-007,0.000220973
,,,2.26388e-007,0.000220973
,,,2.26788e-007,0.000441946
,,,2.27188e-007,0.000883892
,,,2.27588e-007,0.000220973
,,,2.27988e-007,0.000883892
,,,2.28388e-007,0.000662919
,,,2.28788e-007,0
,,,2.29188e-007,0.000883892
,,,2.29588e-007,0.000662919
,,,2.29988e-007,0.000662919
,,,2.30388e-007,0.00110486
,,,2.30788e-007,0.000441946
,,,2.31188e-007,0.000441946
,,,2.31588e-007,0
,,,2.31988e-007,0.000883892
,,,2.32388e-007,0.000662919
,,,2.32788e-007,0
,,,2.33188e-007,0.00110486
,,,2.33588e-007,0.000662919
,,,2.33988e-007,0
,,,2.34388e-007,-0.000662919
,,,2.34788e-007,0
,,,2.35188e-007,0.000662919
,,,2.35588e-007,-0.000220973
,,,2.35988e-007,-0.000441946
,,,2.36388e-007,-0.000441946
,,,2.36788e-007,-0.000220973
,,,2.37188e-007,0
,,,2.37588e-007,-0.000441946
,,,2.37988e-007,-0.00110486
,,,2.38388e-007,-0.000441946
,,,2.38788e-007,-0.00110486
,,,2.39188e-007,0
,,,2.39588e-007,-0.000441946
,,,2.39988e-007,-0.000441946
,,,2.40388e-007,-0.000441946
,,,2.40788e-007,0
,,,2.41188e-007,0
,,,2.41588e-007,-0.000662919
,,,2.41988e-007,-0.000662919
,,,2.42388e-007,-0.00110486
,,,2.42788e-007,0.000220973
,,,2.43188e-007,0
,,,2.43588e-007,-0.000441946
,,,2.43988e-007,-0.000662919
,,,2.44388e-007,-0.000441946
,,,2.44788e-007,-0.000883892
,,,2.45188e-007,-0.000662919
,,,2.45588e-007,-0.000883892
,,,2.45988e-007,0
,,,2.46388e-007,-0.000441946
,,,2.46788e-007,-0.000441946
,,,2.47188e-007,-0.000662919
,,,2.47588e-007,-0.000220973
,,,2.47988e-007,-0.000441946
,,,2.48388e-007,-0.000441946
,,,2.48788e-007,0
,,,2.49188e-007,0
,,,2.49588e-007,-0.000220973
,,,2.49988e-007,-0.000662919
,,,2.50388e-007,-0.000662919
