"Record Length",1252,"Points",-2.50317e-007,0
"Sample Interval",4e-010,s,-2.49917e-007,0.000662919
"Trigger Point",625,"Samples",-2.49517e-007,0.000883892
"Trigger Time",0.792058,s,-2.49117e-007,0
,,,-2.48717e-007,0.000441946
"Horizontal Offset",-2.50317e-007,s,-2.48317e-007,0.000662919
,,,-2.47917e-007,0.000220973
,,,-2.47517e-007,0
,,,-2.47117e-007,0.000220973
,,,-2.46717e-007,0
,,,-2.46317e-007,0.000220973
,,,-2.45917e-007,0
,,,-2.45517e-007,-0.000220973
,,,-2.45117e-007,0.000441946
,,,-2.44717e-007,0.000220973
,,,-2.44317e-007,0.000220973
,,,-2.43917e-007,0
,,,-2.43517e-007,0
,,,-2.43117e-007,0.000220973
,,,-2.42717e-007,0
,,,-2.42317e-007,0.000662919
,,,-2.41917e-007,0.000220973
,,,-2.41517e-007,-0.000441946
,,,-2.41117e-007,0.000220973
,,,-2.40717e-007,0.000220973
,,,-2.40317e-007,-0.000220973
,,,-2.39917e-007,-0.000220973
,,,-2.39517e-007,0.000220973
,,,-2.39117e-007,0.000220973
,,,-2.38717e-007,0.000662919
,,,-2.38317e-007,0.000220973
,,,-2.37917e-007,0.000662919
,,,-2.37517e-007,0.000662919
,,,-2.37117e-007,0
,,,-2.36717e-007,0.000883892
,,,-2.36317e-007,0.000441946
,,,-2.35917e-007,0.000220973
,,,-2.35517e-007,-0.000441946
,,,-2.35117e-007,0.000220973
,,,-2.34717e-007,-0.000220973
,,,-2.34317e-007,-0.000441946
,,,-2.33917e-007,-0.000220973
,,,-2.33517e-007,0.000220973
,,,-2.33117e-007,0.000220973
,,,-2.32717e-007,0.00110486
,,,-2.32317e-007,0
,,,-2.31917e-007,0
,,,-2.31517e-007,0
,,,-2.31117e-007,0
,,,-2.30717e-007,-0.000441946
,,,-2.30317e-007,0.000220973
,,,-2.29917e-007,0.000220973
,,,-2.29517e-007,0.000220973
,,,-2.29117e-007,0.000441946
,,,-2.28717e-007,0.000220973
,,,-2.28317e-007,0.000220973
,,,-2.27917e-007,0.000441946
,,,-2.27517e-007,-0.000220973
,,,-2.27117e-007,0.000220973
,,,-2.26717e-007,0
,,,-2.26317e-007,-0.000441946
,,,-2.25917e-007,-0.000220973
,,,-2.25517e-007,0.000220973
,,,-2.25117e-007,-0.000220973
,,,-2.24717e-007,0.000220973
,,,-2.24317e-007,0.000662919
,,,-2.23917e-007,0.000220973
,,,-2.23517e-007,0.000441946
,,,-2.23117e-007,0.000441946
,,,-2.22717e-007,-0.000220973
,,,-2.22317e-007,0.000441946
,,,-2.21917e-007,0.000662919
,,,-2.21517e-007,0
,,,-2.21117e-007,0.000662919
,,,-2.20717e-007,0.000220973
,,,-2.20317e-007,0.000220973
,,,-2.19917e-007,0
,,,-2.19517e-007,-0.000220973
,,,-2.19117e-007,-0.000220973
,,,-2.18717e-007,0
,,,-2.18317e-007,-0.000220973
,,,-2.17917e-007,0
,,,-2.17517e-007,0
,,,-2.17117e-007,0.000883892
,,,-2.16717e-007,-0.000441946
,,,-2.16317e-007,0.000220973
,,,-2.15917e-007,-0.000441946
,,,-2.15517e-007,0.000441946
,,,-2.15117e-007,-0.000441946
,,,-2.14717e-007,0.000662919
,,,-2.14317e-007,0.000441946
,,,-2.13917e-007,0.000441946
,,,-2.13517e-007,0.000220973
,,,-2.13117e-007,0.000662919
,,,-2.12717e-007,0.000220973
,,,-2.12317e-007,0.000220973
,,,-2.11917e-007,-0.000220973
,,,-2.11517e-007,0
,,,-2.11117e-007,0
,,,-2.10717e-007,-0.000441946
,,,-2.10317e-007,0
,,,-2.09917e-007,0
,,,-2.09517e-007,0
,,,-2.09117e-007,0.000441946
,,,-2.08717e-007,0.000220973
,,,-2.08317e-007,0.000441946
,,,-2.07917e-007,-0.000441946
,,,-2.07517e-007,-0.000441946
,,,-2.07117e-007,0.000220973
,,,-2.06717e-007,0
,,,-2.06317e-007,-0.000220973
,,,-2.05917e-007,0
,,,-2.05517e-007,0.000441946
,,,-2.05117e-007,0.000220973
,,,-2.04717e-007,0
,,,-2.04317e-007,0.000441946
,,,-2.03917e-007,0
,,,-2.03517e-007,0
,,,-2.03117e-007,0
,,,-2.02717e-007,-0.000441946
,,,-2.02317e-007,0
,,,-2.01917e-007,0
,,,-2.01517e-007,0.000220973
,,,-2.01117e-007,0
,,,-2.00717e-007,0.000220973
,,,-2.00317e-007,0
,,,-1.99917e-007,0.000220973
,,,-1.99517e-007,0.000662919
,,,-1.99117e-007,0.00110486
,,,-1.98717e-007,0.000220973
,,,-1.98317e-007,-0.000883892
,,,-1.97917e-007,0
,,,-1.97517e-007,-0.000220973
,,,-1.97117e-007,0.000441946
,,,-1.96717e-007,0.000441946
,,,-1.96317e-007,0.000662919
,,,-1.95917e-007,0.000441946
,,,-1.95517e-007,0.000441946
,,,-1.95117e-007,-0.000220973
,,,-1.94717e-007,0
,,,-1.94317e-007,0.000220973
,,,-1.93917e-007,0.000220973
,,,-1.93517e-007,-0.000441946
,,,-1.93117e-007,0.000441946
,,,-1.92717e-007,0.000220973
,,,-1.92317e-007,0.000441946
,,,-1.91917e-007,0.000441946
,,,-1.91517e-007,0.000220973
,,,-1.91117e-007,-0.000220973
,,,-1.90717e-007,-0.000441946
,,,-1.90317e-007,0.000441946
,,,-1.89917e-007,0.000220973
,,,-1.89517e-007,0
,,,-1.89117e-007,0
,,,-1.88717e-007,0
,,,-1.88317e-007,-0.000441946
,,,-1.87917e-007,0.000220973
,,,-1.87517e-007,0
,,,-1.87117e-007,0.000220973
,,,-1.86717e-007,0
,,,-1.86317e-007,0
,,,-1.85917e-007,0.000662919
,,,-1.85517e-007,0
,,,-1.85117e-007,0.000220973
,,,-1.84717e-007,0.000662919
,,,-1.84317e-007,0.000441946
,,,-1.83917e-007,0
,,,-1.83517e-007,0.000662919
,,,-1.83117e-007,-0.000220973
,,,-1.82717e-007,-0.000441946
,,,-1.82317e-007,0.000220973
,,,-1.81917e-007,0
,,,-1.81517e-007,0.000220973
,,,-1.81117e-007,0.000441946
,,,-1.80717e-007,-0.000220973
,,,-1.80317e-007,0.000220973
,,,-1.79917e-007,-0.000220973
,,,-1.79517e-007,-0.000220973
,,,-1.79117e-007,-0.000441946
,,,-1.78717e-007,-0.000220973
,,,-1.78317e-007,0.000441946
,,,-1.77917e-007,0
,,,-1.77517e-007,0.000441946
,,,-1.77117e-007,0.000220973
,,,-1.76717e-007,0.000220973
,,,-1.76317e-007,0.000441946
,,,-1.75917e-007,0
,,,-1.75517e-007,0
,,,-1.75117e-007,0.000441946
,,,-1.74717e-007,0.000441946
,,,-1.74317e-007,0.000441946
,,,-1.73917e-007,0.000220973
,,,-1.73517e-007,0.000441946
,,,-1.73117e-007,0.000220973
,,,-1.72717e-007,0
,,,-1.72317e-007,0.000220973
,,,-1.71917e-007,0
,,,-1.71517e-007,0
,,,-1.71117e-007,-0.000441946
,,,-1.70717e-007,-0.000662919
,,,-1.70317e-007,0.000441946
,,,-1.69917e-007,0.000220973
,,,-1.69517e-007,0
,,,-1.69117e-007,0.000662919
,,,-1.68717e-007,0.000220973
,,,-1.68317e-007,0.000441946
,,,-1.67917e-007,-0.000220973
,,,-1.67517e-007,0
,,,-1.67117e-007,0
,,,-1.66717e-007,-0.000441946
,,,-1.66317e-007,0.000441946
,,,-1.65917e-007,0.000441946
,,,-1.65517e-007,0.000883892
,,,-1.65117e-007,0.000441946
,,,-1.64717e-007,0
,,,-1.64317e-007,-0.000220973
,,,-1.63917e-007,-0.000220973
,,,-1.63517e-007,0
,,,-1.63117e-007,0.000441946
,,,-1.62717e-007,0
,,,-1.62317e-007,0.000220973
,,,-1.61917e-007,0.000441946
,,,-1.61517e-007,0
,,,-1.61117e-007,0
,,,-1.60717e-007,0.000441946
,,,-1.60317e-007,-0.000441946
,,,-1.59917e-007,0
,,,-1.59517e-007,0.000662919
,,,-1.59117e-007,0
,,,-1.58717e-007,0.000220973
,,,-1.58317e-007,0.000662919
,,,-1.57917e-007,0.000662919
,,,-1.57517e-007,0.000662919
,,,-1.57117e-007,0.000883892
,,,-1.56717e-007,0.000220973
,,,-1.56317e-007,0.000220973
,,,-1.55917e-007,0.000220973
,,,-1.55517e-007,0.000441946
,,,-1.55117e-007,0.000220973
,,,-1.54717e-007,-0.000220973
,,,-1.54317e-007,-0.000883892
,,,-1.53917e-007,-0.000220973
,,,-1.53517e-007,0.000441946
,,,-1.53117e-007,0.000220973
,,,-1.52717e-007,0.000441946
,,,-1.52317e-007,0.000883892
,,,-1.51917e-007,-0.000883892
,,,-1.51517e-007,0.000441946
,,,-1.51117e-007,-0.000220973
,,,-1.50717e-007,0.000220973
,,,-1.50317e-007,0.000220973
,,,-1.49917e-007,0.000441946
,,,-1.49517e-007,0.000441946
,,,-1.49117e-007,0.000441946
,,,-1.48717e-007,0
,,,-1.48317e-007,-0.000441946
,,,-1.47917e-007,0.000220973
,,,-1.47517e-007,0
,,,-1.47117e-007,-0.000220973
,,,-1.46717e-007,0.000441946
,,,-1.46317e-007,0.000220973
,,,-1.45917e-007,0.000220973
,,,-1.45517e-007,-0.000220973
,,,-1.45117e-007,0.00110486
,,,-1.44717e-007,0.000662919
,,,-1.44317e-007,0.000220973
,,,-1.43917e-007,0.000662919
,,,-1.43517e-007,0.000441946
,,,-1.43117e-007,0.000220973
,,,-1.42717e-007,0.000220973
,,,-1.42317e-007,0
,,,-1.41917e-007,0.000441946
,,,-1.41517e-007,0.000662919
,,,-1.41117e-007,0.000441946
,,,-1.40717e-007,0.000662919
,,,-1.40317e-007,0.000662919
,,,-1.39917e-007,-0.000220973
,,,-1.39517e-007,0.000441946
,,,-1.39117e-007,0.000220973
,,,-1.38717e-007,0.000220973
,,,-1.38317e-007,0
,,,-1.37917e-007,0.000220973
,,,-1.37517e-007,0.000441946
,,,-1.37117e-007,0
,,,-1.36717e-007,0
,,,-1.36317e-007,0.000220973
,,,-1.35917e-007,0.000220973
,,,-1.35517e-007,0.000883892
,,,-1.35117e-007,0.000662919
,,,-1.34717e-007,-0.000441946
,,,-1.34317e-007,0.000662919
,,,-1.33917e-007,0.000883892
,,,-1.33517e-007,0
,,,-1.33117e-007,-0.000220973
,,,-1.32717e-007,-0.000220973
,,,-1.32317e-007,0.000441946
,,,-1.31917e-007,0.000441946
,,,-1.31517e-007,0
,,,-1.31117e-007,0
,,,-1.30717e-007,-0.000220973
,,,-1.30317e-007,-0.000441946
,,,-1.29917e-007,0.000662919
,,,-1.29517e-007,0.000883892
,,,-1.29117e-007,0.000441946
,,,-1.28717e-007,0.000662919
,,,-1.28317e-007,0.00110486
,,,-1.27917e-007,0.000441946
,,,-1.27517e-007,0.000220973
,,,-1.27117e-007,-0.000220973
,,,-1.26717e-007,0
,,,-1.26317e-007,0
,,,-1.25917e-007,-0.000220973
,,,-1.25517e-007,0
,,,-1.25117e-007,0
,,,-1.24717e-007,0.000441946
,,,-1.24317e-007,0.000220973
,,,-1.23917e-007,0
,,,-1.23517e-007,0
,,,-1.23117e-007,0.000220973
,,,-1.22717e-007,0.000220973
,,,-1.22317e-007,-0.000220973
,,,-1.21917e-007,0
,,,-1.21517e-007,0
,,,-1.21117e-007,0.00110486
,,,-1.20717e-007,0.000220973
,,,-1.20317e-007,0.000441946
,,,-1.19917e-007,0.000441946
,,,-1.19517e-007,0.000662919
,,,-1.19117e-007,0.000220973
,,,-1.18717e-007,0.000220973
,,,-1.18317e-007,0
,,,-1.17917e-007,0
,,,-1.17517e-007,0.000883892
,,,-1.17117e-007,0.000662919
,,,-1.16717e-007,0.000441946
,,,-1.16317e-007,-0.000441946
,,,-1.15917e-007,0
,,,-1.15517e-007,-0.000662919
,,,-1.15117e-007,0
,,,-1.14717e-007,-0.000441946
,,,-1.14317e-007,0.000441946
,,,-1.13917e-007,0.000662919
,,,-1.13517e-007,0.000441946
,,,-1.13117e-007,0.000662919
,,,-1.12717e-007,0.000441946
,,,-1.12317e-007,0.000441946
,,,-1.11917e-007,0.000220973
,,,-1.11517e-007,0.000662919
,,,-1.11117e-007,0.000220973
,,,-1.10717e-007,0.000662919
,,,-1.10317e-007,0.000883892
,,,-1.09917e-007,0
,,,-1.09517e-007,0
,,,-1.09117e-007,0.000883892
,,,-1.08717e-007,0.000220973
,,,-1.08317e-007,-0.000441946
,,,-1.07917e-007,0.000220973
,,,-1.07517e-007,0.000662919
,,,-1.07117e-007,0.000220973
,,,-1.06717e-007,0
,,,-1.06317e-007,0
,,,-1.05917e-007,0
,,,-1.05517e-007,0.000220973
,,,-1.05117e-007,0.000220973
,,,-1.04717e-007,0.000220973
,,,-1.04317e-007,0
,,,-1.03917e-007,0.000662919
,,,-1.03517e-007,0.000441946
,,,-1.03117e-007,0.00110486
,,,-1.02717e-007,0
,,,-1.02317e-007,0
,,,-1.01917e-007,0.000883892
,,,-1.01517e-007,0.000220973
,,,-1.01117e-007,0.000220973
,,,-1.00717e-007,0.000662919
,,,-1.00317e-007,0
,,,-9.99168e-008,0.000441946
,,,-9.95168e-008,-0.000220973
,,,-9.91168e-008,0
,,,-9.87168e-008,0
,,,-9.83168e-008,-0.000220973
,,,-9.79168e-008,0.000220973
,,,-9.75168e-008,0
,,,-9.71168e-008,-0.000220973
,,,-9.67168e-008,-0.000441946
,,,-9.63168e-008,0.000441946
,,,-9.59168e-008,-0.000220973
,,,-9.55168e-008,0.000220973
,,,-9.51168e-008,-0.000441946
,,,-9.47168e-008,-0.000220973
,,,-9.43168e-008,-0.000662919
,,,-9.39168e-008,0
,,,-9.35168e-008,0.000441946
,,,-9.31168e-008,0.000220973
,,,-9.27168e-008,-0.000883892
,,,-9.23168e-008,0.000441946
,,,-9.19168e-008,0.000220973
,,,-9.15168e-008,0
,,,-9.11168e-008,0.000441946
,,,-9.07168e-008,0
,,,-9.03168e-008,0
,,,-8.99168e-008,0.000662919
,,,-8.95168e-008,-0.000220973
,,,-8.91168e-008,0.000441946
,,,-8.87168e-008,0.000662919
,,,-8.83168e-008,0.000220973
,,,-8.79168e-008,0.000220973
,,,-8.75168e-008,0.000220973
,,,-8.71168e-008,0.000220973
,,,-8.67168e-008,-0.000220973
,,,-8.63168e-008,0.000662919
,,,-8.59168e-008,0.000441946
,,,-8.55168e-008,-0.000220973
,,,-8.51168e-008,0.00132584
,,,-8.47168e-008,0
,,,-8.43168e-008,0.000441946
,,,-8.39168e-008,0
,,,-8.35168e-008,0.000662919
,,,-8.31168e-008,0
,,,-8.27168e-008,-0.000220973
,,,-8.23168e-008,0.000220973
,,,-8.19168e-008,0
,,,-8.15168e-008,0.000441946
,,,-8.11168e-008,0.000662919
,,,-8.07168e-008,0.000220973
,,,-8.03168e-008,-0.000220973
,,,-7.99168e-008,-0.000220973
,,,-7.95168e-008,0.000220973
,,,-7.91168e-008,0.000441946
,,,-7.87168e-008,-0.000441946
,,,-7.83168e-008,0.000662919
,,,-7.79168e-008,0.000883892
,,,-7.75168e-008,0.000662919
,,,-7.71168e-008,0
,,,-7.67168e-008,0.000441946
,,,-7.63168e-008,-0.000441946
,,,-7.59168e-008,0.000220973
,,,-7.55168e-008,0
,,,-7.51168e-008,0.000220973
,,,-7.47168e-008,0.000220973
,,,-7.43168e-008,-0.000883892
,,,-7.39168e-008,0.000220973
,,,-7.35168e-008,-0.000220973
,,,-7.31168e-008,0.00110486
,,,-7.27168e-008,0.000220973
,,,-7.23168e-008,0.000220973
,,,-7.19168e-008,-0.000220973
,,,-7.15168e-008,0
,,,-7.11168e-008,0.000220973
,,,-7.07168e-008,0.000441946
,,,-7.03168e-008,0
,,,-6.99168e-008,0.000220973
,,,-6.95168e-008,0
,,,-6.91168e-008,0
,,,-6.87168e-008,0.000220973
,,,-6.83168e-008,0.000883892
,,,-6.79168e-008,0
,,,-6.75168e-008,-0.000441946
,,,-6.71168e-008,0.000662919
,,,-6.67168e-008,0.000220973
,,,-6.63168e-008,0.000220973
,,,-6.59168e-008,0.000220973
,,,-6.55168e-008,0.000220973
,,,-6.51168e-008,0
,,,-6.47168e-008,0.000441946
,,,-6.43168e-008,0
,,,-6.39168e-008,0.000441946
,,,-6.35168e-008,0.000220973
,,,-6.31168e-008,0.000662919
,,,-6.27168e-008,0.000441946
,,,-6.23168e-008,0.00110486
,,,-6.19168e-008,0.000441946
,,,-6.15168e-008,0.000441946
,,,-6.11168e-008,0.000662919
,,,-6.07168e-008,0.000662919
,,,-6.03168e-008,0.000662919
,,,-5.99168e-008,0.000883892
,,,-5.95168e-008,0.000220973
,,,-5.91168e-008,0.000220973
,,,-5.87168e-008,0.000220973
,,,-5.83168e-008,-0.000441946
,,,-5.79168e-008,0
,,,-5.75168e-008,0
,,,-5.71168e-008,0
,,,-5.67168e-008,-0.000220973
,,,-5.63168e-008,0.000883892
,,,-5.59168e-008,0.000220973
,,,-5.55168e-008,0.000220973
,,,-5.51168e-008,0.000441946
,,,-5.47168e-008,0
,,,-5.43168e-008,0.000883892
,,,-5.39168e-008,0.000883892
,,,-5.35168e-008,0.000441946
,,,-5.31168e-008,0.000220973
,,,-5.27168e-008,-0.000441946
,,,-5.23168e-008,0.000662919
,,,-5.19168e-008,0.000220973
,,,-5.15168e-008,-0.000220973
,,,-5.11168e-008,-0.000220973
,,,-5.07168e-008,0.000220973
,,,-5.03168e-008,0.000441946
,,,-4.99168e-008,0.000662919
,,,-4.95168e-008,0.000441946
,,,-4.91168e-008,0.000662919
,,,-4.87168e-008,0.000441946
,,,-4.83168e-008,0.000662919
,,,-4.79168e-008,0.000220973
,,,-4.75168e-008,0
,,,-4.71168e-008,-0.000441946
,,,-4.67168e-008,0.000883892
,,,-4.63168e-008,0.000441946
,,,-4.59168e-008,0.000220973
,,,-4.55168e-008,0.000441946
,,,-4.51168e-008,0.000441946
,,,-4.47168e-008,0
,,,-4.43168e-008,0.000220973
,,,-4.39168e-008,0
,,,-4.35168e-008,-0.000441946
,,,-4.31168e-008,0.000441946
,,,-4.27168e-008,0
,,,-4.23168e-008,0
,,,-4.19168e-008,-0.000220973
,,,-4.15168e-008,0
,,,-4.11168e-008,0
,,,-4.07168e-008,0.000883892
,,,-4.03168e-008,0
,,,-3.99168e-008,0.000220973
,,,-3.95168e-008,0.000441946
,,,-3.91168e-008,0
,,,-3.87168e-008,0.000220973
,,,-3.83168e-008,0.000441946
,,,-3.79168e-008,0.000883892
,,,-3.75168e-008,0.000441946
,,,-3.71168e-008,0.000220973
,,,-3.67168e-008,0
,,,-3.63168e-008,0
,,,-3.59168e-008,0.000441946
,,,-3.55168e-008,0.000220973
,,,-3.51168e-008,0.000220973
,,,-3.47168e-008,0.000883892
,,,-3.43168e-008,-0.000220973
,,,-3.39168e-008,0.000220973
,,,-3.35168e-008,-0.000220973
,,,-3.31168e-008,0.00110486
,,,-3.27168e-008,0.000662919
,,,-3.23168e-008,0.000883892
,,,-3.19168e-008,0.000441946
,,,-3.15168e-008,0.000441946
,,,-3.11168e-008,0.000441946
,,,-3.07168e-008,0.000220973
,,,-3.03168e-008,-0.000220973
,,,-2.99168e-008,0.000883892
,,,-2.95168e-008,0
,,,-2.91168e-008,-0.000220973
,,,-2.87168e-008,0.000441946
,,,-2.83168e-008,0.000441946
,,,-2.79168e-008,0
,,,-2.75168e-008,-0.000220973
,,,-2.71168e-008,-0.000220973
,,,-2.67168e-008,-0.000441946
,,,-2.63168e-008,0.000220973
,,,-2.59168e-008,0.000441946
,,,-2.55168e-008,0
,,,-2.51168e-008,0.000662919
,,,-2.47168e-008,0.000441946
,,,-2.43168e-008,-0.000220973
,,,-2.39168e-008,-0.000662919
,,,-2.35168e-008,0.000441946
,,,-2.31168e-008,0.000220973
,,,-2.27168e-008,-0.000662919
,,,-2.23168e-008,0.000662919
,,,-2.19168e-008,0.00110486
,,,-2.15168e-008,0.000662919
,,,-2.11168e-008,0.000662919
,,,-2.07168e-008,0.000220973
,,,-2.03168e-008,0.000662919
,,,-1.99168e-008,-0.000662919
,,,-1.95168e-008,0
,,,-1.91168e-008,0.000662919
,,,-1.87168e-008,0.000441946
,,,-1.83168e-008,-0.000441946
,,,-1.79168e-008,0.000220973
,,,-1.75168e-008,0.000441946
,,,-1.71168e-008,0.000220973
,,,-1.67168e-008,0.000662919
,,,-1.63168e-008,0
,,,-1.59168e-008,-0.000220973
,,,-1.55168e-008,0.000662919
,,,-1.51168e-008,0.000220973
,,,-1.47168e-008,0.000220973
,,,-1.43168e-008,0
,,,-1.39168e-008,0.000662919
,,,-1.35168e-008,0.000662919
,,,-1.31168e-008,0.00132584
,,,-1.27168e-008,0.000441946
,,,-1.23168e-008,0.000220973
,,,-1.19168e-008,0.000441946
,,,-1.15168e-008,0.000441946
,,,-1.11168e-008,0
,,,-1.07168e-008,0.000662919
,,,-1.03168e-008,0
,,,-9.91682e-009,0.00110486
,,,-9.51682e-009,0.000883892
,,,-9.11682e-009,0
,,,-8.71682e-009,0.000220973
,,,-8.31682e-009,0.000441946
,,,-7.91682e-009,0
,,,-7.51682e-009,0
,,,-7.11682e-009,0.000662919
,,,-6.71682e-009,0.000441946
,,,-6.31682e-009,0.000220973
,,,-5.91682e-009,0.000441946
,,,-5.51682e-009,0
,,,-5.11682e-009,0.000883892
,,,-4.71682e-009,0.000662919
,,,-4.31682e-009,0
,,,-3.91682e-009,-0.000220973
,,,-3.51682e-009,-0.000220973
,,,-3.11682e-009,0.000441946
,,,-2.71682e-009,0.000220973
,,,-2.31682e-009,0.000220973
,,,-1.91682e-009,-0.000220973
,,,-1.51682e-009,0
,,,-1.11682e-009,0
,,,-7.16823e-010,-0.000220973
,,,-3.16823e-010,0.000441946
,,,8.31767e-011,0.000441946
,,,4.83177e-010,0.000662919
,,,8.83177e-010,0
,,,1.28318e-009,0
,,,1.68318e-009,0
,,,2.08318e-009,0.000662919
,,,2.48318e-009,0.000662919
,,,2.88318e-009,0.000220973
,,,3.28318e-009,0.000441946
,,,3.68318e-009,0
,,,4.08318e-009,0.000220973
,,,4.48318e-009,0.000441946
,,,4.88318e-009,0.000662919
,,,5.28318e-009,0.000441946
,,,5.68318e-009,0.000220973
,,,6.08318e-009,-0.000220973
,,,6.48318e-009,-0.000220973
,,,6.88318e-009,0.000883892
,,,7.28318e-009,0.000220973
,,,7.68318e-009,-0.000441946
,,,8.08318e-009,0.000220973
,,,8.48318e-009,0.00110486
,,,8.88318e-009,-0.000220973
,,,9.28318e-009,0.000441946
,,,9.68318e-009,0.000220973
,,,1.00832e-008,-0.000441946
,,,1.04832e-008,0.000441946
,,,1.08832e-008,0.000662919
,,,1.12832e-008,0.000220973
,,,1.16832e-008,0.000441946
,,,1.20832e-008,0
,,,1.24832e-008,0.000441946
,,,1.28832e-008,0.000441946
,,,1.32832e-008,0.00110486
,,,1.36832e-008,0.000220973
,,,1.40832e-008,0.000220973
,,,1.44832e-008,-0.000441946
,,,1.48832e-008,0.000662919
,,,1.52832e-008,0.000662919
,,,1.56832e-008,-0.000220973
,,,1.60832e-008,-0.000441946
,,,1.64832e-008,0.000220973
,,,1.68832e-008,0.000883892
,,,1.72832e-008,-0.000220973
,,,1.76832e-008,0
,,,1.80832e-008,0.000662919
,,,1.84832e-008,0.000220973
,,,1.88832e-008,0.000883892
,,,1.92832e-008,0
,,,1.96832e-008,0.000220973
,,,2.00832e-008,0.000220973
,,,2.04832e-008,-0.000220973
,,,2.08832e-008,0.000220973
,,,2.12832e-008,-0.000441946
,,,2.16832e-008,0.000220973
,,,2.20832e-008,-0.000220973
,,,2.24832e-008,0.000662919
,,,2.28832e-008,0.000662919
,,,2.32832e-008,0.000220973
,,,2.36832e-008,0.000441946
,,,2.40832e-008,0.000441946
,,,2.44832e-008,0.000220973
,,,2.48832e-008,-0.000220973
,,,2.52832e-008,0.000883892
,,,2.56832e-008,0.000220973
,,,2.60832e-008,0
,,,2.64832e-008,0.000441946
,,,2.68832e-008,0.000441946
,,,2.72832e-008,0
,,,2.76832e-008,0
,,,2.80832e-008,0.000220973
,,,2.84832e-008,0.000662919
,,,2.88832e-008,0.00110486
,,,2.92832e-008,0.000441946
,,,2.96832e-008,-0.000441946
,,,3.00832e-008,0
,,,3.04832e-008,-0.000220973
,,,3.08832e-008,-0.000883892
,,,3.12832e-008,0.000220973
,,,3.16832e-008,0.000662919
,,,3.20832e-008,0
,,,3.24832e-008,0.000662919
,,,3.28832e-008,0.000220973
,,,3.32832e-008,0.000441946
,,,3.36832e-008,0.000662919
,,,3.40832e-008,0.000883892
,,,3.44832e-008,0.000220973
,,,3.48832e-008,0.000662919
,,,3.52832e-008,0.000441946
,,,3.56832e-008,0
,,,3.60832e-008,-0.000220973
,,,3.64832e-008,0
,,,3.68832e-008,0.000220973
,,,3.72832e-008,0.000441946
,,,3.76832e-008,0.000220973
,,,3.80832e-008,0
,,,3.84832e-008,0.000220973
,,,3.88832e-008,0.000662919
,,,3.92832e-008,0.000441946
,,,3.96832e-008,0.000220973
,,,4.00832e-008,0
,,,4.04832e-008,0.000662919
,,,4.08832e-008,0.000441946
,,,4.12832e-008,0
,,,4.16832e-008,0.000220973
,,,4.20832e-008,0.000662919
,,,4.24832e-008,-0.000441946
,,,4.28832e-008,0.000662919
,,,4.32832e-008,0.000220973
,,,4.36832e-008,0.000662919
,,,4.40832e-008,0.000662919
,,,4.44832e-008,0.000220973
,,,4.48832e-008,0
,,,4.52832e-008,0.000220973
,,,4.56832e-008,0
,,,4.60832e-008,0.00132584
,,,4.64832e-008,-0.000220973
,,,4.68832e-008,0
,,,4.72832e-008,-0.000220973
,,,4.76832e-008,0.000220973
,,,4.80832e-008,-0.000220973
,,,4.84832e-008,0
,,,4.88832e-008,0.000441946
,,,4.92832e-008,-0.000441946
,,,4.96832e-008,0
,,,5.00832e-008,0.000220973
,,,5.04832e-008,0.000441946
,,,5.08832e-008,0.000220973
,,,5.12832e-008,0
,,,5.16832e-008,0
,,,5.20832e-008,0.000220973
,,,5.24832e-008,0.000220973
,,,5.28832e-008,0.000883892
,,,5.32832e-008,-0.000662919
,,,5.36832e-008,0
,,,5.40832e-008,0.000220973
,,,5.44832e-008,0.000220973
,,,5.48832e-008,0.000441946
,,,5.52832e-008,0.000883892
,,,5.56832e-008,0.000220973
,,,5.60832e-008,0.000220973
,,,5.64832e-008,0.000883892
,,,5.68832e-008,0.000220973
,,,5.72832e-008,0.000220973
,,,5.76832e-008,0.000662919
,,,5.80832e-008,0.000220973
,,,5.84832e-008,0.000220973
,,,5.88832e-008,0.000662919
,,,5.92832e-008,0.000220973
,,,5.96832e-008,0.000441946
,,,6.00832e-008,0.000883892
,,,6.04832e-008,0
,,,6.08832e-008,0
,,,6.12832e-008,0
,,,6.16832e-008,-0.000441946
,,,6.20832e-008,0.000662919
,,,6.24832e-008,0.000883892
,,,6.28832e-008,0.000441946
,,,6.32832e-008,0.000441946
,,,6.36832e-008,0
,,,6.40832e-008,0.000220973
,,,6.44832e-008,0.000220973
,,,6.48832e-008,0
,,,6.52832e-008,0
,,,6.56832e-008,0.000220973
,,,6.60832e-008,0.000662919
,,,6.64832e-008,0.000441946
,,,6.68832e-008,0.000883892
,,,6.72832e-008,0.000220973
,,,6.76832e-008,0.000220973
,,,6.80832e-008,0.000662919
,,,6.84832e-008,0.000662919
,,,6.88832e-008,0.000220973
,,,6.92832e-008,0.000220973
,,,6.96832e-008,-0.000220973
,,,7.00832e-008,0.000441946
,,,7.04832e-008,0.000441946
,,,7.08832e-008,0.000883892
,,,7.12832e-008,0.000662919
,,,7.16832e-008,0.000662919
,,,7.20832e-008,-0.000662919
,,,7.24832e-008,0.000662919
,,,7.28832e-008,0
,,,7.32832e-008,0.000883892
,,,7.36832e-008,0.000220973
,,,7.40832e-008,0.000441946
,,,7.44832e-008,-0.000220973
,,,7.48832e-008,0
,,,7.52832e-008,0
,,,7.56832e-008,0.000441946
,,,7.60832e-008,-0.000441946
,,,7.64832e-008,0.000220973
,,,7.68832e-008,0.000883892
,,,7.72832e-008,0.000662919
,,,7.76832e-008,0.000441946
,,,7.80832e-008,0
,,,7.84832e-008,-0.000662919
,,,7.88832e-008,0
,,,7.92832e-008,0.00110486
,,,7.96832e-008,0
,,,8.00832e-008,0.000662919
,,,8.04832e-008,0.000883892
,,,8.08832e-008,0.000441946
,,,8.12832e-008,0.000662919
,,,8.16832e-008,0.000220973
,,,8.20832e-008,0
,,,8.24832e-008,0.000662919
,,,8.28832e-008,0.000662919
,,,8.32832e-008,0.000441946
,,,8.36832e-008,0.000441946
,,,8.40832e-008,0.000662919
,,,8.44832e-008,0.000220973
,,,8.48832e-008,0.000220973
,,,8.52832e-008,0
,,,8.56832e-008,-0.000220973
,,,8.60832e-008,0.000441946
,,,8.64832e-008,-0.000441946
,,,8.68832e-008,0.000441946
,,,8.72832e-008,0
,,,8.76832e-008,0.000441946
,,,8.80832e-008,0
,,,8.84832e-008,0.000662919
,,,8.88832e-008,-0.000441946
,,,8.92832e-008,0.000220973
,,,8.96832e-008,0.000220973
,,,9.00832e-008,0.000441946
,,,9.04832e-008,-0.000220973
,,,9.08832e-008,0.000441946
,,,9.12832e-008,0.000662919
,,,9.16832e-008,0.000220973
,,,9.20832e-008,0.000662919
,,,9.24832e-008,0.000662919
,,,9.28832e-008,0
,,,9.32832e-008,0.000883892
,,,9.36832e-008,0.000883892
,,,9.40832e-008,0.00132584
,,,9.44832e-008,0.00198876
,,,9.48832e-008,0.00309362
,,,9.52832e-008,0.00375654
,,,9.56832e-008,0.00464043
,,,9.60832e-008,0.00596627
,,,9.64832e-008,0.00662919
,,,9.68832e-008,0.00707114
,,,9.72832e-008,0.00883892
,,,9.76832e-008,0.00972281
,,,9.80832e-008,0.0114906
,,,9.84832e-008,0.0132584
,,,9.88832e-008,0.0134794
,,,9.92832e-008,0.0139213
,,,9.96832e-008,0.0148052
,,,1.00083e-007,0.0152471
,,,1.00483e-007,0.0154681
,,,1.00883e-007,0.0156891
,,,1.01283e-007,0.0159101
,,,1.01683e-007,0.016352
,,,1.02083e-007,0.0167939
,,,1.02483e-007,0.0167939
,,,1.02883e-007,0.0176778
,,,1.03283e-007,0.016573
,,,1.03683e-007,0.0170149
,,,1.04083e-007,0.0170149
,,,1.04483e-007,0.0185617
,,,1.04883e-007,0.0181198
,,,1.05283e-007,0.0172359
,,,1.05683e-007,0.0178988
,,,1.06083e-007,0.0172359
,,,1.06483e-007,0.0178988
,,,1.06883e-007,0.0178988
,,,1.07283e-007,0.0170149
,,,1.07683e-007,0.0174569
,,,1.08083e-007,0.0176778
,,,1.08483e-007,0.0176778
,,,1.08883e-007,0.0181198
,,,1.09283e-007,0.0174569
,,,1.09683e-007,0.0181198
,,,1.10083e-007,0.0185617
,,,1.10483e-007,0.0178988
,,,1.10883e-007,0.0178988
,,,1.11283e-007,0.0187827
,,,1.11683e-007,0.0185617
,,,1.12083e-007,0.0176778
,,,1.12483e-007,0.0185617
,,,1.12883e-007,0.0174569
,,,1.13283e-007,0.0174569
,,,1.13683e-007,0.0170149
,,,1.14083e-007,0.0181198
,,,1.14483e-007,0.0176778
,,,1.14883e-007,0.0190037
,,,1.15283e-007,0.0176778
,,,1.15683e-007,0.0170149
,,,1.16083e-007,0.0181198
,,,1.16483e-007,0.0178988
,,,1.16883e-007,0.0176778
,,,1.17283e-007,0.0181198
,,,1.17683e-007,0.0174569
,,,1.18083e-007,0.0174569
,,,1.18483e-007,0.0183408
,,,1.18883e-007,0.0190037
,,,1.19283e-007,0.0185617
,,,1.19683e-007,0.0185617
,,,1.20083e-007,0.0181198
,,,1.20483e-007,0.0178988
,,,1.20883e-007,0.0183408
,,,1.21283e-007,0.0185617
,,,1.21683e-007,0.0187827
,,,1.22083e-007,0.0192246
,,,1.22483e-007,0.0194456
,,,1.22883e-007,0.0185617
,,,1.23283e-007,0.0192246
,,,1.23683e-007,0.0201085
,,,1.24083e-007,0.0196666
,,,1.24483e-007,0.0196666
,,,1.24883e-007,0.0203295
,,,1.25283e-007,0.0214344
,,,1.25683e-007,0.0205505
,,,1.26083e-007,0.0218763
,,,1.26483e-007,0.0212134
,,,1.26883e-007,0.0214344
,,,1.27283e-007,0.0212134
,,,1.27683e-007,0.0209924
,,,1.28083e-007,0.0201085
,,,1.28483e-007,0.0198876
,,,1.28883e-007,0.0192246
,,,1.29283e-007,0.0192246
,,,1.29683e-007,0.0187827
,,,1.30083e-007,0.0185617
,,,1.30483e-007,0.0176778
,,,1.30883e-007,0.0183408
,,,1.31283e-007,0.0178988
,,,1.31683e-007,0.0187827
,,,1.32083e-007,0.0172359
,,,1.32483e-007,0.0167939
,,,1.32883e-007,0.0172359
,,,1.33283e-007,0.0170149
,,,1.33683e-007,0.0170149
,,,1.34083e-007,0.0172359
,,,1.34483e-007,0.0170149
,,,1.34883e-007,0.0176778
,,,1.35283e-007,0.016573
,,,1.35683e-007,0.0167939
,,,1.36083e-007,0.0159101
,,,1.36483e-007,0.0172359
,,,1.36883e-007,0.016573
,,,1.37283e-007,0.0167939
,,,1.37683e-007,0.016573
,,,1.38083e-007,0.016573
,,,1.38483e-007,0.016573
,,,1.38883e-007,0.0170149
,,,1.39283e-007,0.0156891
,,,1.39683e-007,0.016131
,,,1.40083e-007,0.0156891
,,,1.40483e-007,0.0156891
,,,1.40883e-007,0.016131
,,,1.41283e-007,0.0156891
,,,1.41683e-007,0.0156891
,,,1.42083e-007,0.016352
,,,1.42483e-007,0.0159101
,,,1.42883e-007,0.016131
,,,1.43283e-007,0.0152471
,,,1.43683e-007,0.0152471
,,,1.44083e-007,0.0150262
,,,1.44483e-007,0.0152471
,,,1.44883e-007,0.0154681
,,,1.45283e-007,0.0150262
,,,1.45683e-007,0.0152471
,,,1.46083e-007,0.0152471
,,,1.46483e-007,0.0152471
,,,1.46883e-007,0.0145842
,,,1.47283e-007,0.0143632
,,,1.47683e-007,0.0150262
,,,1.48083e-007,0.0145842
,,,1.48483e-007,0.0145842
,,,1.48883e-007,0.0148052
,,,1.49283e-007,0.0143632
,,,1.49683e-007,0.0143632
,,,1.50083e-007,0.0143632
,,,1.50483e-007,0.0148052
,,,1.50883e-007,0.0145842
,,,1.51283e-007,0.0150262
,,,1.51683e-007,0.0152471
,,,1.52083e-007,0.0145842
,,,1.52483e-007,0.0152471
,,,1.52883e-007,0.0139213
,,,1.53283e-007,0.0148052
,,,1.53683e-007,0.0139213
,,,1.54083e-007,0.0141423
,,,1.54483e-007,0.0137003
,,,1.54883e-007,0.0132584
,,,1.55283e-007,0.0132584
,,,1.55683e-007,0.0123745
,,,1.56083e-007,0.0130374
,,,1.56483e-007,0.0123745
,,,1.56883e-007,0.0123745
,,,1.57283e-007,0.0121535
,,,1.57683e-007,0.0121535
,,,1.58083e-007,0.0119325
,,,1.58483e-007,0.0114906
,,,1.58883e-007,0.0128164
,,,1.59283e-007,0.0123745
,,,1.59683e-007,0.0117116
,,,1.60083e-007,0.0121535
,,,1.60483e-007,0.0121535
,,,1.60883e-007,0.0125955
,,,1.61283e-007,0.0119325
,,,1.61683e-007,0.0121535
,,,1.62083e-007,0.0121535
,,,1.62483e-007,0.0125955
,,,1.62883e-007,0.0121535
,,,1.63283e-007,0.0117116
,,,1.63683e-007,0.0123745
,,,1.64083e-007,0.0119325
,,,1.64483e-007,0.0112696
,,,1.64883e-007,0.0112696
,,,1.65283e-007,0.0114906
,,,1.65683e-007,0.0125955
,,,1.66083e-007,0.0123745
,,,1.66483e-007,0.0123745
,,,1.66883e-007,0.0130374
,,,1.67283e-007,0.0125955
,,,1.67683e-007,0.0125955
,,,1.68083e-007,0.0119325
,,,1.68483e-007,0.0125955
,,,1.68883e-007,0.0117116
,,,1.69283e-007,0.0123745
,,,1.69683e-007,0.0123745
,,,1.70083e-007,0.0125955
,,,1.70483e-007,0.0121535
,,,1.70883e-007,0.0128164
,,,1.71283e-007,0.0117116
,,,1.71683e-007,0.0121535
,,,1.72083e-007,0.0117116
,,,1.72483e-007,0.0108277
,,,1.72883e-007,0.0128164
,,,1.73283e-007,0.0123745
,,,1.73683e-007,0.0123745
,,,1.74083e-007,0.0119325
,,,1.74483e-007,0.0123745
,,,1.74883e-007,0.0121535
,,,1.75283e-007,0.0128164
,,,1.75683e-007,0.0125955
,,,1.76083e-007,0.0119325
,,,1.76483e-007,0.0130374
,,,1.76883e-007,0.0121535
,,,1.77283e-007,0.0130374
,,,1.77683e-007,0.0123745
,,,1.78083e-007,0.0128164
,,,1.78483e-007,0.0137003
,,,1.78883e-007,0.0134794
,,,1.79283e-007,0.0134794
,,,1.79683e-007,0.0125955
,,,1.80083e-007,0.0125955
,,,1.80483e-007,0.0125955
,,,1.80883e-007,0.0125955
,,,1.81283e-007,0.0123745
,,,1.81683e-007,0.0125955
,,,1.82083e-007,0.0125955
,,,1.82483e-007,0.0119325
,,,1.82883e-007,0.0125955
,,,1.83283e-007,0.0128164
,,,1.83683e-007,0.0119325
,,,1.84083e-007,0.0123745
,,,1.84483e-007,0.0117116
,,,1.84883e-007,0.0121535
,,,1.85283e-007,0.0125955
,,,1.85683e-007,0.0130374
,,,1.86083e-007,0.0125955
,,,1.86483e-007,0.0128164
,,,1.86883e-007,0.0137003
,,,1.87283e-007,0.0125955
,,,1.87683e-007,0.0132584
,,,1.88083e-007,0.0121535
,,,1.88483e-007,0.0117116
,,,1.88883e-007,0.0130374
,,,1.89283e-007,0.0134794
,,,1.89683e-007,0.0132584
,,,1.90083e-007,0.0132584
,,,1.90483e-007,0.0137003
,,,1.90883e-007,0.0134794
,,,1.91283e-007,0.0143632
,,,1.91683e-007,0.0137003
,,,1.92083e-007,0.0130374
,,,1.92483e-007,0.0139213
,,,1.92883e-007,0.0134794
,,,1.93283e-007,0.0132584
,,,1.93683e-007,0.0134794
,,,1.94083e-007,0.0141423
,,,1.94483e-007,0.0139213
,,,1.94883e-007,0.0137003
,,,1.95283e-007,0.0137003
,,,1.95683e-007,0.0137003
,,,1.96083e-007,0.0130374
,,,1.96483e-007,0.0137003
,,,1.96883e-007,0.0130374
,,,1.97283e-007,0.0134794
,,,1.97683e-007,0.0132584
,,,1.98083e-007,0.0125955
,,,1.98483e-007,0.0123745
,,,1.98883e-007,0.0132584
,,,1.99283e-007,0.0128164
,,,1.99683e-007,0.0130374
,,,2.00083e-007,0.0132584
,,,2.00483e-007,0.0132584
,,,2.00883e-007,0.0128164
,,,2.01283e-007,0.0125955
,,,2.01683e-007,0.0125955
,,,2.02083e-007,0.0130374
,,,2.02483e-007,0.0121535
,,,2.02883e-007,0.0121535
,,,2.03283e-007,0.0114906
,,,2.03683e-007,0.0114906
,,,2.04083e-007,0.0117116
,,,2.04483e-007,0.0119325
,,,2.04883e-007,0.0110486
,,,2.05283e-007,0.0103857
,,,2.05683e-007,0.0110486
,,,2.06083e-007,0.0108277
,,,2.06483e-007,0.0103857
,,,2.06883e-007,0.0103857
,,,2.07283e-007,0.0103857
,,,2.07683e-007,0.0101648
,,,2.08083e-007,0.0103857
,,,2.08483e-007,0.00972281
,,,2.08883e-007,0.00928087
,,,2.09283e-007,0.00905989
,,,2.09683e-007,0.00905989
,,,2.10083e-007,0.00861795
,,,2.10483e-007,0.00839697
,,,2.10883e-007,0.00729211
,,,2.11283e-007,0.00707114
,,,2.11683e-007,0.00662919
,,,2.12083e-007,0.00707114
,,,2.12483e-007,0.00685016
,,,2.12883e-007,0.00596627
,,,2.13283e-007,0.00530335
,,,2.13683e-007,0.00464043
,,,2.14083e-007,0.00486141
,,,2.14483e-007,0.00419849
,,,2.14883e-007,0.00508238
,,,2.15283e-007,0.00375654
,,,2.15683e-007,0.00353557
,,,2.16083e-007,0.00397751
,,,2.16483e-007,0.00375654
,,,2.16883e-007,0.00309362
,,,2.17283e-007,0.00309362
,,,2.17683e-007,0.0024307
,,,2.18083e-007,0.00265168
,,,2.18483e-007,0.0024307
,,,2.18883e-007,0.00220973
,,,2.19283e-007,0.00198876
,,,2.19683e-007,0.00265168
,,,2.20083e-007,0.0024307
,,,2.20483e-007,0.0024307
,,,2.20883e-007,0.00220973
,,,2.21283e-007,0.00154681
,,,2.21683e-007,0.00132584
,,,2.22083e-007,0.00154681
,,,2.22483e-007,0.00154681
,,,2.22883e-007,0.00110486
,,,2.23283e-007,0.00176778
,,,2.23683e-007,0.000883892
,,,2.24083e-007,0.000883892
,,,2.24483e-007,0.00132584
,,,2.24883e-007,0.00110486
,,,2.25283e-007,0.00110486
,,,2.25683e-007,0.00154681
,,,2.26083e-007,0.00110486
,,,2.26483e-007,0.000883892
,,,2.26883e-007,0.00132584
,,,2.27283e-007,0.000883892
,,,2.27683e-007,0.00176778
,,,2.28083e-007,0.00154681
,,,2.28483e-007,0.000662919
,,,2.28883e-007,0.000883892
,,,2.29283e-007,0.000441946
,,,2.29683e-007,0
,,,2.30083e-007,0.000662919
,,,2.30483e-007,0.00154681
,,,2.30883e-007,0.00132584
,,,2.31283e-007,0.000662919
,,,2.31683e-007,0.000883892
,,,2.32083e-007,0.000220973
,,,2.32483e-007,0.00110486
,,,2.32883e-007,0.000662919
,,,2.33283e-007,0.000441946
,,,2.33683e-007,0.000441946
,,,2.34083e-007,0.000220973
,,,2.34483e-007,0.00110486
,,,2.34883e-007,0.000662919
,,,2.35283e-007,-0.000220973
,,,2.35683e-007,-0.000220973
,,,2.36083e-007,0.000441946
,,,2.36483e-007,0.000441946
,,,2.36883e-007,-0.000662919
,,,2.37283e-007,-0.000662919
,,,2.37683e-007,0
,,,2.38083e-007,0
,,,2.38483e-007,-0.000662919
,,,2.38883e-007,-0.000883892
,,,2.39283e-007,0
,,,2.39683e-007,0.000220973
,,,2.40083e-007,-0.000220973
,,,2.40483e-007,-0.000441946
,,,2.40883e-007,-0.000441946
,,,2.41283e-007,-0.000662919
,,,2.41683e-007,-0.000883892
,,,2.42083e-007,0
,,,2.42483e-007,0.000220973
,,,2.42883e-007,-0.000441946
,,,2.43283e-007,-0.000220973
,,,2.43683e-007,-0.000662919
,,,2.44083e-007,-0.000441946
,,,2.44483e-007,-0.000441946
,,,2.44883e-007,-0.000220973
,,,2.45283e-007,-0.00132584
,,,2.45683e-007,0
,,,2.46083e-007,-0.000220973
,,,2.46483e-007,-0.000220973
,,,2.46883e-007,0
,,,2.47283e-007,0
,,,2.47683e-007,0
,,,2.48083e-007,0.000662919
,,,2.48483e-007,0.000441946
,,,2.48883e-007,0.000220973
,,,2.49283e-007,0
,,,2.49683e-007,0.000441946
,,,2.50083e-007,0.000883892
