"Record Length",1252,"Points",-2.50366e-007,0.000220973
"Sample Interval",4e-010,s,-2.49966e-007,0.000220973
"Trigger Point",625,"Samples",-2.49566e-007,0.000662919
"Trigger Time",0.915702,s,-2.49166e-007,0.000220973
,,,-2.48766e-007,0
"Horizontal Offset",-2.50366e-007,s,-2.48366e-007,0
,,,-2.47966e-007,-0.000662919
,,,-2.47566e-007,0.000220973
,,,-2.47166e-007,0.000883892
,,,-2.46766e-007,0.000441946
,,,-2.46366e-007,0.000662919
,,,-2.45966e-007,0.000883892
,,,-2.45566e-007,0.000662919
,,,-2.45166e-007,-0.000220973
,,,-2.44766e-007,-0.000220973
,,,-2.44366e-007,-0.000220973
,,,-2.43966e-007,0.000220973
,,,-2.43566e-007,0.000220973
,,,-2.43166e-007,0.000441946
,,,-2.42766e-007,0.000220973
,,,-2.42366e-007,0.000220973
,,,-2.41966e-007,-0.000441946
,,,-2.41566e-007,0.00110486
,,,-2.41166e-007,-0.000220973
,,,-2.40766e-007,0.000441946
,,,-2.40366e-007,0.000441946
,,,-2.39966e-007,0.000220973
,,,-2.39566e-007,0.000220973
,,,-2.39166e-007,0.000662919
,,,-2.38766e-007,0.000220973
,,,-2.38366e-007,0
,,,-2.37966e-007,0.00110486
,,,-2.37566e-007,0.000441946
,,,-2.37166e-007,0.000441946
,,,-2.36766e-007,0.00132584
,,,-2.36366e-007,0.000220973
,,,-2.35966e-007,0.000662919
,,,-2.35566e-007,0.000220973
,,,-2.35166e-007,0.000883892
,,,-2.34766e-007,-0.000220973
,,,-2.34366e-007,0.000662919
,,,-2.33966e-007,0
,,,-2.33566e-007,0.000441946
,,,-2.33166e-007,0.000662919
,,,-2.32766e-007,0.000441946
,,,-2.32366e-007,0
,,,-2.31966e-007,0.000883892
,,,-2.31566e-007,0.000441946
,,,-2.31166e-007,0.000441946
,,,-2.30766e-007,0.000883892
,,,-2.30366e-007,-0.000220973
,,,-2.29966e-007,0.000441946
,,,-2.29566e-007,0.000662919
,,,-2.29166e-007,0.000220973
,,,-2.28766e-007,0.000220973
,,,-2.28366e-007,0.000220973
,,,-2.27966e-007,0.000220973
,,,-2.27566e-007,0
,,,-2.27166e-007,0.000883892
,,,-2.26766e-007,0.000441946
,,,-2.26366e-007,-0.000220973
,,,-2.25966e-007,0.000883892
,,,-2.25566e-007,0.000883892
,,,-2.25166e-007,0.000220973
,,,-2.24766e-007,0.00132584
,,,-2.24366e-007,0.00110486
,,,-2.23966e-007,0.000662919
,,,-2.23566e-007,0.000220973
,,,-2.23166e-007,0.000441946
,,,-2.22766e-007,0.000220973
,,,-2.22366e-007,0
,,,-2.21966e-007,0.00132584
,,,-2.21566e-007,0.000883892
,,,-2.21166e-007,0.000441946
,,,-2.20766e-007,0.000220973
,,,-2.20366e-007,0.000220973
,,,-2.19966e-007,0.000883892
,,,-2.19566e-007,0.000220973
,,,-2.19166e-007,0.000220973
,,,-2.18766e-007,-0.000220973
,,,-2.18366e-007,0.000220973
,,,-2.17966e-007,0.000441946
,,,-2.17566e-007,0.00110486
,,,-2.17166e-007,0.000441946
,,,-2.16766e-007,0
,,,-2.16366e-007,0.000441946
,,,-2.15966e-007,0
,,,-2.15566e-007,0.000441946
,,,-2.15166e-007,0.000883892
,,,-2.14766e-007,0.000662919
,,,-2.14366e-007,0
,,,-2.13966e-007,0.000662919
,,,-2.13566e-007,0.000220973
,,,-2.13166e-007,0.000883892
,,,-2.12766e-007,0.000662919
,,,-2.12366e-007,0.000441946
,,,-2.11966e-007,0.000441946
,,,-2.11566e-007,0.000883892
,,,-2.11166e-007,0
,,,-2.10766e-007,-0.000220973
,,,-2.10366e-007,0
,,,-2.09966e-007,0.000220973
,,,-2.09566e-007,0.000883892
,,,-2.09166e-007,0.000441946
,,,-2.08766e-007,0.000220973
,,,-2.08366e-007,0.000441946
,,,-2.07966e-007,0.00132584
,,,-2.07566e-007,-0.000441946
,,,-2.07166e-007,0.000883892
,,,-2.06766e-007,0.000220973
,,,-2.06366e-007,0.000220973
,,,-2.05966e-007,0.000220973
,,,-2.05566e-007,0.000220973
,,,-2.05166e-007,0.000662919
,,,-2.04766e-007,0.000662919
,,,-2.04366e-007,0.000441946
,,,-2.03966e-007,0.000441946
,,,-2.03566e-007,0.000441946
,,,-2.03166e-007,0.000662919
,,,-2.02766e-007,0.000662919
,,,-2.02366e-007,0
,,,-2.01966e-007,-0.000220973
,,,-2.01566e-007,0.000441946
,,,-2.01166e-007,0.000662919
,,,-2.00766e-007,0.000883892
,,,-2.00366e-007,0.000662919
,,,-1.99966e-007,0.000220973
,,,-1.99566e-007,-0.000441946
,,,-1.99166e-007,0.000220973
,,,-1.98766e-007,0.000220973
,,,-1.98366e-007,0.000441946
,,,-1.97966e-007,0.000220973
,,,-1.97566e-007,0.000662919
,,,-1.97166e-007,0.000220973
,,,-1.96766e-007,0.000220973
,,,-1.96366e-007,0.000441946
,,,-1.95966e-007,0.000441946
,,,-1.95566e-007,0.000220973
,,,-1.95166e-007,0
,,,-1.94766e-007,0.000441946
,,,-1.94366e-007,-0.000220973
,,,-1.93966e-007,0.000220973
,,,-1.93566e-007,0.000441946
,,,-1.93166e-007,0
,,,-1.92766e-007,0.000220973
,,,-1.92366e-007,0.000883892
,,,-1.91966e-007,0.00110486
,,,-1.91566e-007,0
,,,-1.91166e-007,0.000220973
,,,-1.90766e-007,0
,,,-1.90366e-007,0.000441946
,,,-1.89966e-007,0.000662919
,,,-1.89566e-007,0.000220973
,,,-1.89166e-007,0
,,,-1.88766e-007,0.000883892
,,,-1.88366e-007,0.00110486
,,,-1.87966e-007,0.000220973
,,,-1.87566e-007,0.000662919
,,,-1.87166e-007,-0.000220973
,,,-1.86766e-007,0.000220973
,,,-1.86366e-007,0.00132584
,,,-1.85966e-007,-0.000220973
,,,-1.85566e-007,0.000220973
,,,-1.85166e-007,-0.000662919
,,,-1.84766e-007,0.000662919
,,,-1.84366e-007,0.000662919
,,,-1.83966e-007,0.000883892
,,,-1.83566e-007,0
,,,-1.83166e-007,0.000441946
,,,-1.82766e-007,0.000883892
,,,-1.82366e-007,0
,,,-1.81966e-007,0.000220973
,,,-1.81566e-007,0.000662919
,,,-1.81166e-007,-0.000220973
,,,-1.80766e-007,0.000220973
,,,-1.80366e-007,0.000441946
,,,-1.79966e-007,0.000662919
,,,-1.79566e-007,0.000220973
,,,-1.79166e-007,0.000220973
,,,-1.78766e-007,0.000220973
,,,-1.78366e-007,0.000662919
,,,-1.77966e-007,0.000441946
,,,-1.77566e-007,0
,,,-1.77166e-007,0.000441946
,,,-1.76766e-007,0.000662919
,,,-1.76366e-007,0.000662919
,,,-1.75966e-007,0.000662919
,,,-1.75566e-007,0.000883892
,,,-1.75166e-007,0
,,,-1.74766e-007,0.000441946
,,,-1.74366e-007,0.00110486
,,,-1.73966e-007,0.000220973
,,,-1.73566e-007,0.000220973
,,,-1.73166e-007,0.000883892
,,,-1.72766e-007,-0.000441946
,,,-1.72366e-007,0.000441946
,,,-1.71966e-007,0.000441946
,,,-1.71566e-007,0.000441946
,,,-1.71166e-007,-0.000220973
,,,-1.70766e-007,0.000220973
,,,-1.70366e-007,0
,,,-1.69966e-007,0
,,,-1.69566e-007,0.000662919
,,,-1.69166e-007,0.000441946
,,,-1.68766e-007,0.000441946
,,,-1.68366e-007,0.000220973
,,,-1.67966e-007,0.00110486
,,,-1.67566e-007,0.000220973
,,,-1.67166e-007,0.000662919
,,,-1.66766e-007,0.000220973
,,,-1.66366e-007,0.000220973
,,,-1.65966e-007,0.000662919
,,,-1.65566e-007,0.000220973
,,,-1.65166e-007,0.000220973
,,,-1.64766e-007,0.000662919
,,,-1.64366e-007,0.000883892
,,,-1.63966e-007,0.000662919
,,,-1.63566e-007,0.000883892
,,,-1.63166e-007,0.000883892
,,,-1.62766e-007,0.000441946
,,,-1.62366e-007,-0.000220973
,,,-1.61966e-007,-0.000441946
,,,-1.61566e-007,0.000441946
,,,-1.61166e-007,0.000883892
,,,-1.60766e-007,0.000441946
,,,-1.60366e-007,0.000220973
,,,-1.59966e-007,0.000662919
,,,-1.59566e-007,0
,,,-1.59166e-007,0.000441946
,,,-1.58766e-007,0.000883892
,,,-1.58366e-007,0.000441946
,,,-1.57966e-007,0.000441946
,,,-1.57566e-007,0.000883892
,,,-1.57166e-007,0
,,,-1.56766e-007,0.000441946
,,,-1.56366e-007,0.000662919
,,,-1.55966e-007,0.000220973
,,,-1.55566e-007,0
,,,-1.55166e-007,-0.000220973
,,,-1.54766e-007,0.000441946
,,,-1.54366e-007,0.000662919
,,,-1.53966e-007,0.000662919
,,,-1.53566e-007,0.000441946
,,,-1.53166e-007,0.000441946
,,,-1.52766e-007,0
,,,-1.52366e-007,0.000883892
,,,-1.51966e-007,0.000441946
,,,-1.51566e-007,0
,,,-1.51166e-007,0.000220973
,,,-1.50766e-007,0
,,,-1.50366e-007,0.000441946
,,,-1.49966e-007,0
,,,-1.49566e-007,0.000441946
,,,-1.49166e-007,0.000662919
,,,-1.48766e-007,0.000441946
,,,-1.48366e-007,0.000220973
,,,-1.47966e-007,0.000883892
,,,-1.47566e-007,0.00110486
,,,-1.47166e-007,0.000441946
,,,-1.46766e-007,0.000441946
,,,-1.46366e-007,0.000220973
,,,-1.45966e-007,0.000441946
,,,-1.45566e-007,0.000662919
,,,-1.45166e-007,0
,,,-1.44766e-007,0.000662919
,,,-1.44366e-007,0.000883892
,,,-1.43966e-007,0.000441946
,,,-1.43566e-007,-0.000220973
,,,-1.43166e-007,0.000220973
,,,-1.42766e-007,-0.000220973
,,,-1.42366e-007,0.000220973
,,,-1.41966e-007,0.000662919
,,,-1.41566e-007,0.000883892
,,,-1.41166e-007,0.000662919
,,,-1.40766e-007,0.000883892
,,,-1.40366e-007,0.000441946
,,,-1.39966e-007,-0.000220973
,,,-1.39566e-007,0
,,,-1.39166e-007,-0.000220973
,,,-1.38766e-007,0
,,,-1.38366e-007,0.000441946
,,,-1.37966e-007,0.000220973
,,,-1.37566e-007,0.000220973
,,,-1.37166e-007,0.000441946
,,,-1.36766e-007,0.000883892
,,,-1.36366e-007,0.000662919
,,,-1.35966e-007,-0.000220973
,,,-1.35566e-007,0
,,,-1.35166e-007,0
,,,-1.34766e-007,0
,,,-1.34366e-007,0.000220973
,,,-1.33966e-007,0
,,,-1.33566e-007,0.000220973
,,,-1.33166e-007,0.000441946
,,,-1.32766e-007,0.000441946
,,,-1.32366e-007,0
,,,-1.31966e-007,0.000220973
,,,-1.31566e-007,0.000441946
,,,-1.31166e-007,-0.000220973
,,,-1.30766e-007,0.000662919
,,,-1.30366e-007,0.000220973
,,,-1.29966e-007,0
,,,-1.29566e-007,-0.000220973
,,,-1.29166e-007,0
,,,-1.28766e-007,0.000883892
,,,-1.28366e-007,0.000441946
,,,-1.27966e-007,0.000220973
,,,-1.27566e-007,0.000220973
,,,-1.27166e-007,0
,,,-1.26766e-007,0.000441946
,,,-1.26366e-007,0.00110486
,,,-1.25966e-007,0.000441946
,,,-1.25566e-007,0.000662919
,,,-1.25166e-007,0.000220973
,,,-1.24766e-007,0.000220973
,,,-1.24366e-007,-0.000220973
,,,-1.23966e-007,0.000220973
,,,-1.23566e-007,0.000662919
,,,-1.23166e-007,-0.000662919
,,,-1.22766e-007,-0.000220973
,,,-1.22366e-007,0.000662919
,,,-1.21966e-007,0.000220973
,,,-1.21566e-007,0.000662919
,,,-1.21166e-007,0.000662919
,,,-1.20766e-007,0.000441946
,,,-1.20366e-007,0.000220973
,,,-1.19966e-007,0.000662919
,,,-1.19566e-007,0.000220973
,,,-1.19166e-007,0.000662919
,,,-1.18766e-007,0.000220973
,,,-1.18366e-007,0.000441946
,,,-1.17966e-007,0.000441946
,,,-1.17566e-007,0.000220973
,,,-1.17166e-007,0
,,,-1.16766e-007,0.000662919
,,,-1.16366e-007,0.000220973
,,,-1.15966e-007,-0.000220973
,,,-1.15566e-007,0.00132584
,,,-1.15166e-007,0.000220973
,,,-1.14766e-007,0.000441946
,,,-1.14366e-007,0
,,,-1.13966e-007,0.000220973
,,,-1.13566e-007,0.000220973
,,,-1.13166e-007,0.000220973
,,,-1.12766e-007,0.000441946
,,,-1.12366e-007,0.000220973
,,,-1.11966e-007,0.00176778
,,,-1.11566e-007,0.000220973
,,,-1.11166e-007,0.000662919
,,,-1.10766e-007,0.000662919
,,,-1.10366e-007,0.000441946
,,,-1.09966e-007,0.000220973
,,,-1.09566e-007,-0.000441946
,,,-1.09166e-007,0
,,,-1.08766e-007,0.000220973
,,,-1.08366e-007,0.000883892
,,,-1.07966e-007,0.000441946
,,,-1.07566e-007,0.000441946
,,,-1.07166e-007,0
,,,-1.06766e-007,0
,,,-1.06366e-007,0
,,,-1.05966e-007,0.000662919
,,,-1.05566e-007,0.000220973
,,,-1.05166e-007,-0.000662919
,,,-1.04766e-007,0.000662919
,,,-1.04366e-007,0.000220973
,,,-1.03966e-007,0.000441946
,,,-1.03566e-007,0.000662919
,,,-1.03166e-007,0
,,,-1.02766e-007,0
,,,-1.02366e-007,0.000883892
,,,-1.01966e-007,0.000220973
,,,-1.01566e-007,0.000662919
,,,-1.01166e-007,-0.000662919
,,,-1.00766e-007,0.000220973
,,,-1.00366e-007,0
,,,-9.99663e-008,0.000220973
,,,-9.95663e-008,0.000220973
,,,-9.91663e-008,0.000220973
,,,-9.87663e-008,0.000220973
,,,-9.83663e-008,0.000441946
,,,-9.79663e-008,0.000441946
,,,-9.75663e-008,0.000220973
,,,-9.71663e-008,0.000220973
,,,-9.67663e-008,0
,,,-9.63663e-008,0.000662919
,,,-9.59663e-008,0.000883892
,,,-9.55663e-008,0.000220973
,,,-9.51663e-008,0.000441946
,,,-9.47663e-008,0.000220973
,,,-9.43663e-008,-0.000220973
,,,-9.39663e-008,0.000662919
,,,-9.35663e-008,0.000220973
,,,-9.31663e-008,0.000220973
,,,-9.27663e-008,0.000883892
,,,-9.23663e-008,0.000220973
,,,-9.19663e-008,0.000441946
,,,-9.15663e-008,0.000441946
,,,-9.11663e-008,0.000441946
,,,-9.07663e-008,0.000662919
,,,-9.03663e-008,0.000883892
,,,-8.99663e-008,0
,,,-8.95663e-008,-0.000220973
,,,-8.91663e-008,-0.000220973
,,,-8.87663e-008,0
,,,-8.83663e-008,0.000441946
,,,-8.79663e-008,0.000883892
,,,-8.75663e-008,0.000220973
,,,-8.71663e-008,0.000220973
,,,-8.67663e-008,0.000662919
,,,-8.63663e-008,0
,,,-8.59663e-008,0.000441946
,,,-8.55663e-008,0.000662919
,,,-8.51663e-008,0.000220973
,,,-8.47663e-008,0.000220973
,,,-8.43663e-008,0.000662919
,,,-8.39663e-008,0
,,,-8.35663e-008,0
,,,-8.31663e-008,0.000441946
,,,-8.27663e-008,0.000662919
,,,-8.23663e-008,0.000220973
,,,-8.19663e-008,0.000220973
,,,-8.15663e-008,0.000441946
,,,-8.11663e-008,0.000220973
,,,-8.07663e-008,0.000883892
,,,-8.03663e-008,0.000220973
,,,-7.99663e-008,0
,,,-7.95663e-008,-0.000441946
,,,-7.91663e-008,0.000883892
,,,-7.87663e-008,0.000220973
,,,-7.83663e-008,0.00110486
,,,-7.79663e-008,0.000662919
,,,-7.75663e-008,0.000883892
,,,-7.71663e-008,0.000662919
,,,-7.67663e-008,0.000441946
,,,-7.63663e-008,-0.000441946
,,,-7.59663e-008,0.000883892
,,,-7.55663e-008,0.000441946
,,,-7.51663e-008,0.000441946
,,,-7.47663e-008,0.000220973
,,,-7.43663e-008,-0.000441946
,,,-7.39663e-008,-0.000441946
,,,-7.35663e-008,0.00132584
,,,-7.31663e-008,0.000441946
,,,-7.27663e-008,0
,,,-7.23663e-008,0.000441946
,,,-7.19663e-008,0.000220973
,,,-7.15663e-008,0.000441946
,,,-7.11663e-008,0.000883892
,,,-7.07663e-008,0.000220973
,,,-7.03663e-008,0.000220973
,,,-6.99663e-008,0.000662919
,,,-6.95663e-008,0.000662919
,,,-6.91663e-008,0.000441946
,,,-6.87663e-008,0.000441946
,,,-6.83663e-008,0.000662919
,,,-6.79663e-008,0.000220973
,,,-6.75663e-008,0.000441946
,,,-6.71663e-008,0.000220973
,,,-6.67663e-008,0.000441946
,,,-6.63663e-008,0.000220973
,,,-6.59663e-008,0.000441946
,,,-6.55663e-008,-0.000441946
,,,-6.51663e-008,0.000662919
,,,-6.47663e-008,0.000220973
,,,-6.43663e-008,0
,,,-6.39663e-008,0.000220973
,,,-6.35663e-008,0.000662919
,,,-6.31663e-008,0
,,,-6.27663e-008,0.000220973
,,,-6.23663e-008,0.000441946
,,,-6.19663e-008,0.000220973
,,,-6.15663e-008,0
,,,-6.11663e-008,0.000441946
,,,-6.07663e-008,0.000220973
,,,-6.03663e-008,0.000662919
,,,-5.99663e-008,0.000441946
,,,-5.95663e-008,0.000883892
,,,-5.91663e-008,0.000662919
,,,-5.87663e-008,0
,,,-5.83663e-008,0.000220973
,,,-5.79663e-008,0
,,,-5.75663e-008,0.000220973
,,,-5.71663e-008,0.000220973
,,,-5.67663e-008,0.000441946
,,,-5.63663e-008,0.00154681
,,,-5.59663e-008,0.000662919
,,,-5.55663e-008,0
,,,-5.51663e-008,0.000441946
,,,-5.47663e-008,-0.000220973
,,,-5.43663e-008,0.000220973
,,,-5.39663e-008,0.000441946
,,,-5.35663e-008,0.000441946
,,,-5.31663e-008,0.000220973
,,,-5.27663e-008,0.000220973
,,,-5.23663e-008,0
,,,-5.19663e-008,0.000883892
,,,-5.15663e-008,0.000883892
,,,-5.11663e-008,0.000220973
,,,-5.07663e-008,0
,,,-5.03663e-008,0.000441946
,,,-4.99663e-008,0
,,,-4.95663e-008,0.000441946
,,,-4.91663e-008,0
,,,-4.87663e-008,0.000220973
,,,-4.83663e-008,0
,,,-4.79663e-008,0.000441946
,,,-4.75663e-008,0.000441946
,,,-4.71663e-008,0.000441946
,,,-4.67663e-008,0.000441946
,,,-4.63663e-008,-0.000441946
,,,-4.59663e-008,0.000883892
,,,-4.55663e-008,0.000662919
,,,-4.51663e-008,0.000220973
,,,-4.47663e-008,0.000883892
,,,-4.43663e-008,0
,,,-4.39663e-008,0.000883892
,,,-4.35663e-008,0.00132584
,,,-4.31663e-008,0.000662919
,,,-4.27663e-008,0.000441946
,,,-4.23663e-008,0.000662919
,,,-4.19663e-008,0.000662919
,,,-4.15663e-008,0.000441946
,,,-4.11663e-008,-0.000220973
,,,-4.07663e-008,0.000220973
,,,-4.03663e-008,-0.000220973
,,,-3.99663e-008,0.000662919
,,,-3.95663e-008,0.000441946
,,,-3.91663e-008,0
,,,-3.87663e-008,-0.000220973
,,,-3.83663e-008,-0.000441946
,,,-3.79663e-008,-0.000220973
,,,-3.75663e-008,0.000441946
,,,-3.71663e-008,0.000441946
,,,-3.67663e-008,0.000662919
,,,-3.63663e-008,0.000662919
,,,-3.59663e-008,0.000662919
,,,-3.55663e-008,0.000220973
,,,-3.51663e-008,0.000441946
,,,-3.47663e-008,0.000220973
,,,-3.43663e-008,0
,,,-3.39663e-008,0
,,,-3.35663e-008,0.000883892
,,,-3.31663e-008,0.000662919
,,,-3.27663e-008,0.00110486
,,,-3.23663e-008,0.000662919
,,,-3.19663e-008,0
,,,-3.15663e-008,0.000220973
,,,-3.11663e-008,0.000220973
,,,-3.07663e-008,0.000441946
,,,-3.03663e-008,0.00132584
,,,-2.99663e-008,0.000441946
,,,-2.95663e-008,0.000441946
,,,-2.91663e-008,0.000220973
,,,-2.87663e-008,0.000441946
,,,-2.83663e-008,0
,,,-2.79663e-008,0.000441946
,,,-2.75663e-008,0.000220973
,,,-2.71663e-008,0
,,,-2.67663e-008,0
,,,-2.63663e-008,0.000441946
,,,-2.59663e-008,0.000662919
,,,-2.55663e-008,0.000220973
,,,-2.51663e-008,0
,,,-2.47663e-008,0
,,,-2.43663e-008,0.000662919
,,,-2.39663e-008,-0.000441946
,,,-2.35663e-008,0
,,,-2.31663e-008,0.000662919
,,,-2.27663e-008,0
,,,-2.23663e-008,0
,,,-2.19663e-008,0.000220973
,,,-2.15663e-008,0.000441946
,,,-2.11663e-008,0.000662919
,,,-2.07663e-008,0.000441946
,,,-2.03663e-008,-0.000220973
,,,-1.99663e-008,-0.000662919
,,,-1.95663e-008,0.000441946
,,,-1.91663e-008,0.000220973
,,,-1.87663e-008,0
,,,-1.83663e-008,0.000441946
,,,-1.79663e-008,-0.000220973
,,,-1.75663e-008,0.000441946
,,,-1.71663e-008,-0.000662919
,,,-1.67663e-008,0.000662919
,,,-1.63663e-008,0
,,,-1.59663e-008,0.000441946
,,,-1.55663e-008,0
,,,-1.51663e-008,0.000662919
,,,-1.47663e-008,0
,,,-1.43663e-008,-0.000220973
,,,-1.39663e-008,0
,,,-1.35663e-008,0.00110486
,,,-1.31663e-008,0.000441946
,,,-1.27663e-008,0
,,,-1.23663e-008,0.000220973
,,,-1.19663e-008,-0.000662919
,,,-1.15663e-008,0.000220973
,,,-1.11663e-008,-0.000441946
,,,-1.07663e-008,0.000441946
,,,-1.03663e-008,0.000441946
,,,-9.96628e-009,0.000662919
,,,-9.56628e-009,0.000662919
,,,-9.16628e-009,-0.000220973
,,,-8.76628e-009,0.00132584
,,,-8.36628e-009,0
,,,-7.96628e-009,0.000220973
,,,-7.56628e-009,0.000441946
,,,-7.16628e-009,0.000220973
,,,-6.76628e-009,0.000441946
,,,-6.36628e-009,0
,,,-5.96628e-009,0
,,,-5.56628e-009,0.000441946
,,,-5.16628e-009,0.00132584
,,,-4.76628e-009,0.00110486
,,,-4.36628e-009,0.000883892
,,,-3.96628e-009,0.000662919
,,,-3.56628e-009,0.000883892
,,,-3.16628e-009,0.000441946
,,,-2.76628e-009,0.000662919
,,,-2.36628e-009,0.000441946
,,,-1.96628e-009,0.000220973
,,,-1.56628e-009,0.000220973
,,,-1.16628e-009,0.000883892
,,,-7.66281e-010,0.000883892
,,,-3.66281e-010,0.000883892
,,,3.3719e-011,0.000662919
,,,4.33719e-010,0.000220973
,,,8.33719e-010,0.00110486
,,,1.23372e-009,0.000662919
,,,1.63372e-009,0.000662919
,,,2.03372e-009,0.000662919
,,,2.43372e-009,0.000220973
,,,2.83372e-009,0
,,,3.23372e-009,0.000662919
,,,3.63372e-009,-0.000220973
,,,4.03372e-009,0.000220973
,,,4.43372e-009,-0.000662919
,,,4.83372e-009,0
,,,5.23372e-009,0.000441946
,,,5.63372e-009,0.000220973
,,,6.03372e-009,0.000220973
,,,6.43372e-009,0.000441946
,,,6.83372e-009,0.000220973
,,,7.23372e-009,0.000883892
,,,7.63372e-009,0.000883892
,,,8.03372e-009,0.000883892
,,,8.43372e-009,0.000220973
,,,8.83372e-009,0.000441946
,,,9.23372e-009,0.000220973
,,,9.63372e-009,-0.000220973
,,,1.00337e-008,0.000441946
,,,1.04337e-008,0.000883892
,,,1.08337e-008,0.000662919
,,,1.12337e-008,0.000441946
,,,1.16337e-008,0.000662919
,,,1.20337e-008,0.000220973
,,,1.24337e-008,0.000441946
,,,1.28337e-008,0.000441946
,,,1.32337e-008,0
,,,1.36337e-008,0
,,,1.40337e-008,0
,,,1.44337e-008,0.000441946
,,,1.48337e-008,0.000220973
,,,1.52337e-008,0.000883892
,,,1.56337e-008,0
,,,1.60337e-008,0.000220973
,,,1.64337e-008,-0.000441946
,,,1.68337e-008,0.000662919
,,,1.72337e-008,0.000220973
,,,1.76337e-008,0.000441946
,,,1.80337e-008,0.000662919
,,,1.84337e-008,0.000662919
,,,1.88337e-008,0.00110486
,,,1.92337e-008,0.000441946
,,,1.96337e-008,0
,,,2.00337e-008,0.00132584
,,,2.04337e-008,0.000441946
,,,2.08337e-008,0
,,,2.12337e-008,0.00110486
,,,2.16337e-008,-0.000441946
,,,2.20337e-008,0
,,,2.24337e-008,0.000662919
,,,2.28337e-008,0.000662919
,,,2.32337e-008,0.000220973
,,,2.36337e-008,0.000883892
,,,2.40337e-008,0.000441946
,,,2.44337e-008,0.000662919
,,,2.48337e-008,0.000441946
,,,2.52337e-008,0.000883892
,,,2.56337e-008,0.000441946
,,,2.60337e-008,0.000662919
,,,2.64337e-008,0.000662919
,,,2.68337e-008,0.000662919
,,,2.72337e-008,0.000220973
,,,2.76337e-008,0
,,,2.80337e-008,0.000220973
,,,2.84337e-008,0.000441946
,,,2.88337e-008,0
,,,2.92337e-008,0.000220973
,,,2.96337e-008,0.000441946
,,,3.00337e-008,0
,,,3.04337e-008,0.000441946
,,,3.08337e-008,0.00110486
,,,3.12337e-008,0.000883892
,,,3.16337e-008,0.000662919
,,,3.20337e-008,0.000662919
,,,3.24337e-008,0.000883892
,,,3.28337e-008,0.000662919
,,,3.32337e-008,0.000662919
,,,3.36337e-008,0
,,,3.40337e-008,0.000662919
,,,3.44337e-008,0.000662919
,,,3.48337e-008,0.000883892
,,,3.52337e-008,0.000883892
,,,3.56337e-008,0
,,,3.60337e-008,0.000220973
,,,3.64337e-008,0.000441946
,,,3.68337e-008,-0.000220973
,,,3.72337e-008,0
,,,3.76337e-008,0
,,,3.80337e-008,0.000662919
,,,3.84337e-008,0.000220973
,,,3.88337e-008,0
,,,3.92337e-008,0
,,,3.96337e-008,0.000441946
,,,4.00337e-008,0.000662919
,,,4.04337e-008,0.000883892
,,,4.08337e-008,0.000220973
,,,4.12337e-008,0.000220973
,,,4.16337e-008,0
,,,4.20337e-008,0.00110486
,,,4.24337e-008,0.000662919
,,,4.28337e-008,0.000441946
,,,4.32337e-008,0.000441946
,,,4.36337e-008,0
,,,4.40337e-008,0.000220973
,,,4.44337e-008,-0.000441946
,,,4.48337e-008,0.000441946
,,,4.52337e-008,0.000662919
,,,4.56337e-008,-0.000220973
,,,4.60337e-008,-0.000441946
,,,4.64337e-008,0
,,,4.68337e-008,0.000220973
,,,4.72337e-008,0.000220973
,,,4.76337e-008,0.000441946
,,,4.80337e-008,0.000441946
,,,4.84337e-008,0.000220973
,,,4.88337e-008,0.000883892
,,,4.92337e-008,0.000220973
,,,4.96337e-008,-0.000220973
,,,5.00337e-008,0.000883892
,,,5.04337e-008,0.000220973
,,,5.08337e-008,0.000220973
,,,5.12337e-008,0.000662919
,,,5.16337e-008,0
,,,5.20337e-008,0
,,,5.24337e-008,0.000662919
,,,5.28337e-008,0.000441946
,,,5.32337e-008,0
,,,5.36337e-008,0
,,,5.40337e-008,0.000220973
,,,5.44337e-008,0.000662919
,,,5.48337e-008,0.000883892
,,,5.52337e-008,0.000220973
,,,5.56337e-008,0.000441946
,,,5.60337e-008,0
,,,5.64337e-008,0
,,,5.68337e-008,0.000883892
,,,5.72337e-008,0.000662919
,,,5.76337e-008,0
,,,5.80337e-008,0.000441946
,,,5.84337e-008,-0.000662919
,,,5.88337e-008,0.000220973
,,,5.92337e-008,0.000441946
,,,5.96337e-008,0.000662919
,,,6.00337e-008,0
,,,6.04337e-008,0
,,,6.08337e-008,0.000441946
,,,6.12337e-008,-0.000441946
,,,6.16337e-008,0
,,,6.20337e-008,0.000220973
,,,6.24337e-008,0
,,,6.28337e-008,0.000441946
,,,6.32337e-008,0.000441946
,,,6.36337e-008,0
,,,6.40337e-008,0
,,,6.44337e-008,-0.000220973
,,,6.48337e-008,-0.000220973
,,,6.52337e-008,0.000220973
,,,6.56337e-008,0.000441946
,,,6.60337e-008,0.000441946
,,,6.64337e-008,0.000220973
,,,6.68337e-008,0.000662919
,,,6.72337e-008,0.000662919
,,,6.76337e-008,0.000441946
,,,6.80337e-008,0.000662919
,,,6.84337e-008,-0.000441946
,,,6.88337e-008,-0.000441946
,,,6.92337e-008,0.000441946
,,,6.96337e-008,0.000220973
,,,7.00337e-008,0
,,,7.04337e-008,0.000662919
,,,7.08337e-008,0.000662919
,,,7.12337e-008,0.000883892
,,,7.16337e-008,0.000441946
,,,7.20337e-008,-0.000441946
,,,7.24337e-008,-0.000220973
,,,7.28337e-008,0.000883892
,,,7.32337e-008,0.000220973
,,,7.36337e-008,0.000220973
,,,7.40337e-008,0.000662919
,,,7.44337e-008,0.000220973
,,,7.48337e-008,0.000441946
,,,7.52337e-008,0.000883892
,,,7.56337e-008,-0.000220973
,,,7.60337e-008,-0.000220973
,,,7.64337e-008,-0.000220973
,,,7.68337e-008,-0.000220973
,,,7.72337e-008,0
,,,7.76337e-008,0.000441946
,,,7.80337e-008,0
,,,7.84337e-008,0.000441946
,,,7.88337e-008,0.000662919
,,,7.92337e-008,0.00132584
,,,7.96337e-008,0.000441946
,,,8.00337e-008,0.00110486
,,,8.04337e-008,0
,,,8.08337e-008,0.000883892
,,,8.12337e-008,0.000662919
,,,8.16337e-008,0.000220973
,,,8.20337e-008,0.000441946
,,,8.24337e-008,0.000662919
,,,8.28337e-008,-0.000220973
,,,8.32337e-008,0.000441946
,,,8.36337e-008,0.000220973
,,,8.40337e-008,0.000441946
,,,8.44337e-008,0.000441946
,,,8.48337e-008,-0.000220973
,,,8.52337e-008,-0.000220973
,,,8.56337e-008,0.000441946
,,,8.60337e-008,0.000883892
,,,8.64337e-008,0.000220973
,,,8.68337e-008,0.000662919
,,,8.72337e-008,0.00110486
,,,8.76337e-008,0.000220973
,,,8.80337e-008,0.000441946
,,,8.84337e-008,0.000441946
,,,8.88337e-008,0.000662919
,,,8.92337e-008,-0.000220973
,,,8.96337e-008,-0.000220973
,,,9.00337e-008,0.000883892
,,,9.04337e-008,0.000220973
,,,9.08337e-008,0.000220973
,,,9.12337e-008,0.000220973
,,,9.16337e-008,0.000220973
,,,9.20337e-008,0.00110486
,,,9.24337e-008,0.00132584
,,,9.28337e-008,0.000883892
,,,9.32337e-008,0.00176778
,,,9.36337e-008,0.00132584
,,,9.40337e-008,0.00198876
,,,9.44337e-008,0.00220973
,,,9.48337e-008,0.0024307
,,,9.52337e-008,0.00309362
,,,9.56337e-008,0.00464043
,,,9.60337e-008,0.00530335
,,,9.64337e-008,0.00618724
,,,9.68337e-008,0.008176
,,,9.72337e-008,0.00928087
,,,9.76337e-008,0.0103857
,,,9.80337e-008,0.0117116
,,,9.84337e-008,0.0128164
,,,9.88337e-008,0.0139213
,,,9.92337e-008,0.0150262
,,,9.96337e-008,0.0154681
,,,1.00034e-007,0.0150262
,,,1.00434e-007,0.0154681
,,,1.00834e-007,0.0159101
,,,1.01234e-007,0.0167939
,,,1.01634e-007,0.016352
,,,1.02034e-007,0.016573
,,,1.02434e-007,0.0176778
,,,1.02834e-007,0.0176778
,,,1.03234e-007,0.0176778
,,,1.03634e-007,0.0178988
,,,1.04034e-007,0.0181198
,,,1.04434e-007,0.0176778
,,,1.04834e-007,0.0185617
,,,1.05234e-007,0.0178988
,,,1.05634e-007,0.0174569
,,,1.06034e-007,0.0185617
,,,1.06434e-007,0.0190037
,,,1.06834e-007,0.0178988
,,,1.07234e-007,0.0187827
,,,1.07634e-007,0.0181198
,,,1.08034e-007,0.0178988
,,,1.08434e-007,0.0174569
,,,1.08834e-007,0.0174569
,,,1.09234e-007,0.0181198
,,,1.09634e-007,0.0176778
,,,1.10034e-007,0.0178988
,,,1.10434e-007,0.0183408
,,,1.10834e-007,0.0181198
,,,1.11234e-007,0.0183408
,,,1.11634e-007,0.0178988
,,,1.12034e-007,0.0187827
,,,1.12434e-007,0.0185617
,,,1.12834e-007,0.0181198
,,,1.13234e-007,0.0183408
,,,1.13634e-007,0.0187827
,,,1.14034e-007,0.0178988
,,,1.14434e-007,0.0190037
,,,1.14834e-007,0.0174569
,,,1.15234e-007,0.0181198
,,,1.15634e-007,0.0181198
,,,1.16034e-007,0.0183408
,,,1.16434e-007,0.0174569
,,,1.16834e-007,0.0172359
,,,1.17234e-007,0.0174569
,,,1.17634e-007,0.0176778
,,,1.18034e-007,0.0185617
,,,1.18434e-007,0.0183408
,,,1.18834e-007,0.0178988
,,,1.19234e-007,0.0183408
,,,1.19634e-007,0.0183408
,,,1.20034e-007,0.0187827
,,,1.20434e-007,0.0174569
,,,1.20834e-007,0.0190037
,,,1.21234e-007,0.0183408
,,,1.21634e-007,0.0185617
,,,1.22034e-007,0.0192246
,,,1.22434e-007,0.0185617
,,,1.22834e-007,0.0196666
,,,1.23234e-007,0.0194456
,,,1.23634e-007,0.0201085
,,,1.24034e-007,0.0205505
,,,1.24434e-007,0.0203295
,,,1.24834e-007,0.0207715
,,,1.25234e-007,0.0212134
,,,1.25634e-007,0.0212134
,,,1.26034e-007,0.0212134
,,,1.26434e-007,0.0218763
,,,1.26834e-007,0.0212134
,,,1.27234e-007,0.0209924
,,,1.27634e-007,0.0207715
,,,1.28034e-007,0.0212134
,,,1.28434e-007,0.0198876
,,,1.28834e-007,0.0205505
,,,1.29234e-007,0.0196666
,,,1.29634e-007,0.0192246
,,,1.30034e-007,0.0187827
,,,1.30434e-007,0.0190037
,,,1.30834e-007,0.0178988
,,,1.31234e-007,0.0185617
,,,1.31634e-007,0.0183408
,,,1.32034e-007,0.0181198
,,,1.32434e-007,0.0183408
,,,1.32834e-007,0.0172359
,,,1.33234e-007,0.0174569
,,,1.33634e-007,0.016573
,,,1.34034e-007,0.0172359
,,,1.34434e-007,0.0172359
,,,1.34834e-007,0.0167939
,,,1.35234e-007,0.0170149
,,,1.35634e-007,0.0167939
,,,1.36034e-007,0.0167939
,,,1.36434e-007,0.0159101
,,,1.36834e-007,0.016352
,,,1.37234e-007,0.016352
,,,1.37634e-007,0.0167939
,,,1.38034e-007,0.016573
,,,1.38434e-007,0.0170149
,,,1.38834e-007,0.0167939
,,,1.39234e-007,0.0170149
,,,1.39634e-007,0.0154681
,,,1.40034e-007,0.016352
,,,1.40434e-007,0.0167939
,,,1.40834e-007,0.016131
,,,1.41234e-007,0.016131
,,,1.41634e-007,0.016352
,,,1.42034e-007,0.0156891
,,,1.42434e-007,0.016131
,,,1.42834e-007,0.0156891
,,,1.43234e-007,0.0159101
,,,1.43634e-007,0.0156891
,,,1.44034e-007,0.0154681
,,,1.44434e-007,0.0148052
,,,1.44834e-007,0.0156891
,,,1.45234e-007,0.0154681
,,,1.45634e-007,0.0152471
,,,1.46034e-007,0.0148052
,,,1.46434e-007,0.0156891
,,,1.46834e-007,0.0156891
,,,1.47234e-007,0.0156891
,,,1.47634e-007,0.0154681
,,,1.48034e-007,0.0145842
,,,1.48434e-007,0.0141423
,,,1.48834e-007,0.0143632
,,,1.49234e-007,0.0143632
,,,1.49634e-007,0.0148052
,,,1.50034e-007,0.0145842
,,,1.50434e-007,0.0148052
,,,1.50834e-007,0.0150262
,,,1.51234e-007,0.0143632
,,,1.51634e-007,0.0148052
,,,1.52034e-007,0.0145842
,,,1.52434e-007,0.0145842
,,,1.52834e-007,0.0145842
,,,1.53234e-007,0.0148052
,,,1.53634e-007,0.0143632
,,,1.54034e-007,0.0141423
,,,1.54434e-007,0.0141423
,,,1.54834e-007,0.0137003
,,,1.55234e-007,0.0137003
,,,1.55634e-007,0.0134794
,,,1.56034e-007,0.0132584
,,,1.56434e-007,0.0125955
,,,1.56834e-007,0.0123745
,,,1.57234e-007,0.0125955
,,,1.57634e-007,0.0125955
,,,1.58034e-007,0.0123745
,,,1.58434e-007,0.0125955
,,,1.58834e-007,0.0123745
,,,1.59234e-007,0.0121535
,,,1.59634e-007,0.0119325
,,,1.60034e-007,0.0121535
,,,1.60434e-007,0.0121535
,,,1.60834e-007,0.0123745
,,,1.61234e-007,0.0130374
,,,1.61634e-007,0.0125955
,,,1.62034e-007,0.0123745
,,,1.62434e-007,0.0121535
,,,1.62834e-007,0.0123745
,,,1.63234e-007,0.0130374
,,,1.63634e-007,0.0125955
,,,1.64034e-007,0.0125955
,,,1.64434e-007,0.0125955
,,,1.64834e-007,0.0125955
,,,1.65234e-007,0.0128164
,,,1.65634e-007,0.0125955
,,,1.66034e-007,0.0119325
,,,1.66434e-007,0.0121535
,,,1.66834e-007,0.0128164
,,,1.67234e-007,0.0128164
,,,1.67634e-007,0.0121535
,,,1.68034e-007,0.0132584
,,,1.68434e-007,0.0117116
,,,1.68834e-007,0.0128164
,,,1.69234e-007,0.0125955
,,,1.69634e-007,0.0121535
,,,1.70034e-007,0.0128164
,,,1.70434e-007,0.0123745
,,,1.70834e-007,0.0132584
,,,1.71234e-007,0.0130374
,,,1.71634e-007,0.0121535
,,,1.72034e-007,0.0128164
,,,1.72434e-007,0.0121535
,,,1.72834e-007,0.0123745
,,,1.73234e-007,0.0121535
,,,1.73634e-007,0.0123745
,,,1.74034e-007,0.0128164
,,,1.74434e-007,0.0125955
,,,1.74834e-007,0.0119325
,,,1.75234e-007,0.0125955
,,,1.75634e-007,0.0123745
,,,1.76034e-007,0.0132584
,,,1.76434e-007,0.0114906
,,,1.76834e-007,0.0128164
,,,1.77234e-007,0.0128164
,,,1.77634e-007,0.0128164
,,,1.78034e-007,0.0123745
,,,1.78434e-007,0.0130374
,,,1.78834e-007,0.0125955
,,,1.79234e-007,0.0128164
,,,1.79634e-007,0.0132584
,,,1.80034e-007,0.0128164
,,,1.80434e-007,0.0134794
,,,1.80834e-007,0.0130374
,,,1.81234e-007,0.0130374
,,,1.81634e-007,0.0128164
,,,1.82034e-007,0.0123745
,,,1.82434e-007,0.0121535
,,,1.82834e-007,0.0125955
,,,1.83234e-007,0.0132584
,,,1.83634e-007,0.0128164
,,,1.84034e-007,0.0123745
,,,1.84434e-007,0.0123745
,,,1.84834e-007,0.0130374
,,,1.85234e-007,0.0134794
,,,1.85634e-007,0.0130374
,,,1.86034e-007,0.0132584
,,,1.86434e-007,0.0134794
,,,1.86834e-007,0.0132584
,,,1.87234e-007,0.0134794
,,,1.87634e-007,0.0132584
,,,1.88034e-007,0.0125955
,,,1.88434e-007,0.0128164
,,,1.88834e-007,0.0141423
,,,1.89234e-007,0.0132584
,,,1.89634e-007,0.0123745
,,,1.90034e-007,0.0125955
,,,1.90434e-007,0.0134794
,,,1.90834e-007,0.0137003
,,,1.91234e-007,0.0128164
,,,1.91634e-007,0.0132584
,,,1.92034e-007,0.0137003
,,,1.92434e-007,0.0137003
,,,1.92834e-007,0.0132584
,,,1.93234e-007,0.0139213
,,,1.93634e-007,0.0134794
,,,1.94034e-007,0.0134794
,,,1.94434e-007,0.0132584
,,,1.94834e-007,0.0141423
,,,1.95234e-007,0.0134794
,,,1.95634e-007,0.0137003
,,,1.96034e-007,0.0134794
,,,1.96434e-007,0.0132584
,,,1.96834e-007,0.0134794
,,,1.97234e-007,0.0130374
,,,1.97634e-007,0.0134794
,,,1.98034e-007,0.0132584
,,,1.98434e-007,0.0132584
,,,1.98834e-007,0.0134794
,,,1.99234e-007,0.0137003
,,,1.99634e-007,0.0128164
,,,2.00034e-007,0.0128164
,,,2.00434e-007,0.0123745
,,,2.00834e-007,0.0130374
,,,2.01234e-007,0.0123745
,,,2.01634e-007,0.0130374
,,,2.02034e-007,0.0128164
,,,2.02434e-007,0.0121535
,,,2.02834e-007,0.0128164
,,,2.03234e-007,0.0125955
,,,2.03634e-007,0.0121535
,,,2.04034e-007,0.0119325
,,,2.04434e-007,0.0117116
,,,2.04834e-007,0.0117116
,,,2.05234e-007,0.0114906
,,,2.05634e-007,0.0108277
,,,2.06034e-007,0.00994378
,,,2.06434e-007,0.0119325
,,,2.06834e-007,0.0117116
,,,2.07234e-007,0.0110486
,,,2.07634e-007,0.0103857
,,,2.08034e-007,0.0103857
,,,2.08434e-007,0.00972281
,,,2.08834e-007,0.0101648
,,,2.09234e-007,0.00861795
,,,2.09634e-007,0.00928087
,,,2.10034e-007,0.008176
,,,2.10434e-007,0.00773405
,,,2.10834e-007,0.00751308
,,,2.11234e-007,0.00729211
,,,2.11634e-007,0.00640822
,,,2.12034e-007,0.00751308
,,,2.12434e-007,0.00596627
,,,2.12834e-007,0.00596627
,,,2.13234e-007,0.0057453
,,,2.13634e-007,0.00552432
,,,2.14034e-007,0.00486141
,,,2.14434e-007,0.00464043
,,,2.14834e-007,0.00486141
,,,2.15234e-007,0.00464043
,,,2.15634e-007,0.00419849
,,,2.16034e-007,0.00397751
,,,2.16434e-007,0.00331459
,,,2.16834e-007,0.00309362
,,,2.17234e-007,0.00309362
,,,2.17634e-007,0.00265168
,,,2.18034e-007,0.0024307
,,,2.18434e-007,0.00287265
,,,2.18834e-007,0.00397751
,,,2.19234e-007,0.00265168
,,,2.19634e-007,0.0024307
,,,2.20034e-007,0.00198876
,,,2.20434e-007,0.00265168
,,,2.20834e-007,0.00220973
,,,2.21234e-007,0.0024307
,,,2.21634e-007,0.00154681
,,,2.22034e-007,0.00110486
,,,2.22434e-007,0.00110486
,,,2.22834e-007,0.00176778
,,,2.23234e-007,0.0024307
,,,2.23634e-007,0.00176778
,,,2.24034e-007,0.00198876
,,,2.24434e-007,0.00132584
,,,2.24834e-007,0.00132584
,,,2.25234e-007,0.00198876
,,,2.25634e-007,0.00220973
,,,2.26034e-007,0.00132584
,,,2.26434e-007,0.00198876
,,,2.26834e-007,0.000883892
,,,2.27234e-007,0.000883892
,,,2.27634e-007,0.00132584
,,,2.28034e-007,0.000662919
,,,2.28434e-007,0.000441946
,,,2.28834e-007,0.000662919
,,,2.29234e-007,0.000441946
,,,2.29634e-007,0.000220973
,,,2.30034e-007,0.000220973
,,,2.30434e-007,0.000662919
,,,2.30834e-007,0.000883892
,,,2.31234e-007,0.000883892
,,,2.31634e-007,0.000662919
,,,2.32034e-007,0.000441946
,,,2.32434e-007,0.000662919
,,,2.32834e-007,0.000883892
,,,2.33234e-007,0.000883892
,,,2.33634e-007,0.00154681
,,,2.34034e-007,0.000662919
,,,2.34434e-007,0.000441946
,,,2.34834e-007,0.000441946
,,,2.35234e-007,0.000441946
,,,2.35634e-007,-0.000662919
,,,2.36034e-007,0.000220973
,,,2.36434e-007,0.000220973
,,,2.36834e-007,-0.000441946
,,,2.37234e-007,0.000883892
,,,2.37634e-007,-0.000220973
,,,2.38034e-007,-0.000220973
,,,2.38434e-007,0.000441946
,,,2.38834e-007,-0.000220973
,,,2.39234e-007,0
,,,2.39634e-007,0.000220973
,,,2.40034e-007,0.000662919
,,,2.40434e-007,0.000220973
,,,2.40834e-007,0.000220973
,,,2.41234e-007,0.000220973
,,,2.41634e-007,-0.000662919
,,,2.42034e-007,0.000220973
,,,2.42434e-007,0
,,,2.42834e-007,-0.000220973
,,,2.43234e-007,0.000662919
,,,2.43634e-007,0.000220973
,,,2.44034e-007,-0.000220973
,,,2.44434e-007,-0.000441946
,,,2.44834e-007,-0.000220973
,,,2.45234e-007,-0.000441946
,,,2.45634e-007,0.000220973
,,,2.46034e-007,-0.000441946
,,,2.46434e-007,0.000662919
,,,2.46834e-007,0.000662919
,,,2.47234e-007,0.000220973
,,,2.47634e-007,0.000220973
,,,2.48034e-007,0.000220973
,,,2.48434e-007,0.000220973
,,,2.48834e-007,-0.000441946
,,,2.49234e-007,-0.000441946
,,,2.49634e-007,-0.000220973
,,,2.50034e-007,-0.000441946
