"Record Length",1252,"Points",-2.50257e-007,-0.000883892
"Sample Interval",4e-010,s,-2.49857e-007,0.000220973
"Trigger Point",625,"Samples",-2.49457e-007,0.000662919
"Trigger Time",0.643107,s,-2.49057e-007,-0.000220973
,,,-2.48657e-007,-0.000441946
"Horizontal Offset",-2.50257e-007,s,-2.48257e-007,0.000220973
,,,-2.47857e-007,0.000220973
,,,-2.47457e-007,-0.000662919
,,,-2.47057e-007,-0.000441946
,,,-2.46657e-007,0
,,,-2.46257e-007,-0.000441946
,,,-2.45857e-007,-0.000441946
,,,-2.45457e-007,-0.000220973
,,,-2.45057e-007,-0.000220973
,,,-2.44657e-007,0.000220973
,,,-2.44257e-007,-0.000220973
,,,-2.43857e-007,-0.00132584
,,,-2.43457e-007,0
,,,-2.43057e-007,0.000220973
,,,-2.42657e-007,0.000220973
,,,-2.42257e-007,-0.000662919
,,,-2.41857e-007,-0.000883892
,,,-2.41457e-007,-0.000441946
,,,-2.41057e-007,0.000883892
,,,-2.40657e-007,0.000220973
,,,-2.40257e-007,0
,,,-2.39857e-007,-0.000883892
,,,-2.39457e-007,-0.000220973
,,,-2.39057e-007,-0.000220973
,,,-2.38657e-007,-0.000662919
,,,-2.38257e-007,0
,,,-2.37857e-007,-0.000441946
,,,-2.37457e-007,0
,,,-2.37057e-007,-0.000441946
,,,-2.36657e-007,-0.000883892
,,,-2.36257e-007,0
,,,-2.35857e-007,-0.000441946
,,,-2.35457e-007,0.000441946
,,,-2.35057e-007,-0.000220973
,,,-2.34657e-007,-0.000441946
,,,-2.34257e-007,0
,,,-2.33857e-007,-0.000220973
,,,-2.33457e-007,0
,,,-2.33057e-007,0
,,,-2.32657e-007,0.000441946
,,,-2.32257e-007,0.000220973
,,,-2.31857e-007,0.000220973
,,,-2.31457e-007,0.000662919
,,,-2.31057e-007,0
,,,-2.30657e-007,0
,,,-2.30257e-007,-0.000220973
,,,-2.29857e-007,-0.000883892
,,,-2.29457e-007,-0.000220973
,,,-2.29057e-007,-0.000441946
,,,-2.28657e-007,-0.00110486
,,,-2.28257e-007,0.000220973
,,,-2.27857e-007,0.000220973
,,,-2.27457e-007,0.000220973
,,,-2.27057e-007,-0.000220973
,,,-2.26657e-007,-0.000220973
,,,-2.26257e-007,0
,,,-2.25857e-007,0.000220973
,,,-2.25457e-007,-0.000662919
,,,-2.25057e-007,-0.000220973
,,,-2.24657e-007,-0.000441946
,,,-2.24257e-007,-0.000220973
,,,-2.23857e-007,-0.000662919
,,,-2.23457e-007,-0.000441946
,,,-2.23057e-007,-0.000220973
,,,-2.22657e-007,0.000441946
,,,-2.22257e-007,-0.000441946
,,,-2.21857e-007,-0.000441946
,,,-2.21457e-007,-0.000662919
,,,-2.21057e-007,0
,,,-2.20657e-007,0.000441946
,,,-2.20257e-007,-0.000662919
,,,-2.19857e-007,-0.00110486
,,,-2.19457e-007,0.000441946
,,,-2.19057e-007,-0.000441946
,,,-2.18657e-007,0.000220973
,,,-2.18257e-007,-0.00110486
,,,-2.17857e-007,-0.000662919
,,,-2.17457e-007,0.000220973
,,,-2.17057e-007,0
,,,-2.16657e-007,0.000220973
,,,-2.16257e-007,0
,,,-2.15857e-007,0.000441946
,,,-2.15457e-007,-0.000220973
,,,-2.15057e-007,-0.000662919
,,,-2.14657e-007,-0.000662919
,,,-2.14257e-007,-0.000220973
,,,-2.13857e-007,-0.000441946
,,,-2.13457e-007,-0.000220973
,,,-2.13057e-007,-0.000441946
,,,-2.12657e-007,-0.000220973
,,,-2.12257e-007,0.000441946
,,,-2.11857e-007,-0.000441946
,,,-2.11457e-007,-0.000220973
,,,-2.11057e-007,0.000220973
,,,-2.10657e-007,-0.000220973
,,,-2.10257e-007,0.000220973
,,,-2.09857e-007,0.000220973
,,,-2.09457e-007,-0.000441946
,,,-2.09057e-007,0
,,,-2.08657e-007,-0.000662919
,,,-2.08257e-007,0.000441946
,,,-2.07857e-007,0.000662919
,,,-2.07457e-007,-0.000220973
,,,-2.07057e-007,-0.000441946
,,,-2.06657e-007,0
,,,-2.06257e-007,-0.000220973
,,,-2.05857e-007,-0.000220973
,,,-2.05457e-007,-0.000662919
,,,-2.05057e-007,0.000441946
,,,-2.04657e-007,-0.000441946
,,,-2.04257e-007,0.000441946
,,,-2.03857e-007,-0.000441946
,,,-2.03457e-007,0
,,,-2.03057e-007,-0.000441946
,,,-2.02657e-007,-0.000441946
,,,-2.02257e-007,0.000220973
,,,-2.01857e-007,0
,,,-2.01457e-007,0.000220973
,,,-2.01057e-007,-0.000441946
,,,-2.00657e-007,-0.000441946
,,,-2.00257e-007,0
,,,-1.99857e-007,0.000441946
,,,-1.99457e-007,0.000220973
,,,-1.99057e-007,-0.000220973
,,,-1.98657e-007,-0.000441946
,,,-1.98257e-007,-0.000220973
,,,-1.97857e-007,-0.000441946
,,,-1.97457e-007,-0.000220973
,,,-1.97057e-007,0.000441946
,,,-1.96657e-007,-0.000441946
,,,-1.96257e-007,0
,,,-1.95857e-007,-0.000441946
,,,-1.95457e-007,-0.000441946
,,,-1.95057e-007,0
,,,-1.94657e-007,0
,,,-1.94257e-007,-0.000220973
,,,-1.93857e-007,-0.000220973
,,,-1.93457e-007,0
,,,-1.93057e-007,0.000220973
,,,-1.92657e-007,0.000441946
,,,-1.92257e-007,0.000220973
,,,-1.91857e-007,0.000441946
,,,-1.91457e-007,-0.000220973
,,,-1.91057e-007,-0.000441946
,,,-1.90657e-007,-0.000441946
,,,-1.90257e-007,0
,,,-1.89857e-007,0
,,,-1.89457e-007,-0.000662919
,,,-1.89057e-007,-0.000441946
,,,-1.88657e-007,0
,,,-1.88257e-007,-0.000441946
,,,-1.87857e-007,0
,,,-1.87457e-007,0.000220973
,,,-1.87057e-007,0
,,,-1.86657e-007,-0.000220973
,,,-1.86257e-007,-0.000441946
,,,-1.85857e-007,-0.000220973
,,,-1.85457e-007,0
,,,-1.85057e-007,0.000220973
,,,-1.84657e-007,-0.000441946
,,,-1.84257e-007,-0.000220973
,,,-1.83857e-007,0
,,,-1.83457e-007,0
,,,-1.83057e-007,-0.00110486
,,,-1.82657e-007,0
,,,-1.82257e-007,-0.000220973
,,,-1.81857e-007,0
,,,-1.81457e-007,-0.000220973
,,,-1.81057e-007,-0.000441946
,,,-1.80657e-007,-0.000220973
,,,-1.80257e-007,-0.000220973
,,,-1.79857e-007,0
,,,-1.79457e-007,-0.000220973
,,,-1.79057e-007,-0.000220973
,,,-1.78657e-007,0.00132584
,,,-1.78257e-007,0
,,,-1.77857e-007,-0.000441946
,,,-1.77457e-007,0
,,,-1.77057e-007,0.000220973
,,,-1.76657e-007,0.000662919
,,,-1.76257e-007,-0.000220973
,,,-1.75857e-007,-0.000441946
,,,-1.75457e-007,0.000220973
,,,-1.75057e-007,0
,,,-1.74657e-007,-0.000220973
,,,-1.74257e-007,-0.000220973
,,,-1.73857e-007,-0.000662919
,,,-1.73457e-007,-0.000662919
,,,-1.73057e-007,-0.000662919
,,,-1.72657e-007,-0.00110486
,,,-1.72257e-007,-0.000441946
,,,-1.71857e-007,0.000220973
,,,-1.71457e-007,0.000220973
,,,-1.71057e-007,-0.000220973
,,,-1.70657e-007,0
,,,-1.70257e-007,0.000220973
,,,-1.69857e-007,0.000220973
,,,-1.69457e-007,-0.000220973
,,,-1.69057e-007,0.000220973
,,,-1.68657e-007,-0.00110486
,,,-1.68257e-007,-0.000220973
,,,-1.67857e-007,-0.000220973
,,,-1.67457e-007,-0.000441946
,,,-1.67057e-007,-0.000441946
,,,-1.66657e-007,-0.000441946
,,,-1.66257e-007,0.000441946
,,,-1.65857e-007,0
,,,-1.65457e-007,0
,,,-1.65057e-007,-0.000441946
,,,-1.64657e-007,-0.000883892
,,,-1.64257e-007,-0.000441946
,,,-1.63857e-007,-0.000220973
,,,-1.63457e-007,-0.000220973
,,,-1.63057e-007,0.000220973
,,,-1.62657e-007,0.000441946
,,,-1.62257e-007,0.000220973
,,,-1.61857e-007,0.000662919
,,,-1.61457e-007,0.000220973
,,,-1.61057e-007,-0.000441946
,,,-1.60657e-007,0
,,,-1.60257e-007,-0.000441946
,,,-1.59857e-007,-0.000441946
,,,-1.59457e-007,-0.000662919
,,,-1.59057e-007,-0.000662919
,,,-1.58657e-007,-0.000441946
,,,-1.58257e-007,-0.000662919
,,,-1.57857e-007,0
,,,-1.57457e-007,0.000220973
,,,-1.57057e-007,0.000441946
,,,-1.56657e-007,-0.000662919
,,,-1.56257e-007,-0.000441946
,,,-1.55857e-007,-0.000441946
,,,-1.55457e-007,0
,,,-1.55057e-007,-0.000662919
,,,-1.54657e-007,0.000220973
,,,-1.54257e-007,0
,,,-1.53857e-007,0.000441946
,,,-1.53457e-007,-0.000662919
,,,-1.53057e-007,-0.000441946
,,,-1.52657e-007,0
,,,-1.52257e-007,-0.000220973
,,,-1.51857e-007,-0.000441946
,,,-1.51457e-007,0
,,,-1.51057e-007,-0.000220973
,,,-1.50657e-007,-0.000220973
,,,-1.50257e-007,-0.000441946
,,,-1.49857e-007,0
,,,-1.49457e-007,-0.000441946
,,,-1.49057e-007,0
,,,-1.48657e-007,0
,,,-1.48257e-007,0.000220973
,,,-1.47857e-007,-0.000662919
,,,-1.47457e-007,-0.000441946
,,,-1.47057e-007,-0.000220973
,,,-1.46657e-007,0
,,,-1.46257e-007,-0.000220973
,,,-1.45857e-007,-0.000441946
,,,-1.45457e-007,-0.000883892
,,,-1.45057e-007,0
,,,-1.44657e-007,0
,,,-1.44257e-007,-0.000220973
,,,-1.43857e-007,0.000220973
,,,-1.43457e-007,0
,,,-1.43057e-007,0
,,,-1.42657e-007,0.000441946
,,,-1.42257e-007,0.000220973
,,,-1.41857e-007,0
,,,-1.41457e-007,-0.000883892
,,,-1.41057e-007,-0.000883892
,,,-1.40657e-007,-0.000441946
,,,-1.40257e-007,0.000220973
,,,-1.39857e-007,0.000220973
,,,-1.39457e-007,0
,,,-1.39057e-007,0
,,,-1.38657e-007,0.000220973
,,,-1.38257e-007,0
,,,-1.37857e-007,0.000441946
,,,-1.37457e-007,0
,,,-1.37057e-007,-0.000220973
,,,-1.36657e-007,0.000220973
,,,-1.36257e-007,0.000441946
,,,-1.35857e-007,-0.000441946
,,,-1.35457e-007,0.000220973
,,,-1.35057e-007,-0.000220973
,,,-1.34657e-007,0.000220973
,,,-1.34257e-007,-0.000441946
,,,-1.33857e-007,-0.000220973
,,,-1.33457e-007,-0.000441946
,,,-1.33057e-007,-0.000441946
,,,-1.32657e-007,-0.000662919
,,,-1.32257e-007,-0.000662919
,,,-1.31857e-007,-0.000220973
,,,-1.31457e-007,0.000662919
,,,-1.31057e-007,-0.000441946
,,,-1.30657e-007,-0.000220973
,,,-1.30257e-007,-0.000220973
,,,-1.29857e-007,-0.000220973
,,,-1.29457e-007,0
,,,-1.29057e-007,-0.000883892
,,,-1.28657e-007,-0.000220973
,,,-1.28257e-007,-0.000662919
,,,-1.27857e-007,0
,,,-1.27457e-007,0.000441946
,,,-1.27057e-007,0
,,,-1.26657e-007,-0.000662919
,,,-1.26257e-007,-0.000220973
,,,-1.25857e-007,0
,,,-1.25457e-007,0
,,,-1.25057e-007,-0.000441946
,,,-1.24657e-007,-0.00110486
,,,-1.24257e-007,-0.000441946
,,,-1.23857e-007,-0.000220973
,,,-1.23457e-007,0
,,,-1.23057e-007,0
,,,-1.22657e-007,0.000220973
,,,-1.22257e-007,-0.000662919
,,,-1.21857e-007,0.000220973
,,,-1.21457e-007,0
,,,-1.21057e-007,0.000441946
,,,-1.20657e-007,-0.000220973
,,,-1.20257e-007,-0.000220973
,,,-1.19857e-007,-0.000441946
,,,-1.19457e-007,0.000441946
,,,-1.19057e-007,-0.000220973
,,,-1.18657e-007,-0.000441946
,,,-1.18257e-007,-0.000441946
,,,-1.17857e-007,0
,,,-1.17457e-007,-0.000441946
,,,-1.17057e-007,-0.000220973
,,,-1.16657e-007,0.000662919
,,,-1.16257e-007,-0.000220973
,,,-1.15857e-007,-0.000441946
,,,-1.15457e-007,-0.000441946
,,,-1.15057e-007,0.000662919
,,,-1.14657e-007,0.000220973
,,,-1.14257e-007,0.000220973
,,,-1.13857e-007,0
,,,-1.13457e-007,-0.000441946
,,,-1.13057e-007,-0.000441946
,,,-1.12657e-007,-0.000220973
,,,-1.12257e-007,0
,,,-1.11857e-007,0.000441946
,,,-1.11457e-007,0
,,,-1.11057e-007,-0.000662919
,,,-1.10657e-007,-0.000662919
,,,-1.10257e-007,-0.000662919
,,,-1.09857e-007,0
,,,-1.09457e-007,0
,,,-1.09057e-007,-0.000662919
,,,-1.08657e-007,-0.000883892
,,,-1.08257e-007,0.000220973
,,,-1.07857e-007,0.000441946
,,,-1.07457e-007,-0.000441946
,,,-1.07057e-007,0
,,,-1.06657e-007,0
,,,-1.06257e-007,0.000220973
,,,-1.05857e-007,0
,,,-1.05457e-007,0.000662919
,,,-1.05057e-007,-0.000220973
,,,-1.04657e-007,-0.000220973
,,,-1.04257e-007,0.000220973
,,,-1.03857e-007,-0.000441946
,,,-1.03457e-007,0.000441946
,,,-1.03057e-007,-0.000662919
,,,-1.02657e-007,-0.000441946
,,,-1.02257e-007,0
,,,-1.01857e-007,0.000220973
,,,-1.01457e-007,-0.000662919
,,,-1.01057e-007,-0.000220973
,,,-1.00657e-007,-0.000883892
,,,-1.00257e-007,0.000220973
,,,-9.98572e-008,0
,,,-9.94572e-008,-0.000220973
,,,-9.90572e-008,-0.000220973
,,,-9.86572e-008,0.000220973
,,,-9.82572e-008,0
,,,-9.78572e-008,0.000441946
,,,-9.74572e-008,0
,,,-9.70572e-008,0
,,,-9.66572e-008,0
,,,-9.62572e-008,0.000220973
,,,-9.58572e-008,-0.000441946
,,,-9.54572e-008,-0.000441946
,,,-9.50572e-008,-0.000441946
,,,-9.46572e-008,-0.000220973
,,,-9.42572e-008,0
,,,-9.38572e-008,-0.000220973
,,,-9.34572e-008,-0.000220973
,,,-9.30572e-008,-0.000220973
,,,-9.26572e-008,-0.000662919
,,,-9.22572e-008,0
,,,-9.18572e-008,-0.000220973
,,,-9.14572e-008,-0.000662919
,,,-9.10572e-008,-0.000220973
,,,-9.06572e-008,-0.000220973
,,,-9.02572e-008,-0.000220973
,,,-8.98572e-008,0.000220973
,,,-8.94572e-008,-0.000220973
,,,-8.90572e-008,0
,,,-8.86572e-008,-0.000220973
,,,-8.82572e-008,-0.000220973
,,,-8.78572e-008,0.000220973
,,,-8.74572e-008,0.000220973
,,,-8.70572e-008,0
,,,-8.66572e-008,-0.000220973
,,,-8.62572e-008,-0.000220973
,,,-8.58572e-008,-0.000441946
,,,-8.54572e-008,-0.000883892
,,,-8.50572e-008,-0.000441946
,,,-8.46572e-008,-0.000220973
,,,-8.42572e-008,-0.000220973
,,,-8.38572e-008,-0.000441946
,,,-8.34572e-008,-0.00110486
,,,-8.30572e-008,-0.000220973
,,,-8.26572e-008,0.000220973
,,,-8.22572e-008,0.000220973
,,,-8.18572e-008,-0.000220973
,,,-8.14572e-008,0
,,,-8.10572e-008,-0.000441946
,,,-8.06572e-008,0
,,,-8.02572e-008,-0.000441946
,,,-7.98572e-008,-0.000441946
,,,-7.94572e-008,-0.000220973
,,,-7.90572e-008,0
,,,-7.86572e-008,-0.000441946
,,,-7.82572e-008,-0.000220973
,,,-7.78572e-008,-0.00110486
,,,-7.74572e-008,-0.000662919
,,,-7.70572e-008,-0.000662919
,,,-7.66572e-008,-0.000662919
,,,-7.62572e-008,0
,,,-7.58572e-008,0.000441946
,,,-7.54572e-008,0.000220973
,,,-7.50572e-008,0
,,,-7.46572e-008,-0.00110486
,,,-7.42572e-008,-0.000441946
,,,-7.38572e-008,0.000220973
,,,-7.34572e-008,0.000441946
,,,-7.30572e-008,-0.000220973
,,,-7.26572e-008,-0.000220973
,,,-7.22572e-008,0.000441946
,,,-7.18572e-008,0.000220973
,,,-7.14572e-008,-0.000441946
,,,-7.10572e-008,-0.000441946
,,,-7.06572e-008,0
,,,-7.02572e-008,-0.000220973
,,,-6.98572e-008,-0.000441946
,,,-6.94572e-008,0.000220973
,,,-6.90572e-008,-0.000441946
,,,-6.86572e-008,-0.000220973
,,,-6.82572e-008,0.000220973
,,,-6.78572e-008,0
,,,-6.74572e-008,-0.000220973
,,,-6.70572e-008,0.000220973
,,,-6.66572e-008,0.000220973
,,,-6.62572e-008,-0.000441946
,,,-6.58572e-008,-0.000220973
,,,-6.54572e-008,-0.000220973
,,,-6.50572e-008,-0.000662919
,,,-6.46572e-008,-0.000220973
,,,-6.42572e-008,0.000220973
,,,-6.38572e-008,-0.000441946
,,,-6.34572e-008,0.000220973
,,,-6.30572e-008,-0.000220973
,,,-6.26572e-008,-0.000883892
,,,-6.22572e-008,0
,,,-6.18572e-008,-0.000441946
,,,-6.14572e-008,-0.000883892
,,,-6.10572e-008,-0.000662919
,,,-6.06572e-008,-0.000662919
,,,-6.02572e-008,0
,,,-5.98572e-008,0
,,,-5.94572e-008,-0.00110486
,,,-5.90572e-008,-0.000662919
,,,-5.86572e-008,-0.000220973
,,,-5.82572e-008,-0.000441946
,,,-5.78572e-008,0.000883892
,,,-5.74572e-008,0
,,,-5.70572e-008,0
,,,-5.66572e-008,0.000441946
,,,-5.62572e-008,0
,,,-5.58572e-008,0.000441946
,,,-5.54572e-008,0.000441946
,,,-5.50572e-008,-0.000220973
,,,-5.46572e-008,0.000220973
,,,-5.42572e-008,-0.000441946
,,,-5.38572e-008,-0.000220973
,,,-5.34572e-008,-0.000441946
,,,-5.30572e-008,-0.000662919
,,,-5.26572e-008,-0.000220973
,,,-5.22572e-008,-0.000220973
,,,-5.18572e-008,-0.000662919
,,,-5.14572e-008,-0.000220973
,,,-5.10572e-008,-0.000220973
,,,-5.06572e-008,-0.000441946
,,,-5.02572e-008,0.000220973
,,,-4.98572e-008,0.000441946
,,,-4.94572e-008,0
,,,-4.90572e-008,0.000220973
,,,-4.86572e-008,0
,,,-4.82572e-008,-0.000220973
,,,-4.78572e-008,0.000441946
,,,-4.74572e-008,0.000662919
,,,-4.70572e-008,0
,,,-4.66572e-008,-0.000441946
,,,-4.62572e-008,-0.000220973
,,,-4.58572e-008,0
,,,-4.54572e-008,0.000220973
,,,-4.50572e-008,0
,,,-4.46572e-008,-0.000220973
,,,-4.42572e-008,-0.000441946
,,,-4.38572e-008,-0.000220973
,,,-4.34572e-008,0
,,,-4.30572e-008,-0.000220973
,,,-4.26572e-008,-0.000662919
,,,-4.22572e-008,-0.000220973
,,,-4.18572e-008,0
,,,-4.14572e-008,-0.000441946
,,,-4.10572e-008,0
,,,-4.06572e-008,0
,,,-4.02572e-008,0.000220973
,,,-3.98572e-008,-0.000220973
,,,-3.94572e-008,0.000441946
,,,-3.90572e-008,0
,,,-3.86572e-008,0.000220973
,,,-3.82572e-008,-0.000441946
,,,-3.78572e-008,-0.000883892
,,,-3.74572e-008,0
,,,-3.70572e-008,-0.000220973
,,,-3.66572e-008,-0.000662919
,,,-3.62572e-008,-0.000220973
,,,-3.58572e-008,0
,,,-3.54572e-008,0.000220973
,,,-3.50572e-008,0.000441946
,,,-3.46572e-008,-0.000441946
,,,-3.42572e-008,-0.000441946
,,,-3.38572e-008,0.000662919
,,,-3.34572e-008,0
,,,-3.30572e-008,-0.000441946
,,,-3.26572e-008,-0.000220973
,,,-3.22572e-008,0.000441946
,,,-3.18572e-008,0.000441946
,,,-3.14572e-008,0.000220973
,,,-3.10572e-008,0
,,,-3.06572e-008,0
,,,-3.02572e-008,0
,,,-2.98572e-008,-0.000883892
,,,-2.94572e-008,-0.000441946
,,,-2.90572e-008,0.000220973
,,,-2.86572e-008,0.000220973
,,,-2.82572e-008,0.000441946
,,,-2.78572e-008,-0.000220973
,,,-2.74572e-008,0.00132584
,,,-2.70572e-008,-0.000220973
,,,-2.66572e-008,-0.000220973
,,,-2.62572e-008,-0.000220973
,,,-2.58572e-008,0.00110486
,,,-2.54572e-008,0
,,,-2.50572e-008,-0.000220973
,,,-2.46572e-008,0.000220973
,,,-2.42572e-008,0.000220973
,,,-2.38572e-008,-0.000220973
,,,-2.34572e-008,0
,,,-2.30572e-008,-0.000883892
,,,-2.26572e-008,-0.000220973
,,,-2.22572e-008,0
,,,-2.18572e-008,-0.000220973
,,,-2.14572e-008,0.000441946
,,,-2.10572e-008,-0.000220973
,,,-2.06572e-008,0
,,,-2.02572e-008,0.000220973
,,,-1.98572e-008,0.000220973
,,,-1.94572e-008,0
,,,-1.90572e-008,0.000662919
,,,-1.86572e-008,-0.000441946
,,,-1.82572e-008,-0.000220973
,,,-1.78572e-008,0.000883892
,,,-1.74572e-008,0
,,,-1.70572e-008,0
,,,-1.66572e-008,0.000220973
,,,-1.62572e-008,-0.000441946
,,,-1.58572e-008,0.000441946
,,,-1.54572e-008,0.000662919
,,,-1.50572e-008,-0.000220973
,,,-1.46572e-008,-0.000220973
,,,-1.42572e-008,0.000220973
,,,-1.38572e-008,0
,,,-1.34572e-008,-0.000220973
,,,-1.30572e-008,-0.000220973
,,,-1.26572e-008,-0.000883892
,,,-1.22572e-008,0.000441946
,,,-1.18572e-008,0.00110486
,,,-1.14572e-008,-0.000441946
,,,-1.10572e-008,-0.000441946
,,,-1.06572e-008,0
,,,-1.02572e-008,0.000220973
,,,-9.85724e-009,0
,,,-9.45724e-009,0
,,,-9.05724e-009,0
,,,-8.65724e-009,-0.000441946
,,,-8.25724e-009,0
,,,-7.85724e-009,0.000441946
,,,-7.45724e-009,0.000441946
,,,-7.05724e-009,0
,,,-6.65724e-009,-0.000441946
,,,-6.25724e-009,0
,,,-5.85724e-009,-0.000662919
,,,-5.45724e-009,-0.000220973
,,,-5.05724e-009,-0.000662919
,,,-4.65724e-009,-0.000220973
,,,-4.25724e-009,0.000441946
,,,-3.85724e-009,0
,,,-3.45724e-009,0.000220973
,,,-3.05724e-009,-0.000441946
,,,-2.65724e-009,0
,,,-2.25724e-009,0
,,,-1.85724e-009,0
,,,-1.45724e-009,-0.000441946
,,,-1.05724e-009,-0.000441946
,,,-6.57243e-010,0
,,,-2.57243e-010,0.000220973
,,,1.42757e-010,0
,,,5.42757e-010,-0.000220973
,,,9.42757e-010,-0.000883892
,,,1.34276e-009,0
,,,1.74276e-009,-0.000220973
,,,2.14276e-009,0
,,,2.54276e-009,0
,,,2.94276e-009,-0.000441946
,,,3.34276e-009,-0.000441946
,,,3.74276e-009,0.000220973
,,,4.14276e-009,0
,,,4.54276e-009,0
,,,4.94276e-009,-0.00110486
,,,5.34276e-009,0
,,,5.74276e-009,-0.000441946
,,,6.14276e-009,0
,,,6.54276e-009,-0.000662919
,,,6.94276e-009,0
,,,7.34276e-009,-0.000220973
,,,7.74276e-009,0.000220973
,,,8.14276e-009,0
,,,8.54276e-009,0
,,,8.94276e-009,-0.000441946
,,,9.34276e-009,-0.000220973
,,,9.74276e-009,0.000220973
,,,1.01428e-008,0
,,,1.05428e-008,0.000220973
,,,1.09428e-008,-0.000662919
,,,1.13428e-008,-0.000441946
,,,1.17428e-008,-0.000441946
,,,1.21428e-008,-0.000441946
,,,1.25428e-008,-0.000220973
,,,1.29428e-008,0.000441946
,,,1.33428e-008,0.000441946
,,,1.37428e-008,-0.000883892
,,,1.41428e-008,0.000441946
,,,1.45428e-008,-0.000662919
,,,1.49428e-008,-0.000220973
,,,1.53428e-008,0
,,,1.57428e-008,-0.000441946
,,,1.61428e-008,-0.000220973
,,,1.65428e-008,0
,,,1.69428e-008,0.000220973
,,,1.73428e-008,0
,,,1.77428e-008,0
,,,1.81428e-008,0.000220973
,,,1.85428e-008,-0.000220973
,,,1.89428e-008,-0.000662919
,,,1.93428e-008,-0.000662919
,,,1.97428e-008,-0.000220973
,,,2.01428e-008,-0.000220973
,,,2.05428e-008,-0.000220973
,,,2.09428e-008,-0.000220973
,,,2.13428e-008,0.000220973
,,,2.17428e-008,-0.000441946
,,,2.21428e-008,0
,,,2.25428e-008,-0.000441946
,,,2.29428e-008,0
,,,2.33428e-008,-0.000662919
,,,2.37428e-008,0.000220973
,,,2.41428e-008,-0.000220973
,,,2.45428e-008,0
,,,2.49428e-008,-0.000441946
,,,2.53428e-008,0.000220973
,,,2.57428e-008,0
,,,2.61428e-008,-0.000220973
,,,2.65428e-008,-0.000220973
,,,2.69428e-008,0.000220973
,,,2.73428e-008,-0.000441946
,,,2.77428e-008,0
,,,2.81428e-008,0
,,,2.85428e-008,0.000441946
,,,2.89428e-008,0
,,,2.93428e-008,0
,,,2.97428e-008,0
,,,3.01428e-008,0.000662919
,,,3.05428e-008,0.000441946
,,,3.09428e-008,0
,,,3.13428e-008,0
,,,3.17428e-008,0.000220973
,,,3.21428e-008,0
,,,3.25428e-008,0
,,,3.29428e-008,0.000220973
,,,3.33428e-008,-0.000220973
,,,3.37428e-008,0.000441946
,,,3.41428e-008,-0.000662919
,,,3.45428e-008,-0.000441946
,,,3.49428e-008,0.000441946
,,,3.53428e-008,0
,,,3.57428e-008,-0.000220973
,,,3.61428e-008,0.000441946
,,,3.65428e-008,0.000441946
,,,3.69428e-008,0.000220973
,,,3.73428e-008,-0.000441946
,,,3.77428e-008,-0.000441946
,,,3.81428e-008,0.000441946
,,,3.85428e-008,-0.000220973
,,,3.89428e-008,-0.000220973
,,,3.93428e-008,0
,,,3.97428e-008,0
,,,4.01428e-008,0
,,,4.05428e-008,0.000220973
,,,4.09428e-008,0.000441946
,,,4.13428e-008,0.000220973
,,,4.17428e-008,0
,,,4.21428e-008,-0.000441946
,,,4.25428e-008,-0.000220973
,,,4.29428e-008,-0.000441946
,,,4.33428e-008,0.000220973
,,,4.37428e-008,0
,,,4.41428e-008,-0.00110486
,,,4.45428e-008,-0.000883892
,,,4.49428e-008,0
,,,4.53428e-008,0.000662919
,,,4.57428e-008,0.000441946
,,,4.61428e-008,-0.000220973
,,,4.65428e-008,0.000220973
,,,4.69428e-008,0
,,,4.73428e-008,0
,,,4.77428e-008,0
,,,4.81428e-008,-0.000662919
,,,4.85428e-008,0.000883892
,,,4.89428e-008,-0.000441946
,,,4.93428e-008,-0.000220973
,,,4.97428e-008,-0.000220973
,,,5.01428e-008,-0.000220973
,,,5.05428e-008,-0.000662919
,,,5.09428e-008,0.000441946
,,,5.13428e-008,-0.000220973
,,,5.17428e-008,-0.000662919
,,,5.21428e-008,-0.000441946
,,,5.25428e-008,-0.000220973
,,,5.29428e-008,-0.000662919
,,,5.33428e-008,0.000220973
,,,5.37428e-008,-0.000662919
,,,5.41428e-008,0.000662919
,,,5.45428e-008,0
,,,5.49428e-008,-0.000662919
,,,5.53428e-008,0.000441946
,,,5.57428e-008,0.000441946
,,,5.61428e-008,-0.000441946
,,,5.65428e-008,0.000662919
,,,5.69428e-008,-0.000441946
,,,5.73428e-008,-0.000441946
,,,5.77428e-008,-0.000662919
,,,5.81428e-008,0
,,,5.85428e-008,-0.000220973
,,,5.89428e-008,-0.000441946
,,,5.93428e-008,0
,,,5.97428e-008,0
,,,6.01428e-008,-0.000220973
,,,6.05428e-008,0
,,,6.09428e-008,-0.000441946
,,,6.13428e-008,0.000220973
,,,6.17428e-008,0
,,,6.21428e-008,0.000220973
,,,6.25428e-008,0.000220973
,,,6.29428e-008,-0.000441946
,,,6.33428e-008,0
,,,6.37428e-008,0.000441946
,,,6.41428e-008,-0.000220973
,,,6.45428e-008,-0.000220973
,,,6.49428e-008,-0.000883892
,,,6.53428e-008,-0.000441946
,,,6.57428e-008,0.000220973
,,,6.61428e-008,-0.000441946
,,,6.65428e-008,0
,,,6.69428e-008,-0.000662919
,,,6.73428e-008,-0.000220973
,,,6.77428e-008,0
,,,6.81428e-008,0
,,,6.85428e-008,0.000662919
,,,6.89428e-008,-0.000220973
,,,6.93428e-008,-0.000220973
,,,6.97428e-008,-0.000441946
,,,7.01428e-008,0.000441946
,,,7.05428e-008,0.000220973
,,,7.09428e-008,0.000441946
,,,7.13428e-008,-0.000441946
,,,7.17428e-008,-0.00132584
,,,7.21428e-008,-0.000220973
,,,7.25428e-008,0.000662919
,,,7.29428e-008,-0.000441946
,,,7.33428e-008,-0.000220973
,,,7.37428e-008,0
,,,7.41428e-008,-0.000441946
,,,7.45428e-008,0.000220973
,,,7.49428e-008,0.000220973
,,,7.53428e-008,-0.000441946
,,,7.57428e-008,-0.000220973
,,,7.61428e-008,-0.000220973
,,,7.65428e-008,0.000441946
,,,7.69428e-008,0.000441946
,,,7.73428e-008,-0.000220973
,,,7.77428e-008,0
,,,7.81428e-008,0
,,,7.85428e-008,0.000220973
,,,7.89428e-008,0.000220973
,,,7.93428e-008,-0.000220973
,,,7.97428e-008,-0.000220973
,,,8.01428e-008,0.000441946
,,,8.05428e-008,0.000662919
,,,8.09428e-008,-0.000441946
,,,8.13428e-008,-0.000441946
,,,8.17428e-008,0
,,,8.21428e-008,0.000220973
,,,8.25428e-008,0.000220973
,,,8.29428e-008,-0.000441946
,,,8.33428e-008,-0.000220973
,,,8.37428e-008,0
,,,8.41428e-008,0
,,,8.45428e-008,0.000220973
,,,8.49428e-008,0.000662919
,,,8.53428e-008,0.000662919
,,,8.57428e-008,0.000220973
,,,8.61428e-008,0.000220973
,,,8.65428e-008,0.000662919
,,,8.69428e-008,0.000662919
,,,8.73428e-008,0
,,,8.77428e-008,-0.000441946
,,,8.81428e-008,-0.000441946
,,,8.85428e-008,0
,,,8.89428e-008,-0.000441946
,,,8.93428e-008,0.000220973
,,,8.97428e-008,0
,,,9.01428e-008,-0.000441946
,,,9.05428e-008,0
,,,9.09428e-008,0.000220973
,,,9.13428e-008,-0.000220973
,,,9.17428e-008,0
,,,9.21428e-008,-0.000220973
,,,9.25428e-008,0.000883892
,,,9.29428e-008,0.000441946
,,,9.33428e-008,0.000662919
,,,9.37428e-008,0.00154681
,,,9.41428e-008,0.000662919
,,,9.45428e-008,0.00154681
,,,9.49428e-008,0.0024307
,,,9.53428e-008,0.0024307
,,,9.57428e-008,0.00375654
,,,9.61428e-008,0.00441946
,,,9.65428e-008,0.0057453
,,,9.69428e-008,0.00662919
,,,9.73428e-008,0.00795503
,,,9.77428e-008,0.00839697
,,,9.81428e-008,0.00972281
,,,9.85428e-008,0.0114906
,,,9.89428e-008,0.0123745
,,,9.93428e-008,0.0121535
,,,9.97428e-008,0.0134794
,,,1.00143e-007,0.0143632
,,,1.00543e-007,0.0156891
,,,1.00943e-007,0.0156891
,,,1.01343e-007,0.016131
,,,1.01743e-007,0.0159101
,,,1.02143e-007,0.0170149
,,,1.02543e-007,0.0167939
,,,1.02943e-007,0.016573
,,,1.03343e-007,0.016573
,,,1.03743e-007,0.0176778
,,,1.04143e-007,0.0178988
,,,1.04543e-007,0.0172359
,,,1.04943e-007,0.0170149
,,,1.05343e-007,0.0172359
,,,1.05743e-007,0.0172359
,,,1.06143e-007,0.0174569
,,,1.06543e-007,0.0176778
,,,1.06943e-007,0.0167939
,,,1.07343e-007,0.0174569
,,,1.07743e-007,0.0176778
,,,1.08143e-007,0.0174569
,,,1.08543e-007,0.0170149
,,,1.08943e-007,0.0178988
,,,1.09343e-007,0.0167939
,,,1.09743e-007,0.0172359
,,,1.10143e-007,0.0183408
,,,1.10543e-007,0.0178988
,,,1.10943e-007,0.0176778
,,,1.11343e-007,0.0174569
,,,1.11743e-007,0.0178988
,,,1.12143e-007,0.0178988
,,,1.12543e-007,0.0183408
,,,1.12943e-007,0.0176778
,,,1.13343e-007,0.0174569
,,,1.13743e-007,0.0181198
,,,1.14143e-007,0.0170149
,,,1.14543e-007,0.0176778
,,,1.14943e-007,0.0174569
,,,1.15343e-007,0.0178988
,,,1.15743e-007,0.0176778
,,,1.16143e-007,0.0172359
,,,1.16543e-007,0.0174569
,,,1.16943e-007,0.0176778
,,,1.17343e-007,0.0172359
,,,1.17743e-007,0.0178988
,,,1.18143e-007,0.0176778
,,,1.18543e-007,0.0183408
,,,1.18943e-007,0.0185617
,,,1.19343e-007,0.0178988
,,,1.19743e-007,0.0181198
,,,1.20143e-007,0.0178988
,,,1.20543e-007,0.0176778
,,,1.20943e-007,0.0176778
,,,1.21343e-007,0.0183408
,,,1.21743e-007,0.0176778
,,,1.22143e-007,0.0183408
,,,1.22543e-007,0.0187827
,,,1.22943e-007,0.0178988
,,,1.23343e-007,0.0187827
,,,1.23743e-007,0.0192246
,,,1.24143e-007,0.0192246
,,,1.24543e-007,0.0196666
,,,1.24943e-007,0.0190037
,,,1.25343e-007,0.0203295
,,,1.25743e-007,0.0207715
,,,1.26143e-007,0.0212134
,,,1.26543e-007,0.0212134
,,,1.26943e-007,0.0205505
,,,1.27343e-007,0.0205505
,,,1.27743e-007,0.0203295
,,,1.28143e-007,0.0205505
,,,1.28543e-007,0.0198876
,,,1.28943e-007,0.0194456
,,,1.29343e-007,0.0190037
,,,1.29743e-007,0.0194456
,,,1.30143e-007,0.0183408
,,,1.30543e-007,0.0187827
,,,1.30943e-007,0.0178988
,,,1.31343e-007,0.0176778
,,,1.31743e-007,0.0185617
,,,1.32143e-007,0.0176778
,,,1.32543e-007,0.0167939
,,,1.32943e-007,0.0170149
,,,1.33343e-007,0.0178988
,,,1.33743e-007,0.0176778
,,,1.34143e-007,0.0176778
,,,1.34543e-007,0.016573
,,,1.34943e-007,0.016352
,,,1.35343e-007,0.0167939
,,,1.35743e-007,0.016131
,,,1.36143e-007,0.016352
,,,1.36543e-007,0.016573
,,,1.36943e-007,0.016352
,,,1.37343e-007,0.0159101
,,,1.37743e-007,0.0159101
,,,1.38143e-007,0.016573
,,,1.38543e-007,0.0159101
,,,1.38943e-007,0.0159101
,,,1.39343e-007,0.0159101
,,,1.39743e-007,0.016131
,,,1.40143e-007,0.016573
,,,1.40543e-007,0.0156891
,,,1.40943e-007,0.0167939
,,,1.41343e-007,0.016131
,,,1.41743e-007,0.0150262
,,,1.42143e-007,0.0145842
,,,1.42543e-007,0.0150262
,,,1.42943e-007,0.0152471
,,,1.43343e-007,0.0156891
,,,1.43743e-007,0.0148052
,,,1.44143e-007,0.0154681
,,,1.44543e-007,0.0150262
,,,1.44943e-007,0.0143632
,,,1.45343e-007,0.0148052
,,,1.45743e-007,0.0143632
,,,1.46143e-007,0.0145842
,,,1.46543e-007,0.0141423
,,,1.46943e-007,0.0143632
,,,1.47343e-007,0.0148052
,,,1.47743e-007,0.0141423
,,,1.48143e-007,0.0139213
,,,1.48543e-007,0.0145842
,,,1.48943e-007,0.0137003
,,,1.49343e-007,0.0137003
,,,1.49743e-007,0.0143632
,,,1.50143e-007,0.0145842
,,,1.50543e-007,0.0143632
,,,1.50943e-007,0.0145842
,,,1.51343e-007,0.0143632
,,,1.51743e-007,0.0145842
,,,1.52143e-007,0.0137003
,,,1.52543e-007,0.0145842
,,,1.52943e-007,0.0134794
,,,1.53343e-007,0.0141423
,,,1.53743e-007,0.0139213
,,,1.54143e-007,0.0141423
,,,1.54543e-007,0.0134794
,,,1.54943e-007,0.0128164
,,,1.55343e-007,0.0132584
,,,1.55743e-007,0.0125955
,,,1.56143e-007,0.0123745
,,,1.56543e-007,0.0125955
,,,1.56943e-007,0.0119325
,,,1.57343e-007,0.0121535
,,,1.57743e-007,0.0121535
,,,1.58143e-007,0.0119325
,,,1.58543e-007,0.0121535
,,,1.58943e-007,0.0117116
,,,1.59343e-007,0.0114906
,,,1.59743e-007,0.0125955
,,,1.60143e-007,0.0125955
,,,1.60543e-007,0.0123745
,,,1.60943e-007,0.0114906
,,,1.61343e-007,0.0123745
,,,1.61743e-007,0.0112696
,,,1.62143e-007,0.0121535
,,,1.62543e-007,0.0117116
,,,1.62943e-007,0.0114906
,,,1.63343e-007,0.0119325
,,,1.63743e-007,0.0110486
,,,1.64143e-007,0.0117116
,,,1.64543e-007,0.0123745
,,,1.64943e-007,0.0121535
,,,1.65343e-007,0.0119325
,,,1.65743e-007,0.0119325
,,,1.66143e-007,0.0125955
,,,1.66543e-007,0.0114906
,,,1.66943e-007,0.0125955
,,,1.67343e-007,0.0123745
,,,1.67743e-007,0.0119325
,,,1.68143e-007,0.0125955
,,,1.68543e-007,0.0121535
,,,1.68943e-007,0.0117116
,,,1.69343e-007,0.0119325
,,,1.69743e-007,0.0125955
,,,1.70143e-007,0.0117116
,,,1.70543e-007,0.0114906
,,,1.70943e-007,0.0119325
,,,1.71343e-007,0.0117116
,,,1.71743e-007,0.0121535
,,,1.72143e-007,0.0123745
,,,1.72543e-007,0.0119325
,,,1.72943e-007,0.0119325
,,,1.73343e-007,0.0128164
,,,1.73743e-007,0.0117116
,,,1.74143e-007,0.0123745
,,,1.74543e-007,0.0121535
,,,1.74943e-007,0.0119325
,,,1.75343e-007,0.0123745
,,,1.75743e-007,0.0121535
,,,1.76143e-007,0.0121535
,,,1.76543e-007,0.0123745
,,,1.76943e-007,0.0121535
,,,1.77343e-007,0.0119325
,,,1.77743e-007,0.0114906
,,,1.78143e-007,0.0114906
,,,1.78543e-007,0.0117116
,,,1.78943e-007,0.0125955
,,,1.79343e-007,0.0125955
,,,1.79743e-007,0.0130374
,,,1.80143e-007,0.0128164
,,,1.80543e-007,0.0130374
,,,1.80943e-007,0.0125955
,,,1.81343e-007,0.0128164
,,,1.81743e-007,0.0125955
,,,1.82143e-007,0.0130374
,,,1.82543e-007,0.0128164
,,,1.82943e-007,0.0119325
,,,1.83343e-007,0.0121535
,,,1.83743e-007,0.0130374
,,,1.84143e-007,0.0121535
,,,1.84543e-007,0.0125955
,,,1.84943e-007,0.0125955
,,,1.85343e-007,0.0125955
,,,1.85743e-007,0.0117116
,,,1.86143e-007,0.0125955
,,,1.86543e-007,0.0132584
,,,1.86943e-007,0.0132584
,,,1.87343e-007,0.0128164
,,,1.87743e-007,0.0128164
,,,1.88143e-007,0.0130374
,,,1.88543e-007,0.0121535
,,,1.88943e-007,0.0134794
,,,1.89343e-007,0.0130374
,,,1.89743e-007,0.0128164
,,,1.90143e-007,0.0139213
,,,1.90543e-007,0.0128164
,,,1.90943e-007,0.0125955
,,,1.91343e-007,0.0132584
,,,1.91743e-007,0.0137003
,,,1.92143e-007,0.0128164
,,,1.92543e-007,0.0139213
,,,1.92943e-007,0.0139213
,,,1.93343e-007,0.0130374
,,,1.93743e-007,0.0134794
,,,1.94143e-007,0.0125955
,,,1.94543e-007,0.0130374
,,,1.94943e-007,0.0123745
,,,1.95343e-007,0.0130374
,,,1.95743e-007,0.0130374
,,,1.96143e-007,0.0130374
,,,1.96543e-007,0.0130374
,,,1.96943e-007,0.0125955
,,,1.97343e-007,0.0123745
,,,1.97743e-007,0.0123745
,,,1.98143e-007,0.0130374
,,,1.98543e-007,0.0130374
,,,1.98943e-007,0.0125955
,,,1.99343e-007,0.0128164
,,,1.99743e-007,0.0132584
,,,2.00143e-007,0.0121535
,,,2.00543e-007,0.0123745
,,,2.00943e-007,0.0119325
,,,2.01343e-007,0.0119325
,,,2.01743e-007,0.0123745
,,,2.02143e-007,0.0123745
,,,2.02543e-007,0.0112696
,,,2.02943e-007,0.0114906
,,,2.03343e-007,0.0114906
,,,2.03743e-007,0.0114906
,,,2.04143e-007,0.0112696
,,,2.04543e-007,0.0112696
,,,2.04943e-007,0.0114906
,,,2.05343e-007,0.0110486
,,,2.05743e-007,0.0112696
,,,2.06143e-007,0.0119325
,,,2.06543e-007,0.0108277
,,,2.06943e-007,0.0110486
,,,2.07343e-007,0.0103857
,,,2.07743e-007,0.0101648
,,,2.08143e-007,0.0101648
,,,2.08543e-007,0.00972281
,,,2.08943e-007,0.00950184
,,,2.09343e-007,0.00883892
,,,2.09743e-007,0.008176
,,,2.10143e-007,0.008176
,,,2.10543e-007,0.00751308
,,,2.10943e-007,0.00751308
,,,2.11343e-007,0.00773405
,,,2.11743e-007,0.00707114
,,,2.12143e-007,0.00640822
,,,2.12543e-007,0.00618724
,,,2.12943e-007,0.00685016
,,,2.13343e-007,0.00552432
,,,2.13743e-007,0.00552432
,,,2.14143e-007,0.00464043
,,,2.14543e-007,0.00508238
,,,2.14943e-007,0.00464043
,,,2.15343e-007,0.00464043
,,,2.15743e-007,0.00397751
,,,2.16143e-007,0.00287265
,,,2.16543e-007,0.00397751
,,,2.16943e-007,0.00331459
,,,2.17343e-007,0.00287265
,,,2.17743e-007,0.00287265
,,,2.18143e-007,0.00287265
,,,2.18543e-007,0.00265168
,,,2.18943e-007,0.00132584
,,,2.19343e-007,0.00132584
,,,2.19743e-007,0.00176778
,,,2.20143e-007,0.0024307
,,,2.20543e-007,0.00220973
,,,2.20943e-007,0.0024307
,,,2.21343e-007,0.00154681
,,,2.21743e-007,0.00176778
,,,2.22143e-007,0.00265168
,,,2.22543e-007,0.00132584
,,,2.22943e-007,0.000883892
,,,2.23343e-007,0.00198876
,,,2.23743e-007,0.00132584
,,,2.24143e-007,0.000662919
,,,2.24543e-007,0.00154681
,,,2.24943e-007,0.00154681
,,,2.25343e-007,0.000883892
,,,2.25743e-007,0.00110486
,,,2.26143e-007,0.000662919
,,,2.26543e-007,0.000441946
,,,2.26943e-007,0.000662919
,,,2.27343e-007,0.000220973
,,,2.27743e-007,0.000662919
,,,2.28143e-007,0.00110486
,,,2.28543e-007,-0.000220973
,,,2.28943e-007,-0.000441946
,,,2.29343e-007,0.000441946
,,,2.29743e-007,0.000441946
,,,2.30143e-007,0.000883892
,,,2.30543e-007,0.000662919
,,,2.30943e-007,0.000441946
,,,2.31343e-007,0.000662919
,,,2.31743e-007,-0.000441946
,,,2.32143e-007,0.000220973
,,,2.32543e-007,0.000220973
,,,2.32943e-007,-0.000220973
,,,2.33343e-007,0.00132584
,,,2.33743e-007,0.000220973
,,,2.34143e-007,0.000441946
,,,2.34543e-007,0.000220973
,,,2.34943e-007,-0.000441946
,,,2.35343e-007,0
,,,2.35743e-007,0.000220973
,,,2.36143e-007,-0.000883892
,,,2.36543e-007,-0.000441946
,,,2.36943e-007,0.000441946
,,,2.37343e-007,0.000220973
,,,2.37743e-007,-0.000441946
,,,2.38143e-007,-0.000662919
,,,2.38543e-007,0.000220973
,,,2.38943e-007,0.000441946
,,,2.39343e-007,-0.000883892
,,,2.39743e-007,-0.000883892
,,,2.40143e-007,0.000662919
,,,2.40543e-007,-0.000220973
,,,2.40943e-007,-0.000662919
,,,2.41343e-007,-0.000662919
,,,2.41743e-007,-0.000662919
,,,2.42143e-007,-0.00132584
,,,2.42543e-007,-0.00110486
,,,2.42943e-007,-0.000662919
,,,2.43343e-007,-0.000441946
,,,2.43743e-007,-0.000662919
,,,2.44143e-007,-0.00110486
,,,2.44543e-007,-0.000441946
,,,2.44943e-007,-0.000220973
,,,2.45343e-007,0
,,,2.45743e-007,0
,,,2.46143e-007,-0.000441946
,,,2.46543e-007,-0.000662919
,,,2.46943e-007,-0.000220973
,,,2.47343e-007,-0.000220973
,,,2.47743e-007,-0.000220973
,,,2.48143e-007,-0.000441946
,,,2.48543e-007,0.000441946
,,,2.48943e-007,-0.000441946
,,,2.49343e-007,-0.000441946
,,,2.49743e-007,-0.000441946
,,,2.50143e-007,0
