"Record Length",1252,"Points",-2.50043e-007,0.000441946
"Sample Interval",4e-010,s,-2.49643e-007,0.000220973
"Trigger Point",625,"Samples",-2.49243e-007,0
"Trigger Time",0.106592,s,-2.48843e-007,-0.000220973
,,,-2.48443e-007,0
"Horizontal Offset",-2.50043e-007,s,-2.48043e-007,-0.000220973
,,,-2.47643e-007,0.000662919
,,,-2.47243e-007,-0.000220973
,,,-2.46843e-007,-0.000883892
,,,-2.46443e-007,0.000662919
,,,-2.46043e-007,-0.000220973
,,,-2.45643e-007,0.000220973
,,,-2.45243e-007,-0.000220973
,,,-2.44843e-007,0.000220973
,,,-2.44443e-007,-0.000662919
,,,-2.44043e-007,0.000441946
,,,-2.43643e-007,0.000441946
,,,-2.43243e-007,0
,,,-2.42843e-007,0.000220973
,,,-2.42443e-007,-0.000220973
,,,-2.42043e-007,0.000220973
,,,-2.41643e-007,0
,,,-2.41243e-007,-0.000662919
,,,-2.40843e-007,0.000220973
,,,-2.40443e-007,-0.000441946
,,,-2.40043e-007,-0.000441946
,,,-2.39643e-007,0.000662919
,,,-2.39243e-007,0
,,,-2.38843e-007,-0.000441946
,,,-2.38443e-007,0.000662919
,,,-2.38043e-007,0.000441946
,,,-2.37643e-007,0.000441946
,,,-2.37243e-007,0
,,,-2.36843e-007,-0.000441946
,,,-2.36443e-007,0.000220973
,,,-2.36043e-007,0.000441946
,,,-2.35643e-007,0.000662919
,,,-2.35243e-007,0
,,,-2.34843e-007,0
,,,-2.34443e-007,0
,,,-2.34043e-007,0
,,,-2.33643e-007,-0.000220973
,,,-2.33243e-007,-0.000220973
,,,-2.32843e-007,-0.000220973
,,,-2.32443e-007,0.000441946
,,,-2.32043e-007,-0.000883892
,,,-2.31643e-007,-0.000220973
,,,-2.31243e-007,-0.000220973
,,,-2.30843e-007,-0.000220973
,,,-2.30443e-007,-0.000220973
,,,-2.30043e-007,0
,,,-2.29643e-007,0
,,,-2.29243e-007,0.000662919
,,,-2.28843e-007,0.000441946
,,,-2.28443e-007,-0.000220973
,,,-2.28043e-007,0.000220973
,,,-2.27643e-007,0
,,,-2.27243e-007,0
,,,-2.26843e-007,0.000220973
,,,-2.26443e-007,0
,,,-2.26043e-007,0.000220973
,,,-2.25643e-007,0
,,,-2.25243e-007,-0.000220973
,,,-2.24843e-007,0
,,,-2.24443e-007,-0.000220973
,,,-2.24043e-007,-0.000662919
,,,-2.23643e-007,-0.000662919
,,,-2.23243e-007,0.000220973
,,,-2.22843e-007,0.000662919
,,,-2.22443e-007,0.000662919
,,,-2.22043e-007,0
,,,-2.21643e-007,-0.000441946
,,,-2.21243e-007,0.000220973
,,,-2.20843e-007,-0.000441946
,,,-2.20443e-007,-0.000220973
,,,-2.20043e-007,0.000220973
,,,-2.19643e-007,-0.000883892
,,,-2.19243e-007,-0.000441946
,,,-2.18843e-007,0
,,,-2.18443e-007,0.000441946
,,,-2.18043e-007,0.000220973
,,,-2.17643e-007,0
,,,-2.17243e-007,-0.000441946
,,,-2.16843e-007,-0.000220973
,,,-2.16443e-007,0.000220973
,,,-2.16043e-007,-0.000441946
,,,-2.15643e-007,-0.000441946
,,,-2.15243e-007,0
,,,-2.14843e-007,-0.000220973
,,,-2.14443e-007,0.000220973
,,,-2.14043e-007,0.000662919
,,,-2.13643e-007,0.000441946
,,,-2.13243e-007,-0.000883892
,,,-2.12843e-007,-0.000441946
,,,-2.12443e-007,-0.000220973
,,,-2.12043e-007,0.000220973
,,,-2.11643e-007,0
,,,-2.11243e-007,0
,,,-2.10843e-007,-0.000220973
,,,-2.10443e-007,-0.000220973
,,,-2.10043e-007,-0.000662919
,,,-2.09643e-007,-0.000662919
,,,-2.09243e-007,-0.000441946
,,,-2.08843e-007,0
,,,-2.08443e-007,0
,,,-2.08043e-007,-0.000441946
,,,-2.07643e-007,-0.000441946
,,,-2.07243e-007,0
,,,-2.06843e-007,-0.000220973
,,,-2.06443e-007,0
,,,-2.06043e-007,-0.000220973
,,,-2.05643e-007,0.000441946
,,,-2.05243e-007,0.000441946
,,,-2.04843e-007,0
,,,-2.04443e-007,0.000220973
,,,-2.04043e-007,0.000662919
,,,-2.03643e-007,0.000220973
,,,-2.03243e-007,0.000441946
,,,-2.02843e-007,-0.000220973
,,,-2.02443e-007,0.000220973
,,,-2.02043e-007,-0.000220973
,,,-2.01643e-007,-0.000220973
,,,-2.01243e-007,-0.000220973
,,,-2.00843e-007,0.000441946
,,,-2.00443e-007,-0.000441946
,,,-2.00043e-007,0.000220973
,,,-1.99643e-007,-0.000220973
,,,-1.99243e-007,0
,,,-1.98843e-007,-0.000220973
,,,-1.98443e-007,0.000220973
,,,-1.98043e-007,-0.000662919
,,,-1.97643e-007,-0.000220973
,,,-1.97243e-007,0.000883892
,,,-1.96843e-007,0.000441946
,,,-1.96443e-007,0
,,,-1.96043e-007,0
,,,-1.95643e-007,0.000662919
,,,-1.95243e-007,0
,,,-1.94843e-007,0.000883892
,,,-1.94443e-007,0.000441946
,,,-1.94043e-007,0
,,,-1.93643e-007,-0.000441946
,,,-1.93243e-007,0.000220973
,,,-1.92843e-007,0.000220973
,,,-1.92443e-007,0.000220973
,,,-1.92043e-007,-0.000220973
,,,-1.91643e-007,0
,,,-1.91243e-007,0.000441946
,,,-1.90843e-007,-0.000220973
,,,-1.90443e-007,0.000220973
,,,-1.90043e-007,0
,,,-1.89643e-007,-0.000441946
,,,-1.89243e-007,-0.000220973
,,,-1.88843e-007,0
,,,-1.88443e-007,0
,,,-1.88043e-007,-0.000220973
,,,-1.87643e-007,0.000220973
,,,-1.87243e-007,0.000220973
,,,-1.86843e-007,0
,,,-1.86443e-007,0
,,,-1.86043e-007,0
,,,-1.85643e-007,0.000662919
,,,-1.85243e-007,0
,,,-1.84843e-007,0.000441946
,,,-1.84443e-007,0
,,,-1.84043e-007,-0.000220973
,,,-1.83643e-007,-0.000220973
,,,-1.83243e-007,0.000441946
,,,-1.82843e-007,-0.000662919
,,,-1.82443e-007,0
,,,-1.82043e-007,-0.000220973
,,,-1.81643e-007,0.000662919
,,,-1.81243e-007,-0.000441946
,,,-1.80843e-007,0.000662919
,,,-1.80443e-007,-0.000220973
,,,-1.80043e-007,0.000441946
,,,-1.79643e-007,-0.000662919
,,,-1.79243e-007,-0.000441946
,,,-1.78843e-007,-0.000220973
,,,-1.78443e-007,0
,,,-1.78043e-007,-0.000220973
,,,-1.77643e-007,0.000441946
,,,-1.77243e-007,-0.000220973
,,,-1.76843e-007,0.000220973
,,,-1.76443e-007,0
,,,-1.76043e-007,0.000220973
,,,-1.75643e-007,0
,,,-1.75243e-007,0.000220973
,,,-1.74843e-007,0.000441946
,,,-1.74443e-007,0
,,,-1.74043e-007,-0.000220973
,,,-1.73643e-007,-0.000441946
,,,-1.73243e-007,0.00132584
,,,-1.72843e-007,0
,,,-1.72443e-007,-0.000441946
,,,-1.72043e-007,0.000441946
,,,-1.71643e-007,0.000220973
,,,-1.71243e-007,-0.000220973
,,,-1.70843e-007,0.000220973
,,,-1.70443e-007,0.000220973
,,,-1.70043e-007,0.000441946
,,,-1.69643e-007,0
,,,-1.69243e-007,0
,,,-1.68843e-007,-0.000220973
,,,-1.68443e-007,0.000220973
,,,-1.68043e-007,-0.000441946
,,,-1.67643e-007,0.000441946
,,,-1.67243e-007,0.000441946
,,,-1.66843e-007,0
,,,-1.66443e-007,-0.000220973
,,,-1.66043e-007,0.000883892
,,,-1.65643e-007,0
,,,-1.65243e-007,0.000441946
,,,-1.64843e-007,0.000220973
,,,-1.64443e-007,-0.000220973
,,,-1.64043e-007,0.000220973
,,,-1.63643e-007,0.000220973
,,,-1.63243e-007,0
,,,-1.62843e-007,0
,,,-1.62443e-007,0.000220973
,,,-1.62043e-007,0.000441946
,,,-1.61643e-007,0.000220973
,,,-1.61243e-007,0.000220973
,,,-1.60843e-007,0.000441946
,,,-1.60443e-007,-0.000220973
,,,-1.60043e-007,-0.000220973
,,,-1.59643e-007,0.000220973
,,,-1.59243e-007,0.000220973
,,,-1.58843e-007,-0.000441946
,,,-1.58443e-007,0.000441946
,,,-1.58043e-007,-0.000441946
,,,-1.57643e-007,0
,,,-1.57243e-007,0
,,,-1.56843e-007,0
,,,-1.56443e-007,-0.000883892
,,,-1.56043e-007,0
,,,-1.55643e-007,-0.000220973
,,,-1.55243e-007,0
,,,-1.54843e-007,0
,,,-1.54443e-007,0.000220973
,,,-1.54043e-007,0.000220973
,,,-1.53643e-007,0
,,,-1.53243e-007,-0.000220973
,,,-1.52843e-007,-0.000220973
,,,-1.52443e-007,0.000220973
,,,-1.52043e-007,0
,,,-1.51643e-007,0
,,,-1.51243e-007,0
,,,-1.50843e-007,-0.00110486
,,,-1.50443e-007,0.000662919
,,,-1.50043e-007,0.000220973
,,,-1.49643e-007,0.000441946
,,,-1.49243e-007,0.000441946
,,,-1.48843e-007,-0.000441946
,,,-1.48443e-007,-0.000883892
,,,-1.48043e-007,0
,,,-1.47643e-007,-0.000220973
,,,-1.47243e-007,0
,,,-1.46843e-007,0.000220973
,,,-1.46443e-007,0.000220973
,,,-1.46043e-007,-0.000220973
,,,-1.45643e-007,0.000220973
,,,-1.45243e-007,-0.000220973
,,,-1.44843e-007,0.000441946
,,,-1.44443e-007,0.000441946
,,,-1.44043e-007,0.000220973
,,,-1.43643e-007,0.000220973
,,,-1.43243e-007,0.000441946
,,,-1.42843e-007,0
,,,-1.42443e-007,-0.000220973
,,,-1.42043e-007,-0.000220973
,,,-1.41643e-007,0
,,,-1.41243e-007,-0.000220973
,,,-1.40843e-007,0.000220973
,,,-1.40443e-007,0.000220973
,,,-1.40043e-007,-0.000441946
,,,-1.39643e-007,0.000220973
,,,-1.39243e-007,0
,,,-1.38843e-007,0
,,,-1.38443e-007,-0.000220973
,,,-1.38043e-007,0.000220973
,,,-1.37643e-007,0
,,,-1.37243e-007,0.00110486
,,,-1.36843e-007,0.000220973
,,,-1.36443e-007,0.000441946
,,,-1.36043e-007,0.000441946
,,,-1.35643e-007,0
,,,-1.35243e-007,0.000220973
,,,-1.34843e-007,-0.000220973
,,,-1.34443e-007,-0.000662919
,,,-1.34043e-007,0
,,,-1.33643e-007,0.000220973
,,,-1.33243e-007,0
,,,-1.32843e-007,-0.000220973
,,,-1.32443e-007,0
,,,-1.32043e-007,0.000220973
,,,-1.31643e-007,-0.000220973
,,,-1.31243e-007,0.000441946
,,,-1.30843e-007,0.000662919
,,,-1.30443e-007,0.000662919
,,,-1.30043e-007,0
,,,-1.29643e-007,0.000441946
,,,-1.29243e-007,-0.000220973
,,,-1.28843e-007,-0.000662919
,,,-1.28443e-007,-0.000441946
,,,-1.28043e-007,-0.000662919
,,,-1.27643e-007,0
,,,-1.27243e-007,-0.000220973
,,,-1.26843e-007,-0.000441946
,,,-1.26443e-007,0.000220973
,,,-1.26043e-007,0
,,,-1.25643e-007,0.000220973
,,,-1.25243e-007,0.000220973
,,,-1.24843e-007,-0.000441946
,,,-1.24443e-007,-0.000441946
,,,-1.24043e-007,0.000220973
,,,-1.23643e-007,-0.000441946
,,,-1.23243e-007,-0.000220973
,,,-1.22843e-007,0.000220973
,,,-1.22443e-007,-0.000662919
,,,-1.22043e-007,0
,,,-1.21643e-007,0
,,,-1.21243e-007,0.000220973
,,,-1.20843e-007,0
,,,-1.20443e-007,-0.000441946
,,,-1.20043e-007,0
,,,-1.19643e-007,0
,,,-1.19243e-007,0
,,,-1.18843e-007,0.000220973
,,,-1.18443e-007,0
,,,-1.18043e-007,0
,,,-1.17643e-007,0.000441946
,,,-1.17243e-007,0.000441946
,,,-1.16843e-007,0
,,,-1.16443e-007,0
,,,-1.16043e-007,0.000220973
,,,-1.15643e-007,-0.000441946
,,,-1.15243e-007,0
,,,-1.14843e-007,0
,,,-1.14443e-007,-0.000441946
,,,-1.14043e-007,-0.000220973
,,,-1.13643e-007,-0.000220973
,,,-1.13243e-007,-0.000662919
,,,-1.12843e-007,0
,,,-1.12443e-007,0.000441946
,,,-1.12043e-007,0
,,,-1.11643e-007,-0.000220973
,,,-1.11243e-007,0.000220973
,,,-1.10843e-007,0.000662919
,,,-1.10443e-007,0
,,,-1.10043e-007,0
,,,-1.09643e-007,0
,,,-1.09243e-007,-0.000441946
,,,-1.08843e-007,0
,,,-1.08443e-007,-0.000441946
,,,-1.08043e-007,-0.000220973
,,,-1.07643e-007,-0.000220973
,,,-1.07243e-007,-0.000220973
,,,-1.06843e-007,0.000220973
,,,-1.06443e-007,0.000220973
,,,-1.06043e-007,0.000662919
,,,-1.05643e-007,0.000441946
,,,-1.05243e-007,0.000220973
,,,-1.04843e-007,0.000220973
,,,-1.04443e-007,0
,,,-1.04043e-007,-0.000220973
,,,-1.03643e-007,-0.000220973
,,,-1.03243e-007,-0.000662919
,,,-1.02843e-007,-0.000662919
,,,-1.02443e-007,-0.000662919
,,,-1.02043e-007,-0.000220973
,,,-1.01643e-007,0.000441946
,,,-1.01243e-007,0
,,,-1.00843e-007,0.000883892
,,,-1.00443e-007,0.000441946
,,,-1.00043e-007,0.000441946
,,,-9.96426e-008,0.000220973
,,,-9.92426e-008,0
,,,-9.88426e-008,-0.000441946
,,,-9.84426e-008,0
,,,-9.80426e-008,-0.000220973
,,,-9.76426e-008,0.000441946
,,,-9.72426e-008,0
,,,-9.68426e-008,0
,,,-9.64426e-008,0
,,,-9.60426e-008,-0.000662919
,,,-9.56426e-008,-0.000662919
,,,-9.52426e-008,-0.000220973
,,,-9.48426e-008,-0.000220973
,,,-9.44426e-008,-0.000220973
,,,-9.40426e-008,-0.000220973
,,,-9.36426e-008,0.000220973
,,,-9.32426e-008,0
,,,-9.28426e-008,0
,,,-9.24426e-008,-0.000220973
,,,-9.20426e-008,0.000662919
,,,-9.16426e-008,-0.000441946
,,,-9.12426e-008,-0.000662919
,,,-9.08426e-008,-0.000220973
,,,-9.04426e-008,0.000662919
,,,-9.00426e-008,0.000220973
,,,-8.96426e-008,0
,,,-8.92426e-008,-0.000220973
,,,-8.88426e-008,0.000883892
,,,-8.84426e-008,0.000441946
,,,-8.80426e-008,-0.000883892
,,,-8.76426e-008,-0.000441946
,,,-8.72426e-008,0
,,,-8.68426e-008,0.000441946
,,,-8.64426e-008,-0.000220973
,,,-8.60426e-008,0
,,,-8.56426e-008,0
,,,-8.52426e-008,0
,,,-8.48426e-008,0.000220973
,,,-8.44426e-008,-0.000220973
,,,-8.40426e-008,0.000220973
,,,-8.36426e-008,0.000441946
,,,-8.32426e-008,0.000441946
,,,-8.28426e-008,0.000220973
,,,-8.24426e-008,0.000220973
,,,-8.20426e-008,0.000441946
,,,-8.16426e-008,-0.000441946
,,,-8.12426e-008,-0.000220973
,,,-8.08426e-008,0
,,,-8.04426e-008,-0.000441946
,,,-8.00426e-008,-0.000441946
,,,-7.96426e-008,-0.000220973
,,,-7.92426e-008,0.000220973
,,,-7.88426e-008,-0.000441946
,,,-7.84426e-008,0.000662919
,,,-7.80426e-008,0
,,,-7.76426e-008,0
,,,-7.72426e-008,0
,,,-7.68426e-008,0.000662919
,,,-7.64426e-008,0.000662919
,,,-7.60426e-008,0.000441946
,,,-7.56426e-008,0
,,,-7.52426e-008,0.000220973
,,,-7.48426e-008,0.000441946
,,,-7.44426e-008,0.000220973
,,,-7.40426e-008,0.000441946
,,,-7.36426e-008,0.000662919
,,,-7.32426e-008,-0.000220973
,,,-7.28426e-008,0.000220973
,,,-7.24426e-008,-0.000441946
,,,-7.20426e-008,0.000220973
,,,-7.16426e-008,0.000220973
,,,-7.12426e-008,0.000220973
,,,-7.08426e-008,-0.000220973
,,,-7.04426e-008,-0.000662919
,,,-7.00426e-008,0.000662919
,,,-6.96426e-008,0
,,,-6.92426e-008,0.000220973
,,,-6.88426e-008,0.000441946
,,,-6.84426e-008,0
,,,-6.80426e-008,0
,,,-6.76426e-008,0.000441946
,,,-6.72426e-008,0.000220973
,,,-6.68426e-008,0.000441946
,,,-6.64426e-008,0.000441946
,,,-6.60426e-008,-0.000220973
,,,-6.56426e-008,0
,,,-6.52426e-008,-0.000220973
,,,-6.48426e-008,-0.000441946
,,,-6.44426e-008,0
,,,-6.40426e-008,-0.000220973
,,,-6.36426e-008,0.000220973
,,,-6.32426e-008,-0.000220973
,,,-6.28426e-008,-0.000662919
,,,-6.24426e-008,0.000220973
,,,-6.20426e-008,0
,,,-6.16426e-008,0.000662919
,,,-6.12426e-008,0
,,,-6.08426e-008,0.000220973
,,,-6.04426e-008,0.000220973
,,,-6.00426e-008,0.000220973
,,,-5.96426e-008,0
,,,-5.92426e-008,-0.000441946
,,,-5.88426e-008,0
,,,-5.84426e-008,0.000662919
,,,-5.80426e-008,0.000220973
,,,-5.76426e-008,-0.000441946
,,,-5.72426e-008,0
,,,-5.68426e-008,-0.000220973
,,,-5.64426e-008,-0.000220973
,,,-5.60426e-008,0.000441946
,,,-5.56426e-008,0.000220973
,,,-5.52426e-008,-0.000220973
,,,-5.48426e-008,0.000220973
,,,-5.44426e-008,-0.000220973
,,,-5.40426e-008,-0.000441946
,,,-5.36426e-008,0.000441946
,,,-5.32426e-008,0
,,,-5.28426e-008,0.000883892
,,,-5.24426e-008,0.000220973
,,,-5.20426e-008,0.000883892
,,,-5.16426e-008,-0.00110486
,,,-5.12426e-008,-0.000220973
,,,-5.08426e-008,0
,,,-5.04426e-008,-0.000220973
,,,-5.00426e-008,-0.000220973
,,,-4.96426e-008,0.000441946
,,,-4.92426e-008,-0.000441946
,,,-4.88426e-008,0.000220973
,,,-4.84426e-008,0.000662919
,,,-4.80426e-008,0.000441946
,,,-4.76426e-008,0.000441946
,,,-4.72426e-008,-0.000441946
,,,-4.68426e-008,-0.000441946
,,,-4.64426e-008,0
,,,-4.60426e-008,0
,,,-4.56426e-008,0.000441946
,,,-4.52426e-008,0.000441946
,,,-4.48426e-008,0
,,,-4.44426e-008,0
,,,-4.40426e-008,0.000662919
,,,-4.36426e-008,0.000883892
,,,-4.32426e-008,0
,,,-4.28426e-008,0.000441946
,,,-4.24426e-008,0.000662919
,,,-4.20426e-008,0.000220973
,,,-4.16426e-008,-0.000220973
,,,-4.12426e-008,-0.000220973
,,,-4.08426e-008,-0.000441946
,,,-4.04426e-008,0.000220973
,,,-4.00426e-008,0
,,,-3.96426e-008,-0.000662919
,,,-3.92426e-008,0.000220973
,,,-3.88426e-008,-0.000662919
,,,-3.84426e-008,-0.000220973
,,,-3.80426e-008,-0.000220973
,,,-3.76426e-008,0.000441946
,,,-3.72426e-008,0.000220973
,,,-3.68426e-008,0
,,,-3.64426e-008,0.000220973
,,,-3.60426e-008,-0.000441946
,,,-3.56426e-008,0.000441946
,,,-3.52426e-008,0
,,,-3.48426e-008,0
,,,-3.44426e-008,0.00110486
,,,-3.40426e-008,0.000883892
,,,-3.36426e-008,0.000220973
,,,-3.32426e-008,-0.000662919
,,,-3.28426e-008,0.000662919
,,,-3.24426e-008,0.000220973
,,,-3.20426e-008,-0.000662919
,,,-3.16426e-008,-0.000220973
,,,-3.12426e-008,0
,,,-3.08426e-008,-0.000220973
,,,-3.04426e-008,0.000662919
,,,-3.00426e-008,0.000220973
,,,-2.96426e-008,0.000441946
,,,-2.92426e-008,0
,,,-2.88426e-008,-0.000220973
,,,-2.84426e-008,0.000220973
,,,-2.80426e-008,0.000441946
,,,-2.76426e-008,-0.000441946
,,,-2.72426e-008,0
,,,-2.68426e-008,0
,,,-2.64426e-008,0.000220973
,,,-2.60426e-008,0.000441946
,,,-2.56426e-008,-0.000220973
,,,-2.52426e-008,-0.000441946
,,,-2.48426e-008,-0.000220973
,,,-2.44426e-008,0.000441946
,,,-2.40426e-008,0.000662919
,,,-2.36426e-008,0
,,,-2.32426e-008,0
,,,-2.28426e-008,-0.000662919
,,,-2.24426e-008,-0.000441946
,,,-2.20426e-008,-0.000662919
,,,-2.16426e-008,0
,,,-2.12426e-008,-0.000441946
,,,-2.08426e-008,0.000220973
,,,-2.04426e-008,0
,,,-2.00426e-008,0.000220973
,,,-1.96426e-008,-0.000662919
,,,-1.92426e-008,0.000220973
,,,-1.88426e-008,0
,,,-1.84426e-008,0.000662919
,,,-1.80426e-008,0
,,,-1.76426e-008,0.000441946
,,,-1.72426e-008,-0.000662919
,,,-1.68426e-008,0
,,,-1.64426e-008,0
,,,-1.60426e-008,-0.000220973
,,,-1.56426e-008,0
,,,-1.52426e-008,0.000441946
,,,-1.48426e-008,-0.000883892
,,,-1.44426e-008,0.000220973
,,,-1.40426e-008,0.000662919
,,,-1.36426e-008,-0.000220973
,,,-1.32426e-008,-0.000220973
,,,-1.28426e-008,0
,,,-1.24426e-008,0.000662919
,,,-1.20426e-008,0.000883892
,,,-1.16426e-008,0
,,,-1.12426e-008,0.000220973
,,,-1.08426e-008,0.000441946
,,,-1.04426e-008,-0.000220973
,,,-1.00426e-008,0
,,,-9.64264e-009,0
,,,-9.24264e-009,0.000220973
,,,-8.84264e-009,0
,,,-8.44264e-009,0
,,,-8.04264e-009,-0.000441946
,,,-7.64264e-009,0
,,,-7.24264e-009,0.000220973
,,,-6.84264e-009,-0.000441946
,,,-6.44264e-009,-0.000220973
,,,-6.04264e-009,0.000220973
,,,-5.64264e-009,0.000662919
,,,-5.24264e-009,0
,,,-4.84264e-009,-0.000220973
,,,-4.44264e-009,0.000220973
,,,-4.04264e-009,0.000662919
,,,-3.64264e-009,0.000441946
,,,-3.24264e-009,0
,,,-2.84264e-009,0.000662919
,,,-2.44264e-009,0
,,,-2.04264e-009,0
,,,-1.64264e-009,0
,,,-1.24264e-009,-0.000220973
,,,-8.42637e-010,0
,,,-4.42637e-010,-0.000662919
,,,-4.26367e-011,-0.000662919
,,,3.57363e-010,0
,,,7.57363e-010,0.000441946
,,,1.15736e-009,0
,,,1.55736e-009,0
,,,1.95736e-009,-0.000662919
,,,2.35736e-009,0
,,,2.75736e-009,0.000220973
,,,3.15736e-009,0.000662919
,,,3.55736e-009,-0.000441946
,,,3.95736e-009,0.000220973
,,,4.35736e-009,0.000220973
,,,4.75736e-009,0.000220973
,,,5.15736e-009,0.000662919
,,,5.55736e-009,-0.000220973
,,,5.95736e-009,0.000441946
,,,6.35736e-009,0.000662919
,,,6.75736e-009,0.000220973
,,,7.15736e-009,0
,,,7.55736e-009,0
,,,7.95736e-009,0.000441946
,,,8.35736e-009,-0.000220973
,,,8.75736e-009,0
,,,9.15736e-009,-0.000441946
,,,9.55736e-009,-0.000220973
,,,9.95736e-009,0.000220973
,,,1.03574e-008,-0.000220973
,,,1.07574e-008,0.000441946
,,,1.11574e-008,0
,,,1.15574e-008,-0.000662919
,,,1.19574e-008,0.000441946
,,,1.23574e-008,-0.000662919
,,,1.27574e-008,-0.000441946
,,,1.31574e-008,0
,,,1.35574e-008,-0.000441946
,,,1.39574e-008,0
,,,1.43574e-008,0
,,,1.47574e-008,-0.000662919
,,,1.51574e-008,0
,,,1.55574e-008,-0.000662919
,,,1.59574e-008,-0.000220973
,,,1.63574e-008,-0.000220973
,,,1.67574e-008,-0.000220973
,,,1.71574e-008,0
,,,1.75574e-008,-0.000220973
,,,1.79574e-008,0.000220973
,,,1.83574e-008,0.000220973
,,,1.87574e-008,-0.000220973
,,,1.91574e-008,0
,,,1.95574e-008,0.000441946
,,,1.99574e-008,0.000441946
,,,2.03574e-008,0
,,,2.07574e-008,0.000220973
,,,2.11574e-008,0.000883892
,,,2.15574e-008,0.000441946
,,,2.19574e-008,0
,,,2.23574e-008,0.000662919
,,,2.27574e-008,0.000220973
,,,2.31574e-008,0.000441946
,,,2.35574e-008,0.000662919
,,,2.39574e-008,0
,,,2.43574e-008,-0.000220973
,,,2.47574e-008,0
,,,2.51574e-008,-0.000220973
,,,2.55574e-008,-0.000883892
,,,2.59574e-008,-0.000220973
,,,2.63574e-008,0.000883892
,,,2.67574e-008,0.000441946
,,,2.71574e-008,0.000883892
,,,2.75574e-008,-0.000441946
,,,2.79574e-008,-0.000441946
,,,2.83574e-008,0.000441946
,,,2.87574e-008,-0.000220973
,,,2.91574e-008,0.000220973
,,,2.95574e-008,0.000220973
,,,2.99574e-008,-0.000441946
,,,3.03574e-008,0
,,,3.07574e-008,-0.000220973
,,,3.11574e-008,-0.000220973
,,,3.15574e-008,-0.000220973
,,,3.19574e-008,0
,,,3.23574e-008,-0.000220973
,,,3.27574e-008,-0.000220973
,,,3.31574e-008,-0.000883892
,,,3.35574e-008,0.000662919
,,,3.39574e-008,-0.000441946
,,,3.43574e-008,-0.000220973
,,,3.47574e-008,0.000220973
,,,3.51574e-008,0
,,,3.55574e-008,0.000220973
,,,3.59574e-008,0.000441946
,,,3.63574e-008,-0.000441946
,,,3.67574e-008,0.000220973
,,,3.71574e-008,0.000883892
,,,3.75574e-008,0.000662919
,,,3.79574e-008,0.000220973
,,,3.83574e-008,-0.000220973
,,,3.87574e-008,-0.000220973
,,,3.91574e-008,0.000662919
,,,3.95574e-008,0
,,,3.99574e-008,-0.000441946
,,,4.03574e-008,0
,,,4.07574e-008,-0.000220973
,,,4.11574e-008,0
,,,4.15574e-008,0.000883892
,,,4.19574e-008,0.000662919
,,,4.23574e-008,0.000883892
,,,4.27574e-008,0
,,,4.31574e-008,-0.000220973
,,,4.35574e-008,-0.000441946
,,,4.39574e-008,0.000441946
,,,4.43574e-008,0.000220973
,,,4.47574e-008,0
,,,4.51574e-008,0.000883892
,,,4.55574e-008,0
,,,4.59574e-008,-0.000220973
,,,4.63574e-008,-0.000662919
,,,4.67574e-008,-0.000220973
,,,4.71574e-008,0.000220973
,,,4.75574e-008,0.000441946
,,,4.79574e-008,0
,,,4.83574e-008,0
,,,4.87574e-008,0
,,,4.91574e-008,-0.000220973
,,,4.95574e-008,-0.000441946
,,,4.99574e-008,-0.000220973
,,,5.03574e-008,-0.000220973
,,,5.07574e-008,0
,,,5.11574e-008,0.000220973
,,,5.15574e-008,-0.000441946
,,,5.19574e-008,0
,,,5.23574e-008,0
,,,5.27574e-008,-0.000220973
,,,5.31574e-008,0.000441946
,,,5.35574e-008,0
,,,5.39574e-008,0.000662919
,,,5.43574e-008,0.000220973
,,,5.47574e-008,0.000220973
,,,5.51574e-008,0
,,,5.55574e-008,0.000220973
,,,5.59574e-008,-0.000662919
,,,5.63574e-008,-0.000220973
,,,5.67574e-008,-0.000441946
,,,5.71574e-008,-0.000220973
,,,5.75574e-008,0
,,,5.79574e-008,0.000441946
,,,5.83574e-008,-0.000220973
,,,5.87574e-008,0
,,,5.91574e-008,-0.000220973
,,,5.95574e-008,0.000220973
,,,5.99574e-008,0
,,,6.03574e-008,0.000441946
,,,6.07574e-008,0
,,,6.11574e-008,0.000441946
,,,6.15574e-008,0.000220973
,,,6.19574e-008,0
,,,6.23574e-008,0
,,,6.27574e-008,0.000220973
,,,6.31574e-008,0.000441946
,,,6.35574e-008,0.000441946
,,,6.39574e-008,0
,,,6.43574e-008,0.000662919
,,,6.47574e-008,0.000220973
,,,6.51574e-008,-0.000220973
,,,6.55574e-008,-0.000220973
,,,6.59574e-008,-0.00132584
,,,6.63574e-008,-0.000220973
,,,6.67574e-008,-0.000220973
,,,6.71574e-008,0.000220973
,,,6.75574e-008,0.000220973
,,,6.79574e-008,0.00110486
,,,6.83574e-008,0
,,,6.87574e-008,0.000220973
,,,6.91574e-008,-0.000220973
,,,6.95574e-008,0.000883892
,,,6.99574e-008,0.000441946
,,,7.03574e-008,0.000441946
,,,7.07574e-008,0.000220973
,,,7.11574e-008,0.000441946
,,,7.15574e-008,0.000662919
,,,7.19574e-008,-0.000441946
,,,7.23574e-008,-0.000441946
,,,7.27574e-008,-0.000220973
,,,7.31574e-008,-0.000441946
,,,7.35574e-008,0.000220973
,,,7.39574e-008,0.000220973
,,,7.43574e-008,0
,,,7.47574e-008,0.000441946
,,,7.51574e-008,0.000662919
,,,7.55574e-008,-0.000441946
,,,7.59574e-008,0.000441946
,,,7.63574e-008,0.000441946
,,,7.67574e-008,0.000220973
,,,7.71574e-008,0.000220973
,,,7.75574e-008,0.000883892
,,,7.79574e-008,0.000662919
,,,7.83574e-008,0
,,,7.87574e-008,-0.000441946
,,,7.91574e-008,0.000441946
,,,7.95574e-008,-0.000220973
,,,7.99574e-008,-0.000220973
,,,8.03574e-008,-0.000220973
,,,8.07574e-008,0.000441946
,,,8.11574e-008,0
,,,8.15574e-008,0.000441946
,,,8.19574e-008,0.000220973
,,,8.23574e-008,0.00110486
,,,8.27574e-008,-0.000441946
,,,8.31574e-008,0.000441946
,,,8.35574e-008,0.000220973
,,,8.39574e-008,0.000662919
,,,8.43574e-008,0.000220973
,,,8.47574e-008,0.000220973
,,,8.51574e-008,0.000662919
,,,8.55574e-008,0.000441946
,,,8.59574e-008,0.000662919
,,,8.63574e-008,-0.000220973
,,,8.67574e-008,-0.000441946
,,,8.71574e-008,0.000220973
,,,8.75574e-008,-0.000441946
,,,8.79574e-008,-0.000441946
,,,8.83574e-008,-0.000441946
,,,8.87574e-008,-0.000883892
,,,8.91574e-008,-0.000883892
,,,8.95574e-008,0
,,,8.99574e-008,0
,,,9.03574e-008,0.000220973
,,,9.07574e-008,-0.000220973
,,,9.11574e-008,0.000220973
,,,9.15574e-008,-0.000441946
,,,9.19574e-008,0.000883892
,,,9.23574e-008,0.000883892
,,,9.27574e-008,0.000441946
,,,9.31574e-008,0.000441946
,,,9.35574e-008,0.000662919
,,,9.39574e-008,0.00132584
,,,9.43574e-008,0.0024307
,,,9.47574e-008,0.0024307
,,,9.51574e-008,0.0024307
,,,9.55574e-008,0.00397751
,,,9.59574e-008,0.00464043
,,,9.63574e-008,0.00552432
,,,9.67574e-008,0.00685016
,,,9.71574e-008,0.00751308
,,,9.75574e-008,0.00950184
,,,9.79574e-008,0.0101648
,,,9.83574e-008,0.0123745
,,,9.87574e-008,0.0130374
,,,9.91574e-008,0.0137003
,,,9.95574e-008,0.0141423
,,,9.99574e-008,0.0154681
,,,1.00357e-007,0.0154681
,,,1.00757e-007,0.0156891
,,,1.01157e-007,0.016131
,,,1.01557e-007,0.0167939
,,,1.01957e-007,0.0167939
,,,1.02357e-007,0.0167939
,,,1.02757e-007,0.0170149
,,,1.03157e-007,0.0174569
,,,1.03557e-007,0.016573
,,,1.03957e-007,0.0167939
,,,1.04357e-007,0.0172359
,,,1.04757e-007,0.0174569
,,,1.05157e-007,0.016573
,,,1.05557e-007,0.0178988
,,,1.05957e-007,0.0176778
,,,1.06357e-007,0.0183408
,,,1.06757e-007,0.0174569
,,,1.07157e-007,0.0183408
,,,1.07557e-007,0.0167939
,,,1.07957e-007,0.0176778
,,,1.08357e-007,0.0178988
,,,1.08757e-007,0.0174569
,,,1.09157e-007,0.0183408
,,,1.09557e-007,0.0181198
,,,1.09957e-007,0.0178988
,,,1.10357e-007,0.0174569
,,,1.10757e-007,0.0178988
,,,1.11157e-007,0.0174569
,,,1.11557e-007,0.0181198
,,,1.11957e-007,0.0174569
,,,1.12357e-007,0.016573
,,,1.12757e-007,0.0178988
,,,1.13157e-007,0.0174569
,,,1.13557e-007,0.0181198
,,,1.13957e-007,0.0176778
,,,1.14357e-007,0.0176778
,,,1.14757e-007,0.0170149
,,,1.15157e-007,0.0176778
,,,1.15557e-007,0.0183408
,,,1.15957e-007,0.0174569
,,,1.16357e-007,0.0176778
,,,1.16757e-007,0.0181198
,,,1.17157e-007,0.0174569
,,,1.17557e-007,0.0172359
,,,1.17957e-007,0.0183408
,,,1.18357e-007,0.0178988
,,,1.18757e-007,0.0181198
,,,1.19157e-007,0.0174569
,,,1.19557e-007,0.0183408
,,,1.19957e-007,0.0174569
,,,1.20357e-007,0.0178988
,,,1.20757e-007,0.0181198
,,,1.21157e-007,0.0176778
,,,1.21557e-007,0.0187827
,,,1.21957e-007,0.0187827
,,,1.22357e-007,0.0185617
,,,1.22757e-007,0.0185617
,,,1.23157e-007,0.0196666
,,,1.23557e-007,0.0194456
,,,1.23957e-007,0.0203295
,,,1.24357e-007,0.0207715
,,,1.24757e-007,0.0201085
,,,1.25157e-007,0.0209924
,,,1.25557e-007,0.0205505
,,,1.25957e-007,0.0209924
,,,1.26357e-007,0.0212134
,,,1.26757e-007,0.0201085
,,,1.27157e-007,0.0209924
,,,1.27557e-007,0.0207715
,,,1.27957e-007,0.0194456
,,,1.28357e-007,0.0190037
,,,1.28757e-007,0.0192246
,,,1.29157e-007,0.0196666
,,,1.29557e-007,0.0190037
,,,1.29957e-007,0.0185617
,,,1.30357e-007,0.0181198
,,,1.30757e-007,0.0174569
,,,1.31157e-007,0.0176778
,,,1.31557e-007,0.0178988
,,,1.31957e-007,0.0174569
,,,1.32357e-007,0.0181198
,,,1.32757e-007,0.0172359
,,,1.33157e-007,0.0174569
,,,1.33557e-007,0.0174569
,,,1.33957e-007,0.0172359
,,,1.34357e-007,0.0172359
,,,1.34757e-007,0.016131
,,,1.35157e-007,0.016573
,,,1.35557e-007,0.0170149
,,,1.35957e-007,0.0170149
,,,1.36357e-007,0.016352
,,,1.36757e-007,0.0154681
,,,1.37157e-007,0.0156891
,,,1.37557e-007,0.016573
,,,1.37957e-007,0.0170149
,,,1.38357e-007,0.0156891
,,,1.38757e-007,0.0159101
,,,1.39157e-007,0.016131
,,,1.39557e-007,0.0150262
,,,1.39957e-007,0.0156891
,,,1.40357e-007,0.0152471
,,,1.40757e-007,0.0152471
,,,1.41157e-007,0.0152471
,,,1.41557e-007,0.0159101
,,,1.41957e-007,0.0154681
,,,1.42357e-007,0.0145842
,,,1.42757e-007,0.0152471
,,,1.43157e-007,0.0150262
,,,1.43557e-007,0.0145842
,,,1.43957e-007,0.0145842
,,,1.44357e-007,0.0150262
,,,1.44757e-007,0.0150262
,,,1.45157e-007,0.0139213
,,,1.45557e-007,0.0139213
,,,1.45957e-007,0.0148052
,,,1.46357e-007,0.0145842
,,,1.46757e-007,0.0154681
,,,1.47157e-007,0.0143632
,,,1.47557e-007,0.0145842
,,,1.47957e-007,0.0143632
,,,1.48357e-007,0.0148052
,,,1.48757e-007,0.0139213
,,,1.49157e-007,0.0137003
,,,1.49557e-007,0.0137003
,,,1.49957e-007,0.0141423
,,,1.50357e-007,0.0137003
,,,1.50757e-007,0.0134794
,,,1.51157e-007,0.0141423
,,,1.51557e-007,0.0141423
,,,1.51957e-007,0.0145842
,,,1.52357e-007,0.0143632
,,,1.52757e-007,0.0134794
,,,1.53157e-007,0.0137003
,,,1.53557e-007,0.0139213
,,,1.53957e-007,0.0134794
,,,1.54357e-007,0.0134794
,,,1.54757e-007,0.0137003
,,,1.55157e-007,0.0132584
,,,1.55557e-007,0.0125955
,,,1.55957e-007,0.0123745
,,,1.56357e-007,0.0114906
,,,1.56757e-007,0.0119325
,,,1.57157e-007,0.0121535
,,,1.57557e-007,0.0121535
,,,1.57957e-007,0.0117116
,,,1.58357e-007,0.0121535
,,,1.58757e-007,0.0112696
,,,1.59157e-007,0.0125955
,,,1.59557e-007,0.0123745
,,,1.59957e-007,0.0119325
,,,1.60357e-007,0.0112696
,,,1.60757e-007,0.0117116
,,,1.61157e-007,0.0117116
,,,1.61557e-007,0.0117116
,,,1.61957e-007,0.0119325
,,,1.62357e-007,0.0121535
,,,1.62757e-007,0.0123745
,,,1.63157e-007,0.0125955
,,,1.63557e-007,0.0121535
,,,1.63957e-007,0.0130374
,,,1.64357e-007,0.0114906
,,,1.64757e-007,0.0121535
,,,1.65157e-007,0.0117116
,,,1.65557e-007,0.0125955
,,,1.65957e-007,0.0119325
,,,1.66357e-007,0.0128164
,,,1.66757e-007,0.0114906
,,,1.67157e-007,0.0123745
,,,1.67557e-007,0.0121535
,,,1.67957e-007,0.0121535
,,,1.68357e-007,0.0119325
,,,1.68757e-007,0.0125955
,,,1.69157e-007,0.0119325
,,,1.69557e-007,0.0121535
,,,1.69957e-007,0.0117116
,,,1.70357e-007,0.0128164
,,,1.70757e-007,0.0121535
,,,1.71157e-007,0.0123745
,,,1.71557e-007,0.0119325
,,,1.71957e-007,0.0130374
,,,1.72357e-007,0.0121535
,,,1.72757e-007,0.0121535
,,,1.73157e-007,0.0114906
,,,1.73557e-007,0.0123745
,,,1.73957e-007,0.0125955
,,,1.74357e-007,0.0119325
,,,1.74757e-007,0.0117116
,,,1.75157e-007,0.0123745
,,,1.75557e-007,0.0121535
,,,1.75957e-007,0.0114906
,,,1.76357e-007,0.0123745
,,,1.76757e-007,0.0117116
,,,1.77157e-007,0.0121535
,,,1.77557e-007,0.0121535
,,,1.77957e-007,0.0119325
,,,1.78357e-007,0.0114906
,,,1.78757e-007,0.0128164
,,,1.79157e-007,0.0123745
,,,1.79557e-007,0.0123745
,,,1.79957e-007,0.0134794
,,,1.80357e-007,0.0130374
,,,1.80757e-007,0.0125955
,,,1.81157e-007,0.0130374
,,,1.81557e-007,0.0132584
,,,1.81957e-007,0.0123745
,,,1.82357e-007,0.0123745
,,,1.82757e-007,0.0125955
,,,1.83157e-007,0.0119325
,,,1.83557e-007,0.0121535
,,,1.83957e-007,0.0117116
,,,1.84357e-007,0.0117116
,,,1.84757e-007,0.0128164
,,,1.85157e-007,0.0117116
,,,1.85557e-007,0.0119325
,,,1.85957e-007,0.0121535
,,,1.86357e-007,0.0125955
,,,1.86757e-007,0.0121535
,,,1.87157e-007,0.0123745
,,,1.87557e-007,0.0121535
,,,1.87957e-007,0.0132584
,,,1.88357e-007,0.0137003
,,,1.88757e-007,0.0134794
,,,1.89157e-007,0.0134794
,,,1.89557e-007,0.0128164
,,,1.89957e-007,0.0125955
,,,1.90357e-007,0.0132584
,,,1.90757e-007,0.0137003
,,,1.91157e-007,0.0137003
,,,1.91557e-007,0.0130374
,,,1.91957e-007,0.0125955
,,,1.92357e-007,0.0130374
,,,1.92757e-007,0.0132584
,,,1.93157e-007,0.0134794
,,,1.93557e-007,0.0134794
,,,1.93957e-007,0.0132584
,,,1.94357e-007,0.0134794
,,,1.94757e-007,0.0134794
,,,1.95157e-007,0.0139213
,,,1.95557e-007,0.0137003
,,,1.95957e-007,0.0134794
,,,1.96357e-007,0.0132584
,,,1.96757e-007,0.0130374
,,,1.97157e-007,0.0134794
,,,1.97557e-007,0.0132584
,,,1.97957e-007,0.0125955
,,,1.98357e-007,0.0128164
,,,1.98757e-007,0.0130374
,,,1.99157e-007,0.0132584
,,,1.99557e-007,0.0128164
,,,1.99957e-007,0.0125955
,,,2.00357e-007,0.0123745
,,,2.00757e-007,0.0123745
,,,2.01157e-007,0.0125955
,,,2.01557e-007,0.0128164
,,,2.01957e-007,0.0117116
,,,2.02357e-007,0.0123745
,,,2.02757e-007,0.0117116
,,,2.03157e-007,0.0121535
,,,2.03557e-007,0.0112696
,,,2.03957e-007,0.0125955
,,,2.04357e-007,0.0114906
,,,2.04757e-007,0.0114906
,,,2.05157e-007,0.0112696
,,,2.05557e-007,0.0110486
,,,2.05957e-007,0.0112696
,,,2.06357e-007,0.0114906
,,,2.06757e-007,0.00994378
,,,2.07157e-007,0.00928087
,,,2.07557e-007,0.00950184
,,,2.07957e-007,0.00972281
,,,2.08357e-007,0.00950184
,,,2.08757e-007,0.00928087
,,,2.09157e-007,0.00795503
,,,2.09557e-007,0.00839697
,,,2.09957e-007,0.00751308
,,,2.10357e-007,0.00795503
,,,2.10757e-007,0.00839697
,,,2.11157e-007,0.00662919
,,,2.11557e-007,0.00662919
,,,2.11957e-007,0.00662919
,,,2.12357e-007,0.00618724
,,,2.12757e-007,0.00486141
,,,2.13157e-007,0.00552432
,,,2.13557e-007,0.00464043
,,,2.13957e-007,0.00508238
,,,2.14357e-007,0.00441946
,,,2.14757e-007,0.00419849
,,,2.15157e-007,0.00464043
,,,2.15557e-007,0.00375654
,,,2.15957e-007,0.00331459
,,,2.16357e-007,0.00397751
,,,2.16757e-007,0.00287265
,,,2.17157e-007,0.00220973
,,,2.17557e-007,0.00265168
,,,2.17957e-007,0.0024307
,,,2.18357e-007,0.00176778
,,,2.18757e-007,0.00287265
,,,2.19157e-007,0.0024307
,,,2.19557e-007,0.00176778
,,,2.19957e-007,0.00176778
,,,2.20357e-007,0.00198876
,,,2.20757e-007,0.00198876
,,,2.21157e-007,0.00176778
,,,2.21557e-007,0.00220973
,,,2.21957e-007,0.00176778
,,,2.22357e-007,0.00132584
,,,2.22757e-007,0.000883892
,,,2.23157e-007,0.00132584
,,,2.23557e-007,0.00110486
,,,2.23957e-007,0.00132584
,,,2.24357e-007,0.000662919
,,,2.24757e-007,0.000662919
,,,2.25157e-007,0.000441946
,,,2.25557e-007,0.000662919
,,,2.25957e-007,0.000441946
,,,2.26357e-007,0.000441946
,,,2.26757e-007,0.000662919
,,,2.27157e-007,0.000662919
,,,2.27557e-007,0.000662919
,,,2.27957e-007,0.00110486
,,,2.28357e-007,0.000662919
,,,2.28757e-007,0.000662919
,,,2.29157e-007,0.000662919
,,,2.29557e-007,0.000883892
,,,2.29957e-007,0.000883892
,,,2.30357e-007,0.000220973
,,,2.30757e-007,-0.000220973
,,,2.31157e-007,0.000441946
,,,2.31557e-007,0.000662919
,,,2.31957e-007,0.000883892
,,,2.32357e-007,0.000441946
,,,2.32757e-007,0
,,,2.33157e-007,-0.000662919
,,,2.33557e-007,0.000220973
,,,2.33957e-007,0.000441946
,,,2.34357e-007,0.00132584
,,,2.34757e-007,-0.000441946
,,,2.35157e-007,-0.000441946
,,,2.35557e-007,-0.000662919
,,,2.35957e-007,-0.000220973
,,,2.36357e-007,-0.000441946
,,,2.36757e-007,-0.000883892
,,,2.37157e-007,-0.000662919
,,,2.37557e-007,-0.000441946
,,,2.37957e-007,-0.000662919
,,,2.38357e-007,-0.000220973
,,,2.38757e-007,-0.000662919
,,,2.39157e-007,-0.000883892
,,,2.39557e-007,-0.00110486
,,,2.39957e-007,-0.00132584
,,,2.40357e-007,-0.000883892
,,,2.40757e-007,-0.000220973
,,,2.41157e-007,-0.00132584
,,,2.41557e-007,-0.00110486
,,,2.41957e-007,-0.000883892
,,,2.42357e-007,-0.000883892
,,,2.42757e-007,-0.000220973
,,,2.43157e-007,-0.000441946
,,,2.43557e-007,-0.000662919
,,,2.43957e-007,-0.000441946
,,,2.44357e-007,-0.000662919
,,,2.44757e-007,-0.000662919
,,,2.45157e-007,-0.000220973
,,,2.45557e-007,-0.000883892
,,,2.45957e-007,-0.000220973
,,,2.46357e-007,0
,,,2.46757e-007,-0.000883892
,,,2.47157e-007,-0.000662919
,,,2.47557e-007,-0.000441946
,,,2.47957e-007,-0.000441946
,,,2.48357e-007,-0.000220973
,,,2.48757e-007,-0.000220973
,,,2.49157e-007,-0.000883892
,,,2.49557e-007,-0.000220973
,,,2.49957e-007,0
,,,2.50357e-007,0.000662919
