"Record Length",1252,"Points",-2.50024e-007,-0.000220973
"Sample Interval",4e-010,s,-2.49624e-007,-0.000662919
"Trigger Point",625,"Samples",-2.49224e-007,-0.000220973
"Trigger Time",0.0603156,s,-2.48824e-007,0
,,,-2.48424e-007,0.000220973
"Horizontal Offset",-2.50024e-007,s,-2.48024e-007,0.000220973
,,,-2.47624e-007,-0.000220973
,,,-2.47224e-007,0
,,,-2.46824e-007,0.000441946
,,,-2.46424e-007,0
,,,-2.46024e-007,0
,,,-2.45624e-007,0
,,,-2.45224e-007,0.00132584
,,,-2.44824e-007,-0.000220973
,,,-2.44424e-007,0
,,,-2.44024e-007,-0.000220973
,,,-2.43624e-007,0.000662919
,,,-2.43224e-007,0.000883892
,,,-2.42824e-007,0.000441946
,,,-2.42424e-007,0.000220973
,,,-2.42024e-007,0.000220973
,,,-2.41624e-007,0
,,,-2.41224e-007,0
,,,-2.40824e-007,0
,,,-2.40424e-007,-0.000220973
,,,-2.40024e-007,0
,,,-2.39624e-007,0
,,,-2.39224e-007,0.000662919
,,,-2.38824e-007,0
,,,-2.38424e-007,0
,,,-2.38024e-007,0.000441946
,,,-2.37624e-007,0.000441946
,,,-2.37224e-007,0.000441946
,,,-2.36824e-007,0
,,,-2.36424e-007,0.000441946
,,,-2.36024e-007,0.000441946
,,,-2.35624e-007,-0.000220973
,,,-2.35224e-007,0.000220973
,,,-2.34824e-007,0.000220973
,,,-2.34424e-007,-0.000662919
,,,-2.34024e-007,-0.000220973
,,,-2.33624e-007,-0.000220973
,,,-2.33224e-007,0.000441946
,,,-2.32824e-007,-0.000220973
,,,-2.32424e-007,-0.000441946
,,,-2.32024e-007,0.000441946
,,,-2.31624e-007,0
,,,-2.31224e-007,-0.000441946
,,,-2.30824e-007,-0.000220973
,,,-2.30424e-007,0
,,,-2.30024e-007,0
,,,-2.29624e-007,0.000662919
,,,-2.29224e-007,-0.000220973
,,,-2.28824e-007,-0.000220973
,,,-2.28424e-007,0.000220973
,,,-2.28024e-007,0
,,,-2.27624e-007,0.000441946
,,,-2.27224e-007,0.000441946
,,,-2.26824e-007,0.000220973
,,,-2.26424e-007,0.000441946
,,,-2.26024e-007,-0.000220973
,,,-2.25624e-007,-0.000220973
,,,-2.25224e-007,-0.000441946
,,,-2.24824e-007,0.000441946
,,,-2.24424e-007,0
,,,-2.24024e-007,0
,,,-2.23624e-007,0
,,,-2.23224e-007,-0.000220973
,,,-2.22824e-007,-0.000441946
,,,-2.22424e-007,0.000883892
,,,-2.22024e-007,0.000441946
,,,-2.21624e-007,0.000220973
,,,-2.21224e-007,-0.000220973
,,,-2.20824e-007,0
,,,-2.20424e-007,0
,,,-2.20024e-007,0.000662919
,,,-2.19624e-007,0.000441946
,,,-2.19224e-007,-0.000220973
,,,-2.18824e-007,0
,,,-2.18424e-007,0.000662919
,,,-2.18024e-007,0
,,,-2.17624e-007,0.000441946
,,,-2.17224e-007,-0.000441946
,,,-2.16824e-007,0.000441946
,,,-2.16424e-007,0.000441946
,,,-2.16024e-007,0.000220973
,,,-2.15624e-007,0
,,,-2.15224e-007,0.000441946
,,,-2.14824e-007,0.000441946
,,,-2.14424e-007,0
,,,-2.14024e-007,0.000441946
,,,-2.13624e-007,0.000441946
,,,-2.13224e-007,0.000441946
,,,-2.12824e-007,0.000441946
,,,-2.12424e-007,-0.000220973
,,,-2.12024e-007,0.000220973
,,,-2.11624e-007,0
,,,-2.11224e-007,-0.000220973
,,,-2.10824e-007,0.000220973
,,,-2.10424e-007,-0.000220973
,,,-2.10024e-007,-0.000220973
,,,-2.09624e-007,0
,,,-2.09224e-007,0.000220973
,,,-2.08824e-007,-0.000220973
,,,-2.08424e-007,0
,,,-2.08024e-007,0.000220973
,,,-2.07624e-007,0.000220973
,,,-2.07224e-007,0.000220973
,,,-2.06824e-007,0.000220973
,,,-2.06424e-007,-0.000220973
,,,-2.06024e-007,0.000662919
,,,-2.05624e-007,0.000662919
,,,-2.05224e-007,0.000441946
,,,-2.04824e-007,0
,,,-2.04424e-007,0.000220973
,,,-2.04024e-007,0.000220973
,,,-2.03624e-007,-0.000220973
,,,-2.03224e-007,0.000441946
,,,-2.02824e-007,0.000662919
,,,-2.02424e-007,0.000441946
,,,-2.02024e-007,0.000441946
,,,-2.01624e-007,-0.000220973
,,,-2.01224e-007,0.000220973
,,,-2.00824e-007,-0.000662919
,,,-2.00424e-007,-0.000441946
,,,-2.00024e-007,0.000441946
,,,-1.99624e-007,-0.000220973
,,,-1.99224e-007,0.000441946
,,,-1.98824e-007,0.000220973
,,,-1.98424e-007,0
,,,-1.98024e-007,0
,,,-1.97624e-007,0.000441946
,,,-1.97224e-007,0.000220973
,,,-1.96824e-007,-0.000220973
,,,-1.96424e-007,0.000220973
,,,-1.96024e-007,0.000441946
,,,-1.95624e-007,0.000441946
,,,-1.95224e-007,0.000441946
,,,-1.94824e-007,0.000220973
,,,-1.94424e-007,0
,,,-1.94024e-007,0.000441946
,,,-1.93624e-007,0.000662919
,,,-1.93224e-007,0.000220973
,,,-1.92824e-007,-0.000220973
,,,-1.92424e-007,0
,,,-1.92024e-007,-0.000220973
,,,-1.91624e-007,0
,,,-1.91224e-007,0.000441946
,,,-1.90824e-007,0
,,,-1.90424e-007,-0.000441946
,,,-1.90024e-007,0
,,,-1.89624e-007,0.000441946
,,,-1.89224e-007,0.000220973
,,,-1.88824e-007,0.000220973
,,,-1.88424e-007,0.000662919
,,,-1.88024e-007,0.000662919
,,,-1.87624e-007,0.000662919
,,,-1.87224e-007,0.000220973
,,,-1.86824e-007,0.000220973
,,,-1.86424e-007,-0.000220973
,,,-1.86024e-007,0.000441946
,,,-1.85624e-007,-0.000441946
,,,-1.85224e-007,0.000220973
,,,-1.84824e-007,0
,,,-1.84424e-007,0.000441946
,,,-1.84024e-007,0.000220973
,,,-1.83624e-007,-0.000441946
,,,-1.83224e-007,0
,,,-1.82824e-007,0.000662919
,,,-1.82424e-007,0.000220973
,,,-1.82024e-007,0.000441946
,,,-1.81624e-007,0.000441946
,,,-1.81224e-007,0.000441946
,,,-1.80824e-007,0
,,,-1.80424e-007,-0.000441946
,,,-1.80024e-007,0.000220973
,,,-1.79624e-007,0.000220973
,,,-1.79224e-007,0.000220973
,,,-1.78824e-007,0.000441946
,,,-1.78424e-007,0.000441946
,,,-1.78024e-007,-0.000441946
,,,-1.77624e-007,0
,,,-1.77224e-007,0
,,,-1.76824e-007,0
,,,-1.76424e-007,0
,,,-1.76024e-007,0
,,,-1.75624e-007,-0.000662919
,,,-1.75224e-007,0
,,,-1.74824e-007,0.000220973
,,,-1.74424e-007,0.000441946
,,,-1.74024e-007,0.000220973
,,,-1.73624e-007,0.000220973
,,,-1.73224e-007,0.00110486
,,,-1.72824e-007,0.000441946
,,,-1.72424e-007,-0.000662919
,,,-1.72024e-007,0.000662919
,,,-1.71624e-007,-0.000220973
,,,-1.71224e-007,0.000662919
,,,-1.70824e-007,0.000441946
,,,-1.70424e-007,-0.000220973
,,,-1.70024e-007,0
,,,-1.69624e-007,-0.000662919
,,,-1.69224e-007,-0.000220973
,,,-1.68824e-007,0.000220973
,,,-1.68424e-007,0.000662919
,,,-1.68024e-007,0.000220973
,,,-1.67624e-007,0.000441946
,,,-1.67224e-007,-0.000220973
,,,-1.66824e-007,0.000441946
,,,-1.66424e-007,-0.000220973
,,,-1.66024e-007,-0.000441946
,,,-1.65624e-007,0.000220973
,,,-1.65224e-007,-0.000220973
,,,-1.64824e-007,0
,,,-1.64424e-007,0
,,,-1.64024e-007,0.000220973
,,,-1.63624e-007,0.000662919
,,,-1.63224e-007,0.000441946
,,,-1.62824e-007,-0.000662919
,,,-1.62424e-007,0.000441946
,,,-1.62024e-007,0.000441946
,,,-1.61624e-007,0.000441946
,,,-1.61224e-007,0.000883892
,,,-1.60824e-007,0.000883892
,,,-1.60424e-007,0
,,,-1.60024e-007,0
,,,-1.59624e-007,0.000220973
,,,-1.59224e-007,0.000220973
,,,-1.58824e-007,-0.000883892
,,,-1.58424e-007,0.000441946
,,,-1.58024e-007,0.000220973
,,,-1.57624e-007,0.00110486
,,,-1.57224e-007,0
,,,-1.56824e-007,0
,,,-1.56424e-007,0.000662919
,,,-1.56024e-007,0.000441946
,,,-1.55624e-007,-0.000662919
,,,-1.55224e-007,0
,,,-1.54824e-007,0.000220973
,,,-1.54424e-007,0.000220973
,,,-1.54024e-007,0
,,,-1.53624e-007,-0.000441946
,,,-1.53224e-007,0
,,,-1.52824e-007,0.000662919
,,,-1.52424e-007,-0.000441946
,,,-1.52024e-007,0
,,,-1.51624e-007,0.000441946
,,,-1.51224e-007,0.000220973
,,,-1.50824e-007,-0.000220973
,,,-1.50424e-007,0.000441946
,,,-1.50024e-007,0.000220973
,,,-1.49624e-007,0.000441946
,,,-1.49224e-007,0
,,,-1.48824e-007,-0.000662919
,,,-1.48424e-007,0
,,,-1.48024e-007,-0.000220973
,,,-1.47624e-007,0.000883892
,,,-1.47224e-007,0.000441946
,,,-1.46824e-007,0.000883892
,,,-1.46424e-007,-0.000220973
,,,-1.46024e-007,0
,,,-1.45624e-007,0.000883892
,,,-1.45224e-007,0
,,,-1.44824e-007,-0.000441946
,,,-1.44424e-007,0.000441946
,,,-1.44024e-007,0
,,,-1.43624e-007,0
,,,-1.43224e-007,0.000220973
,,,-1.42824e-007,0.000220973
,,,-1.42424e-007,0.000220973
,,,-1.42024e-007,0.000441946
,,,-1.41624e-007,0
,,,-1.41224e-007,-0.000662919
,,,-1.40824e-007,0.000441946
,,,-1.40424e-007,0
,,,-1.40024e-007,0
,,,-1.39624e-007,0
,,,-1.39224e-007,0.000220973
,,,-1.38824e-007,0.000220973
,,,-1.38424e-007,0.000441946
,,,-1.38024e-007,0.000220973
,,,-1.37624e-007,0.000220973
,,,-1.37224e-007,0.000220973
,,,-1.36824e-007,0.000220973
,,,-1.36424e-007,0
,,,-1.36024e-007,0.000220973
,,,-1.35624e-007,0.000220973
,,,-1.35224e-007,0.000441946
,,,-1.34824e-007,0.000662919
,,,-1.34424e-007,0.000441946
,,,-1.34024e-007,0.000441946
,,,-1.33624e-007,0.000662919
,,,-1.33224e-007,-0.000220973
,,,-1.32824e-007,0.000441946
,,,-1.32424e-007,0
,,,-1.32024e-007,0
,,,-1.31624e-007,-0.000220973
,,,-1.31224e-007,0.000441946
,,,-1.30824e-007,0.000220973
,,,-1.30424e-007,0.000441946
,,,-1.30024e-007,0.000883892
,,,-1.29624e-007,0.000662919
,,,-1.29224e-007,0.000441946
,,,-1.28824e-007,0.000220973
,,,-1.28424e-007,-0.000220973
,,,-1.28024e-007,0
,,,-1.27624e-007,0
,,,-1.27224e-007,0.000441946
,,,-1.26824e-007,-0.000220973
,,,-1.26424e-007,0.000441946
,,,-1.26024e-007,0
,,,-1.25624e-007,0.000220973
,,,-1.25224e-007,0.000662919
,,,-1.24824e-007,0.000220973
,,,-1.24424e-007,0.000220973
,,,-1.24024e-007,-0.000220973
,,,-1.23624e-007,0.000441946
,,,-1.23224e-007,0.000883892
,,,-1.22824e-007,0.000883892
,,,-1.22424e-007,0.000220973
,,,-1.22024e-007,0
,,,-1.21624e-007,-0.000662919
,,,-1.21224e-007,0
,,,-1.20824e-007,-0.000441946
,,,-1.20424e-007,-0.000220973
,,,-1.20024e-007,0
,,,-1.19624e-007,0.000441946
,,,-1.19224e-007,0
,,,-1.18824e-007,-0.000441946
,,,-1.18424e-007,-0.000220973
,,,-1.18024e-007,0.000220973
,,,-1.17624e-007,0.000883892
,,,-1.17224e-007,0.000662919
,,,-1.16824e-007,0.000441946
,,,-1.16424e-007,0.000441946
,,,-1.16024e-007,0.000883892
,,,-1.15624e-007,0.00132584
,,,-1.15224e-007,0.000220973
,,,-1.14824e-007,0.000220973
,,,-1.14424e-007,0.000220973
,,,-1.14024e-007,0
,,,-1.13624e-007,0.000220973
,,,-1.13224e-007,0.000441946
,,,-1.12824e-007,0
,,,-1.12424e-007,0
,,,-1.12024e-007,0
,,,-1.11624e-007,-0.000441946
,,,-1.11224e-007,0.000220973
,,,-1.10824e-007,0.000883892
,,,-1.10424e-007,0
,,,-1.10024e-007,-0.000662919
,,,-1.09624e-007,0.000220973
,,,-1.09224e-007,-0.000220973
,,,-1.08824e-007,0
,,,-1.08424e-007,0.000441946
,,,-1.08024e-007,0.000220973
,,,-1.07624e-007,0.000441946
,,,-1.07224e-007,0
,,,-1.06824e-007,0
,,,-1.06424e-007,0.000220973
,,,-1.06024e-007,0.000883892
,,,-1.05624e-007,0
,,,-1.05224e-007,0.000220973
,,,-1.04824e-007,0.000883892
,,,-1.04424e-007,0
,,,-1.04024e-007,0.000220973
,,,-1.03624e-007,0.000220973
,,,-1.03224e-007,0.00110486
,,,-1.02824e-007,0.000441946
,,,-1.02424e-007,0.000883892
,,,-1.02024e-007,0.000662919
,,,-1.01624e-007,0.000441946
,,,-1.01224e-007,-0.000441946
,,,-1.00824e-007,0.000441946
,,,-1.00424e-007,0.000441946
,,,-1.00024e-007,0.000220973
,,,-9.96241e-008,0
,,,-9.92241e-008,0
,,,-9.88241e-008,0
,,,-9.84241e-008,0
,,,-9.80241e-008,0
,,,-9.76241e-008,0.000662919
,,,-9.72241e-008,0
,,,-9.68241e-008,0.000220973
,,,-9.64241e-008,-0.000220973
,,,-9.60241e-008,0
,,,-9.56241e-008,0
,,,-9.52241e-008,0.000662919
,,,-9.48241e-008,0.000220973
,,,-9.44241e-008,0.000441946
,,,-9.40241e-008,0.000441946
,,,-9.36241e-008,0.000441946
,,,-9.32241e-008,0.000220973
,,,-9.28241e-008,0.000220973
,,,-9.24241e-008,0.000220973
,,,-9.20241e-008,0
,,,-9.16241e-008,0.000220973
,,,-9.12241e-008,0.000441946
,,,-9.08241e-008,0.000441946
,,,-9.04241e-008,0
,,,-9.00241e-008,0
,,,-8.96241e-008,-0.000883892
,,,-8.92241e-008,0.000220973
,,,-8.88241e-008,-0.000220973
,,,-8.84241e-008,-0.000662919
,,,-8.80241e-008,0.000220973
,,,-8.76241e-008,0.000662919
,,,-8.72241e-008,0.000220973
,,,-8.68241e-008,0.000441946
,,,-8.64241e-008,0.000220973
,,,-8.60241e-008,0.000220973
,,,-8.56241e-008,0.000662919
,,,-8.52241e-008,-0.000220973
,,,-8.48241e-008,0
,,,-8.44241e-008,0.00110486
,,,-8.40241e-008,0
,,,-8.36241e-008,0.000662919
,,,-8.32241e-008,0.000883892
,,,-8.28241e-008,0.000220973
,,,-8.24241e-008,0.000220973
,,,-8.20241e-008,0.000220973
,,,-8.16241e-008,0.000220973
,,,-8.12241e-008,0
,,,-8.08241e-008,0.000220973
,,,-8.04241e-008,0
,,,-8.00241e-008,0
,,,-7.96241e-008,0.000662919
,,,-7.92241e-008,0.000662919
,,,-7.88241e-008,0.000220973
,,,-7.84241e-008,0.000883892
,,,-7.80241e-008,-0.000441946
,,,-7.76241e-008,0
,,,-7.72241e-008,0.000662919
,,,-7.68241e-008,-0.000220973
,,,-7.64241e-008,0.000662919
,,,-7.60241e-008,0.000662919
,,,-7.56241e-008,0.000662919
,,,-7.52241e-008,0.000220973
,,,-7.48241e-008,0.000220973
,,,-7.44241e-008,0.000441946
,,,-7.40241e-008,0
,,,-7.36241e-008,-0.000662919
,,,-7.32241e-008,0
,,,-7.28241e-008,0
,,,-7.24241e-008,-0.000441946
,,,-7.20241e-008,0
,,,-7.16241e-008,-0.000220973
,,,-7.12241e-008,0.000220973
,,,-7.08241e-008,0
,,,-7.04241e-008,-0.000441946
,,,-7.00241e-008,0
,,,-6.96241e-008,0.000220973
,,,-6.92241e-008,0
,,,-6.88241e-008,0.000441946
,,,-6.84241e-008,0.000441946
,,,-6.80241e-008,0
,,,-6.76241e-008,0.000662919
,,,-6.72241e-008,0.000441946
,,,-6.68241e-008,-0.000441946
,,,-6.64241e-008,0.000883892
,,,-6.60241e-008,0.000220973
,,,-6.56241e-008,-0.000662919
,,,-6.52241e-008,0
,,,-6.48241e-008,0.000220973
,,,-6.44241e-008,0.000220973
,,,-6.40241e-008,0.000441946
,,,-6.36241e-008,0
,,,-6.32241e-008,0.000662919
,,,-6.28241e-008,-0.000220973
,,,-6.24241e-008,0.000220973
,,,-6.20241e-008,-0.000441946
,,,-6.16241e-008,0.00132584
,,,-6.12241e-008,-0.000441946
,,,-6.08241e-008,0
,,,-6.04241e-008,0.000883892
,,,-6.00241e-008,0.000220973
,,,-5.96241e-008,0.000220973
,,,-5.92241e-008,0.000883892
,,,-5.88241e-008,0
,,,-5.84241e-008,0.000662919
,,,-5.80241e-008,0.000883892
,,,-5.76241e-008,-0.000220973
,,,-5.72241e-008,0.000220973
,,,-5.68241e-008,0.000220973
,,,-5.64241e-008,0
,,,-5.60241e-008,-0.000441946
,,,-5.56241e-008,0
,,,-5.52241e-008,-0.000441946
,,,-5.48241e-008,0.000441946
,,,-5.44241e-008,0.000662919
,,,-5.40241e-008,0.000220973
,,,-5.36241e-008,0.000662919
,,,-5.32241e-008,0.000220973
,,,-5.28241e-008,0.000441946
,,,-5.24241e-008,0.000662919
,,,-5.20241e-008,0.000662919
,,,-5.16241e-008,0.000662919
,,,-5.12241e-008,0.000662919
,,,-5.08241e-008,-0.000220973
,,,-5.04241e-008,0
,,,-5.00241e-008,-0.000220973
,,,-4.96241e-008,0
,,,-4.92241e-008,-0.000220973
,,,-4.88241e-008,-0.000441946
,,,-4.84241e-008,0.000662919
,,,-4.80241e-008,0.000441946
,,,-4.76241e-008,0
,,,-4.72241e-008,0.000662919
,,,-4.68241e-008,0.000441946
,,,-4.64241e-008,0.000220973
,,,-4.60241e-008,0.000441946
,,,-4.56241e-008,0.000441946
,,,-4.52241e-008,-0.000220973
,,,-4.48241e-008,-0.000662919
,,,-4.44241e-008,0
,,,-4.40241e-008,0.000220973
,,,-4.36241e-008,0.000220973
,,,-4.32241e-008,0
,,,-4.28241e-008,0.000220973
,,,-4.24241e-008,-0.000662919
,,,-4.20241e-008,-0.000662919
,,,-4.16241e-008,0
,,,-4.12241e-008,0.000220973
,,,-4.08241e-008,0.000441946
,,,-4.04241e-008,-0.000220973
,,,-4.00241e-008,0
,,,-3.96241e-008,0
,,,-3.92241e-008,0
,,,-3.88241e-008,0.000441946
,,,-3.84241e-008,0.000220973
,,,-3.80241e-008,0.000220973
,,,-3.76241e-008,0.000220973
,,,-3.72241e-008,0.000220973
,,,-3.68241e-008,0.000441946
,,,-3.64241e-008,0.000883892
,,,-3.60241e-008,0.000662919
,,,-3.56241e-008,0.000220973
,,,-3.52241e-008,0.000662919
,,,-3.48241e-008,0
,,,-3.44241e-008,0.000220973
,,,-3.40241e-008,0.000662919
,,,-3.36241e-008,-0.000441946
,,,-3.32241e-008,-0.000220973
,,,-3.28241e-008,0.000441946
,,,-3.24241e-008,0.000883892
,,,-3.20241e-008,0.000441946
,,,-3.16241e-008,0
,,,-3.12241e-008,0.000220973
,,,-3.08241e-008,0
,,,-3.04241e-008,0
,,,-3.00241e-008,0
,,,-2.96241e-008,0.000662919
,,,-2.92241e-008,0.000220973
,,,-2.88241e-008,0
,,,-2.84241e-008,0.000220973
,,,-2.80241e-008,0.000662919
,,,-2.76241e-008,0.000220973
,,,-2.72241e-008,0.000220973
,,,-2.68241e-008,0.000883892
,,,-2.64241e-008,0
,,,-2.60241e-008,-0.000220973
,,,-2.56241e-008,0
,,,-2.52241e-008,0
,,,-2.48241e-008,0.000441946
,,,-2.44241e-008,0.000441946
,,,-2.40241e-008,0
,,,-2.36241e-008,-0.000220973
,,,-2.32241e-008,0.000441946
,,,-2.28241e-008,0.000220973
,,,-2.24241e-008,-0.000220973
,,,-2.20241e-008,-0.000662919
,,,-2.16241e-008,-0.000220973
,,,-2.12241e-008,0
,,,-2.08241e-008,0.000441946
,,,-2.04241e-008,-0.000220973
,,,-2.00241e-008,0.000220973
,,,-1.96241e-008,0.000441946
,,,-1.92241e-008,0.000220973
,,,-1.88241e-008,0.000441946
,,,-1.84241e-008,0.000441946
,,,-1.80241e-008,0
,,,-1.76241e-008,-0.000441946
,,,-1.72241e-008,0.000441946
,,,-1.68241e-008,0.000220973
,,,-1.64241e-008,0
,,,-1.60241e-008,-0.000220973
,,,-1.56241e-008,0.000220973
,,,-1.52241e-008,0.000220973
,,,-1.48241e-008,0.000883892
,,,-1.44241e-008,0.000220973
,,,-1.40241e-008,0
,,,-1.36241e-008,0.000441946
,,,-1.32241e-008,0.000220973
,,,-1.28241e-008,0
,,,-1.24241e-008,0.000220973
,,,-1.20241e-008,0
,,,-1.16241e-008,0.000441946
,,,-1.12241e-008,0.000220973
,,,-1.08241e-008,0.000220973
,,,-1.04241e-008,-0.000220973
,,,-1.00241e-008,-0.000220973
,,,-9.62413e-009,0
,,,-9.22413e-009,0.000220973
,,,-8.82413e-009,0
,,,-8.42413e-009,0.000220973
,,,-8.02413e-009,0.000220973
,,,-7.62413e-009,0.000883892
,,,-7.22413e-009,0.000220973
,,,-6.82413e-009,0.000220973
,,,-6.42413e-009,0
,,,-6.02413e-009,-0.000441946
,,,-5.62413e-009,0
,,,-5.22413e-009,-0.000662919
,,,-4.82413e-009,-0.000441946
,,,-4.42413e-009,0.000220973
,,,-4.02413e-009,0.000441946
,,,-3.62413e-009,0.000220973
,,,-3.22413e-009,0.000220973
,,,-2.82413e-009,0.000220973
,,,-2.42413e-009,-0.000441946
,,,-2.02413e-009,-0.000441946
,,,-1.62413e-009,-0.000662919
,,,-1.22413e-009,-0.000441946
,,,-8.24126e-010,-0.000441946
,,,-4.24126e-010,-0.000220973
,,,-2.41263e-011,0.000883892
,,,3.75874e-010,0.000441946
,,,7.75874e-010,0.000441946
,,,1.17587e-009,-0.000220973
,,,1.57587e-009,0.000220973
,,,1.97587e-009,-0.000441946
,,,2.37587e-009,0.000441946
,,,2.77587e-009,-0.000441946
,,,3.17587e-009,0.000441946
,,,3.57587e-009,0.000220973
,,,3.97587e-009,0.000441946
,,,4.37587e-009,0.000883892
,,,4.77587e-009,0.000441946
,,,5.17587e-009,0.000441946
,,,5.57587e-009,0.00110486
,,,5.97587e-009,-0.000441946
,,,6.37587e-009,0
,,,6.77587e-009,0.000220973
,,,7.17587e-009,0.000441946
,,,7.57587e-009,0
,,,7.97587e-009,0
,,,8.37587e-009,-0.000220973
,,,8.77587e-009,0.000220973
,,,9.17587e-009,0.000441946
,,,9.57587e-009,0.000441946
,,,9.97587e-009,0
,,,1.03759e-008,0.000220973
,,,1.07759e-008,0
,,,1.11759e-008,0.000220973
,,,1.15759e-008,0.000220973
,,,1.19759e-008,0
,,,1.23759e-008,0.000662919
,,,1.27759e-008,0.000220973
,,,1.31759e-008,0.000441946
,,,1.35759e-008,0
,,,1.39759e-008,0.000220973
,,,1.43759e-008,0.000220973
,,,1.47759e-008,-0.000220973
,,,1.51759e-008,-0.000441946
,,,1.55759e-008,-0.000441946
,,,1.59759e-008,-0.000220973
,,,1.63759e-008,0.000662919
,,,1.67759e-008,0.000883892
,,,1.71759e-008,0.000662919
,,,1.75759e-008,0.000441946
,,,1.79759e-008,0.000220973
,,,1.83759e-008,0.000662919
,,,1.87759e-008,0.000220973
,,,1.91759e-008,0
,,,1.95759e-008,0
,,,1.99759e-008,0.000662919
,,,2.03759e-008,0.000662919
,,,2.07759e-008,0.000220973
,,,2.11759e-008,0.000441946
,,,2.15759e-008,0.000220973
,,,2.19759e-008,-0.000441946
,,,2.23759e-008,-0.000662919
,,,2.27759e-008,-0.000220973
,,,2.31759e-008,0.000662919
,,,2.35759e-008,0.000220973
,,,2.39759e-008,0.000220973
,,,2.43759e-008,0.000441946
,,,2.47759e-008,0.000883892
,,,2.51759e-008,-0.000220973
,,,2.55759e-008,0.000220973
,,,2.59759e-008,0.000220973
,,,2.63759e-008,0.000441946
,,,2.67759e-008,-0.000220973
,,,2.71759e-008,0.000662919
,,,2.75759e-008,0.000220973
,,,2.79759e-008,-0.000220973
,,,2.83759e-008,0.000441946
,,,2.87759e-008,0.000883892
,,,2.91759e-008,-0.000662919
,,,2.95759e-008,-0.000441946
,,,2.99759e-008,-0.000220973
,,,3.03759e-008,-0.000441946
,,,3.07759e-008,0.000220973
,,,3.11759e-008,0
,,,3.15759e-008,0
,,,3.19759e-008,-0.000220973
,,,3.23759e-008,0.000662919
,,,3.27759e-008,0.000662919
,,,3.31759e-008,0.000441946
,,,3.35759e-008,0.000220973
,,,3.39759e-008,-0.000441946
,,,3.43759e-008,0.000662919
,,,3.47759e-008,0
,,,3.51759e-008,0.000220973
,,,3.55759e-008,0.000441946
,,,3.59759e-008,0.000662919
,,,3.63759e-008,-0.000220973
,,,3.67759e-008,0.000220973
,,,3.71759e-008,0
,,,3.75759e-008,0.000220973
,,,3.79759e-008,0
,,,3.83759e-008,0
,,,3.87759e-008,0
,,,3.91759e-008,0
,,,3.95759e-008,-0.000662919
,,,3.99759e-008,0
,,,4.03759e-008,-0.000220973
,,,4.07759e-008,0.000441946
,,,4.11759e-008,0.000441946
,,,4.15759e-008,0.000220973
,,,4.19759e-008,0.000220973
,,,4.23759e-008,0.000441946
,,,4.27759e-008,0.000662919
,,,4.31759e-008,0.000220973
,,,4.35759e-008,0.000662919
,,,4.39759e-008,0.000883892
,,,4.43759e-008,0.000220973
,,,4.47759e-008,0.00132584
,,,4.51759e-008,0.000662919
,,,4.55759e-008,0
,,,4.59759e-008,0.000220973
,,,4.63759e-008,0.000220973
,,,4.67759e-008,0.000441946
,,,4.71759e-008,0.000220973
,,,4.75759e-008,0.000220973
,,,4.79759e-008,-0.000441946
,,,4.83759e-008,-0.000441946
,,,4.87759e-008,0.000441946
,,,4.91759e-008,0
,,,4.95759e-008,0
,,,4.99759e-008,0.000220973
,,,5.03759e-008,0.000883892
,,,5.07759e-008,0.000662919
,,,5.11759e-008,-0.000220973
,,,5.15759e-008,0.00110486
,,,5.19759e-008,0.000441946
,,,5.23759e-008,0.000441946
,,,5.27759e-008,0
,,,5.31759e-008,0.000441946
,,,5.35759e-008,0.000441946
,,,5.39759e-008,0.000220973
,,,5.43759e-008,0
,,,5.47759e-008,-0.000441946
,,,5.51759e-008,0.000441946
,,,5.55759e-008,0
,,,5.59759e-008,0.000441946
,,,5.63759e-008,0
,,,5.67759e-008,0.000662919
,,,5.71759e-008,0.00110486
,,,5.75759e-008,0.000220973
,,,5.79759e-008,-0.000220973
,,,5.83759e-008,-0.000441946
,,,5.87759e-008,-0.000662919
,,,5.91759e-008,0.000220973
,,,5.95759e-008,0.000220973
,,,5.99759e-008,0.000220973
,,,6.03759e-008,0
,,,6.07759e-008,0.000441946
,,,6.11759e-008,0
,,,6.15759e-008,0.000220973
,,,6.19759e-008,0.000220973
,,,6.23759e-008,-0.000662919
,,,6.27759e-008,0
,,,6.31759e-008,0
,,,6.35759e-008,0.000220973
,,,6.39759e-008,0.000220973
,,,6.43759e-008,0.000220973
,,,6.47759e-008,0.000220973
,,,6.51759e-008,0.000662919
,,,6.55759e-008,0.000662919
,,,6.59759e-008,-0.000441946
,,,6.63759e-008,0
,,,6.67759e-008,-0.000220973
,,,6.71759e-008,0
,,,6.75759e-008,0.000441946
,,,6.79759e-008,0.000662919
,,,6.83759e-008,0.000220973
,,,6.87759e-008,0.000220973
,,,6.91759e-008,0
,,,6.95759e-008,0.000662919
,,,6.99759e-008,-0.000220973
,,,7.03759e-008,0.000220973
,,,7.07759e-008,0
,,,7.11759e-008,0
,,,7.15759e-008,0
,,,7.19759e-008,0.000220973
,,,7.23759e-008,0.000441946
,,,7.27759e-008,0.000662919
,,,7.31759e-008,0.000883892
,,,7.35759e-008,-0.000220973
,,,7.39759e-008,0.000220973
,,,7.43759e-008,0.000441946
,,,7.47759e-008,0.000662919
,,,7.51759e-008,0.000220973
,,,7.55759e-008,-0.000441946
,,,7.59759e-008,0.000220973
,,,7.63759e-008,0.000220973
,,,7.67759e-008,0.000441946
,,,7.71759e-008,0.000220973
,,,7.75759e-008,-0.000220973
,,,7.79759e-008,0
,,,7.83759e-008,0
,,,7.87759e-008,0.00110486
,,,7.91759e-008,0.000220973
,,,7.95759e-008,0.000220973
,,,7.99759e-008,0.000220973
,,,8.03759e-008,0
,,,8.07759e-008,-0.000220973
,,,8.11759e-008,0.000441946
,,,8.15759e-008,0.000662919
,,,8.19759e-008,0.000220973
,,,8.23759e-008,-0.000441946
,,,8.27759e-008,0.000220973
,,,8.31759e-008,-0.000220973
,,,8.35759e-008,0.000883892
,,,8.39759e-008,0.000883892
,,,8.43759e-008,0.000662919
,,,8.47759e-008,-0.000220973
,,,8.51759e-008,0
,,,8.55759e-008,0.000220973
,,,8.59759e-008,0.000883892
,,,8.63759e-008,-0.000220973
,,,8.67759e-008,0.000220973
,,,8.71759e-008,0.00110486
,,,8.75759e-008,-0.000220973
,,,8.79759e-008,0.000441946
,,,8.83759e-008,0.000220973
,,,8.87759e-008,-0.000662919
,,,8.91759e-008,-0.000220973
,,,8.95759e-008,0.000220973
,,,8.99759e-008,0
,,,9.03759e-008,0.000220973
,,,9.07759e-008,0.000662919
,,,9.11759e-008,0
,,,9.15759e-008,0.000662919
,,,9.19759e-008,0.00132584
,,,9.23759e-008,0.00110486
,,,9.27759e-008,0.000883892
,,,9.31759e-008,0.000662919
,,,9.35759e-008,0.000883892
,,,9.39759e-008,0.00132584
,,,9.43759e-008,0.00132584
,,,9.47759e-008,0.00176778
,,,9.51759e-008,0.00287265
,,,9.55759e-008,0.00331459
,,,9.59759e-008,0.00419849
,,,9.63759e-008,0.00552432
,,,9.67759e-008,0.00707114
,,,9.71759e-008,0.00751308
,,,9.75759e-008,0.00905989
,,,9.79759e-008,0.00994378
,,,9.83759e-008,0.0121535
,,,9.87759e-008,0.0117116
,,,9.91759e-008,0.0134794
,,,9.95759e-008,0.0143632
,,,9.99759e-008,0.0148052
,,,1.00376e-007,0.0156891
,,,1.00776e-007,0.016352
,,,1.01176e-007,0.0159101
,,,1.01576e-007,0.016131
,,,1.01976e-007,0.016573
,,,1.02376e-007,0.016573
,,,1.02776e-007,0.016573
,,,1.03176e-007,0.0170149
,,,1.03576e-007,0.0178988
,,,1.03976e-007,0.0172359
,,,1.04376e-007,0.0176778
,,,1.04776e-007,0.0183408
,,,1.05176e-007,0.0187827
,,,1.05576e-007,0.0178988
,,,1.05976e-007,0.0181198
,,,1.06376e-007,0.0181198
,,,1.06776e-007,0.0183408
,,,1.07176e-007,0.0172359
,,,1.07576e-007,0.0185617
,,,1.07976e-007,0.0178988
,,,1.08376e-007,0.0183408
,,,1.08776e-007,0.0176778
,,,1.09176e-007,0.0178988
,,,1.09576e-007,0.0172359
,,,1.09976e-007,0.0181198
,,,1.10376e-007,0.0178988
,,,1.10776e-007,0.0178988
,,,1.11176e-007,0.0170149
,,,1.11576e-007,0.0176778
,,,1.11976e-007,0.0178988
,,,1.12376e-007,0.0181198
,,,1.12776e-007,0.0178988
,,,1.13176e-007,0.0181198
,,,1.13576e-007,0.0178988
,,,1.13976e-007,0.0176778
,,,1.14376e-007,0.0178988
,,,1.14776e-007,0.0176778
,,,1.15176e-007,0.0176778
,,,1.15576e-007,0.0183408
,,,1.15976e-007,0.0178988
,,,1.16376e-007,0.0178988
,,,1.16776e-007,0.0178988
,,,1.17176e-007,0.0172359
,,,1.17576e-007,0.0178988
,,,1.17976e-007,0.0176778
,,,1.18376e-007,0.0176778
,,,1.18776e-007,0.0167939
,,,1.19176e-007,0.0178988
,,,1.19576e-007,0.0167939
,,,1.19976e-007,0.0178988
,,,1.20376e-007,0.0181198
,,,1.20776e-007,0.0183408
,,,1.21176e-007,0.0181198
,,,1.21576e-007,0.0183408
,,,1.21976e-007,0.0187827
,,,1.22376e-007,0.0187827
,,,1.22776e-007,0.0187827
,,,1.23176e-007,0.0196666
,,,1.23576e-007,0.0190037
,,,1.23976e-007,0.0203295
,,,1.24376e-007,0.0198876
,,,1.24776e-007,0.0203295
,,,1.25176e-007,0.0209924
,,,1.25576e-007,0.0207715
,,,1.25976e-007,0.0209924
,,,1.26376e-007,0.0218763
,,,1.26776e-007,0.0205505
,,,1.27176e-007,0.0209924
,,,1.27576e-007,0.0205505
,,,1.27976e-007,0.0201085
,,,1.28376e-007,0.0196666
,,,1.28776e-007,0.0201085
,,,1.29176e-007,0.0198876
,,,1.29576e-007,0.0192246
,,,1.29976e-007,0.0190037
,,,1.30376e-007,0.0187827
,,,1.30776e-007,0.0181198
,,,1.31176e-007,0.0187827
,,,1.31576e-007,0.0181198
,,,1.31976e-007,0.0176778
,,,1.32376e-007,0.0183408
,,,1.32776e-007,0.0183408
,,,1.33176e-007,0.0172359
,,,1.33576e-007,0.016352
,,,1.33976e-007,0.0170149
,,,1.34376e-007,0.016573
,,,1.34776e-007,0.0170149
,,,1.35176e-007,0.016573
,,,1.35576e-007,0.0170149
,,,1.35976e-007,0.016131
,,,1.36376e-007,0.0167939
,,,1.36776e-007,0.016352
,,,1.37176e-007,0.016352
,,,1.37576e-007,0.0156891
,,,1.37976e-007,0.016573
,,,1.38376e-007,0.0170149
,,,1.38776e-007,0.016131
,,,1.39176e-007,0.0156891
,,,1.39576e-007,0.0159101
,,,1.39976e-007,0.016131
,,,1.40376e-007,0.0156891
,,,1.40776e-007,0.0154681
,,,1.41176e-007,0.0156891
,,,1.41576e-007,0.0154681
,,,1.41976e-007,0.0156891
,,,1.42376e-007,0.0159101
,,,1.42776e-007,0.0152471
,,,1.43176e-007,0.0148052
,,,1.43576e-007,0.0154681
,,,1.43976e-007,0.0156891
,,,1.44376e-007,0.0148052
,,,1.44776e-007,0.0154681
,,,1.45176e-007,0.0159101
,,,1.45576e-007,0.0152471
,,,1.45976e-007,0.0152471
,,,1.46376e-007,0.0150262
,,,1.46776e-007,0.0145842
,,,1.47176e-007,0.0152471
,,,1.47576e-007,0.0148052
,,,1.47976e-007,0.0148052
,,,1.48376e-007,0.0143632
,,,1.48776e-007,0.0143632
,,,1.49176e-007,0.0139213
,,,1.49576e-007,0.0150262
,,,1.49976e-007,0.0143632
,,,1.50376e-007,0.0139213
,,,1.50776e-007,0.0139213
,,,1.51176e-007,0.0145842
,,,1.51576e-007,0.0143632
,,,1.51976e-007,0.0137003
,,,1.52376e-007,0.0143632
,,,1.52776e-007,0.0141423
,,,1.53176e-007,0.0145842
,,,1.53576e-007,0.0141423
,,,1.53976e-007,0.0137003
,,,1.54376e-007,0.0145842
,,,1.54776e-007,0.0139213
,,,1.55176e-007,0.0134794
,,,1.55576e-007,0.0134794
,,,1.55976e-007,0.0128164
,,,1.56376e-007,0.0123745
,,,1.56776e-007,0.0121535
,,,1.57176e-007,0.0119325
,,,1.57576e-007,0.0117116
,,,1.57976e-007,0.0114906
,,,1.58376e-007,0.0121535
,,,1.58776e-007,0.0117116
,,,1.59176e-007,0.0121535
,,,1.59576e-007,0.0114906
,,,1.59976e-007,0.0117116
,,,1.60376e-007,0.0119325
,,,1.60776e-007,0.0125955
,,,1.61176e-007,0.0123745
,,,1.61576e-007,0.0130374
,,,1.61976e-007,0.0119325
,,,1.62376e-007,0.0130374
,,,1.62776e-007,0.0121535
,,,1.63176e-007,0.0128164
,,,1.63576e-007,0.0125955
,,,1.63976e-007,0.0125955
,,,1.64376e-007,0.0128164
,,,1.64776e-007,0.0128164
,,,1.65176e-007,0.0121535
,,,1.65576e-007,0.0128164
,,,1.65976e-007,0.0125955
,,,1.66376e-007,0.0123745
,,,1.66776e-007,0.0123745
,,,1.67176e-007,0.0117116
,,,1.67576e-007,0.0121535
,,,1.67976e-007,0.0121535
,,,1.68376e-007,0.0123745
,,,1.68776e-007,0.0128164
,,,1.69176e-007,0.0117116
,,,1.69576e-007,0.0123745
,,,1.69976e-007,0.0121535
,,,1.70376e-007,0.0128164
,,,1.70776e-007,0.0121535
,,,1.71176e-007,0.0130374
,,,1.71576e-007,0.0128164
,,,1.71976e-007,0.0117116
,,,1.72376e-007,0.0130374
,,,1.72776e-007,0.0119325
,,,1.73176e-007,0.0117116
,,,1.73576e-007,0.0121535
,,,1.73976e-007,0.0123745
,,,1.74376e-007,0.0114906
,,,1.74776e-007,0.0121535
,,,1.75176e-007,0.0128164
,,,1.75576e-007,0.0123745
,,,1.75976e-007,0.0123745
,,,1.76376e-007,0.0128164
,,,1.76776e-007,0.0128164
,,,1.77176e-007,0.0125955
,,,1.77576e-007,0.0123745
,,,1.77976e-007,0.0128164
,,,1.78376e-007,0.0130374
,,,1.78776e-007,0.0128164
,,,1.79176e-007,0.0121535
,,,1.79576e-007,0.0130374
,,,1.79976e-007,0.0130374
,,,1.80376e-007,0.0125955
,,,1.80776e-007,0.0121535
,,,1.81176e-007,0.0128164
,,,1.81576e-007,0.0125955
,,,1.81976e-007,0.0128164
,,,1.82376e-007,0.0125955
,,,1.82776e-007,0.0110486
,,,1.83176e-007,0.0121535
,,,1.83576e-007,0.0114906
,,,1.83976e-007,0.0117116
,,,1.84376e-007,0.0112696
,,,1.84776e-007,0.0123745
,,,1.85176e-007,0.0121535
,,,1.85576e-007,0.0123745
,,,1.85976e-007,0.0119325
,,,1.86376e-007,0.0123745
,,,1.86776e-007,0.0130374
,,,1.87176e-007,0.0125955
,,,1.87576e-007,0.0125955
,,,1.87976e-007,0.0128164
,,,1.88376e-007,0.0130374
,,,1.88776e-007,0.0128164
,,,1.89176e-007,0.0130374
,,,1.89576e-007,0.0128164
,,,1.89976e-007,0.0137003
,,,1.90376e-007,0.0130374
,,,1.90776e-007,0.0134794
,,,1.91176e-007,0.0130374
,,,1.91576e-007,0.0130374
,,,1.91976e-007,0.0137003
,,,1.92376e-007,0.0139213
,,,1.92776e-007,0.0134794
,,,1.93176e-007,0.0134794
,,,1.93576e-007,0.0137003
,,,1.93976e-007,0.0128164
,,,1.94376e-007,0.0139213
,,,1.94776e-007,0.0141423
,,,1.95176e-007,0.0139213
,,,1.95576e-007,0.0132584
,,,1.95976e-007,0.0137003
,,,1.96376e-007,0.0130374
,,,1.96776e-007,0.0130374
,,,1.97176e-007,0.0132584
,,,1.97576e-007,0.0128164
,,,1.97976e-007,0.0130374
,,,1.98376e-007,0.0137003
,,,1.98776e-007,0.0128164
,,,1.99176e-007,0.0137003
,,,1.99576e-007,0.0128164
,,,1.99976e-007,0.0123745
,,,2.00376e-007,0.0123745
,,,2.00776e-007,0.0132584
,,,2.01176e-007,0.0130374
,,,2.01576e-007,0.0130374
,,,2.01976e-007,0.0125955
,,,2.02376e-007,0.0125955
,,,2.02776e-007,0.0121535
,,,2.03176e-007,0.0117116
,,,2.03576e-007,0.0121535
,,,2.03976e-007,0.0121535
,,,2.04376e-007,0.0119325
,,,2.04776e-007,0.0121535
,,,2.05176e-007,0.0121535
,,,2.05576e-007,0.0110486
,,,2.05976e-007,0.0108277
,,,2.06376e-007,0.0108277
,,,2.06776e-007,0.0103857
,,,2.07176e-007,0.0106067
,,,2.07576e-007,0.00972281
,,,2.07976e-007,0.00994378
,,,2.08376e-007,0.00994378
,,,2.08776e-007,0.00950184
,,,2.09176e-007,0.00905989
,,,2.09576e-007,0.00905989
,,,2.09976e-007,0.00773405
,,,2.10376e-007,0.008176
,,,2.10776e-007,0.00839697
,,,2.11176e-007,0.008176
,,,2.11576e-007,0.00773405
,,,2.11976e-007,0.00662919
,,,2.12376e-007,0.00707114
,,,2.12776e-007,0.00640822
,,,2.13176e-007,0.00552432
,,,2.13576e-007,0.00508238
,,,2.13976e-007,0.00464043
,,,2.14376e-007,0.00441946
,,,2.14776e-007,0.00375654
,,,2.15176e-007,0.00441946
,,,2.15576e-007,0.00353557
,,,2.15976e-007,0.00331459
,,,2.16376e-007,0.00287265
,,,2.16776e-007,0.00331459
,,,2.17176e-007,0.00331459
,,,2.17576e-007,0.00397751
,,,2.17976e-007,0.00287265
,,,2.18376e-007,0.00265168
,,,2.18776e-007,0.00198876
,,,2.19176e-007,0.00198876
,,,2.19576e-007,0.0024307
,,,2.19976e-007,0.00176778
,,,2.20376e-007,0.00198876
,,,2.20776e-007,0.00220973
,,,2.21176e-007,0.00176778
,,,2.21576e-007,0.00154681
,,,2.21976e-007,0.00132584
,,,2.22376e-007,0.00132584
,,,2.22776e-007,0.00132584
,,,2.23176e-007,0.000220973
,,,2.23576e-007,0.00110486
,,,2.23976e-007,0.00110486
,,,2.24376e-007,0.000662919
,,,2.24776e-007,0.000883892
,,,2.25176e-007,0.00132584
,,,2.25576e-007,0.000883892
,,,2.25976e-007,0.000662919
,,,2.26376e-007,0.00176778
,,,2.26776e-007,0.00110486
,,,2.27176e-007,0.000883892
,,,2.27576e-007,0.00132584
,,,2.27976e-007,0.00132584
,,,2.28376e-007,0.000883892
,,,2.28776e-007,0.000441946
,,,2.29176e-007,0.000220973
,,,2.29576e-007,0.000883892
,,,2.29976e-007,0.00132584
,,,2.30376e-007,0.00110486
,,,2.30776e-007,0.000883892
,,,2.31176e-007,0.000662919
,,,2.31576e-007,0.000662919
,,,2.31976e-007,0.00110486
,,,2.32376e-007,0.000220973
,,,2.32776e-007,0
,,,2.33176e-007,-0.000441946
,,,2.33576e-007,0.000441946
,,,2.33976e-007,0.000220973
,,,2.34376e-007,0.000662919
,,,2.34776e-007,0.000883892
,,,2.35176e-007,-0.000441946
,,,2.35576e-007,0.000220973
,,,2.35976e-007,0
,,,2.36376e-007,0.000441946
,,,2.36776e-007,0
,,,2.37176e-007,0
,,,2.37576e-007,-0.000441946
,,,2.37976e-007,0
,,,2.38376e-007,-0.000220973
,,,2.38776e-007,-0.000662919
,,,2.39176e-007,-0.000662919
,,,2.39576e-007,-0.000220973
,,,2.39976e-007,-0.000441946
,,,2.40376e-007,-0.000662919
,,,2.40776e-007,-0.000441946
,,,2.41176e-007,-0.000441946
,,,2.41576e-007,-0.000662919
,,,2.41976e-007,-0.000441946
,,,2.42376e-007,-0.000220973
,,,2.42776e-007,-0.000220973
,,,2.43176e-007,-0.000662919
,,,2.43576e-007,-0.000441946
,,,2.43976e-007,-0.000220973
,,,2.44376e-007,-0.000662919
,,,2.44776e-007,0
,,,2.45176e-007,-0.000662919
,,,2.45576e-007,0
,,,2.45976e-007,0
,,,2.46376e-007,-0.000662919
,,,2.46776e-007,0
,,,2.47176e-007,0
,,,2.47576e-007,-0.000220973
,,,2.47976e-007,-0.000441946
,,,2.48376e-007,0.000220973
,,,2.48776e-007,0.000220973
,,,2.49176e-007,-0.000441946
,,,2.49576e-007,0.000220973
,,,2.49976e-007,0.000662919
,,,2.50376e-007,0.000441946
