"Record Length",1252,"Points",-2.50387e-007,0.000441946
"Sample Interval",4e-010,s,-2.49987e-007,-0.000662919
"Trigger Point",625,"Samples",-2.49587e-007,0.000441946
"Trigger Time",0.967763,s,-2.49187e-007,-0.000441946
,,,-2.48787e-007,-0.000220973
"Horizontal Offset",-2.50387e-007,s,-2.48387e-007,-0.000220973
,,,-2.47987e-007,0
,,,-2.47587e-007,0.000220973
,,,-2.47187e-007,0.000441946
,,,-2.46787e-007,0.000662919
,,,-2.46387e-007,0.000220973
,,,-2.45987e-007,0.000441946
,,,-2.45587e-007,0.000883892
,,,-2.45187e-007,0
,,,-2.44787e-007,-0.000220973
,,,-2.44387e-007,-0.000220973
,,,-2.43987e-007,-0.000441946
,,,-2.43587e-007,0
,,,-2.43187e-007,-0.000662919
,,,-2.42787e-007,0
,,,-2.42387e-007,-0.000441946
,,,-2.41987e-007,-0.000662919
,,,-2.41587e-007,0.000441946
,,,-2.41187e-007,0.000220973
,,,-2.40787e-007,-0.000441946
,,,-2.40387e-007,-0.000883892
,,,-2.39987e-007,-0.000441946
,,,-2.39587e-007,0.000220973
,,,-2.39187e-007,0.000441946
,,,-2.38787e-007,0.000441946
,,,-2.38387e-007,0
,,,-2.37987e-007,0.000441946
,,,-2.37587e-007,0
,,,-2.37187e-007,0
,,,-2.36787e-007,-0.000220973
,,,-2.36387e-007,-0.000883892
,,,-2.35987e-007,0
,,,-2.35587e-007,-0.000441946
,,,-2.35187e-007,-0.000662919
,,,-2.34787e-007,-0.000220973
,,,-2.34387e-007,-0.000220973
,,,-2.33987e-007,-0.000883892
,,,-2.33587e-007,-0.000220973
,,,-2.33187e-007,0
,,,-2.32787e-007,0.000441946
,,,-2.32387e-007,0.000220973
,,,-2.31987e-007,-0.000220973
,,,-2.31587e-007,0.000441946
,,,-2.31187e-007,0.000662919
,,,-2.30787e-007,0
,,,-2.30387e-007,-0.000220973
,,,-2.29987e-007,-0.000220973
,,,-2.29587e-007,-0.000441946
,,,-2.29187e-007,0
,,,-2.28787e-007,-0.000441946
,,,-2.28387e-007,0
,,,-2.27987e-007,0
,,,-2.27587e-007,-0.000220973
,,,-2.27187e-007,-0.000220973
,,,-2.26787e-007,-0.000220973
,,,-2.26387e-007,0.000220973
,,,-2.25987e-007,0
,,,-2.25587e-007,0
,,,-2.25187e-007,0
,,,-2.24787e-007,0.000220973
,,,-2.24387e-007,0.000220973
,,,-2.23987e-007,0.000441946
,,,-2.23587e-007,0.000220973
,,,-2.23187e-007,-0.000220973
,,,-2.22787e-007,0.000662919
,,,-2.22387e-007,-0.000441946
,,,-2.21987e-007,-0.000662919
,,,-2.21587e-007,0.000220973
,,,-2.21187e-007,0
,,,-2.20787e-007,0.000441946
,,,-2.20387e-007,-0.000441946
,,,-2.19987e-007,0
,,,-2.19587e-007,0
,,,-2.19187e-007,-0.000441946
,,,-2.18787e-007,0
,,,-2.18387e-007,-0.000441946
,,,-2.17987e-007,-0.000662919
,,,-2.17587e-007,0.000883892
,,,-2.17187e-007,-0.000441946
,,,-2.16787e-007,0.000883892
,,,-2.16387e-007,-0.000662919
,,,-2.15987e-007,0
,,,-2.15587e-007,0
,,,-2.15187e-007,0.000441946
,,,-2.14787e-007,-0.000441946
,,,-2.14387e-007,0.000441946
,,,-2.13987e-007,0.000220973
,,,-2.13587e-007,0
,,,-2.13187e-007,0
,,,-2.12787e-007,0.000441946
,,,-2.12387e-007,0
,,,-2.11987e-007,-0.000220973
,,,-2.11587e-007,-0.000662919
,,,-2.11187e-007,0.000441946
,,,-2.10787e-007,-0.000662919
,,,-2.10387e-007,-0.000662919
,,,-2.09987e-007,0
,,,-2.09587e-007,0.000441946
,,,-2.09187e-007,0
,,,-2.08787e-007,0.000662919
,,,-2.08387e-007,0.000220973
,,,-2.07987e-007,0.000220973
,,,-2.07587e-007,-0.000220973
,,,-2.07187e-007,0.000441946
,,,-2.06787e-007,0.000220973
,,,-2.06387e-007,0
,,,-2.05987e-007,0
,,,-2.05587e-007,-0.000220973
,,,-2.05187e-007,-0.000662919
,,,-2.04787e-007,0.000441946
,,,-2.04387e-007,0
,,,-2.03987e-007,-0.000220973
,,,-2.03587e-007,-0.000441946
,,,-2.03187e-007,0
,,,-2.02787e-007,-0.000220973
,,,-2.02387e-007,0
,,,-2.01987e-007,0.000220973
,,,-2.01587e-007,-0.000441946
,,,-2.01187e-007,0.000441946
,,,-2.00787e-007,0
,,,-2.00387e-007,0
,,,-1.99987e-007,-0.000441946
,,,-1.99587e-007,0
,,,-1.99187e-007,0.000883892
,,,-1.98787e-007,0.000662919
,,,-1.98387e-007,-0.000220973
,,,-1.97987e-007,-0.000220973
,,,-1.97587e-007,0.000220973
,,,-1.97187e-007,-0.000220973
,,,-1.96787e-007,0
,,,-1.96387e-007,0.000441946
,,,-1.95987e-007,-0.000220973
,,,-1.95587e-007,0.000441946
,,,-1.95187e-007,0.000220973
,,,-1.94787e-007,-0.000220973
,,,-1.94387e-007,-0.000883892
,,,-1.93987e-007,-0.000441946
,,,-1.93587e-007,0.000220973
,,,-1.93187e-007,0.000220973
,,,-1.92787e-007,0.000220973
,,,-1.92387e-007,0.000220973
,,,-1.91987e-007,0.000220973
,,,-1.91587e-007,0.000441946
,,,-1.91187e-007,0
,,,-1.90787e-007,0.000662919
,,,-1.90387e-007,-0.000441946
,,,-1.89987e-007,-0.000441946
,,,-1.89587e-007,0.000662919
,,,-1.89187e-007,0.000441946
,,,-1.88787e-007,0.000662919
,,,-1.88387e-007,0
,,,-1.87987e-007,-0.000220973
,,,-1.87587e-007,0
,,,-1.87187e-007,-0.000662919
,,,-1.86787e-007,0
,,,-1.86387e-007,-0.000441946
,,,-1.85987e-007,-0.000441946
,,,-1.85587e-007,0.000220973
,,,-1.85187e-007,0
,,,-1.84787e-007,0.000220973
,,,-1.84387e-007,0
,,,-1.83987e-007,-0.000220973
,,,-1.83587e-007,0
,,,-1.83187e-007,0.000441946
,,,-1.82787e-007,-0.000441946
,,,-1.82387e-007,-0.000441946
,,,-1.81987e-007,0
,,,-1.81587e-007,-0.000220973
,,,-1.81187e-007,0.000220973
,,,-1.80787e-007,0.000220973
,,,-1.80387e-007,-0.000220973
,,,-1.79987e-007,0
,,,-1.79587e-007,0
,,,-1.79187e-007,0.000220973
,,,-1.78787e-007,-0.000662919
,,,-1.78387e-007,-0.000662919
,,,-1.77987e-007,-0.000441946
,,,-1.77587e-007,0
,,,-1.77187e-007,-0.000441946
,,,-1.76787e-007,0.000441946
,,,-1.76387e-007,-0.000441946
,,,-1.75987e-007,0.000662919
,,,-1.75587e-007,-0.000441946
,,,-1.75187e-007,-0.000220973
,,,-1.74787e-007,0.000220973
,,,-1.74387e-007,0.000662919
,,,-1.73987e-007,0.000441946
,,,-1.73587e-007,0.000662919
,,,-1.73187e-007,0
,,,-1.72787e-007,0.000441946
,,,-1.72387e-007,0.000220973
,,,-1.71987e-007,0.000441946
,,,-1.71587e-007,0.000220973
,,,-1.71187e-007,0.000220973
,,,-1.70787e-007,-0.000441946
,,,-1.70387e-007,0
,,,-1.69987e-007,-0.000220973
,,,-1.69587e-007,0.000220973
,,,-1.69187e-007,-0.000441946
,,,-1.68787e-007,0.000883892
,,,-1.68387e-007,0.000441946
,,,-1.67987e-007,0.000441946
,,,-1.67587e-007,0.000220973
,,,-1.67187e-007,0.000220973
,,,-1.66787e-007,-0.000883892
,,,-1.66387e-007,0
,,,-1.65987e-007,0
,,,-1.65587e-007,-0.000220973
,,,-1.65187e-007,0.00110486
,,,-1.64787e-007,0.000220973
,,,-1.64387e-007,-0.000441946
,,,-1.63987e-007,0
,,,-1.63587e-007,-0.000662919
,,,-1.63187e-007,-0.000441946
,,,-1.62787e-007,0.000883892
,,,-1.62387e-007,-0.000220973
,,,-1.61987e-007,-0.00110486
,,,-1.61587e-007,-0.000662919
,,,-1.61187e-007,0
,,,-1.60787e-007,0
,,,-1.60387e-007,-0.000441946
,,,-1.59987e-007,0
,,,-1.59587e-007,-0.000441946
,,,-1.59187e-007,0.000220973
,,,-1.58787e-007,0.000220973
,,,-1.58387e-007,0.000220973
,,,-1.57987e-007,0.000662919
,,,-1.57587e-007,0
,,,-1.57187e-007,-0.000441946
,,,-1.56787e-007,-0.000220973
,,,-1.56387e-007,-0.000220973
,,,-1.55987e-007,0.000662919
,,,-1.55587e-007,-0.000441946
,,,-1.55187e-007,-0.000441946
,,,-1.54787e-007,0.000220973
,,,-1.54387e-007,0.000441946
,,,-1.53987e-007,-0.000662919
,,,-1.53587e-007,0
,,,-1.53187e-007,0.000220973
,,,-1.52787e-007,0.000220973
,,,-1.52387e-007,0
,,,-1.51987e-007,-0.000441946
,,,-1.51587e-007,-0.000441946
,,,-1.51187e-007,-0.000220973
,,,-1.50787e-007,-0.000441946
,,,-1.50387e-007,-0.000441946
,,,-1.49987e-007,0.000441946
,,,-1.49587e-007,0.000220973
,,,-1.49187e-007,-0.000220973
,,,-1.48787e-007,0.000441946
,,,-1.48387e-007,0
,,,-1.47987e-007,0
,,,-1.47587e-007,0.000220973
,,,-1.47187e-007,0.000220973
,,,-1.46787e-007,0
,,,-1.46387e-007,-0.000220973
,,,-1.45987e-007,-0.000662919
,,,-1.45587e-007,0
,,,-1.45187e-007,-0.000441946
,,,-1.44787e-007,0.000441946
,,,-1.44387e-007,0
,,,-1.43987e-007,0
,,,-1.43587e-007,0
,,,-1.43187e-007,0
,,,-1.42787e-007,0
,,,-1.42387e-007,0.000220973
,,,-1.41987e-007,0
,,,-1.41587e-007,-0.000220973
,,,-1.41187e-007,0.000441946
,,,-1.40787e-007,0
,,,-1.40387e-007,0
,,,-1.39987e-007,-0.000441946
,,,-1.39587e-007,0
,,,-1.39187e-007,-0.000441946
,,,-1.38787e-007,0.000220973
,,,-1.38387e-007,-0.000662919
,,,-1.37987e-007,-0.000220973
,,,-1.37587e-007,0.000441946
,,,-1.37187e-007,0.000220973
,,,-1.36787e-007,0.000220973
,,,-1.36387e-007,0.00110486
,,,-1.35987e-007,0.000662919
,,,-1.35587e-007,0
,,,-1.35187e-007,0.000441946
,,,-1.34787e-007,0.000662919
,,,-1.34387e-007,0.000220973
,,,-1.33987e-007,0.000441946
,,,-1.33587e-007,0.000441946
,,,-1.33187e-007,0
,,,-1.32787e-007,0
,,,-1.32387e-007,0
,,,-1.31987e-007,-0.000220973
,,,-1.31587e-007,0
,,,-1.31187e-007,-0.000220973
,,,-1.30787e-007,0
,,,-1.30387e-007,0
,,,-1.29987e-007,-0.000220973
,,,-1.29587e-007,0
,,,-1.29187e-007,0
,,,-1.28787e-007,0.000441946
,,,-1.28387e-007,-0.000441946
,,,-1.27987e-007,0
,,,-1.27587e-007,-0.000220973
,,,-1.27187e-007,-0.000441946
,,,-1.26787e-007,-0.000441946
,,,-1.26387e-007,0.000441946
,,,-1.25987e-007,-0.000220973
,,,-1.25587e-007,-0.000662919
,,,-1.25187e-007,0.000220973
,,,-1.24787e-007,0
,,,-1.24387e-007,0.000220973
,,,-1.23987e-007,-0.000220973
,,,-1.23587e-007,0.000220973
,,,-1.23187e-007,0.000220973
,,,-1.22787e-007,-0.000220973
,,,-1.22387e-007,-0.000220973
,,,-1.21987e-007,0.000441946
,,,-1.21587e-007,0
,,,-1.21187e-007,0
,,,-1.20787e-007,-0.000220973
,,,-1.20387e-007,0
,,,-1.19987e-007,-0.000662919
,,,-1.19587e-007,-0.000662919
,,,-1.19187e-007,0.000220973
,,,-1.18787e-007,-0.000220973
,,,-1.18387e-007,-0.000220973
,,,-1.17987e-007,0
,,,-1.17587e-007,0.000441946
,,,-1.17187e-007,-0.000220973
,,,-1.16787e-007,-0.000220973
,,,-1.16387e-007,-0.000220973
,,,-1.15987e-007,0.000220973
,,,-1.15587e-007,0.000441946
,,,-1.15187e-007,0
,,,-1.14787e-007,-0.000441946
,,,-1.14387e-007,0
,,,-1.13987e-007,-0.000220973
,,,-1.13587e-007,-0.000220973
,,,-1.13187e-007,0
,,,-1.12787e-007,0
,,,-1.12387e-007,-0.000441946
,,,-1.11987e-007,-0.000441946
,,,-1.11587e-007,-0.000220973
,,,-1.11187e-007,0.00132584
,,,-1.10787e-007,-0.000220973
,,,-1.10387e-007,0.000220973
,,,-1.09987e-007,0.000220973
,,,-1.09587e-007,0.000220973
,,,-1.09187e-007,-0.000662919
,,,-1.08787e-007,0.000220973
,,,-1.08387e-007,-0.000220973
,,,-1.07987e-007,0
,,,-1.07587e-007,-0.000441946
,,,-1.07187e-007,-0.000220973
,,,-1.06787e-007,0
,,,-1.06387e-007,-0.000441946
,,,-1.05987e-007,-0.000220973
,,,-1.05587e-007,0
,,,-1.05187e-007,0.000441946
,,,-1.04787e-007,0
,,,-1.04387e-007,0.000220973
,,,-1.03987e-007,-0.000220973
,,,-1.03587e-007,0
,,,-1.03187e-007,0.000662919
,,,-1.02787e-007,0.000220973
,,,-1.02387e-007,0
,,,-1.01987e-007,0
,,,-1.01587e-007,0.000220973
,,,-1.01187e-007,0.000220973
,,,-1.00787e-007,0
,,,-1.00387e-007,0
,,,-9.99871e-008,0
,,,-9.95871e-008,-0.000662919
,,,-9.91871e-008,0
,,,-9.87871e-008,-0.000441946
,,,-9.83871e-008,0.000220973
,,,-9.79871e-008,-0.000662919
,,,-9.75871e-008,0.000220973
,,,-9.71871e-008,0
,,,-9.67871e-008,0.000662919
,,,-9.63871e-008,0
,,,-9.59871e-008,0
,,,-9.55871e-008,0.000441946
,,,-9.51871e-008,0
,,,-9.47871e-008,-0.000441946
,,,-9.43871e-008,0
,,,-9.39871e-008,0.000441946
,,,-9.35871e-008,-0.000662919
,,,-9.31871e-008,0.000220973
,,,-9.27871e-008,0.000220973
,,,-9.23871e-008,0.000441946
,,,-9.19871e-008,0.000220973
,,,-9.15871e-008,0.000220973
,,,-9.11871e-008,-0.000441946
,,,-9.07871e-008,-0.000220973
,,,-9.03871e-008,0.000441946
,,,-8.99871e-008,0
,,,-8.95871e-008,0.000220973
,,,-8.91871e-008,0.000220973
,,,-8.87871e-008,0.000441946
,,,-8.83871e-008,0.00110486
,,,-8.79871e-008,0
,,,-8.75871e-008,0
,,,-8.71871e-008,0.000220973
,,,-8.67871e-008,0.000220973
,,,-8.63871e-008,-0.000662919
,,,-8.59871e-008,0.000662919
,,,-8.55871e-008,0
,,,-8.51871e-008,-0.000220973
,,,-8.47871e-008,0.000883892
,,,-8.43871e-008,0
,,,-8.39871e-008,0.000220973
,,,-8.35871e-008,0.000441946
,,,-8.31871e-008,-0.000441946
,,,-8.27871e-008,-0.000441946
,,,-8.23871e-008,-0.000220973
,,,-8.19871e-008,0
,,,-8.15871e-008,0.000220973
,,,-8.11871e-008,0.000220973
,,,-8.07871e-008,0.000220973
,,,-8.03871e-008,-0.000662919
,,,-7.99871e-008,0.000883892
,,,-7.95871e-008,0
,,,-7.91871e-008,0.000441946
,,,-7.87871e-008,0.00132584
,,,-7.83871e-008,-0.000441946
,,,-7.79871e-008,0
,,,-7.75871e-008,0.000441946
,,,-7.71871e-008,0
,,,-7.67871e-008,0
,,,-7.63871e-008,-0.000441946
,,,-7.59871e-008,0.000220973
,,,-7.55871e-008,-0.000441946
,,,-7.51871e-008,0
,,,-7.47871e-008,-0.000441946
,,,-7.43871e-008,0
,,,-7.39871e-008,0.000220973
,,,-7.35871e-008,-0.000220973
,,,-7.31871e-008,-0.000441946
,,,-7.27871e-008,0.000220973
,,,-7.23871e-008,0.000441946
,,,-7.19871e-008,0.000883892
,,,-7.15871e-008,0.000220973
,,,-7.11871e-008,-0.000441946
,,,-7.07871e-008,-0.000220973
,,,-7.03871e-008,-0.000441946
,,,-6.99871e-008,0
,,,-6.95871e-008,0.000441946
,,,-6.91871e-008,0
,,,-6.87871e-008,0.000220973
,,,-6.83871e-008,0.000220973
,,,-6.79871e-008,0.000662919
,,,-6.75871e-008,0
,,,-6.71871e-008,-0.000883892
,,,-6.67871e-008,0.000220973
,,,-6.63871e-008,0
,,,-6.59871e-008,0.000883892
,,,-6.55871e-008,-0.000220973
,,,-6.51871e-008,-0.000220973
,,,-6.47871e-008,0
,,,-6.43871e-008,-0.000441946
,,,-6.39871e-008,-0.000220973
,,,-6.35871e-008,0.000220973
,,,-6.31871e-008,0
,,,-6.27871e-008,-0.000220973
,,,-6.23871e-008,0.000220973
,,,-6.19871e-008,0.000883892
,,,-6.15871e-008,0.000441946
,,,-6.11871e-008,0.000220973
,,,-6.07871e-008,0.000662919
,,,-6.03871e-008,0.000441946
,,,-5.99871e-008,0.000662919
,,,-5.95871e-008,0
,,,-5.91871e-008,-0.000220973
,,,-5.87871e-008,0.000441946
,,,-5.83871e-008,-0.000662919
,,,-5.79871e-008,0
,,,-5.75871e-008,0.000220973
,,,-5.71871e-008,0
,,,-5.67871e-008,0.000220973
,,,-5.63871e-008,-0.000441946
,,,-5.59871e-008,0.000441946
,,,-5.55871e-008,0
,,,-5.51871e-008,0.000220973
,,,-5.47871e-008,0.000441946
,,,-5.43871e-008,0.000662919
,,,-5.39871e-008,0.000220973
,,,-5.35871e-008,0.000662919
,,,-5.31871e-008,-0.000220973
,,,-5.27871e-008,0
,,,-5.23871e-008,-0.000220973
,,,-5.19871e-008,-0.000441946
,,,-5.15871e-008,0.000441946
,,,-5.11871e-008,-0.000220973
,,,-5.07871e-008,-0.000441946
,,,-5.03871e-008,0
,,,-4.99871e-008,0
,,,-4.95871e-008,0
,,,-4.91871e-008,-0.000441946
,,,-4.87871e-008,0
,,,-4.83871e-008,0.000220973
,,,-4.79871e-008,0.000662919
,,,-4.75871e-008,-0.000220973
,,,-4.71871e-008,0
,,,-4.67871e-008,0
,,,-4.63871e-008,0.000662919
,,,-4.59871e-008,0.000662919
,,,-4.55871e-008,0
,,,-4.51871e-008,0
,,,-4.47871e-008,0.000441946
,,,-4.43871e-008,0.000220973
,,,-4.39871e-008,-0.000220973
,,,-4.35871e-008,-0.000441946
,,,-4.31871e-008,-0.000883892
,,,-4.27871e-008,-0.000662919
,,,-4.23871e-008,-0.000441946
,,,-4.19871e-008,-0.000441946
,,,-4.15871e-008,0
,,,-4.11871e-008,-0.000220973
,,,-4.07871e-008,0
,,,-4.03871e-008,0
,,,-3.99871e-008,0
,,,-3.95871e-008,-0.000441946
,,,-3.91871e-008,0
,,,-3.87871e-008,0.000662919
,,,-3.83871e-008,-0.000220973
,,,-3.79871e-008,-0.000441946
,,,-3.75871e-008,0
,,,-3.71871e-008,0.000441946
,,,-3.67871e-008,0.000220973
,,,-3.63871e-008,-0.000220973
,,,-3.59871e-008,-0.000220973
,,,-3.55871e-008,0.000662919
,,,-3.51871e-008,-0.000220973
,,,-3.47871e-008,-0.000220973
,,,-3.43871e-008,0.000220973
,,,-3.39871e-008,-0.000441946
,,,-3.35871e-008,0.000883892
,,,-3.31871e-008,0
,,,-3.27871e-008,0.000441946
,,,-3.23871e-008,0.000441946
,,,-3.19871e-008,-0.000220973
,,,-3.15871e-008,0
,,,-3.11871e-008,0
,,,-3.07871e-008,0.000662919
,,,-3.03871e-008,0.000220973
,,,-2.99871e-008,-0.000662919
,,,-2.95871e-008,0.000883892
,,,-2.91871e-008,0.000441946
,,,-2.87871e-008,0.000220973
,,,-2.83871e-008,0.000220973
,,,-2.79871e-008,0.000220973
,,,-2.75871e-008,0
,,,-2.71871e-008,-0.000220973
,,,-2.67871e-008,0.000220973
,,,-2.63871e-008,0.000441946
,,,-2.59871e-008,-0.000441946
,,,-2.55871e-008,0.000441946
,,,-2.51871e-008,0
,,,-2.47871e-008,0.000441946
,,,-2.43871e-008,-0.000662919
,,,-2.39871e-008,-0.000441946
,,,-2.35871e-008,-0.000220973
,,,-2.31871e-008,0.000220973
,,,-2.27871e-008,0.000220973
,,,-2.23871e-008,-0.000220973
,,,-2.19871e-008,0.000441946
,,,-2.15871e-008,0.000441946
,,,-2.11871e-008,0.000220973
,,,-2.07871e-008,0.000220973
,,,-2.03871e-008,0
,,,-1.99871e-008,0.000220973
,,,-1.95871e-008,0.000220973
,,,-1.91871e-008,-0.000220973
,,,-1.87871e-008,0.000441946
,,,-1.83871e-008,0.000220973
,,,-1.79871e-008,0.000441946
,,,-1.75871e-008,0.000662919
,,,-1.71871e-008,0.000220973
,,,-1.67871e-008,0.000220973
,,,-1.63871e-008,-0.000220973
,,,-1.59871e-008,0
,,,-1.55871e-008,0
,,,-1.51871e-008,0.000883892
,,,-1.47871e-008,0
,,,-1.43871e-008,-0.000220973
,,,-1.39871e-008,0.000662919
,,,-1.35871e-008,-0.000220973
,,,-1.31871e-008,0
,,,-1.27871e-008,-0.000662919
,,,-1.23871e-008,-0.000662919
,,,-1.19871e-008,0
,,,-1.15871e-008,0.000441946
,,,-1.11871e-008,0.000220973
,,,-1.07871e-008,0
,,,-1.03871e-008,0.000220973
,,,-9.98711e-009,-0.000220973
,,,-9.58711e-009,-0.000220973
,,,-9.18711e-009,0.000441946
,,,-8.78711e-009,0.000662919
,,,-8.38711e-009,0.00132584
,,,-7.98711e-009,0
,,,-7.58711e-009,0
,,,-7.18711e-009,0.000220973
,,,-6.78711e-009,0.00132584
,,,-6.38711e-009,0.000441946
,,,-5.98711e-009,0.000220973
,,,-5.58711e-009,-0.000441946
,,,-5.18711e-009,-0.000220973
,,,-4.78711e-009,0.000441946
,,,-4.38711e-009,0.000220973
,,,-3.98711e-009,0
,,,-3.58711e-009,-0.000220973
,,,-3.18711e-009,0
,,,-2.78711e-009,0.000220973
,,,-2.38711e-009,0.000220973
,,,-1.98711e-009,-0.000220973
,,,-1.58711e-009,0
,,,-1.18711e-009,0
,,,-7.87105e-010,-0.000220973
,,,-3.87105e-010,0
,,,1.28947e-011,0
,,,4.12895e-010,-0.000220973
,,,8.12895e-010,-0.000220973
,,,1.21289e-009,-0.000441946
,,,1.61289e-009,0.000220973
,,,2.01289e-009,0.000220973
,,,2.41289e-009,0.000883892
,,,2.81289e-009,0.000220973
,,,3.21289e-009,-0.000220973
,,,3.61289e-009,-0.000441946
,,,4.01289e-009,-0.000220973
,,,4.41289e-009,0
,,,4.81289e-009,-0.000220973
,,,5.21289e-009,0.000441946
,,,5.61289e-009,0
,,,6.01289e-009,-0.000662919
,,,6.41289e-009,0.000883892
,,,6.81289e-009,0.000220973
,,,7.21289e-009,-0.000220973
,,,7.61289e-009,0.000220973
,,,8.01289e-009,0
,,,8.41289e-009,0
,,,8.81289e-009,0.000662919
,,,9.21289e-009,0.000220973
,,,9.61289e-009,0.000220973
,,,1.00129e-008,0.000220973
,,,1.04129e-008,0
,,,1.08129e-008,-0.000441946
,,,1.12129e-008,-0.000220973
,,,1.16129e-008,0
,,,1.20129e-008,-0.000441946
,,,1.24129e-008,0.000220973
,,,1.28129e-008,0.000220973
,,,1.32129e-008,0.000220973
,,,1.36129e-008,0
,,,1.40129e-008,-0.000662919
,,,1.44129e-008,0.000662919
,,,1.48129e-008,-0.000220973
,,,1.52129e-008,0.00132584
,,,1.56129e-008,-0.000220973
,,,1.60129e-008,0.00110486
,,,1.64129e-008,0.000441946
,,,1.68129e-008,0.000441946
,,,1.72129e-008,0
,,,1.76129e-008,0
,,,1.80129e-008,0
,,,1.84129e-008,0.000441946
,,,1.88129e-008,0.000220973
,,,1.92129e-008,-0.000220973
,,,1.96129e-008,0.000220973
,,,2.00129e-008,0
,,,2.04129e-008,-0.000220973
,,,2.08129e-008,-0.000883892
,,,2.12129e-008,0
,,,2.16129e-008,-0.000220973
,,,2.20129e-008,0.000441946
,,,2.24129e-008,-0.000662919
,,,2.28129e-008,-0.000220973
,,,2.32129e-008,0.000220973
,,,2.36129e-008,0
,,,2.40129e-008,0
,,,2.44129e-008,0.000662919
,,,2.48129e-008,0.000441946
,,,2.52129e-008,0
,,,2.56129e-008,0.000220973
,,,2.60129e-008,-0.000441946
,,,2.64129e-008,0
,,,2.68129e-008,0.000220973
,,,2.72129e-008,0.000662919
,,,2.76129e-008,-0.000662919
,,,2.80129e-008,-0.000441946
,,,2.84129e-008,-0.000441946
,,,2.88129e-008,-0.000441946
,,,2.92129e-008,-0.000220973
,,,2.96129e-008,0.000441946
,,,3.00129e-008,0.000220973
,,,3.04129e-008,-0.000220973
,,,3.08129e-008,0.000662919
,,,3.12129e-008,0.00110486
,,,3.16129e-008,0.000883892
,,,3.20129e-008,-0.000220973
,,,3.24129e-008,0
,,,3.28129e-008,0.000883892
,,,3.32129e-008,0.000441946
,,,3.36129e-008,0.000220973
,,,3.40129e-008,0.000662919
,,,3.44129e-008,0.000441946
,,,3.48129e-008,-0.000220973
,,,3.52129e-008,0.000220973
,,,3.56129e-008,-0.000662919
,,,3.60129e-008,-0.000220973
,,,3.64129e-008,0
,,,3.68129e-008,0
,,,3.72129e-008,0
,,,3.76129e-008,-0.000220973
,,,3.80129e-008,0
,,,3.84129e-008,-0.000441946
,,,3.88129e-008,0
,,,3.92129e-008,-0.000220973
,,,3.96129e-008,0
,,,4.00129e-008,0.000441946
,,,4.04129e-008,0.000662919
,,,4.08129e-008,0.000441946
,,,4.12129e-008,-0.000441946
,,,4.16129e-008,-0.000441946
,,,4.20129e-008,-0.000662919
,,,4.24129e-008,0.000220973
,,,4.28129e-008,0.00110486
,,,4.32129e-008,0.000441946
,,,4.36129e-008,-0.000441946
,,,4.40129e-008,-0.000220973
,,,4.44129e-008,0
,,,4.48129e-008,-0.000220973
,,,4.52129e-008,0
,,,4.56129e-008,-0.000441946
,,,4.60129e-008,-0.000441946
,,,4.64129e-008,0.000220973
,,,4.68129e-008,0
,,,4.72129e-008,0.000441946
,,,4.76129e-008,0
,,,4.80129e-008,0
,,,4.84129e-008,-0.000441946
,,,4.88129e-008,0.000220973
,,,4.92129e-008,-0.000220973
,,,4.96129e-008,-0.000441946
,,,5.00129e-008,0
,,,5.04129e-008,0.000441946
,,,5.08129e-008,0
,,,5.12129e-008,0.000441946
,,,5.16129e-008,0
,,,5.20129e-008,-0.000662919
,,,5.24129e-008,-0.000441946
,,,5.28129e-008,-0.000220973
,,,5.32129e-008,0.000662919
,,,5.36129e-008,0
,,,5.40129e-008,-0.000220973
,,,5.44129e-008,0.000662919
,,,5.48129e-008,0
,,,5.52129e-008,0.000220973
,,,5.56129e-008,0.000441946
,,,5.60129e-008,-0.000441946
,,,5.64129e-008,-0.000441946
,,,5.68129e-008,0.000220973
,,,5.72129e-008,0
,,,5.76129e-008,-0.000441946
,,,5.80129e-008,0.000220973
,,,5.84129e-008,0.000220973
,,,5.88129e-008,0.000662919
,,,5.92129e-008,0.000662919
,,,5.96129e-008,0.000220973
,,,6.00129e-008,-0.000441946
,,,6.04129e-008,0.000662919
,,,6.08129e-008,-0.000220973
,,,6.12129e-008,-0.000662919
,,,6.16129e-008,-0.000441946
,,,6.20129e-008,0.000220973
,,,6.24129e-008,-0.000220973
,,,6.28129e-008,0.000662919
,,,6.32129e-008,0
,,,6.36129e-008,0.000220973
,,,6.40129e-008,0
,,,6.44129e-008,0.000220973
,,,6.48129e-008,0.000441946
,,,6.52129e-008,0.00110486
,,,6.56129e-008,0.000662919
,,,6.60129e-008,0.000220973
,,,6.64129e-008,-0.000220973
,,,6.68129e-008,0.000662919
,,,6.72129e-008,0.000883892
,,,6.76129e-008,0.000662919
,,,6.80129e-008,0
,,,6.84129e-008,0.000220973
,,,6.88129e-008,-0.000441946
,,,6.92129e-008,0.000220973
,,,6.96129e-008,0
,,,7.00129e-008,0.000220973
,,,7.04129e-008,0
,,,7.08129e-008,0
,,,7.12129e-008,0
,,,7.16129e-008,0.000220973
,,,7.20129e-008,-0.000441946
,,,7.24129e-008,0.000220973
,,,7.28129e-008,0.000220973
,,,7.32129e-008,0
,,,7.36129e-008,-0.000883892
,,,7.40129e-008,-0.000441946
,,,7.44129e-008,0.000441946
,,,7.48129e-008,0.000662919
,,,7.52129e-008,0.000441946
,,,7.56129e-008,-0.000220973
,,,7.60129e-008,0.000441946
,,,7.64129e-008,0.000441946
,,,7.68129e-008,-0.000220973
,,,7.72129e-008,0.000220973
,,,7.76129e-008,-0.000220973
,,,7.80129e-008,-0.000441946
,,,7.84129e-008,0.000441946
,,,7.88129e-008,-0.000220973
,,,7.92129e-008,0.000220973
,,,7.96129e-008,0.000662919
,,,8.00129e-008,0.000220973
,,,8.04129e-008,-0.000662919
,,,8.08129e-008,0.00110486
,,,8.12129e-008,0
,,,8.16129e-008,0
,,,8.20129e-008,-0.000220973
,,,8.24129e-008,0.000441946
,,,8.28129e-008,0.000220973
,,,8.32129e-008,-0.000220973
,,,8.36129e-008,-0.000220973
,,,8.40129e-008,0
,,,8.44129e-008,0.00110486
,,,8.48129e-008,0.000220973
,,,8.52129e-008,0
,,,8.56129e-008,0
,,,8.60129e-008,0
,,,8.64129e-008,0.000220973
,,,8.68129e-008,0.000441946
,,,8.72129e-008,0.000220973
,,,8.76129e-008,0.000220973
,,,8.80129e-008,0.000441946
,,,8.84129e-008,0.000441946
,,,8.88129e-008,0.000220973
,,,8.92129e-008,0.000441946
,,,8.96129e-008,0.000220973
,,,9.00129e-008,0
,,,9.04129e-008,0.00132584
,,,9.08129e-008,0.000883892
,,,9.12129e-008,0.000220973
,,,9.16129e-008,0.000220973
,,,9.20129e-008,0.000220973
,,,9.24129e-008,0.000220973
,,,9.28129e-008,0.000441946
,,,9.32129e-008,0.00110486
,,,9.36129e-008,0.000662919
,,,9.40129e-008,0.00110486
,,,9.44129e-008,0.00198876
,,,9.48129e-008,0.00287265
,,,9.52129e-008,0.00353557
,,,9.56129e-008,0.00464043
,,,9.60129e-008,0.00486141
,,,9.64129e-008,0.00685016
,,,9.68129e-008,0.00729211
,,,9.72129e-008,0.00883892
,,,9.76129e-008,0.00972281
,,,9.80129e-008,0.0114906
,,,9.84129e-008,0.0117116
,,,9.88129e-008,0.0130374
,,,9.92129e-008,0.0139213
,,,9.96129e-008,0.0145842
,,,1.00013e-007,0.0148052
,,,1.00413e-007,0.0148052
,,,1.00813e-007,0.0148052
,,,1.01213e-007,0.0159101
,,,1.01613e-007,0.016352
,,,1.02013e-007,0.016573
,,,1.02413e-007,0.0172359
,,,1.02813e-007,0.0167939
,,,1.03213e-007,0.0172359
,,,1.03613e-007,0.0178988
,,,1.04013e-007,0.0174569
,,,1.04413e-007,0.016573
,,,1.04813e-007,0.0174569
,,,1.05213e-007,0.0178988
,,,1.05613e-007,0.0172359
,,,1.06013e-007,0.0176778
,,,1.06413e-007,0.0172359
,,,1.06813e-007,0.0178988
,,,1.07213e-007,0.0170149
,,,1.07613e-007,0.0170149
,,,1.08013e-007,0.0174569
,,,1.08413e-007,0.0172359
,,,1.08813e-007,0.0172359
,,,1.09213e-007,0.0178988
,,,1.09613e-007,0.0178988
,,,1.10013e-007,0.0170149
,,,1.10413e-007,0.0172359
,,,1.10813e-007,0.0170149
,,,1.11213e-007,0.0174569
,,,1.11613e-007,0.0181198
,,,1.12013e-007,0.0183408
,,,1.12413e-007,0.0172359
,,,1.12813e-007,0.0176778
,,,1.13213e-007,0.0174569
,,,1.13613e-007,0.0174569
,,,1.14013e-007,0.0185617
,,,1.14413e-007,0.0176778
,,,1.14813e-007,0.0174569
,,,1.15213e-007,0.0183408
,,,1.15613e-007,0.0178988
,,,1.16013e-007,0.0178988
,,,1.16413e-007,0.0176778
,,,1.16813e-007,0.0174569
,,,1.17213e-007,0.0174569
,,,1.17613e-007,0.0167939
,,,1.18013e-007,0.0181198
,,,1.18413e-007,0.0174569
,,,1.18813e-007,0.0178988
,,,1.19213e-007,0.0176778
,,,1.19613e-007,0.0176778
,,,1.20013e-007,0.0183408
,,,1.20413e-007,0.0176778
,,,1.20813e-007,0.0176778
,,,1.21213e-007,0.0183408
,,,1.21613e-007,0.0190037
,,,1.22013e-007,0.0187827
,,,1.22413e-007,0.0187827
,,,1.22813e-007,0.0194456
,,,1.23213e-007,0.0190037
,,,1.23613e-007,0.0194456
,,,1.24013e-007,0.0201085
,,,1.24413e-007,0.0194456
,,,1.24813e-007,0.0207715
,,,1.25213e-007,0.0207715
,,,1.25613e-007,0.0212134
,,,1.26013e-007,0.0209924
,,,1.26413e-007,0.0209924
,,,1.26813e-007,0.0205505
,,,1.27213e-007,0.0205505
,,,1.27613e-007,0.0201085
,,,1.28013e-007,0.0192246
,,,1.28413e-007,0.0203295
,,,1.28813e-007,0.0192246
,,,1.29213e-007,0.0187827
,,,1.29613e-007,0.0185617
,,,1.30013e-007,0.0185617
,,,1.30413e-007,0.0181198
,,,1.30813e-007,0.0183408
,,,1.31213e-007,0.0181198
,,,1.31613e-007,0.0176778
,,,1.32013e-007,0.0181198
,,,1.32413e-007,0.0174569
,,,1.32813e-007,0.0170149
,,,1.33213e-007,0.0167939
,,,1.33613e-007,0.016352
,,,1.34013e-007,0.016131
,,,1.34413e-007,0.016352
,,,1.34813e-007,0.016131
,,,1.35213e-007,0.016352
,,,1.35613e-007,0.0167939
,,,1.36013e-007,0.016573
,,,1.36413e-007,0.016573
,,,1.36813e-007,0.016131
,,,1.37213e-007,0.016573
,,,1.37613e-007,0.016573
,,,1.38013e-007,0.016131
,,,1.38413e-007,0.0167939
,,,1.38813e-007,0.016131
,,,1.39213e-007,0.0154681
,,,1.39613e-007,0.0152471
,,,1.40013e-007,0.016352
,,,1.40413e-007,0.0156891
,,,1.40813e-007,0.0156891
,,,1.41213e-007,0.0159101
,,,1.41613e-007,0.0152471
,,,1.42013e-007,0.0152471
,,,1.42413e-007,0.0154681
,,,1.42813e-007,0.0156891
,,,1.43213e-007,0.0156891
,,,1.43613e-007,0.0154681
,,,1.44013e-007,0.0154681
,,,1.44413e-007,0.0143632
,,,1.44813e-007,0.0150262
,,,1.45213e-007,0.0150262
,,,1.45613e-007,0.0152471
,,,1.46013e-007,0.0154681
,,,1.46413e-007,0.0152471
,,,1.46813e-007,0.0143632
,,,1.47213e-007,0.0145842
,,,1.47613e-007,0.0141423
,,,1.48013e-007,0.0143632
,,,1.48413e-007,0.0145842
,,,1.48813e-007,0.0143632
,,,1.49213e-007,0.0143632
,,,1.49613e-007,0.0143632
,,,1.50013e-007,0.0139213
,,,1.50413e-007,0.0137003
,,,1.50813e-007,0.0137003
,,,1.51213e-007,0.0143632
,,,1.51613e-007,0.0143632
,,,1.52013e-007,0.0148052
,,,1.52413e-007,0.0141423
,,,1.52813e-007,0.0145842
,,,1.53213e-007,0.0137003
,,,1.53613e-007,0.0139213
,,,1.54013e-007,0.0137003
,,,1.54413e-007,0.0130374
,,,1.54813e-007,0.0132584
,,,1.55213e-007,0.0132584
,,,1.55613e-007,0.0125955
,,,1.56013e-007,0.0123745
,,,1.56413e-007,0.0117116
,,,1.56813e-007,0.0117116
,,,1.57213e-007,0.0117116
,,,1.57613e-007,0.0114906
,,,1.58013e-007,0.0114906
,,,1.58413e-007,0.0121535
,,,1.58813e-007,0.0121535
,,,1.59213e-007,0.0121535
,,,1.59613e-007,0.0117116
,,,1.60013e-007,0.0119325
,,,1.60413e-007,0.0121535
,,,1.60813e-007,0.0123745
,,,1.61213e-007,0.0130374
,,,1.61613e-007,0.0123745
,,,1.62013e-007,0.0123745
,,,1.62413e-007,0.0121535
,,,1.62813e-007,0.0123745
,,,1.63213e-007,0.0121535
,,,1.63613e-007,0.0125955
,,,1.64013e-007,0.0123745
,,,1.64413e-007,0.0123745
,,,1.64813e-007,0.0119325
,,,1.65213e-007,0.0121535
,,,1.65613e-007,0.0125955
,,,1.66013e-007,0.0130374
,,,1.66413e-007,0.0121535
,,,1.66813e-007,0.0114906
,,,1.67213e-007,0.0121535
,,,1.67613e-007,0.0130374
,,,1.68013e-007,0.0130374
,,,1.68413e-007,0.0130374
,,,1.68813e-007,0.0128164
,,,1.69213e-007,0.0128164
,,,1.69613e-007,0.0117116
,,,1.70013e-007,0.0121535
,,,1.70413e-007,0.0128164
,,,1.70813e-007,0.0123745
,,,1.71213e-007,0.0119325
,,,1.71613e-007,0.0119325
,,,1.72013e-007,0.0128164
,,,1.72413e-007,0.0121535
,,,1.72813e-007,0.0112696
,,,1.73213e-007,0.0125955
,,,1.73613e-007,0.0119325
,,,1.74013e-007,0.0117116
,,,1.74413e-007,0.0121535
,,,1.74813e-007,0.0125955
,,,1.75213e-007,0.0130374
,,,1.75613e-007,0.0128164
,,,1.76013e-007,0.0125955
,,,1.76413e-007,0.0121535
,,,1.76813e-007,0.0121535
,,,1.77213e-007,0.0121535
,,,1.77613e-007,0.0123745
,,,1.78013e-007,0.0123745
,,,1.78413e-007,0.0130374
,,,1.78813e-007,0.0130374
,,,1.79213e-007,0.0130374
,,,1.79613e-007,0.0123745
,,,1.80013e-007,0.0128164
,,,1.80413e-007,0.0123745
,,,1.80813e-007,0.0123745
,,,1.81213e-007,0.0123745
,,,1.81613e-007,0.0123745
,,,1.82013e-007,0.0119325
,,,1.82413e-007,0.0121535
,,,1.82813e-007,0.0123745
,,,1.83213e-007,0.0130374
,,,1.83613e-007,0.0123745
,,,1.84013e-007,0.0121535
,,,1.84413e-007,0.0121535
,,,1.84813e-007,0.0119325
,,,1.85213e-007,0.0121535
,,,1.85613e-007,0.0121535
,,,1.86013e-007,0.0130374
,,,1.86413e-007,0.0125955
,,,1.86813e-007,0.0125955
,,,1.87213e-007,0.0125955
,,,1.87613e-007,0.0130374
,,,1.88013e-007,0.0130374
,,,1.88413e-007,0.0123745
,,,1.88813e-007,0.0125955
,,,1.89213e-007,0.0130374
,,,1.89613e-007,0.0134794
,,,1.90013e-007,0.0123745
,,,1.90413e-007,0.0128164
,,,1.90813e-007,0.0128164
,,,1.91213e-007,0.0130374
,,,1.91613e-007,0.0137003
,,,1.92013e-007,0.0130374
,,,1.92413e-007,0.0132584
,,,1.92813e-007,0.0134794
,,,1.93213e-007,0.0132584
,,,1.93613e-007,0.0134794
,,,1.94013e-007,0.0139213
,,,1.94413e-007,0.0143632
,,,1.94813e-007,0.0137003
,,,1.95213e-007,0.0128164
,,,1.95613e-007,0.0134794
,,,1.96013e-007,0.0134794
,,,1.96413e-007,0.0134794
,,,1.96813e-007,0.0130374
,,,1.97213e-007,0.0134794
,,,1.97613e-007,0.0132584
,,,1.98013e-007,0.0123745
,,,1.98413e-007,0.0128164
,,,1.98813e-007,0.0130374
,,,1.99213e-007,0.0130374
,,,1.99613e-007,0.0132584
,,,2.00013e-007,0.0134794
,,,2.00413e-007,0.0128164
,,,2.00813e-007,0.0125955
,,,2.01213e-007,0.0125955
,,,2.01613e-007,0.0123745
,,,2.02013e-007,0.0121535
,,,2.02413e-007,0.0128164
,,,2.02813e-007,0.0119325
,,,2.03213e-007,0.0121535
,,,2.03613e-007,0.0114906
,,,2.04013e-007,0.0121535
,,,2.04413e-007,0.0112696
,,,2.04813e-007,0.0110486
,,,2.05213e-007,0.0110486
,,,2.05613e-007,0.0112696
,,,2.06013e-007,0.0108277
,,,2.06413e-007,0.0108277
,,,2.06813e-007,0.0108277
,,,2.07213e-007,0.0103857
,,,2.07613e-007,0.00972281
,,,2.08013e-007,0.00972281
,,,2.08413e-007,0.00928087
,,,2.08813e-007,0.00905989
,,,2.09213e-007,0.00883892
,,,2.09613e-007,0.00883892
,,,2.10013e-007,0.00839697
,,,2.10413e-007,0.008176
,,,2.10813e-007,0.00751308
,,,2.11213e-007,0.00729211
,,,2.11613e-007,0.00707114
,,,2.12013e-007,0.00662919
,,,2.12413e-007,0.00596627
,,,2.12813e-007,0.00618724
,,,2.13213e-007,0.0057453
,,,2.13613e-007,0.00486141
,,,2.14013e-007,0.00419849
,,,2.14413e-007,0.00375654
,,,2.14813e-007,0.00419849
,,,2.15213e-007,0.00464043
,,,2.15613e-007,0.00552432
,,,2.16013e-007,0.00375654
,,,2.16413e-007,0.00375654
,,,2.16813e-007,0.00265168
,,,2.17213e-007,0.00331459
,,,2.17613e-007,0.00265168
,,,2.18013e-007,0.00287265
,,,2.18413e-007,0.00287265
,,,2.18813e-007,0.00287265
,,,2.19213e-007,0.00265168
,,,2.19613e-007,0.00309362
,,,2.20013e-007,0.00154681
,,,2.20413e-007,0.00154681
,,,2.20813e-007,0.000883892
,,,2.21213e-007,0.00198876
,,,2.21613e-007,0.00220973
,,,2.22013e-007,0.000662919
,,,2.22413e-007,0.00132584
,,,2.22813e-007,0.00110486
,,,2.23213e-007,0.00132584
,,,2.23613e-007,0.00132584
,,,2.24013e-007,0.00132584
,,,2.24413e-007,0.00110486
,,,2.24813e-007,0.00154681
,,,2.25213e-007,0.000883892
,,,2.25613e-007,0.000662919
,,,2.26013e-007,0.00110486
,,,2.26413e-007,0.00110486
,,,2.26813e-007,0.000662919
,,,2.27213e-007,0.00198876
,,,2.27613e-007,0.000220973
,,,2.28013e-007,0.00110486
,,,2.28413e-007,0.000883892
,,,2.28813e-007,0.000220973
,,,2.29213e-007,0
,,,2.29613e-007,0.00110486
,,,2.30013e-007,0.000662919
,,,2.30413e-007,0.00110486
,,,2.30813e-007,0.00132584
,,,2.31213e-007,0.000220973
,,,2.31613e-007,0.000883892
,,,2.32013e-007,0.000883892
,,,2.32413e-007,0
,,,2.32813e-007,0.000441946
,,,2.33213e-007,0.000441946
,,,2.33613e-007,0
,,,2.34013e-007,0.000662919
,,,2.34413e-007,0.000441946
,,,2.34813e-007,-0.000220973
,,,2.35213e-007,0
,,,2.35613e-007,-0.000220973
,,,2.36013e-007,0
,,,2.36413e-007,-0.000883892
,,,2.36813e-007,0
,,,2.37213e-007,-0.000662919
,,,2.37613e-007,-0.000883892
,,,2.38013e-007,-0.000220973
,,,2.38413e-007,0
,,,2.38813e-007,-0.000220973
,,,2.39213e-007,-0.000662919
,,,2.39613e-007,-0.000220973
,,,2.40013e-007,0.000220973
,,,2.40413e-007,-0.000883892
,,,2.40813e-007,-0.000883892
,,,2.41213e-007,-0.000662919
,,,2.41613e-007,0.000441946
,,,2.42013e-007,-0.000662919
,,,2.42413e-007,-0.000220973
,,,2.42813e-007,0
,,,2.43213e-007,-0.000220973
,,,2.43613e-007,-0.000662919
,,,2.44013e-007,-0.000441946
,,,2.44413e-007,-0.000441946
,,,2.44813e-007,-0.000883892
,,,2.45213e-007,-0.000883892
,,,2.45613e-007,-0.000662919
,,,2.46013e-007,-0.000220973
,,,2.46413e-007,-0.000441946
,,,2.46813e-007,-0.000441946
,,,2.47213e-007,-0.000220973
,,,2.47613e-007,-0.000220973
,,,2.48013e-007,-0.000220973
,,,2.48413e-007,-0.000441946
,,,2.48813e-007,0.000441946
,,,2.49213e-007,0.000662919
,,,2.49613e-007,0
,,,2.50013e-007,0.000441946
