"Record Length",1252,"Points",-2.50373e-007,-0.000441946
"Sample Interval",4e-010,s,-2.49973e-007,-0.000441946
"Trigger Point",625,"Samples",-2.49573e-007,-0.000441946
"Trigger Time",0.932333,s,-2.49173e-007,0.000441946
,,,-2.48773e-007,0.000220973
"Horizontal Offset",-2.50373e-007,s,-2.48373e-007,0.000441946
,,,-2.47973e-007,-0.000441946
,,,-2.47573e-007,0
,,,-2.47173e-007,0
,,,-2.46773e-007,0
,,,-2.46373e-007,0
,,,-2.45973e-007,0
,,,-2.45573e-007,0.000220973
,,,-2.45173e-007,0
,,,-2.44773e-007,-0.000441946
,,,-2.44373e-007,0
,,,-2.43973e-007,0
,,,-2.43573e-007,0.000441946
,,,-2.43173e-007,0.000220973
,,,-2.42773e-007,-0.000441946
,,,-2.42373e-007,0
,,,-2.41973e-007,0.000441946
,,,-2.41573e-007,0
,,,-2.41173e-007,0.000220973
,,,-2.40773e-007,0.000220973
,,,-2.40373e-007,0.000220973
,,,-2.39973e-007,-0.00110486
,,,-2.39573e-007,0.000220973
,,,-2.39173e-007,0.000220973
,,,-2.38773e-007,0.000662919
,,,-2.38373e-007,-0.000441946
,,,-2.37973e-007,-0.000220973
,,,-2.37573e-007,0
,,,-2.37173e-007,-0.000220973
,,,-2.36773e-007,-0.000883892
,,,-2.36373e-007,0
,,,-2.35973e-007,0.000441946
,,,-2.35573e-007,0.000441946
,,,-2.35173e-007,-0.000662919
,,,-2.34773e-007,0.000220973
,,,-2.34373e-007,-0.000220973
,,,-2.33973e-007,0.000220973
,,,-2.33573e-007,0
,,,-2.33173e-007,0
,,,-2.32773e-007,-0.000220973
,,,-2.32373e-007,-0.000220973
,,,-2.31973e-007,0.000220973
,,,-2.31573e-007,-0.000220973
,,,-2.31173e-007,0.000220973
,,,-2.30773e-007,-0.000441946
,,,-2.30373e-007,0.000441946
,,,-2.29973e-007,0.000662919
,,,-2.29573e-007,0.000220973
,,,-2.29173e-007,-0.000441946
,,,-2.28773e-007,0.000662919
,,,-2.28373e-007,0.000441946
,,,-2.27973e-007,0
,,,-2.27573e-007,0.000662919
,,,-2.27173e-007,0
,,,-2.26773e-007,0
,,,-2.26373e-007,0.000220973
,,,-2.25973e-007,0.000441946
,,,-2.25573e-007,0.000220973
,,,-2.25173e-007,0.000220973
,,,-2.24773e-007,0
,,,-2.24373e-007,0.000220973
,,,-2.23973e-007,0.000441946
,,,-2.23573e-007,0.000220973
,,,-2.23173e-007,-0.000662919
,,,-2.22773e-007,0.000662919
,,,-2.22373e-007,0.000662919
,,,-2.21973e-007,0
,,,-2.21573e-007,0.000441946
,,,-2.21173e-007,-0.000220973
,,,-2.20773e-007,-0.000441946
,,,-2.20373e-007,0.000662919
,,,-2.19973e-007,-0.000220973
,,,-2.19573e-007,0.000662919
,,,-2.19173e-007,0.000883892
,,,-2.18773e-007,0.000220973
,,,-2.18373e-007,0
,,,-2.17973e-007,0.000883892
,,,-2.17573e-007,0.000220973
,,,-2.17173e-007,-0.000220973
,,,-2.16773e-007,-0.000220973
,,,-2.16373e-007,0.000220973
,,,-2.15973e-007,-0.000220973
,,,-2.15573e-007,0
,,,-2.15173e-007,-0.000220973
,,,-2.14773e-007,-0.000441946
,,,-2.14373e-007,0.000441946
,,,-2.13973e-007,-0.000662919
,,,-2.13573e-007,-0.000220973
,,,-2.13173e-007,0.000220973
,,,-2.12773e-007,-0.000220973
,,,-2.12373e-007,-0.000662919
,,,-2.11973e-007,-0.000662919
,,,-2.11573e-007,-0.000441946
,,,-2.11173e-007,0.000220973
,,,-2.10773e-007,0.000220973
,,,-2.10373e-007,-0.000220973
,,,-2.09973e-007,0.000220973
,,,-2.09573e-007,0
,,,-2.09173e-007,-0.000441946
,,,-2.08773e-007,0.000220973
,,,-2.08373e-007,0.000220973
,,,-2.07973e-007,0
,,,-2.07573e-007,0.000441946
,,,-2.07173e-007,-0.000220973
,,,-2.06773e-007,-0.000220973
,,,-2.06373e-007,0
,,,-2.05973e-007,-0.000662919
,,,-2.05573e-007,-0.000662919
,,,-2.05173e-007,-0.000441946
,,,-2.04773e-007,-0.000220973
,,,-2.04373e-007,0.000220973
,,,-2.03973e-007,0
,,,-2.03573e-007,0
,,,-2.03173e-007,0
,,,-2.02773e-007,0
,,,-2.02373e-007,0.000220973
,,,-2.01973e-007,0.000441946
,,,-2.01573e-007,0.000220973
,,,-2.01173e-007,0
,,,-2.00773e-007,0
,,,-2.00373e-007,0.000662919
,,,-1.99973e-007,0.000220973
,,,-1.99573e-007,0.000220973
,,,-1.99173e-007,-0.000662919
,,,-1.98773e-007,0
,,,-1.98373e-007,0.000220973
,,,-1.97973e-007,0.000220973
,,,-1.97573e-007,0.000220973
,,,-1.97173e-007,-0.000220973
,,,-1.96773e-007,-0.000220973
,,,-1.96373e-007,-0.000220973
,,,-1.95973e-007,0
,,,-1.95573e-007,0.000220973
,,,-1.95173e-007,0.000220973
,,,-1.94773e-007,0.000220973
,,,-1.94373e-007,-0.00110486
,,,-1.93973e-007,0.00132584
,,,-1.93573e-007,-0.000220973
,,,-1.93173e-007,0.000662919
,,,-1.92773e-007,0.000220973
,,,-1.92373e-007,-0.000220973
,,,-1.91973e-007,-0.000883892
,,,-1.91573e-007,-0.000220973
,,,-1.91173e-007,-0.000441946
,,,-1.90773e-007,0.000441946
,,,-1.90373e-007,0.000220973
,,,-1.89973e-007,0.000441946
,,,-1.89573e-007,0.000220973
,,,-1.89173e-007,0
,,,-1.88773e-007,-0.000220973
,,,-1.88373e-007,0.000220973
,,,-1.87973e-007,0.000662919
,,,-1.87573e-007,0
,,,-1.87173e-007,0.000883892
,,,-1.86773e-007,0
,,,-1.86373e-007,-0.000441946
,,,-1.85973e-007,-0.000441946
,,,-1.85573e-007,0
,,,-1.85173e-007,0
,,,-1.84773e-007,0
,,,-1.84373e-007,0.000220973
,,,-1.83973e-007,0.000220973
,,,-1.83573e-007,0.000220973
,,,-1.83173e-007,0
,,,-1.82773e-007,-0.000441946
,,,-1.82373e-007,-0.000220973
,,,-1.81973e-007,-0.000220973
,,,-1.81573e-007,-0.000441946
,,,-1.81173e-007,-0.000220973
,,,-1.80773e-007,-0.000441946
,,,-1.80373e-007,0
,,,-1.79973e-007,0
,,,-1.79573e-007,0.000220973
,,,-1.79173e-007,0
,,,-1.78773e-007,-0.000220973
,,,-1.78373e-007,0.000441946
,,,-1.77973e-007,0
,,,-1.77573e-007,0.000220973
,,,-1.77173e-007,0
,,,-1.76773e-007,-0.000220973
,,,-1.76373e-007,0
,,,-1.75973e-007,-0.000441946
,,,-1.75573e-007,0
,,,-1.75173e-007,0.000441946
,,,-1.74773e-007,0.000441946
,,,-1.74373e-007,-0.000441946
,,,-1.73973e-007,-0.000441946
,,,-1.73573e-007,0.000220973
,,,-1.73173e-007,0.000220973
,,,-1.72773e-007,0
,,,-1.72373e-007,0
,,,-1.71973e-007,0.000662919
,,,-1.71573e-007,0
,,,-1.71173e-007,0.000662919
,,,-1.70773e-007,-0.000883892
,,,-1.70373e-007,0
,,,-1.69973e-007,0.000441946
,,,-1.69573e-007,0
,,,-1.69173e-007,-0.000220973
,,,-1.68773e-007,0.000220973
,,,-1.68373e-007,0.000220973
,,,-1.67973e-007,-0.000441946
,,,-1.67573e-007,0.000662919
,,,-1.67173e-007,0.000220973
,,,-1.66773e-007,-0.000441946
,,,-1.66373e-007,0.000220973
,,,-1.65973e-007,-0.000883892
,,,-1.65573e-007,-0.000662919
,,,-1.65173e-007,-0.000662919
,,,-1.64773e-007,0.000220973
,,,-1.64373e-007,0.000441946
,,,-1.63973e-007,-0.000441946
,,,-1.63573e-007,0
,,,-1.63173e-007,-0.000441946
,,,-1.62773e-007,0.000662919
,,,-1.62373e-007,-0.000441946
,,,-1.61973e-007,0.000220973
,,,-1.61573e-007,0
,,,-1.61173e-007,0.000662919
,,,-1.60773e-007,0.000441946
,,,-1.60373e-007,-0.000220973
,,,-1.59973e-007,0
,,,-1.59573e-007,0
,,,-1.59173e-007,-0.000662919
,,,-1.58773e-007,-0.000220973
,,,-1.58373e-007,0
,,,-1.57973e-007,0
,,,-1.57573e-007,0.000220973
,,,-1.57173e-007,-0.000220973
,,,-1.56773e-007,0.000220973
,,,-1.56373e-007,-0.000220973
,,,-1.55973e-007,0
,,,-1.55573e-007,0
,,,-1.55173e-007,-0.000220973
,,,-1.54773e-007,0
,,,-1.54373e-007,-0.000441946
,,,-1.53973e-007,-0.000662919
,,,-1.53573e-007,-0.000220973
,,,-1.53173e-007,0.000441946
,,,-1.52773e-007,0.000441946
,,,-1.52373e-007,0
,,,-1.51973e-007,0.00110486
,,,-1.51573e-007,-0.000662919
,,,-1.51173e-007,-0.000662919
,,,-1.50773e-007,0
,,,-1.50373e-007,0.000220973
,,,-1.49973e-007,0.000220973
,,,-1.49573e-007,0.000883892
,,,-1.49173e-007,0
,,,-1.48773e-007,0
,,,-1.48373e-007,0
,,,-1.47973e-007,0.000220973
,,,-1.47573e-007,0.000220973
,,,-1.47173e-007,0.000220973
,,,-1.46773e-007,-0.000441946
,,,-1.46373e-007,-0.000220973
,,,-1.45973e-007,0.000883892
,,,-1.45573e-007,0.000220973
,,,-1.45173e-007,0
,,,-1.44773e-007,-0.000220973
,,,-1.44373e-007,0
,,,-1.43973e-007,-0.000220973
,,,-1.43573e-007,0.000441946
,,,-1.43173e-007,0
,,,-1.42773e-007,0.000441946
,,,-1.42373e-007,0
,,,-1.41973e-007,-0.000441946
,,,-1.41573e-007,0.000220973
,,,-1.41173e-007,0.000883892
,,,-1.40773e-007,-0.000441946
,,,-1.40373e-007,-0.000441946
,,,-1.39973e-007,0
,,,-1.39573e-007,0.000662919
,,,-1.39173e-007,0
,,,-1.38773e-007,0.000220973
,,,-1.38373e-007,-0.000662919
,,,-1.37973e-007,0.000441946
,,,-1.37573e-007,0.000220973
,,,-1.37173e-007,0.000441946
,,,-1.36773e-007,0.000662919
,,,-1.36373e-007,-0.000220973
,,,-1.35973e-007,0
,,,-1.35573e-007,0
,,,-1.35173e-007,0
,,,-1.34773e-007,0
,,,-1.34373e-007,-0.000441946
,,,-1.33973e-007,-0.000441946
,,,-1.33573e-007,0.000220973
,,,-1.33173e-007,-0.000220973
,,,-1.32773e-007,0.000220973
,,,-1.32373e-007,0
,,,-1.31973e-007,-0.000441946
,,,-1.31573e-007,0
,,,-1.31173e-007,0.000220973
,,,-1.30773e-007,0.000220973
,,,-1.30373e-007,-0.000220973
,,,-1.29973e-007,0.000220973
,,,-1.29573e-007,0
,,,-1.29173e-007,0.000662919
,,,-1.28773e-007,0.000220973
,,,-1.28373e-007,0.000662919
,,,-1.27973e-007,0.000662919
,,,-1.27573e-007,0.000883892
,,,-1.27173e-007,-0.000441946
,,,-1.26773e-007,-0.000441946
,,,-1.26373e-007,-0.000441946
,,,-1.25973e-007,0.000220973
,,,-1.25573e-007,0.000220973
,,,-1.25173e-007,0
,,,-1.24773e-007,-0.000220973
,,,-1.24373e-007,0
,,,-1.23973e-007,-0.000662919
,,,-1.23573e-007,0
,,,-1.23173e-007,0.000220973
,,,-1.22773e-007,0
,,,-1.22373e-007,-0.000441946
,,,-1.21973e-007,0.000662919
,,,-1.21573e-007,0.000220973
,,,-1.21173e-007,0.000441946
,,,-1.20773e-007,-0.000441946
,,,-1.20373e-007,-0.000220973
,,,-1.19973e-007,0
,,,-1.19573e-007,0.000662919
,,,-1.19173e-007,0
,,,-1.18773e-007,0
,,,-1.18373e-007,-0.000441946
,,,-1.17973e-007,0
,,,-1.17573e-007,0.000441946
,,,-1.17173e-007,0.000441946
,,,-1.16773e-007,0.000220973
,,,-1.16373e-007,-0.000662919
,,,-1.15973e-007,0
,,,-1.15573e-007,0
,,,-1.15173e-007,0.000441946
,,,-1.14773e-007,0.000662919
,,,-1.14373e-007,0.000441946
,,,-1.13973e-007,0.000441946
,,,-1.13573e-007,0
,,,-1.13173e-007,-0.000441946
,,,-1.12773e-007,0.000441946
,,,-1.12373e-007,0.000441946
,,,-1.11973e-007,0
,,,-1.11573e-007,0.000441946
,,,-1.11173e-007,0
,,,-1.10773e-007,0
,,,-1.10373e-007,0.000441946
,,,-1.09973e-007,-0.000220973
,,,-1.09573e-007,-0.000662919
,,,-1.09173e-007,-0.000441946
,,,-1.08773e-007,-0.000220973
,,,-1.08373e-007,0
,,,-1.07973e-007,0.000441946
,,,-1.07573e-007,0.000220973
,,,-1.07173e-007,0.000220973
,,,-1.06773e-007,0.000220973
,,,-1.06373e-007,0.000220973
,,,-1.05973e-007,0
,,,-1.05573e-007,0.000441946
,,,-1.05173e-007,0.000662919
,,,-1.04773e-007,0.000662919
,,,-1.04373e-007,0.000441946
,,,-1.03973e-007,-0.000441946
,,,-1.03573e-007,0.000220973
,,,-1.03173e-007,-0.000441946
,,,-1.02773e-007,-0.000220973
,,,-1.02373e-007,-0.000220973
,,,-1.01973e-007,-0.000220973
,,,-1.01573e-007,-0.000220973
,,,-1.01173e-007,-0.000220973
,,,-1.00773e-007,0
,,,-1.00373e-007,0.000220973
,,,-9.99729e-008,-0.000220973
,,,-9.95729e-008,0
,,,-9.91729e-008,-0.000662919
,,,-9.87729e-008,-0.000441946
,,,-9.83729e-008,0
,,,-9.79729e-008,0.000662919
,,,-9.75729e-008,-0.000220973
,,,-9.71729e-008,-0.000662919
,,,-9.67729e-008,0.000220973
,,,-9.63729e-008,0.000220973
,,,-9.59729e-008,0
,,,-9.55729e-008,-0.000220973
,,,-9.51729e-008,-0.000441946
,,,-9.47729e-008,0.000441946
,,,-9.43729e-008,0.000220973
,,,-9.39729e-008,0.000220973
,,,-9.35729e-008,0.000441946
,,,-9.31729e-008,0
,,,-9.27729e-008,0.000662919
,,,-9.23729e-008,0.000441946
,,,-9.19729e-008,0
,,,-9.15729e-008,-0.000220973
,,,-9.11729e-008,0.000220973
,,,-9.07729e-008,-0.000662919
,,,-9.03729e-008,-0.000441946
,,,-8.99729e-008,0
,,,-8.95729e-008,0.000220973
,,,-8.91729e-008,0.000220973
,,,-8.87729e-008,0.000220973
,,,-8.83729e-008,-0.000220973
,,,-8.79729e-008,0.000220973
,,,-8.75729e-008,0.000220973
,,,-8.71729e-008,0.000662919
,,,-8.67729e-008,-0.000441946
,,,-8.63729e-008,0.000220973
,,,-8.59729e-008,0.000662919
,,,-8.55729e-008,0.000441946
,,,-8.51729e-008,0.000220973
,,,-8.47729e-008,0.000441946
,,,-8.43729e-008,-0.000662919
,,,-8.39729e-008,0
,,,-8.35729e-008,0.000220973
,,,-8.31729e-008,0.000220973
,,,-8.27729e-008,0.000220973
,,,-8.23729e-008,0
,,,-8.19729e-008,0
,,,-8.15729e-008,0.000662919
,,,-8.11729e-008,0.000220973
,,,-8.07729e-008,-0.000441946
,,,-8.03729e-008,0
,,,-7.99729e-008,0
,,,-7.95729e-008,0.000662919
,,,-7.91729e-008,0.000220973
,,,-7.87729e-008,0.000662919
,,,-7.83729e-008,0
,,,-7.79729e-008,0
,,,-7.75729e-008,-0.000883892
,,,-7.71729e-008,-0.000220973
,,,-7.67729e-008,-0.000883892
,,,-7.63729e-008,0
,,,-7.59729e-008,0.000441946
,,,-7.55729e-008,0.000220973
,,,-7.51729e-008,0.000662919
,,,-7.47729e-008,0
,,,-7.43729e-008,0.000220973
,,,-7.39729e-008,0.000662919
,,,-7.35729e-008,0
,,,-7.31729e-008,0.000220973
,,,-7.27729e-008,0.00110486
,,,-7.23729e-008,0.00110486
,,,-7.19729e-008,0.000441946
,,,-7.15729e-008,-0.000220973
,,,-7.11729e-008,-0.000220973
,,,-7.07729e-008,0
,,,-7.03729e-008,0.000441946
,,,-6.99729e-008,-0.000441946
,,,-6.95729e-008,0.000441946
,,,-6.91729e-008,0.000220973
,,,-6.87729e-008,-0.000441946
,,,-6.83729e-008,0.000220973
,,,-6.79729e-008,0.000883892
,,,-6.75729e-008,0.000220973
,,,-6.71729e-008,0.000220973
,,,-6.67729e-008,0.000662919
,,,-6.63729e-008,-0.000441946
,,,-6.59729e-008,0.000441946
,,,-6.55729e-008,-0.000441946
,,,-6.51729e-008,0
,,,-6.47729e-008,-0.000220973
,,,-6.43729e-008,0.000662919
,,,-6.39729e-008,0
,,,-6.35729e-008,0.000441946
,,,-6.31729e-008,0.000220973
,,,-6.27729e-008,0.000220973
,,,-6.23729e-008,-0.000220973
,,,-6.19729e-008,-0.000220973
,,,-6.15729e-008,0
,,,-6.11729e-008,0
,,,-6.07729e-008,0.000883892
,,,-6.03729e-008,0.000220973
,,,-5.99729e-008,-0.000220973
,,,-5.95729e-008,0.000662919
,,,-5.91729e-008,0.000441946
,,,-5.87729e-008,0.000220973
,,,-5.83729e-008,0
,,,-5.79729e-008,0.000662919
,,,-5.75729e-008,0.000441946
,,,-5.71729e-008,0
,,,-5.67729e-008,0
,,,-5.63729e-008,-0.000220973
,,,-5.59729e-008,0.000662919
,,,-5.55729e-008,0.000220973
,,,-5.51729e-008,0
,,,-5.47729e-008,-0.000220973
,,,-5.43729e-008,-0.000441946
,,,-5.39729e-008,0
,,,-5.35729e-008,0.000883892
,,,-5.31729e-008,0
,,,-5.27729e-008,0
,,,-5.23729e-008,0.000441946
,,,-5.19729e-008,-0.000220973
,,,-5.15729e-008,0
,,,-5.11729e-008,0.000883892
,,,-5.07729e-008,0.000220973
,,,-5.03729e-008,0.000662919
,,,-4.99729e-008,0.000441946
,,,-4.95729e-008,0.000662919
,,,-4.91729e-008,0.000220973
,,,-4.87729e-008,0.000220973
,,,-4.83729e-008,0
,,,-4.79729e-008,0.000220973
,,,-4.75729e-008,0.000662919
,,,-4.71729e-008,0.000220973
,,,-4.67729e-008,0.000220973
,,,-4.63729e-008,-0.000662919
,,,-4.59729e-008,-0.000662919
,,,-4.55729e-008,-0.000441946
,,,-4.51729e-008,-0.000220973
,,,-4.47729e-008,-0.000220973
,,,-4.43729e-008,0
,,,-4.39729e-008,0.000441946
,,,-4.35729e-008,0.000220973
,,,-4.31729e-008,0.000441946
,,,-4.27729e-008,0.000220973
,,,-4.23729e-008,0
,,,-4.19729e-008,-0.000220973
,,,-4.15729e-008,-0.000220973
,,,-4.11729e-008,-0.000220973
,,,-4.07729e-008,0.000662919
,,,-4.03729e-008,0.000662919
,,,-3.99729e-008,0.000220973
,,,-3.95729e-008,0.000220973
,,,-3.91729e-008,-0.000441946
,,,-3.87729e-008,-0.000441946
,,,-3.83729e-008,0.000441946
,,,-3.79729e-008,-0.000220973
,,,-3.75729e-008,0
,,,-3.71729e-008,-0.000220973
,,,-3.67729e-008,0
,,,-3.63729e-008,0.000662919
,,,-3.59729e-008,0.000441946
,,,-3.55729e-008,0.000883892
,,,-3.51729e-008,0.000662919
,,,-3.47729e-008,0.000220973
,,,-3.43729e-008,0.000220973
,,,-3.39729e-008,0.000220973
,,,-3.35729e-008,-0.000662919
,,,-3.31729e-008,0.000220973
,,,-3.27729e-008,0.000220973
,,,-3.23729e-008,0
,,,-3.19729e-008,0.000441946
,,,-3.15729e-008,0.000441946
,,,-3.11729e-008,-0.000662919
,,,-3.07729e-008,0.000220973
,,,-3.03729e-008,0.000441946
,,,-2.99729e-008,0.000662919
,,,-2.95729e-008,-0.000441946
,,,-2.91729e-008,-0.000220973
,,,-2.87729e-008,-0.000220973
,,,-2.83729e-008,-0.000220973
,,,-2.79729e-008,0.000220973
,,,-2.75729e-008,0.000441946
,,,-2.71729e-008,0.000883892
,,,-2.67729e-008,0
,,,-2.63729e-008,0.000220973
,,,-2.59729e-008,0.000662919
,,,-2.55729e-008,-0.000220973
,,,-2.51729e-008,0.000220973
,,,-2.47729e-008,0.000883892
,,,-2.43729e-008,0.000441946
,,,-2.39729e-008,0.000662919
,,,-2.35729e-008,0.000441946
,,,-2.31729e-008,-0.000220973
,,,-2.27729e-008,0.000441946
,,,-2.23729e-008,0
,,,-2.19729e-008,-0.000662919
,,,-2.15729e-008,-0.000441946
,,,-2.11729e-008,0
,,,-2.07729e-008,-0.000883892
,,,-2.03729e-008,-0.000441946
,,,-1.99729e-008,-0.000220973
,,,-1.95729e-008,0.000220973
,,,-1.91729e-008,0
,,,-1.87729e-008,0.000441946
,,,-1.83729e-008,0
,,,-1.79729e-008,0.000662919
,,,-1.75729e-008,-0.000220973
,,,-1.71729e-008,0.000441946
,,,-1.67729e-008,0.000220973
,,,-1.63729e-008,0.000441946
,,,-1.59729e-008,-0.000441946
,,,-1.55729e-008,-0.000441946
,,,-1.51729e-008,0.000662919
,,,-1.47729e-008,0.000220973
,,,-1.43729e-008,0.000441946
,,,-1.39729e-008,0
,,,-1.35729e-008,0
,,,-1.31729e-008,-0.000220973
,,,-1.27729e-008,-0.000441946
,,,-1.23729e-008,0
,,,-1.19729e-008,0.000220973
,,,-1.15729e-008,0.000441946
,,,-1.11729e-008,0
,,,-1.07729e-008,0.000441946
,,,-1.03729e-008,0.000441946
,,,-9.97293e-009,0
,,,-9.57293e-009,0
,,,-9.17293e-009,0.000220973
,,,-8.77293e-009,0
,,,-8.37293e-009,0.000662919
,,,-7.97293e-009,0.000441946
,,,-7.57293e-009,0
,,,-7.17293e-009,-0.000441946
,,,-6.77293e-009,0.000441946
,,,-6.37293e-009,0.000662919
,,,-5.97293e-009,0.000220973
,,,-5.57293e-009,0.000441946
,,,-5.17293e-009,-0.000441946
,,,-4.77293e-009,-0.000441946
,,,-4.37293e-009,0
,,,-3.97293e-009,-0.000220973
,,,-3.57293e-009,0.000220973
,,,-3.17293e-009,0.000441946
,,,-2.77293e-009,0
,,,-2.37293e-009,0
,,,-1.97293e-009,-0.000220973
,,,-1.57293e-009,-0.000883892
,,,-1.17293e-009,0
,,,-7.72933e-010,0
,,,-3.72933e-010,0.000441946
,,,2.70668e-011,0.000220973
,,,4.27067e-010,0.000883892
,,,8.27067e-010,-0.000441946
,,,1.22707e-009,0.000220973
,,,1.62707e-009,0
,,,2.02707e-009,0
,,,2.42707e-009,0
,,,2.82707e-009,-0.000662919
,,,3.22707e-009,-0.000441946
,,,3.62707e-009,0
,,,4.02707e-009,0.000220973
,,,4.42707e-009,0
,,,4.82707e-009,0
,,,5.22707e-009,0.000662919
,,,5.62707e-009,0.000441946
,,,6.02707e-009,0.000220973
,,,6.42707e-009,0
,,,6.82707e-009,-0.000220973
,,,7.22707e-009,0.000441946
,,,7.62707e-009,0
,,,8.02707e-009,0
,,,8.42707e-009,0.000220973
,,,8.82707e-009,-0.000220973
,,,9.22707e-009,-0.000662919
,,,9.62707e-009,0.000441946
,,,1.00271e-008,0.000220973
,,,1.04271e-008,-0.000662919
,,,1.08271e-008,-0.000220973
,,,1.12271e-008,0.000220973
,,,1.16271e-008,0.000441946
,,,1.20271e-008,0
,,,1.24271e-008,0.00110486
,,,1.28271e-008,-0.000220973
,,,1.32271e-008,0
,,,1.36271e-008,0.000662919
,,,1.40271e-008,0.000662919
,,,1.44271e-008,0.000220973
,,,1.48271e-008,0.000883892
,,,1.52271e-008,0.000220973
,,,1.56271e-008,0.000220973
,,,1.60271e-008,0.000441946
,,,1.64271e-008,0.000441946
,,,1.68271e-008,0.000662919
,,,1.72271e-008,0.000883892
,,,1.76271e-008,-0.000441946
,,,1.80271e-008,-0.000441946
,,,1.84271e-008,-0.000220973
,,,1.88271e-008,0
,,,1.92271e-008,-0.000662919
,,,1.96271e-008,-0.000220973
,,,2.00271e-008,-0.000220973
,,,2.04271e-008,-0.000220973
,,,2.08271e-008,0
,,,2.12271e-008,-0.000441946
,,,2.16271e-008,0
,,,2.20271e-008,0.00110486
,,,2.24271e-008,0
,,,2.28271e-008,0.000220973
,,,2.32271e-008,0.000441946
,,,2.36271e-008,0.000220973
,,,2.40271e-008,0.000220973
,,,2.44271e-008,-0.000220973
,,,2.48271e-008,-0.000441946
,,,2.52271e-008,0
,,,2.56271e-008,-0.000220973
,,,2.60271e-008,-0.000220973
,,,2.64271e-008,-0.000220973
,,,2.68271e-008,-0.000220973
,,,2.72271e-008,-0.000441946
,,,2.76271e-008,0.000220973
,,,2.80271e-008,0
,,,2.84271e-008,0.000220973
,,,2.88271e-008,0.000220973
,,,2.92271e-008,0.000662919
,,,2.96271e-008,0.000220973
,,,3.00271e-008,0.000662919
,,,3.04271e-008,0.000220973
,,,3.08271e-008,0.000441946
,,,3.12271e-008,0
,,,3.16271e-008,0.000662919
,,,3.20271e-008,-0.000220973
,,,3.24271e-008,0.000220973
,,,3.28271e-008,0
,,,3.32271e-008,0.000441946
,,,3.36271e-008,0
,,,3.40271e-008,0.000220973
,,,3.44271e-008,0.000220973
,,,3.48271e-008,0.000441946
,,,3.52271e-008,0.000883892
,,,3.56271e-008,0
,,,3.60271e-008,0.000220973
,,,3.64271e-008,-0.000220973
,,,3.68271e-008,-0.000220973
,,,3.72271e-008,-0.000441946
,,,3.76271e-008,0.000220973
,,,3.80271e-008,0.000441946
,,,3.84271e-008,0.000441946
,,,3.88271e-008,-0.000220973
,,,3.92271e-008,0.000220973
,,,3.96271e-008,-0.000220973
,,,4.00271e-008,0.000220973
,,,4.04271e-008,0.000220973
,,,4.08271e-008,0.000220973
,,,4.12271e-008,0.000441946
,,,4.16271e-008,-0.000441946
,,,4.20271e-008,-0.000441946
,,,4.24271e-008,0
,,,4.28271e-008,0.000220973
,,,4.32271e-008,-0.000220973
,,,4.36271e-008,-0.000441946
,,,4.40271e-008,-0.000662919
,,,4.44271e-008,0
,,,4.48271e-008,0.000441946
,,,4.52271e-008,0.000220973
,,,4.56271e-008,0.000220973
,,,4.60271e-008,0
,,,4.64271e-008,0
,,,4.68271e-008,0
,,,4.72271e-008,0.000662919
,,,4.76271e-008,0.000441946
,,,4.80271e-008,0
,,,4.84271e-008,0.000662919
,,,4.88271e-008,0
,,,4.92271e-008,0
,,,4.96271e-008,0.00110486
,,,5.00271e-008,0
,,,5.04271e-008,-0.000220973
,,,5.08271e-008,-0.000220973
,,,5.12271e-008,-0.000441946
,,,5.16271e-008,0
,,,5.20271e-008,-0.000441946
,,,5.24271e-008,0.000220973
,,,5.28271e-008,0
,,,5.32271e-008,0.000220973
,,,5.36271e-008,0.000220973
,,,5.40271e-008,0.000441946
,,,5.44271e-008,0.000441946
,,,5.48271e-008,-0.000220973
,,,5.52271e-008,0
,,,5.56271e-008,0.000441946
,,,5.60271e-008,-0.000220973
,,,5.64271e-008,0.000441946
,,,5.68271e-008,0.000220973
,,,5.72271e-008,0.000220973
,,,5.76271e-008,0
,,,5.80271e-008,0
,,,5.84271e-008,-0.000220973
,,,5.88271e-008,0.000220973
,,,5.92271e-008,-0.000662919
,,,5.96271e-008,0.000220973
,,,6.00271e-008,0.000220973
,,,6.04271e-008,0.000883892
,,,6.08271e-008,-0.000441946
,,,6.12271e-008,0
,,,6.16271e-008,-0.000441946
,,,6.20271e-008,0.000441946
,,,6.24271e-008,0
,,,6.28271e-008,0.000441946
,,,6.32271e-008,-0.000441946
,,,6.36271e-008,0
,,,6.40271e-008,0.000662919
,,,6.44271e-008,0.000441946
,,,6.48271e-008,-0.000441946
,,,6.52271e-008,0.000441946
,,,6.56271e-008,0.000441946
,,,6.60271e-008,-0.000220973
,,,6.64271e-008,-0.000441946
,,,6.68271e-008,-0.000220973
,,,6.72271e-008,0.000441946
,,,6.76271e-008,0.000662919
,,,6.80271e-008,0.000441946
,,,6.84271e-008,0.000662919
,,,6.88271e-008,0.000662919
,,,6.92271e-008,-0.000220973
,,,6.96271e-008,-0.000220973
,,,7.00271e-008,0.000220973
,,,7.04271e-008,0.000220973
,,,7.08271e-008,0.000441946
,,,7.12271e-008,0
,,,7.16271e-008,0
,,,7.20271e-008,0.000883892
,,,7.24271e-008,0.000220973
,,,7.28271e-008,0
,,,7.32271e-008,0
,,,7.36271e-008,0
,,,7.40271e-008,-0.000220973
,,,7.44271e-008,-0.000220973
,,,7.48271e-008,0
,,,7.52271e-008,-0.000220973
,,,7.56271e-008,-0.000220973
,,,7.60271e-008,-0.000220973
,,,7.64271e-008,0.000441946
,,,7.68271e-008,-0.000220973
,,,7.72271e-008,0.000220973
,,,7.76271e-008,-0.000220973
,,,7.80271e-008,0.000220973
,,,7.84271e-008,0.000662919
,,,7.88271e-008,0
,,,7.92271e-008,0.000441946
,,,7.96271e-008,0.000220973
,,,8.00271e-008,0
,,,8.04271e-008,0
,,,8.08271e-008,0.000883892
,,,8.12271e-008,0.000662919
,,,8.16271e-008,0.000220973
,,,8.20271e-008,0.000220973
,,,8.24271e-008,0.000220973
,,,8.28271e-008,-0.000220973
,,,8.32271e-008,-0.000662919
,,,8.36271e-008,0.000441946
,,,8.40271e-008,0
,,,8.44271e-008,0.000441946
,,,8.48271e-008,0.000220973
,,,8.52271e-008,0.000441946
,,,8.56271e-008,0.000441946
,,,8.60271e-008,0
,,,8.64271e-008,0
,,,8.68271e-008,0.000662919
,,,8.72271e-008,0.000220973
,,,8.76271e-008,-0.000441946
,,,8.80271e-008,0.000441946
,,,8.84271e-008,0.000220973
,,,8.88271e-008,0.000220973
,,,8.92271e-008,0.000883892
,,,8.96271e-008,-0.000441946
,,,9.00271e-008,-0.000220973
,,,9.04271e-008,0.000441946
,,,9.08271e-008,0.000662919
,,,9.12271e-008,0.000441946
,,,9.16271e-008,0.000220973
,,,9.20271e-008,0
,,,9.24271e-008,0.000441946
,,,9.28271e-008,0.000883892
,,,9.32271e-008,0.000883892
,,,9.36271e-008,0.000662919
,,,9.40271e-008,0.00198876
,,,9.44271e-008,0.00132584
,,,9.48271e-008,0.0024307
,,,9.52271e-008,0.00375654
,,,9.56271e-008,0.00353557
,,,9.60271e-008,0.00419849
,,,9.64271e-008,0.00662919
,,,9.68271e-008,0.00729211
,,,9.72271e-008,0.00839697
,,,9.76271e-008,0.00905989
,,,9.80271e-008,0.0108277
,,,9.84271e-008,0.0114906
,,,9.88271e-008,0.0130374
,,,9.92271e-008,0.0137003
,,,9.96271e-008,0.0143632
,,,1.00027e-007,0.0145842
,,,1.00427e-007,0.0148052
,,,1.00827e-007,0.0154681
,,,1.01227e-007,0.0156891
,,,1.01627e-007,0.016352
,,,1.02027e-007,0.0170149
,,,1.02427e-007,0.0172359
,,,1.02827e-007,0.016352
,,,1.03227e-007,0.0172359
,,,1.03627e-007,0.0172359
,,,1.04027e-007,0.0176778
,,,1.04427e-007,0.0174569
,,,1.04827e-007,0.0167939
,,,1.05227e-007,0.0170149
,,,1.05627e-007,0.0174569
,,,1.06027e-007,0.0170149
,,,1.06427e-007,0.0172359
,,,1.06827e-007,0.0172359
,,,1.07227e-007,0.016573
,,,1.07627e-007,0.0172359
,,,1.08027e-007,0.0172359
,,,1.08427e-007,0.0174569
,,,1.08827e-007,0.0174569
,,,1.09227e-007,0.0176778
,,,1.09627e-007,0.0176778
,,,1.10027e-007,0.0176778
,,,1.10427e-007,0.0174569
,,,1.10827e-007,0.0176778
,,,1.11227e-007,0.0176778
,,,1.11627e-007,0.0178988
,,,1.12027e-007,0.0174569
,,,1.12427e-007,0.0178988
,,,1.12827e-007,0.0174569
,,,1.13227e-007,0.0183408
,,,1.13627e-007,0.0181198
,,,1.14027e-007,0.0178988
,,,1.14427e-007,0.0181198
,,,1.14827e-007,0.0176778
,,,1.15227e-007,0.0183408
,,,1.15627e-007,0.0178988
,,,1.16027e-007,0.0176778
,,,1.16427e-007,0.0167939
,,,1.16827e-007,0.0178988
,,,1.17227e-007,0.0176778
,,,1.17627e-007,0.0185617
,,,1.18027e-007,0.0181198
,,,1.18427e-007,0.0174569
,,,1.18827e-007,0.0176778
,,,1.19227e-007,0.0178988
,,,1.19627e-007,0.0178988
,,,1.20027e-007,0.0178988
,,,1.20427e-007,0.0187827
,,,1.20827e-007,0.0181198
,,,1.21227e-007,0.0178988
,,,1.21627e-007,0.0178988
,,,1.22027e-007,0.0181198
,,,1.22427e-007,0.0185617
,,,1.22827e-007,0.0185617
,,,1.23227e-007,0.0185617
,,,1.23627e-007,0.0192246
,,,1.24027e-007,0.0205505
,,,1.24427e-007,0.0201085
,,,1.24827e-007,0.0198876
,,,1.25227e-007,0.0201085
,,,1.25627e-007,0.0201085
,,,1.26027e-007,0.0212134
,,,1.26427e-007,0.0212134
,,,1.26827e-007,0.0214344
,,,1.27227e-007,0.0209924
,,,1.27627e-007,0.0205505
,,,1.28027e-007,0.0207715
,,,1.28427e-007,0.0201085
,,,1.28827e-007,0.0194456
,,,1.29227e-007,0.0183408
,,,1.29627e-007,0.0190037
,,,1.30027e-007,0.0185617
,,,1.30427e-007,0.0181198
,,,1.30827e-007,0.0178988
,,,1.31227e-007,0.0178988
,,,1.31627e-007,0.0176778
,,,1.32027e-007,0.0176778
,,,1.32427e-007,0.0174569
,,,1.32827e-007,0.0170149
,,,1.33227e-007,0.0170149
,,,1.33627e-007,0.0170149
,,,1.34027e-007,0.0174569
,,,1.34427e-007,0.016352
,,,1.34827e-007,0.016573
,,,1.35227e-007,0.0172359
,,,1.35627e-007,0.0167939
,,,1.36027e-007,0.0167939
,,,1.36427e-007,0.016352
,,,1.36827e-007,0.016352
,,,1.37227e-007,0.016573
,,,1.37627e-007,0.016573
,,,1.38027e-007,0.016352
,,,1.38427e-007,0.0156891
,,,1.38827e-007,0.0156891
,,,1.39227e-007,0.0152471
,,,1.39627e-007,0.016131
,,,1.40027e-007,0.0167939
,,,1.40427e-007,0.0174569
,,,1.40827e-007,0.0159101
,,,1.41227e-007,0.0159101
,,,1.41627e-007,0.0156891
,,,1.42027e-007,0.016352
,,,1.42427e-007,0.0156891
,,,1.42827e-007,0.0150262
,,,1.43227e-007,0.0154681
,,,1.43627e-007,0.0156891
,,,1.44027e-007,0.0152471
,,,1.44427e-007,0.0152471
,,,1.44827e-007,0.0143632
,,,1.45227e-007,0.0150262
,,,1.45627e-007,0.0150262
,,,1.46027e-007,0.0145842
,,,1.46427e-007,0.0143632
,,,1.46827e-007,0.0150262
,,,1.47227e-007,0.0145842
,,,1.47627e-007,0.0143632
,,,1.48027e-007,0.0148052
,,,1.48427e-007,0.0152471
,,,1.48827e-007,0.0150262
,,,1.49227e-007,0.0148052
,,,1.49627e-007,0.0143632
,,,1.50027e-007,0.0150262
,,,1.50427e-007,0.0145842
,,,1.50827e-007,0.0141423
,,,1.51227e-007,0.0148052
,,,1.51627e-007,0.0141423
,,,1.52027e-007,0.0150262
,,,1.52427e-007,0.0145842
,,,1.52827e-007,0.0143632
,,,1.53227e-007,0.0141423
,,,1.53627e-007,0.0145842
,,,1.54027e-007,0.0141423
,,,1.54427e-007,0.0137003
,,,1.54827e-007,0.0132584
,,,1.55227e-007,0.0132584
,,,1.55627e-007,0.0139213
,,,1.56027e-007,0.0132584
,,,1.56427e-007,0.0132584
,,,1.56827e-007,0.0125955
,,,1.57227e-007,0.0123745
,,,1.57627e-007,0.0119325
,,,1.58027e-007,0.0125955
,,,1.58427e-007,0.0119325
,,,1.58827e-007,0.0121535
,,,1.59227e-007,0.0117116
,,,1.59627e-007,0.0123745
,,,1.60027e-007,0.0123745
,,,1.60427e-007,0.0119325
,,,1.60827e-007,0.0112696
,,,1.61227e-007,0.0119325
,,,1.61627e-007,0.0121535
,,,1.62027e-007,0.0119325
,,,1.62427e-007,0.0119325
,,,1.62827e-007,0.0110486
,,,1.63227e-007,0.0119325
,,,1.63627e-007,0.0128164
,,,1.64027e-007,0.0123745
,,,1.64427e-007,0.0117116
,,,1.64827e-007,0.0128164
,,,1.65227e-007,0.0125955
,,,1.65627e-007,0.0121535
,,,1.66027e-007,0.0121535
,,,1.66427e-007,0.0128164
,,,1.66827e-007,0.0121535
,,,1.67227e-007,0.0125955
,,,1.67627e-007,0.0132584
,,,1.68027e-007,0.0128164
,,,1.68427e-007,0.0128164
,,,1.68827e-007,0.0121535
,,,1.69227e-007,0.0123745
,,,1.69627e-007,0.0125955
,,,1.70027e-007,0.0119325
,,,1.70427e-007,0.0123745
,,,1.70827e-007,0.0125955
,,,1.71227e-007,0.0119325
,,,1.71627e-007,0.0119325
,,,1.72027e-007,0.0125955
,,,1.72427e-007,0.0123745
,,,1.72827e-007,0.0130374
,,,1.73227e-007,0.0125955
,,,1.73627e-007,0.0125955
,,,1.74027e-007,0.0130374
,,,1.74427e-007,0.0130374
,,,1.74827e-007,0.0128164
,,,1.75227e-007,0.0128164
,,,1.75627e-007,0.0130374
,,,1.76027e-007,0.0128164
,,,1.76427e-007,0.0125955
,,,1.76827e-007,0.0128164
,,,1.77227e-007,0.0128164
,,,1.77627e-007,0.0134794
,,,1.78027e-007,0.0123745
,,,1.78427e-007,0.0119325
,,,1.78827e-007,0.0128164
,,,1.79227e-007,0.0121535
,,,1.79627e-007,0.0121535
,,,1.80027e-007,0.0121535
,,,1.80427e-007,0.0130374
,,,1.80827e-007,0.0128164
,,,1.81227e-007,0.0128164
,,,1.81627e-007,0.0123745
,,,1.82027e-007,0.0123745
,,,1.82427e-007,0.0123745
,,,1.82827e-007,0.0128164
,,,1.83227e-007,0.0137003
,,,1.83627e-007,0.0123745
,,,1.84027e-007,0.0117116
,,,1.84427e-007,0.0123745
,,,1.84827e-007,0.0117116
,,,1.85227e-007,0.0125955
,,,1.85627e-007,0.0128164
,,,1.86027e-007,0.0128164
,,,1.86427e-007,0.0117116
,,,1.86827e-007,0.0125955
,,,1.87227e-007,0.0119325
,,,1.87627e-007,0.0125955
,,,1.88027e-007,0.0130374
,,,1.88427e-007,0.0137003
,,,1.88827e-007,0.0132584
,,,1.89227e-007,0.0132584
,,,1.89627e-007,0.0125955
,,,1.90027e-007,0.0132584
,,,1.90427e-007,0.0128164
,,,1.90827e-007,0.0137003
,,,1.91227e-007,0.0128164
,,,1.91627e-007,0.0134794
,,,1.92027e-007,0.0137003
,,,1.92427e-007,0.0137003
,,,1.92827e-007,0.0137003
,,,1.93227e-007,0.0141423
,,,1.93627e-007,0.0134794
,,,1.94027e-007,0.0130374
,,,1.94427e-007,0.0132584
,,,1.94827e-007,0.0134794
,,,1.95227e-007,0.0137003
,,,1.95627e-007,0.0132584
,,,1.96027e-007,0.0128164
,,,1.96427e-007,0.0134794
,,,1.96827e-007,0.0137003
,,,1.97227e-007,0.0130374
,,,1.97627e-007,0.0130374
,,,1.98027e-007,0.0137003
,,,1.98427e-007,0.0132584
,,,1.98827e-007,0.0128164
,,,1.99227e-007,0.0130374
,,,1.99627e-007,0.0130374
,,,2.00027e-007,0.0132584
,,,2.00427e-007,0.0130374
,,,2.00827e-007,0.0125955
,,,2.01227e-007,0.0128164
,,,2.01627e-007,0.0128164
,,,2.02027e-007,0.0125955
,,,2.02427e-007,0.0121535
,,,2.02827e-007,0.0125955
,,,2.03227e-007,0.0117116
,,,2.03627e-007,0.0117116
,,,2.04027e-007,0.0114906
,,,2.04427e-007,0.0114906
,,,2.04827e-007,0.0119325
,,,2.05227e-007,0.0117116
,,,2.05627e-007,0.0110486
,,,2.06027e-007,0.0119325
,,,2.06427e-007,0.0108277
,,,2.06827e-007,0.0106067
,,,2.07227e-007,0.0108277
,,,2.07627e-007,0.0108277
,,,2.08027e-007,0.0101648
,,,2.08427e-007,0.00994378
,,,2.08827e-007,0.00928087
,,,2.09227e-007,0.00905989
,,,2.09627e-007,0.00883892
,,,2.10027e-007,0.00729211
,,,2.10427e-007,0.00839697
,,,2.10827e-007,0.00773405
,,,2.11227e-007,0.00662919
,,,2.11627e-007,0.00729211
,,,2.12027e-007,0.00729211
,,,2.12427e-007,0.00640822
,,,2.12827e-007,0.0057453
,,,2.13227e-007,0.00552432
,,,2.13627e-007,0.00508238
,,,2.14027e-007,0.0057453
,,,2.14427e-007,0.00397751
,,,2.14827e-007,0.00419849
,,,2.15227e-007,0.00419849
,,,2.15627e-007,0.00397751
,,,2.16027e-007,0.00464043
,,,2.16427e-007,0.00353557
,,,2.16827e-007,0.00331459
,,,2.17227e-007,0.00287265
,,,2.17627e-007,0.00287265
,,,2.18027e-007,0.0024307
,,,2.18427e-007,0.00331459
,,,2.18827e-007,0.00176778
,,,2.19227e-007,0.00154681
,,,2.19627e-007,0.00198876
,,,2.20027e-007,0.00265168
,,,2.20427e-007,0.00220973
,,,2.20827e-007,0.00132584
,,,2.21227e-007,0.00176778
,,,2.21627e-007,0.000441946
,,,2.22027e-007,0.00132584
,,,2.22427e-007,0.000883892
,,,2.22827e-007,0.00132584
,,,2.23227e-007,0.00110486
,,,2.23627e-007,0.00198876
,,,2.24027e-007,0.000883892
,,,2.24427e-007,0.000883892
,,,2.24827e-007,0.000662919
,,,2.25227e-007,0.000441946
,,,2.25627e-007,0.000662919
,,,2.26027e-007,0.000441946
,,,2.26427e-007,0.000662919
,,,2.26827e-007,0.000220973
,,,2.27227e-007,0.00110486
,,,2.27627e-007,0.00110486
,,,2.28027e-007,0.000662919
,,,2.28427e-007,0.000662919
,,,2.28827e-007,0.000883892
,,,2.29227e-007,0.000662919
,,,2.29627e-007,-0.000220973
,,,2.30027e-007,0.00110486
,,,2.30427e-007,0.00132584
,,,2.30827e-007,0.000662919
,,,2.31227e-007,0.000441946
,,,2.31627e-007,0.000441946
,,,2.32027e-007,0.00132584
,,,2.32427e-007,0.000662919
,,,2.32827e-007,0.000441946
,,,2.33227e-007,-0.000220973
,,,2.33627e-007,0.000220973
,,,2.34027e-007,0.000662919
,,,2.34427e-007,0.000220973
,,,2.34827e-007,0.000220973
,,,2.35227e-007,0.000441946
,,,2.35627e-007,-0.000662919
,,,2.36027e-007,0.000662919
,,,2.36427e-007,-0.000441946
,,,2.36827e-007,0.000662919
,,,2.37227e-007,0
,,,2.37627e-007,-0.000220973
,,,2.38027e-007,-0.000441946
,,,2.38427e-007,-0.000441946
,,,2.38827e-007,-0.00110486
,,,2.39227e-007,-0.000220973
,,,2.39627e-007,0
,,,2.40027e-007,-0.000662919
,,,2.40427e-007,-0.000883892
,,,2.40827e-007,-0.000883892
,,,2.41227e-007,-0.000441946
,,,2.41627e-007,-0.000662919
,,,2.42027e-007,-0.000441946
,,,2.42427e-007,-0.000883892
,,,2.42827e-007,-0.000662919
,,,2.43227e-007,-0.00110486
,,,2.43627e-007,-0.000883892
,,,2.44027e-007,0
,,,2.44427e-007,0
,,,2.44827e-007,-0.000441946
,,,2.45227e-007,-0.000662919
,,,2.45627e-007,-0.000441946
,,,2.46027e-007,-0.000220973
,,,2.46427e-007,0.000662919
,,,2.46827e-007,0
,,,2.47227e-007,0
,,,2.47627e-007,0
,,,2.48027e-007,0.000220973
,,,2.48427e-007,0.000220973
,,,2.48827e-007,-0.000220973
,,,2.49227e-007,-0.000220973
,,,2.49627e-007,0.000441946
,,,2.50027e-007,0.000441946
