"Record Length",1252,"Points",-2.50276e-007,0
"Sample Interval",4e-010,s,-2.49876e-007,0
"Trigger Point",625,"Samples",-2.49476e-007,-0.000441946
"Trigger Time",0.689383,s,-2.49076e-007,0
,,,-2.48676e-007,0.000441946
"Horizontal Offset",-2.50276e-007,s,-2.48276e-007,0.000220973
,,,-2.47876e-007,0.000662919
,,,-2.47476e-007,-0.000441946
,,,-2.47076e-007,0.000441946
,,,-2.46676e-007,0.000220973
,,,-2.46276e-007,0.000220973
,,,-2.45876e-007,-0.000662919
,,,-2.45476e-007,0.000220973
,,,-2.45076e-007,0.000662919
,,,-2.44676e-007,0.000220973
,,,-2.44276e-007,-0.000220973
,,,-2.43876e-007,0
,,,-2.43476e-007,0
,,,-2.43076e-007,-0.000662919
,,,-2.42676e-007,-0.000220973
,,,-2.42276e-007,0
,,,-2.41876e-007,-0.000441946
,,,-2.41476e-007,-0.000220973
,,,-2.41076e-007,-0.000441946
,,,-2.40676e-007,-0.00110486
,,,-2.40276e-007,-0.000220973
,,,-2.39876e-007,0.000220973
,,,-2.39476e-007,0
,,,-2.39076e-007,0
,,,-2.38676e-007,0.000441946
,,,-2.38276e-007,0
,,,-2.37876e-007,0
,,,-2.37476e-007,0
,,,-2.37076e-007,0
,,,-2.36676e-007,0.000662919
,,,-2.36276e-007,0.000220973
,,,-2.35876e-007,0.000441946
,,,-2.35476e-007,0.000220973
,,,-2.35076e-007,0
,,,-2.34676e-007,-0.000662919
,,,-2.34276e-007,-0.000220973
,,,-2.33876e-007,0
,,,-2.33476e-007,-0.000441946
,,,-2.33076e-007,-0.000883892
,,,-2.32676e-007,0.000441946
,,,-2.32276e-007,0.000441946
,,,-2.31876e-007,-0.000441946
,,,-2.31476e-007,-0.000220973
,,,-2.31076e-007,-0.000441946
,,,-2.30676e-007,-0.000220973
,,,-2.30276e-007,0
,,,-2.29876e-007,0.000441946
,,,-2.29476e-007,0
,,,-2.29076e-007,0.000441946
,,,-2.28676e-007,0.000441946
,,,-2.28276e-007,0
,,,-2.27876e-007,-0.000662919
,,,-2.27476e-007,-0.000220973
,,,-2.27076e-007,0
,,,-2.26676e-007,-0.000441946
,,,-2.26276e-007,-0.000441946
,,,-2.25876e-007,-0.000441946
,,,-2.25476e-007,-0.000441946
,,,-2.25076e-007,0.000662919
,,,-2.24676e-007,-0.000220973
,,,-2.24276e-007,0
,,,-2.23876e-007,0
,,,-2.23476e-007,0
,,,-2.23076e-007,-0.000220973
,,,-2.22676e-007,0.00110486
,,,-2.22276e-007,0
,,,-2.21876e-007,0.000441946
,,,-2.21476e-007,0.000441946
,,,-2.21076e-007,0.000441946
,,,-2.20676e-007,0.000441946
,,,-2.20276e-007,0.000662919
,,,-2.19876e-007,-0.000441946
,,,-2.19476e-007,0.000220973
,,,-2.19076e-007,-0.000220973
,,,-2.18676e-007,-0.000662919
,,,-2.18276e-007,-0.000220973
,,,-2.17876e-007,0.000441946
,,,-2.17476e-007,-0.000220973
,,,-2.17076e-007,0.000441946
,,,-2.16676e-007,-0.000220973
,,,-2.16276e-007,0
,,,-2.15876e-007,0.000662919
,,,-2.15476e-007,0.000662919
,,,-2.15076e-007,0.000441946
,,,-2.14676e-007,0.000220973
,,,-2.14276e-007,-0.000220973
,,,-2.13876e-007,0.000220973
,,,-2.13476e-007,0.000220973
,,,-2.13076e-007,0.000662919
,,,-2.12676e-007,0.000662919
,,,-2.12276e-007,0
,,,-2.11876e-007,-0.000220973
,,,-2.11476e-007,0
,,,-2.11076e-007,0.000220973
,,,-2.10676e-007,-0.000220973
,,,-2.10276e-007,0.000220973
,,,-2.09876e-007,0.000220973
,,,-2.09476e-007,-0.000441946
,,,-2.09076e-007,-0.000220973
,,,-2.08676e-007,0.000220973
,,,-2.08276e-007,0.000441946
,,,-2.07876e-007,0
,,,-2.07476e-007,-0.000220973
,,,-2.07076e-007,-0.000220973
,,,-2.06676e-007,-0.000220973
,,,-2.06276e-007,0.000220973
,,,-2.05876e-007,0.000220973
,,,-2.05476e-007,0
,,,-2.05076e-007,0.000220973
,,,-2.04676e-007,-0.000220973
,,,-2.04276e-007,-0.000220973
,,,-2.03876e-007,-0.00110486
,,,-2.03476e-007,-0.000220973
,,,-2.03076e-007,-0.000220973
,,,-2.02676e-007,0
,,,-2.02276e-007,0.000883892
,,,-2.01876e-007,0
,,,-2.01476e-007,0
,,,-2.01076e-007,0.000662919
,,,-2.00676e-007,0
,,,-2.00276e-007,-0.000441946
,,,-1.99876e-007,0.000662919
,,,-1.99476e-007,0
,,,-1.99076e-007,0.000220973
,,,-1.98676e-007,0
,,,-1.98276e-007,0.000220973
,,,-1.97876e-007,0.000662919
,,,-1.97476e-007,0.00132584
,,,-1.97076e-007,-0.000441946
,,,-1.96676e-007,0
,,,-1.96276e-007,0
,,,-1.95876e-007,0.000441946
,,,-1.95476e-007,0.000220973
,,,-1.95076e-007,-0.000441946
,,,-1.94676e-007,0.000220973
,,,-1.94276e-007,0
,,,-1.93876e-007,-0.000220973
,,,-1.93476e-007,-0.000662919
,,,-1.93076e-007,-0.000441946
,,,-1.92676e-007,0
,,,-1.92276e-007,0.000220973
,,,-1.91876e-007,0.000441946
,,,-1.91476e-007,0.000662919
,,,-1.91076e-007,0
,,,-1.90676e-007,0
,,,-1.90276e-007,-0.000220973
,,,-1.89876e-007,-0.000220973
,,,-1.89476e-007,0
,,,-1.89076e-007,0.000220973
,,,-1.88676e-007,0.000662919
,,,-1.88276e-007,0.000220973
,,,-1.87876e-007,0
,,,-1.87476e-007,-0.000220973
,,,-1.87076e-007,0
,,,-1.86676e-007,0.000883892
,,,-1.86276e-007,0.000441946
,,,-1.85876e-007,-0.000441946
,,,-1.85476e-007,-0.000441946
,,,-1.85076e-007,0.000441946
,,,-1.84676e-007,0.000220973
,,,-1.84276e-007,0.000441946
,,,-1.83876e-007,0
,,,-1.83476e-007,0.000883892
,,,-1.83076e-007,0.000662919
,,,-1.82676e-007,0.000441946
,,,-1.82276e-007,-0.000441946
,,,-1.81876e-007,-0.000441946
,,,-1.81476e-007,0
,,,-1.81076e-007,0
,,,-1.80676e-007,0
,,,-1.80276e-007,0
,,,-1.79876e-007,-0.000220973
,,,-1.79476e-007,0.000220973
,,,-1.79076e-007,-0.000441946
,,,-1.78676e-007,0.000662919
,,,-1.78276e-007,0.000441946
,,,-1.77876e-007,-0.000220973
,,,-1.77476e-007,-0.000220973
,,,-1.77076e-007,0.000220973
,,,-1.76676e-007,-0.000220973
,,,-1.76276e-007,-0.000220973
,,,-1.75876e-007,0.000441946
,,,-1.75476e-007,0.000662919
,,,-1.75076e-007,0.000220973
,,,-1.74676e-007,0.000662919
,,,-1.74276e-007,0.000441946
,,,-1.73876e-007,-0.000441946
,,,-1.73476e-007,-0.000441946
,,,-1.73076e-007,0.000441946
,,,-1.72676e-007,0.000441946
,,,-1.72276e-007,0.000220973
,,,-1.71876e-007,-0.000441946
,,,-1.71476e-007,-0.000220973
,,,-1.71076e-007,0
,,,-1.70676e-007,0
,,,-1.70276e-007,-0.000883892
,,,-1.69876e-007,0.000662919
,,,-1.69476e-007,0
,,,-1.69076e-007,0.000220973
,,,-1.68676e-007,0
,,,-1.68276e-007,-0.000220973
,,,-1.67876e-007,0.000441946
,,,-1.67476e-007,0
,,,-1.67076e-007,-0.000441946
,,,-1.66676e-007,0.000441946
,,,-1.66276e-007,-0.000441946
,,,-1.65876e-007,0
,,,-1.65476e-007,0
,,,-1.65076e-007,0.000662919
,,,-1.64676e-007,0.000441946
,,,-1.64276e-007,0
,,,-1.63876e-007,-0.000441946
,,,-1.63476e-007,-0.000441946
,,,-1.63076e-007,-0.000441946
,,,-1.62676e-007,-0.000220973
,,,-1.62276e-007,0
,,,-1.61876e-007,0.000220973
,,,-1.61476e-007,-0.000441946
,,,-1.61076e-007,-0.000883892
,,,-1.60676e-007,-0.000441946
,,,-1.60276e-007,0
,,,-1.59876e-007,0
,,,-1.59476e-007,-0.000441946
,,,-1.59076e-007,0.000220973
,,,-1.58676e-007,0
,,,-1.58276e-007,-0.000441946
,,,-1.57876e-007,-0.000441946
,,,-1.57476e-007,-0.000220973
,,,-1.57076e-007,0.000441946
,,,-1.56676e-007,-0.000220973
,,,-1.56276e-007,0.000220973
,,,-1.55876e-007,0.000220973
,,,-1.55476e-007,0.000441946
,,,-1.55076e-007,0
,,,-1.54676e-007,-0.000441946
,,,-1.54276e-007,-0.000441946
,,,-1.53876e-007,0.000220973
,,,-1.53476e-007,-0.000441946
,,,-1.53076e-007,0.000441946
,,,-1.52676e-007,-0.000220973
,,,-1.52276e-007,0.000220973
,,,-1.51876e-007,-0.000220973
,,,-1.51476e-007,-0.000220973
,,,-1.51076e-007,0
,,,-1.50676e-007,0.000662919
,,,-1.50276e-007,0
,,,-1.49876e-007,0.000662919
,,,-1.49476e-007,0
,,,-1.49076e-007,-0.000220973
,,,-1.48676e-007,0.000441946
,,,-1.48276e-007,0.000662919
,,,-1.47876e-007,-0.000662919
,,,-1.47476e-007,0
,,,-1.47076e-007,-0.000441946
,,,-1.46676e-007,-0.000220973
,,,-1.46276e-007,0
,,,-1.45876e-007,-0.000220973
,,,-1.45476e-007,-0.000883892
,,,-1.45076e-007,-0.000441946
,,,-1.44676e-007,-0.000220973
,,,-1.44276e-007,0.000441946
,,,-1.43876e-007,0.000220973
,,,-1.43476e-007,-0.000220973
,,,-1.43076e-007,-0.00110486
,,,-1.42676e-007,-0.000220973
,,,-1.42276e-007,0.000441946
,,,-1.41876e-007,-0.000220973
,,,-1.41476e-007,0
,,,-1.41076e-007,-0.000220973
,,,-1.40676e-007,-0.000441946
,,,-1.40276e-007,0
,,,-1.39876e-007,-0.000441946
,,,-1.39476e-007,0
,,,-1.39076e-007,-0.000441946
,,,-1.38676e-007,-0.000220973
,,,-1.38276e-007,0
,,,-1.37876e-007,-0.000220973
,,,-1.37476e-007,0.000220973
,,,-1.37076e-007,0
,,,-1.36676e-007,-0.000662919
,,,-1.36276e-007,0
,,,-1.35876e-007,0.000662919
,,,-1.35476e-007,0
,,,-1.35076e-007,0.000662919
,,,-1.34676e-007,0.000662919
,,,-1.34276e-007,-0.000441946
,,,-1.33876e-007,0.000220973
,,,-1.33476e-007,-0.000441946
,,,-1.33076e-007,0
,,,-1.32676e-007,0.000220973
,,,-1.32276e-007,0
,,,-1.31876e-007,0
,,,-1.31476e-007,-0.000220973
,,,-1.31076e-007,-0.000220973
,,,-1.30676e-007,0
,,,-1.30276e-007,-0.000441946
,,,-1.29876e-007,-0.000441946
,,,-1.29476e-007,-0.000662919
,,,-1.29076e-007,-0.000220973
,,,-1.28676e-007,0
,,,-1.28276e-007,0.000662919
,,,-1.27876e-007,0
,,,-1.27476e-007,0
,,,-1.27076e-007,0
,,,-1.26676e-007,-0.000220973
,,,-1.26276e-007,-0.000662919
,,,-1.25876e-007,-0.000220973
,,,-1.25476e-007,0.000220973
,,,-1.25076e-007,-0.000441946
,,,-1.24676e-007,0
,,,-1.24276e-007,0.000220973
,,,-1.23876e-007,0
,,,-1.23476e-007,0.000220973
,,,-1.23076e-007,-0.000662919
,,,-1.22676e-007,-0.000220973
,,,-1.22276e-007,0
,,,-1.21876e-007,0.000662919
,,,-1.21476e-007,0
,,,-1.21076e-007,0.000441946
,,,-1.20676e-007,0.000441946
,,,-1.20276e-007,0
,,,-1.19876e-007,-0.000441946
,,,-1.19476e-007,0
,,,-1.19076e-007,-0.000220973
,,,-1.18676e-007,0.000662919
,,,-1.18276e-007,0
,,,-1.17876e-007,-0.000883892
,,,-1.17476e-007,-0.000220973
,,,-1.17076e-007,0
,,,-1.16676e-007,0.000220973
,,,-1.16276e-007,0.000220973
,,,-1.15876e-007,0.000662919
,,,-1.15476e-007,-0.000441946
,,,-1.15076e-007,0.000220973
,,,-1.14676e-007,-0.000220973
,,,-1.14276e-007,-0.000441946
,,,-1.13876e-007,0.000220973
,,,-1.13476e-007,0.000441946
,,,-1.13076e-007,0
,,,-1.12676e-007,-0.000441946
,,,-1.12276e-007,0.000441946
,,,-1.11876e-007,0
,,,-1.11476e-007,0
,,,-1.11076e-007,-0.000662919
,,,-1.10676e-007,-0.000220973
,,,-1.10276e-007,0.000441946
,,,-1.09876e-007,-0.000220973
,,,-1.09476e-007,0
,,,-1.09076e-007,0
,,,-1.08676e-007,0
,,,-1.08276e-007,0.000441946
,,,-1.07876e-007,0
,,,-1.07476e-007,0.000441946
,,,-1.07076e-007,-0.000441946
,,,-1.06676e-007,-0.000441946
,,,-1.06276e-007,0.000220973
,,,-1.05876e-007,0.000220973
,,,-1.05476e-007,-0.000441946
,,,-1.05076e-007,0.000441946
,,,-1.04676e-007,0.000220973
,,,-1.04276e-007,-0.000220973
,,,-1.03876e-007,-0.000220973
,,,-1.03476e-007,-0.000441946
,,,-1.03076e-007,0.000441946
,,,-1.02676e-007,0.000441946
,,,-1.02276e-007,0
,,,-1.01876e-007,-0.000220973
,,,-1.01476e-007,-0.000220973
,,,-1.01076e-007,-0.000441946
,,,-1.00676e-007,0.000441946
,,,-1.00276e-007,0.000220973
,,,-9.98758e-008,0
,,,-9.94758e-008,0
,,,-9.90758e-008,0.000883892
,,,-9.86758e-008,0.000441946
,,,-9.82758e-008,-0.000220973
,,,-9.78758e-008,-0.000441946
,,,-9.74758e-008,-0.000220973
,,,-9.70758e-008,0.000220973
,,,-9.66758e-008,-0.000662919
,,,-9.62758e-008,0
,,,-9.58758e-008,0.000220973
,,,-9.54758e-008,-0.000220973
,,,-9.50758e-008,-0.000441946
,,,-9.46758e-008,-0.000220973
,,,-9.42758e-008,0.000220973
,,,-9.38758e-008,-0.000220973
,,,-9.34758e-008,0.000220973
,,,-9.30758e-008,0
,,,-9.26758e-008,0
,,,-9.22758e-008,0.000220973
,,,-9.18758e-008,-0.000441946
,,,-9.14758e-008,0.000220973
,,,-9.10758e-008,-0.000220973
,,,-9.06758e-008,0
,,,-9.02758e-008,-0.000220973
,,,-8.98758e-008,0
,,,-8.94758e-008,-0.000220973
,,,-8.90758e-008,0.000883892
,,,-8.86758e-008,0
,,,-8.82758e-008,0
,,,-8.78758e-008,-0.000441946
,,,-8.74758e-008,-0.000441946
,,,-8.70758e-008,0.000220973
,,,-8.66758e-008,0
,,,-8.62758e-008,-0.000220973
,,,-8.58758e-008,-0.000220973
,,,-8.54758e-008,0.000220973
,,,-8.50758e-008,0.000441946
,,,-8.46758e-008,-0.000441946
,,,-8.42758e-008,-0.000220973
,,,-8.38758e-008,-0.000220973
,,,-8.34758e-008,0.000220973
,,,-8.30758e-008,-0.000220973
,,,-8.26758e-008,-0.000220973
,,,-8.22758e-008,-0.000441946
,,,-8.18758e-008,-0.000220973
,,,-8.14758e-008,-0.000220973
,,,-8.10758e-008,0.000662919
,,,-8.06758e-008,0.000220973
,,,-8.02758e-008,0.000441946
,,,-7.98758e-008,0
,,,-7.94758e-008,0.000220973
,,,-7.90758e-008,-0.000662919
,,,-7.86758e-008,0.000220973
,,,-7.82758e-008,0
,,,-7.78758e-008,0
,,,-7.74758e-008,0
,,,-7.70758e-008,0.000441946
,,,-7.66758e-008,0.000441946
,,,-7.62758e-008,-0.000441946
,,,-7.58758e-008,-0.000441946
,,,-7.54758e-008,0
,,,-7.50758e-008,-0.000662919
,,,-7.46758e-008,-0.000662919
,,,-7.42758e-008,-0.000220973
,,,-7.38758e-008,-0.000220973
,,,-7.34758e-008,-0.000220973
,,,-7.30758e-008,0.000441946
,,,-7.26758e-008,0
,,,-7.22758e-008,0
,,,-7.18758e-008,0.000662919
,,,-7.14758e-008,0.000662919
,,,-7.10758e-008,0.000441946
,,,-7.06758e-008,0
,,,-7.02758e-008,0
,,,-6.98758e-008,0.000220973
,,,-6.94758e-008,0
,,,-6.90758e-008,0
,,,-6.86758e-008,0.000441946
,,,-6.82758e-008,0.000220973
,,,-6.78758e-008,-0.000883892
,,,-6.74758e-008,0
,,,-6.70758e-008,0.000441946
,,,-6.66758e-008,-0.000220973
,,,-6.62758e-008,-0.000441946
,,,-6.58758e-008,0.000220973
,,,-6.54758e-008,0.000441946
,,,-6.50758e-008,0
,,,-6.46758e-008,0.000441946
,,,-6.42758e-008,0.000883892
,,,-6.38758e-008,0.000220973
,,,-6.34758e-008,-0.000220973
,,,-6.30758e-008,-0.000220973
,,,-6.26758e-008,0.000441946
,,,-6.22758e-008,0.000220973
,,,-6.18758e-008,-0.000662919
,,,-6.14758e-008,-0.000220973
,,,-6.10758e-008,0.000220973
,,,-6.06758e-008,0.000220973
,,,-6.02758e-008,0.000662919
,,,-5.98758e-008,0
,,,-5.94758e-008,-0.000220973
,,,-5.90758e-008,-0.000441946
,,,-5.86758e-008,0
,,,-5.82758e-008,-0.000441946
,,,-5.78758e-008,-0.000220973
,,,-5.74758e-008,-0.000441946
,,,-5.70758e-008,0.000441946
,,,-5.66758e-008,-0.000220973
,,,-5.62758e-008,0.000441946
,,,-5.58758e-008,0.000441946
,,,-5.54758e-008,0.000220973
,,,-5.50758e-008,0.000220973
,,,-5.46758e-008,0.000883892
,,,-5.42758e-008,0.000220973
,,,-5.38758e-008,0
,,,-5.34758e-008,-0.000220973
,,,-5.30758e-008,0
,,,-5.26758e-008,0.000441946
,,,-5.22758e-008,0.000220973
,,,-5.18758e-008,-0.000220973
,,,-5.14758e-008,0
,,,-5.10758e-008,0.000662919
,,,-5.06758e-008,0.000220973
,,,-5.02758e-008,-0.000441946
,,,-4.98758e-008,-0.000662919
,,,-4.94758e-008,-0.000220973
,,,-4.90758e-008,0.000441946
,,,-4.86758e-008,0
,,,-4.82758e-008,-0.000220973
,,,-4.78758e-008,-0.000220973
,,,-4.74758e-008,0
,,,-4.70758e-008,-0.000662919
,,,-4.66758e-008,0.000441946
,,,-4.62758e-008,0.000883892
,,,-4.58758e-008,-0.000441946
,,,-4.54758e-008,-0.000220973
,,,-4.50758e-008,0
,,,-4.46758e-008,0
,,,-4.42758e-008,0
,,,-4.38758e-008,0
,,,-4.34758e-008,0.000441946
,,,-4.30758e-008,-0.000441946
,,,-4.26758e-008,-0.000662919
,,,-4.22758e-008,0.000220973
,,,-4.18758e-008,0.000220973
,,,-4.14758e-008,0.000883892
,,,-4.10758e-008,-0.000220973
,,,-4.06758e-008,-0.000883892
,,,-4.02758e-008,0.000220973
,,,-3.98758e-008,-0.000220973
,,,-3.94758e-008,0
,,,-3.90758e-008,-0.000441946
,,,-3.86758e-008,-0.000220973
,,,-3.82758e-008,0.000441946
,,,-3.78758e-008,0.000662919
,,,-3.74758e-008,0.000220973
,,,-3.70758e-008,-0.000220973
,,,-3.66758e-008,0.000441946
,,,-3.62758e-008,0.000220973
,,,-3.58758e-008,0.000220973
,,,-3.54758e-008,-0.000220973
,,,-3.50758e-008,0
,,,-3.46758e-008,0.000220973
,,,-3.42758e-008,-0.000220973
,,,-3.38758e-008,0
,,,-3.34758e-008,-0.000441946
,,,-3.30758e-008,0
,,,-3.26758e-008,0.000220973
,,,-3.22758e-008,0.000220973
,,,-3.18758e-008,0.000220973
,,,-3.14758e-008,-0.000220973
,,,-3.10758e-008,-0.000441946
,,,-3.06758e-008,0.000662919
,,,-3.02758e-008,0.000441946
,,,-2.98758e-008,0.000441946
,,,-2.94758e-008,-0.000662919
,,,-2.90758e-008,0.000220973
,,,-2.86758e-008,0.000220973
,,,-2.82758e-008,0.000662919
,,,-2.78758e-008,0.000662919
,,,-2.74758e-008,0.000220973
,,,-2.70758e-008,-0.000441946
,,,-2.66758e-008,-0.000220973
,,,-2.62758e-008,-0.000662919
,,,-2.58758e-008,-0.000220973
,,,-2.54758e-008,-0.000883892
,,,-2.50758e-008,0.000220973
,,,-2.46758e-008,0.000441946
,,,-2.42758e-008,0
,,,-2.38758e-008,-0.000220973
,,,-2.34758e-008,0
,,,-2.30758e-008,0
,,,-2.26758e-008,0.000441946
,,,-2.22758e-008,-0.000220973
,,,-2.18758e-008,-0.000220973
,,,-2.14758e-008,0.000441946
,,,-2.10758e-008,-0.000220973
,,,-2.06758e-008,-0.000441946
,,,-2.02758e-008,0
,,,-1.98758e-008,-0.000220973
,,,-1.94758e-008,-0.000441946
,,,-1.90758e-008,-0.000220973
,,,-1.86758e-008,0.000441946
,,,-1.82758e-008,-0.000441946
,,,-1.78758e-008,-0.000441946
,,,-1.74758e-008,-0.000883892
,,,-1.70758e-008,-0.000220973
,,,-1.66758e-008,0
,,,-1.62758e-008,0
,,,-1.58758e-008,0.000441946
,,,-1.54758e-008,0.000220973
,,,-1.50758e-008,-0.000441946
,,,-1.46758e-008,0.000441946
,,,-1.42758e-008,0
,,,-1.38758e-008,0.000220973
,,,-1.34758e-008,0.000220973
,,,-1.30758e-008,0
,,,-1.26758e-008,0.000441946
,,,-1.22758e-008,-0.000220973
,,,-1.18758e-008,-0.000441946
,,,-1.14758e-008,0.000662919
,,,-1.10758e-008,0.000883892
,,,-1.06758e-008,-0.000220973
,,,-1.02758e-008,0.000220973
,,,-9.87575e-009,0
,,,-9.47575e-009,0.000441946
,,,-9.07575e-009,-0.000220973
,,,-8.67575e-009,0
,,,-8.27575e-009,0
,,,-7.87575e-009,0.000441946
,,,-7.47575e-009,-0.000220973
,,,-7.07575e-009,0
,,,-6.67575e-009,0.000220973
,,,-6.27575e-009,-0.000220973
,,,-5.87575e-009,-0.000441946
,,,-5.47575e-009,-0.000441946
,,,-5.07575e-009,0
,,,-4.67575e-009,0.000441946
,,,-4.27575e-009,0.000883892
,,,-3.87575e-009,0.000441946
,,,-3.47575e-009,0
,,,-3.07575e-009,0
,,,-2.67575e-009,0.000220973
,,,-2.27575e-009,-0.000662919
,,,-1.87575e-009,0
,,,-1.47575e-009,-0.000441946
,,,-1.07575e-009,0.000441946
,,,-6.75753e-010,-0.000220973
,,,-2.75753e-010,0.000220973
,,,1.24247e-010,0.000220973
,,,5.24247e-010,0.000220973
,,,9.24247e-010,-0.000220973
,,,1.32425e-009,0.000441946
,,,1.72425e-009,0.000662919
,,,2.12425e-009,0
,,,2.52425e-009,0
,,,2.92425e-009,0.000220973
,,,3.32425e-009,-0.000883892
,,,3.72425e-009,0
,,,4.12425e-009,-0.000441946
,,,4.52425e-009,0
,,,4.92425e-009,-0.000883892
,,,5.32425e-009,-0.000220973
,,,5.72425e-009,0
,,,6.12425e-009,0.000220973
,,,6.52425e-009,-0.000441946
,,,6.92425e-009,0.000441946
,,,7.32425e-009,0.000220973
,,,7.72425e-009,0.000883892
,,,8.12425e-009,0
,,,8.52425e-009,0.000220973
,,,8.92425e-009,-0.000220973
,,,9.32425e-009,0.000662919
,,,9.72425e-009,-0.000220973
,,,1.01242e-008,0.000441946
,,,1.05242e-008,0.000220973
,,,1.09242e-008,0.000441946
,,,1.13242e-008,0.000441946
,,,1.17242e-008,0.000441946
,,,1.21242e-008,0
,,,1.25242e-008,0
,,,1.29242e-008,-0.000441946
,,,1.33242e-008,0
,,,1.37242e-008,0.000441946
,,,1.41242e-008,0
,,,1.45242e-008,0
,,,1.49242e-008,0.000441946
,,,1.53242e-008,0
,,,1.57242e-008,0
,,,1.61242e-008,0.000220973
,,,1.65242e-008,0.000220973
,,,1.69242e-008,0
,,,1.73242e-008,0.000441946
,,,1.77242e-008,0.000220973
,,,1.81242e-008,0.000220973
,,,1.85242e-008,0.000441946
,,,1.89242e-008,-0.000220973
,,,1.93242e-008,0.000220973
,,,1.97242e-008,0.000883892
,,,2.01242e-008,0.000220973
,,,2.05242e-008,0.000441946
,,,2.09242e-008,-0.000220973
,,,2.13242e-008,-0.000220973
,,,2.17242e-008,-0.000441946
,,,2.21242e-008,0
,,,2.25242e-008,0
,,,2.29242e-008,-0.000220973
,,,2.33242e-008,-0.000662919
,,,2.37242e-008,0.000220973
,,,2.41242e-008,0.000441946
,,,2.45242e-008,0.000662919
,,,2.49242e-008,0.000220973
,,,2.53242e-008,0
,,,2.57242e-008,0
,,,2.61242e-008,0.000220973
,,,2.65242e-008,0
,,,2.69242e-008,0
,,,2.73242e-008,0.000220973
,,,2.77242e-008,0.000441946
,,,2.81242e-008,-0.000220973
,,,2.85242e-008,-0.000220973
,,,2.89242e-008,0.000220973
,,,2.93242e-008,-0.000220973
,,,2.97242e-008,0
,,,3.01242e-008,-0.000441946
,,,3.05242e-008,-0.000441946
,,,3.09242e-008,0.000220973
,,,3.13242e-008,0.000220973
,,,3.17242e-008,-0.000441946
,,,3.21242e-008,0.000441946
,,,3.25242e-008,0.000441946
,,,3.29242e-008,0.000883892
,,,3.33242e-008,0
,,,3.37242e-008,0.000220973
,,,3.41242e-008,0
,,,3.45242e-008,0
,,,3.49242e-008,0.000662919
,,,3.53242e-008,-0.000220973
,,,3.57242e-008,-0.000220973
,,,3.61242e-008,0
,,,3.65242e-008,0.000662919
,,,3.69242e-008,0.000220973
,,,3.73242e-008,0
,,,3.77242e-008,-0.000441946
,,,3.81242e-008,-0.000220973
,,,3.85242e-008,-0.000662919
,,,3.89242e-008,0.000441946
,,,3.93242e-008,-0.000220973
,,,3.97242e-008,-0.000441946
,,,4.01242e-008,-0.000441946
,,,4.05242e-008,0
,,,4.09242e-008,0
,,,4.13242e-008,0.000220973
,,,4.17242e-008,0.000220973
,,,4.21242e-008,0.000220973
,,,4.25242e-008,0
,,,4.29242e-008,0.000220973
,,,4.33242e-008,0.000883892
,,,4.37242e-008,0.000883892
,,,4.41242e-008,0.000220973
,,,4.45242e-008,-0.000220973
,,,4.49242e-008,-0.000220973
,,,4.53242e-008,-0.000441946
,,,4.57242e-008,0
,,,4.61242e-008,-0.000441946
,,,4.65242e-008,-0.000220973
,,,4.69242e-008,0.000441946
,,,4.73242e-008,0.000220973
,,,4.77242e-008,0.000220973
,,,4.81242e-008,0.000220973
,,,4.85242e-008,0.000662919
,,,4.89242e-008,0.000220973
,,,4.93242e-008,0.000220973
,,,4.97242e-008,0.000441946
,,,5.01242e-008,-0.000220973
,,,5.05242e-008,0.000441946
,,,5.09242e-008,0.000662919
,,,5.13242e-008,0.000441946
,,,5.17242e-008,0.000220973
,,,5.21242e-008,0.000220973
,,,5.25242e-008,-0.000220973
,,,5.29242e-008,0.000220973
,,,5.33242e-008,0
,,,5.37242e-008,0
,,,5.41242e-008,0.000441946
,,,5.45242e-008,-0.000662919
,,,5.49242e-008,0.000220973
,,,5.53242e-008,-0.00110486
,,,5.57242e-008,0
,,,5.61242e-008,-0.000220973
,,,5.65242e-008,-0.000220973
,,,5.69242e-008,0
,,,5.73242e-008,-0.000441946
,,,5.77242e-008,-0.000441946
,,,5.81242e-008,-0.000220973
,,,5.85242e-008,-0.000441946
,,,5.89242e-008,0.000883892
,,,5.93242e-008,0.000883892
,,,5.97242e-008,0
,,,6.01242e-008,-0.000441946
,,,6.05242e-008,-0.000441946
,,,6.09242e-008,-0.000220973
,,,6.13242e-008,0
,,,6.17242e-008,0.000441946
,,,6.21242e-008,-0.000441946
,,,6.25242e-008,-0.000220973
,,,6.29242e-008,-0.000441946
,,,6.33242e-008,0.000441946
,,,6.37242e-008,0
,,,6.41242e-008,-0.000662919
,,,6.45242e-008,0.000220973
,,,6.49242e-008,0.000220973
,,,6.53242e-008,0.000662919
,,,6.57242e-008,-0.000441946
,,,6.61242e-008,-0.000441946
,,,6.65242e-008,0
,,,6.69242e-008,-0.000441946
,,,6.73242e-008,0
,,,6.77242e-008,0.00110486
,,,6.81242e-008,-0.000220973
,,,6.85242e-008,0.000441946
,,,6.89242e-008,-0.000662919
,,,6.93242e-008,0
,,,6.97242e-008,0
,,,7.01242e-008,0.000220973
,,,7.05242e-008,-0.000662919
,,,7.09242e-008,0
,,,7.13242e-008,-0.000220973
,,,7.17242e-008,0.000220973
,,,7.21242e-008,0.000220973
,,,7.25242e-008,0.000220973
,,,7.29242e-008,-0.000220973
,,,7.33242e-008,0.000883892
,,,7.37242e-008,0.000220973
,,,7.41242e-008,-0.000220973
,,,7.45242e-008,-0.000220973
,,,7.49242e-008,0
,,,7.53242e-008,0
,,,7.57242e-008,-0.000220973
,,,7.61242e-008,-0.00110486
,,,7.65242e-008,-0.000662919
,,,7.69242e-008,0
,,,7.73242e-008,0.000220973
,,,7.77242e-008,0
,,,7.81242e-008,0.00110486
,,,7.85242e-008,0
,,,7.89242e-008,0.000662919
,,,7.93242e-008,0.000662919
,,,7.97242e-008,0.000662919
,,,8.01242e-008,0
,,,8.05242e-008,0
,,,8.09242e-008,0
,,,8.13242e-008,0.000220973
,,,8.17242e-008,0
,,,8.21242e-008,-0.000220973
,,,8.25242e-008,0.000220973
,,,8.29242e-008,0.000441946
,,,8.33242e-008,0.000662919
,,,8.37242e-008,0.000220973
,,,8.41242e-008,-0.000441946
,,,8.45242e-008,0.000662919
,,,8.49242e-008,0
,,,8.53242e-008,-0.000220973
,,,8.57242e-008,0.000220973
,,,8.61242e-008,-0.000220973
,,,8.65242e-008,0.000883892
,,,8.69242e-008,0.000441946
,,,8.73242e-008,0
,,,8.77242e-008,0.000441946
,,,8.81242e-008,0.00110486
,,,8.85242e-008,0
,,,8.89242e-008,0.000220973
,,,8.93242e-008,0.000662919
,,,8.97242e-008,0
,,,9.01242e-008,-0.000441946
,,,9.05242e-008,0.000441946
,,,9.09242e-008,0
,,,9.13242e-008,0.000220973
,,,9.17242e-008,0.000883892
,,,9.21242e-008,0.000220973
,,,9.25242e-008,0.000441946
,,,9.29242e-008,0.000662919
,,,9.33242e-008,0.000883892
,,,9.37242e-008,0.000883892
,,,9.41242e-008,0.00132584
,,,9.45242e-008,0.00198876
,,,9.49242e-008,0.00265168
,,,9.53242e-008,0.00441946
,,,9.57242e-008,0.00397751
,,,9.61242e-008,0.00508238
,,,9.65242e-008,0.00751308
,,,9.69242e-008,0.00839697
,,,9.73242e-008,0.00972281
,,,9.77242e-008,0.0108277
,,,9.81242e-008,0.0114906
,,,9.85242e-008,0.0130374
,,,9.89242e-008,0.0141423
,,,9.93242e-008,0.0141423
,,,9.97242e-008,0.0152471
,,,1.00124e-007,0.0141423
,,,1.00524e-007,0.0159101
,,,1.00924e-007,0.0152471
,,,1.01324e-007,0.0154681
,,,1.01724e-007,0.016352
,,,1.02124e-007,0.0170149
,,,1.02524e-007,0.0167939
,,,1.02924e-007,0.0170149
,,,1.03324e-007,0.0181198
,,,1.03724e-007,0.0167939
,,,1.04124e-007,0.0172359
,,,1.04524e-007,0.0172359
,,,1.04924e-007,0.0172359
,,,1.05324e-007,0.0170149
,,,1.05724e-007,0.0176778
,,,1.06124e-007,0.0170149
,,,1.06524e-007,0.0176778
,,,1.06924e-007,0.0178988
,,,1.07324e-007,0.0172359
,,,1.07724e-007,0.0170149
,,,1.08124e-007,0.0178988
,,,1.08524e-007,0.0170149
,,,1.08924e-007,0.0176778
,,,1.09324e-007,0.0172359
,,,1.09724e-007,0.0176778
,,,1.10124e-007,0.0174569
,,,1.10524e-007,0.0176778
,,,1.10924e-007,0.0172359
,,,1.11324e-007,0.0178988
,,,1.11724e-007,0.0181198
,,,1.12124e-007,0.0178988
,,,1.12524e-007,0.0181198
,,,1.12924e-007,0.0170149
,,,1.13324e-007,0.0181198
,,,1.13724e-007,0.0176778
,,,1.14124e-007,0.0176778
,,,1.14524e-007,0.0181198
,,,1.14924e-007,0.0172359
,,,1.15324e-007,0.0181198
,,,1.15724e-007,0.0185617
,,,1.16124e-007,0.0174569
,,,1.16524e-007,0.0174569
,,,1.16924e-007,0.0167939
,,,1.17324e-007,0.0172359
,,,1.17724e-007,0.0167939
,,,1.18124e-007,0.0170149
,,,1.18524e-007,0.0174569
,,,1.18924e-007,0.0178988
,,,1.19324e-007,0.0181198
,,,1.19724e-007,0.0176778
,,,1.20124e-007,0.0183408
,,,1.20524e-007,0.0183408
,,,1.20924e-007,0.0187827
,,,1.21324e-007,0.0187827
,,,1.21724e-007,0.0190037
,,,1.22124e-007,0.0183408
,,,1.22524e-007,0.0201085
,,,1.22924e-007,0.0187827
,,,1.23324e-007,0.0192246
,,,1.23724e-007,0.0198876
,,,1.24124e-007,0.0209924
,,,1.24524e-007,0.0201085
,,,1.24924e-007,0.0205505
,,,1.25324e-007,0.0205505
,,,1.25724e-007,0.0212134
,,,1.26124e-007,0.0212134
,,,1.26524e-007,0.0201085
,,,1.26924e-007,0.0198876
,,,1.27324e-007,0.0203295
,,,1.27724e-007,0.0201085
,,,1.28124e-007,0.0192246
,,,1.28524e-007,0.0192246
,,,1.28924e-007,0.0198876
,,,1.29324e-007,0.0181198
,,,1.29724e-007,0.0190037
,,,1.30124e-007,0.0183408
,,,1.30524e-007,0.0181198
,,,1.30924e-007,0.0185617
,,,1.31324e-007,0.0183408
,,,1.31724e-007,0.0178988
,,,1.32124e-007,0.0170149
,,,1.32524e-007,0.0167939
,,,1.32924e-007,0.0167939
,,,1.33324e-007,0.0167939
,,,1.33724e-007,0.0172359
,,,1.34124e-007,0.0167939
,,,1.34524e-007,0.016573
,,,1.34924e-007,0.016573
,,,1.35324e-007,0.016352
,,,1.35724e-007,0.0167939
,,,1.36124e-007,0.016573
,,,1.36524e-007,0.016131
,,,1.36924e-007,0.0156891
,,,1.37324e-007,0.016131
,,,1.37724e-007,0.016131
,,,1.38124e-007,0.0159101
,,,1.38524e-007,0.016131
,,,1.38924e-007,0.0159101
,,,1.39324e-007,0.0152471
,,,1.39724e-007,0.0156891
,,,1.40124e-007,0.0154681
,,,1.40524e-007,0.0152471
,,,1.40924e-007,0.0159101
,,,1.41324e-007,0.0152471
,,,1.41724e-007,0.0152471
,,,1.42124e-007,0.0156891
,,,1.42524e-007,0.0154681
,,,1.42924e-007,0.0154681
,,,1.43324e-007,0.0143632
,,,1.43724e-007,0.0152471
,,,1.44124e-007,0.0152471
,,,1.44524e-007,0.0156891
,,,1.44924e-007,0.0145842
,,,1.45324e-007,0.0150262
,,,1.45724e-007,0.0152471
,,,1.46124e-007,0.0154681
,,,1.46524e-007,0.0150262
,,,1.46924e-007,0.0145842
,,,1.47324e-007,0.0145842
,,,1.47724e-007,0.0145842
,,,1.48124e-007,0.0148052
,,,1.48524e-007,0.0143632
,,,1.48924e-007,0.0143632
,,,1.49324e-007,0.0143632
,,,1.49724e-007,0.0143632
,,,1.50124e-007,0.0143632
,,,1.50524e-007,0.0143632
,,,1.50924e-007,0.0141423
,,,1.51324e-007,0.0139213
,,,1.51724e-007,0.0143632
,,,1.52124e-007,0.0141423
,,,1.52524e-007,0.0141423
,,,1.52924e-007,0.0141423
,,,1.53324e-007,0.0141423
,,,1.53724e-007,0.0137003
,,,1.54124e-007,0.0132584
,,,1.54524e-007,0.0128164
,,,1.54924e-007,0.0130374
,,,1.55324e-007,0.0128164
,,,1.55724e-007,0.0123745
,,,1.56124e-007,0.0123745
,,,1.56524e-007,0.0114906
,,,1.56924e-007,0.0112696
,,,1.57324e-007,0.0114906
,,,1.57724e-007,0.0110486
,,,1.58124e-007,0.0112696
,,,1.58524e-007,0.0112696
,,,1.58924e-007,0.0110486
,,,1.59324e-007,0.0117116
,,,1.59724e-007,0.0125955
,,,1.60124e-007,0.0117116
,,,1.60524e-007,0.0121535
,,,1.60924e-007,0.0114906
,,,1.61324e-007,0.0125955
,,,1.61724e-007,0.0117116
,,,1.62124e-007,0.0123745
,,,1.62524e-007,0.0125955
,,,1.62924e-007,0.0119325
,,,1.63324e-007,0.0119325
,,,1.63724e-007,0.0123745
,,,1.64124e-007,0.0119325
,,,1.64524e-007,0.0117116
,,,1.64924e-007,0.0117116
,,,1.65324e-007,0.0117116
,,,1.65724e-007,0.0117116
,,,1.66124e-007,0.0117116
,,,1.66524e-007,0.0123745
,,,1.66924e-007,0.0123745
,,,1.67324e-007,0.0123745
,,,1.67724e-007,0.0123745
,,,1.68124e-007,0.0128164
,,,1.68524e-007,0.0125955
,,,1.68924e-007,0.0123745
,,,1.69324e-007,0.0125955
,,,1.69724e-007,0.0123745
,,,1.70124e-007,0.0117116
,,,1.70524e-007,0.0128164
,,,1.70924e-007,0.0132584
,,,1.71324e-007,0.0125955
,,,1.71724e-007,0.0128164
,,,1.72124e-007,0.0117116
,,,1.72524e-007,0.0123745
,,,1.72924e-007,0.0117116
,,,1.73324e-007,0.0119325
,,,1.73724e-007,0.0123745
,,,1.74124e-007,0.0123745
,,,1.74524e-007,0.0125955
,,,1.74924e-007,0.0128164
,,,1.75324e-007,0.0117116
,,,1.75724e-007,0.0128164
,,,1.76124e-007,0.0128164
,,,1.76524e-007,0.0132584
,,,1.76924e-007,0.0121535
,,,1.77324e-007,0.0121535
,,,1.77724e-007,0.0121535
,,,1.78124e-007,0.0119325
,,,1.78524e-007,0.0125955
,,,1.78924e-007,0.0121535
,,,1.79324e-007,0.0125955
,,,1.79724e-007,0.0128164
,,,1.80124e-007,0.0123745
,,,1.80524e-007,0.0125955
,,,1.80924e-007,0.0123745
,,,1.81324e-007,0.0125955
,,,1.81724e-007,0.0114906
,,,1.82124e-007,0.0112696
,,,1.82524e-007,0.0117116
,,,1.82924e-007,0.0121535
,,,1.83324e-007,0.0128164
,,,1.83724e-007,0.0119325
,,,1.84124e-007,0.0125955
,,,1.84524e-007,0.0125955
,,,1.84924e-007,0.0117116
,,,1.85324e-007,0.0125955
,,,1.85724e-007,0.0119325
,,,1.86124e-007,0.0117116
,,,1.86524e-007,0.0128164
,,,1.86924e-007,0.0125955
,,,1.87324e-007,0.0121535
,,,1.87724e-007,0.0125955
,,,1.88124e-007,0.0128164
,,,1.88524e-007,0.0130374
,,,1.88924e-007,0.0125955
,,,1.89324e-007,0.0128164
,,,1.89724e-007,0.0123745
,,,1.90124e-007,0.0134794
,,,1.90524e-007,0.0130374
,,,1.90924e-007,0.0125955
,,,1.91324e-007,0.0123745
,,,1.91724e-007,0.0134794
,,,1.92124e-007,0.0134794
,,,1.92524e-007,0.0132584
,,,1.92924e-007,0.0128164
,,,1.93324e-007,0.0137003
,,,1.93724e-007,0.0134794
,,,1.94124e-007,0.0134794
,,,1.94524e-007,0.0130374
,,,1.94924e-007,0.0141423
,,,1.95324e-007,0.0137003
,,,1.95724e-007,0.0132584
,,,1.96124e-007,0.0132584
,,,1.96524e-007,0.0134794
,,,1.96924e-007,0.0125955
,,,1.97324e-007,0.0128164
,,,1.97724e-007,0.0132584
,,,1.98124e-007,0.0130374
,,,1.98524e-007,0.0125955
,,,1.98924e-007,0.0121535
,,,1.99324e-007,0.0128164
,,,1.99724e-007,0.0130374
,,,2.00124e-007,0.0134794
,,,2.00524e-007,0.0130374
,,,2.00924e-007,0.0123745
,,,2.01324e-007,0.0128164
,,,2.01724e-007,0.0119325
,,,2.02124e-007,0.0114906
,,,2.02524e-007,0.0121535
,,,2.02924e-007,0.0125955
,,,2.03324e-007,0.0114906
,,,2.03724e-007,0.0117116
,,,2.04124e-007,0.0106067
,,,2.04524e-007,0.0110486
,,,2.04924e-007,0.0117116
,,,2.05324e-007,0.0103857
,,,2.05724e-007,0.0106067
,,,2.06124e-007,0.0117116
,,,2.06524e-007,0.0106067
,,,2.06924e-007,0.0108277
,,,2.07324e-007,0.0101648
,,,2.07724e-007,0.00994378
,,,2.08124e-007,0.00950184
,,,2.08524e-007,0.00883892
,,,2.08924e-007,0.00839697
,,,2.09324e-007,0.00883892
,,,2.09724e-007,0.00861795
,,,2.10124e-007,0.00751308
,,,2.10524e-007,0.00707114
,,,2.10924e-007,0.00751308
,,,2.11324e-007,0.00685016
,,,2.11724e-007,0.00685016
,,,2.12124e-007,0.00552432
,,,2.12524e-007,0.00530335
,,,2.12924e-007,0.00552432
,,,2.13324e-007,0.00508238
,,,2.13724e-007,0.00486141
,,,2.14124e-007,0.00419849
,,,2.14524e-007,0.00419849
,,,2.14924e-007,0.00353557
,,,2.15324e-007,0.00309362
,,,2.15724e-007,0.00397751
,,,2.16124e-007,0.00464043
,,,2.16524e-007,0.00331459
,,,2.16924e-007,0.0024307
,,,2.17324e-007,0.00265168
,,,2.17724e-007,0.00287265
,,,2.18124e-007,0.00220973
,,,2.18524e-007,0.00220973
,,,2.18924e-007,0.00265168
,,,2.19324e-007,0.00265168
,,,2.19724e-007,0.00198876
,,,2.20124e-007,0.00198876
,,,2.20524e-007,0.00176778
,,,2.20924e-007,0.00132584
,,,2.21324e-007,0.00154681
,,,2.21724e-007,0.00176778
,,,2.22124e-007,0.000662919
,,,2.22524e-007,0.00132584
,,,2.22924e-007,0.00110486
,,,2.23324e-007,0.00110486
,,,2.23724e-007,0.00198876
,,,2.24124e-007,0.000883892
,,,2.24524e-007,0.000883892
,,,2.24924e-007,0.00154681
,,,2.25324e-007,0.00132584
,,,2.25724e-007,0.000441946
,,,2.26124e-007,0.00110486
,,,2.26524e-007,0.00110486
,,,2.26924e-007,0.00132584
,,,2.27324e-007,0.000883892
,,,2.27724e-007,0.00110486
,,,2.28124e-007,0.000441946
,,,2.28524e-007,0.000662919
,,,2.28924e-007,0.000220973
,,,2.29324e-007,0.000441946
,,,2.29724e-007,0.000662919
,,,2.30124e-007,0.000220973
,,,2.30524e-007,-0.000441946
,,,2.30924e-007,0.000662919
,,,2.31324e-007,0
,,,2.31724e-007,0.000441946
,,,2.32124e-007,0.000883892
,,,2.32524e-007,0.000883892
,,,2.32924e-007,0.000662919
,,,2.33324e-007,0.00110486
,,,2.33724e-007,0.000662919
,,,2.34124e-007,0.000220973
,,,2.34524e-007,0.000662919
,,,2.34924e-007,-0.000220973
,,,2.35324e-007,-0.000441946
,,,2.35724e-007,0
,,,2.36124e-007,-0.000220973
,,,2.36524e-007,-0.00110486
,,,2.36924e-007,-0.000220973
,,,2.37324e-007,-0.000883892
,,,2.37724e-007,-0.000220973
,,,2.38124e-007,-0.000441946
,,,2.38524e-007,-0.00176778
,,,2.38924e-007,-0.000441946
,,,2.39324e-007,-0.00110486
,,,2.39724e-007,0.000220973
,,,2.40124e-007,-0.000662919
,,,2.40524e-007,-0.000441946
,,,2.40924e-007,-0.00110486
,,,2.41324e-007,-0.000220973
,,,2.41724e-007,-0.000662919
,,,2.42124e-007,-0.00110486
,,,2.42524e-007,-0.000441946
,,,2.42924e-007,-0.000441946
,,,2.43324e-007,-0.000441946
,,,2.43724e-007,-0.000662919
,,,2.44124e-007,-0.000441946
,,,2.44524e-007,-0.000220973
,,,2.44924e-007,-0.000441946
,,,2.45324e-007,-0.00110486
,,,2.45724e-007,-0.000441946
,,,2.46124e-007,-0.000220973
,,,2.46524e-007,0
,,,2.46924e-007,0.000220973
,,,2.47324e-007,-0.000441946
,,,2.47724e-007,-0.000883892
,,,2.48124e-007,0
,,,2.48524e-007,0.000220973
,,,2.48924e-007,0.000220973
,,,2.49324e-007,0
,,,2.49724e-007,-0.000662919
,,,2.50124e-007,0.000220973
