"Record Length",1252,"Points",-2.50009e-007,0.00110486
"Sample Interval",4e-010,s,-2.49609e-007,0.000220973
"Trigger Point",625,"Samples",-2.49209e-007,0.000220973
"Trigger Time",0.0227162,s,-2.48809e-007,-0.000662919
,,,-2.48409e-007,0.000220973
"Horizontal Offset",-2.50009e-007,s,-2.48009e-007,0.000662919
,,,-2.47609e-007,0
,,,-2.47209e-007,-0.000441946
,,,-2.46809e-007,-0.000441946
,,,-2.46409e-007,0
,,,-2.46009e-007,0.000441946
,,,-2.45609e-007,0.000883892
,,,-2.45209e-007,0.000441946
,,,-2.44809e-007,0
,,,-2.44409e-007,0.000883892
,,,-2.44009e-007,0.000883892
,,,-2.43609e-007,0.000662919
,,,-2.43209e-007,0.000220973
,,,-2.42809e-007,0.000220973
,,,-2.42409e-007,0.000883892
,,,-2.42009e-007,0.000441946
,,,-2.41609e-007,0.000441946
,,,-2.41209e-007,0.000220973
,,,-2.40809e-007,0
,,,-2.40409e-007,0.000220973
,,,-2.40009e-007,0
,,,-2.39609e-007,-0.000220973
,,,-2.39209e-007,0.000220973
,,,-2.38809e-007,-0.000441946
,,,-2.38409e-007,0.000662919
,,,-2.38009e-007,0
,,,-2.37609e-007,0.000441946
,,,-2.37209e-007,0.000662919
,,,-2.36809e-007,0.000441946
,,,-2.36409e-007,0.000220973
,,,-2.36009e-007,0.000883892
,,,-2.35609e-007,0.000662919
,,,-2.35209e-007,0.000662919
,,,-2.34809e-007,-0.000220973
,,,-2.34409e-007,0.000662919
,,,-2.34009e-007,0.000662919
,,,-2.33609e-007,0.000883892
,,,-2.33209e-007,0.000220973
,,,-2.32809e-007,0.000220973
,,,-2.32409e-007,0
,,,-2.32009e-007,0.000220973
,,,-2.31609e-007,0.000441946
,,,-2.31209e-007,0
,,,-2.30809e-007,0.000441946
,,,-2.30409e-007,0
,,,-2.30009e-007,-0.000220973
,,,-2.29609e-007,0.000662919
,,,-2.29209e-007,-0.000220973
,,,-2.28809e-007,0.000883892
,,,-2.28409e-007,0.000220973
,,,-2.28009e-007,0.000883892
,,,-2.27609e-007,0.000662919
,,,-2.27209e-007,-0.000220973
,,,-2.26809e-007,0.000662919
,,,-2.26409e-007,0.000441946
,,,-2.26009e-007,0.000220973
,,,-2.25609e-007,0.000662919
,,,-2.25209e-007,0.000220973
,,,-2.24809e-007,0.000441946
,,,-2.24409e-007,0.000220973
,,,-2.24009e-007,0.000662919
,,,-2.23609e-007,0.000220973
,,,-2.23209e-007,0.000662919
,,,-2.22809e-007,0.000220973
,,,-2.22409e-007,-0.000220973
,,,-2.22009e-007,0
,,,-2.21609e-007,0.00110486
,,,-2.21209e-007,0.000883892
,,,-2.20809e-007,0.000662919
,,,-2.20409e-007,0.000441946
,,,-2.20009e-007,0.000220973
,,,-2.19609e-007,0
,,,-2.19209e-007,0.000662919
,,,-2.18809e-007,0.000441946
,,,-2.18409e-007,0.000220973
,,,-2.18009e-007,0.000662919
,,,-2.17609e-007,0.000220973
,,,-2.17209e-007,-0.000441946
,,,-2.16809e-007,0.000441946
,,,-2.16409e-007,0.000220973
,,,-2.16009e-007,0
,,,-2.15609e-007,0.000441946
,,,-2.15209e-007,0.000662919
,,,-2.14809e-007,-0.000220973
,,,-2.14409e-007,-0.000662919
,,,-2.14009e-007,0
,,,-2.13609e-007,0.000883892
,,,-2.13209e-007,0.000662919
,,,-2.12809e-007,0.000441946
,,,-2.12409e-007,0.000662919
,,,-2.12009e-007,0.000441946
,,,-2.11609e-007,0.000441946
,,,-2.11209e-007,0.000220973
,,,-2.10809e-007,0.000662919
,,,-2.10409e-007,0.000662919
,,,-2.10009e-007,0.000441946
,,,-2.09609e-007,0.000883892
,,,-2.09209e-007,0.000441946
,,,-2.08809e-007,0.000220973
,,,-2.08409e-007,0
,,,-2.08009e-007,0.000220973
,,,-2.07609e-007,0
,,,-2.07209e-007,0.000662919
,,,-2.06809e-007,-0.000220973
,,,-2.06409e-007,0.000441946
,,,-2.06009e-007,0.000441946
,,,-2.05609e-007,0.000662919
,,,-2.05209e-007,0.000662919
,,,-2.04809e-007,0.000220973
,,,-2.04409e-007,0.000441946
,,,-2.04009e-007,0.000662919
,,,-2.03609e-007,0.000441946
,,,-2.03209e-007,0
,,,-2.02809e-007,0
,,,-2.02409e-007,0.000883892
,,,-2.02009e-007,0.000441946
,,,-2.01609e-007,0.00132584
,,,-2.01209e-007,0.000441946
,,,-2.00809e-007,0.000662919
,,,-2.00409e-007,0.000883892
,,,-2.00009e-007,0.00110486
,,,-1.99609e-007,0.000441946
,,,-1.99209e-007,0.000441946
,,,-1.98809e-007,0
,,,-1.98409e-007,0.000441946
,,,-1.98009e-007,-0.000220973
,,,-1.97609e-007,0.000662919
,,,-1.97209e-007,0.000220973
,,,-1.96809e-007,0.00110486
,,,-1.96409e-007,-0.000662919
,,,-1.96009e-007,0.00110486
,,,-1.95609e-007,0.000662919
,,,-1.95209e-007,0.000883892
,,,-1.94809e-007,0.000662919
,,,-1.94409e-007,0.000883892
,,,-1.94009e-007,0.000441946
,,,-1.93609e-007,0.000441946
,,,-1.93209e-007,0.000220973
,,,-1.92809e-007,0.000662919
,,,-1.92409e-007,0.000220973
,,,-1.92009e-007,0
,,,-1.91609e-007,0.000220973
,,,-1.91209e-007,0.000220973
,,,-1.90809e-007,0.000441946
,,,-1.90409e-007,0.000662919
,,,-1.90009e-007,0
,,,-1.89609e-007,0.000662919
,,,-1.89209e-007,0.000441946
,,,-1.88809e-007,0.000883892
,,,-1.88409e-007,0.000441946
,,,-1.88009e-007,0.000883892
,,,-1.87609e-007,0.000441946
,,,-1.87209e-007,0.000441946
,,,-1.86809e-007,0.000662919
,,,-1.86409e-007,0.000220973
,,,-1.86009e-007,0.000441946
,,,-1.85609e-007,0.000662919
,,,-1.85209e-007,0.000441946
,,,-1.84809e-007,0.000220973
,,,-1.84409e-007,0.000220973
,,,-1.84009e-007,0.000883892
,,,-1.83609e-007,0.000662919
,,,-1.83209e-007,0.000441946
,,,-1.82809e-007,-0.000220973
,,,-1.82409e-007,0
,,,-1.82009e-007,0.000441946
,,,-1.81609e-007,0.000441946
,,,-1.81209e-007,0.000220973
,,,-1.80809e-007,0.000883892
,,,-1.80409e-007,0.000220973
,,,-1.80009e-007,0.000662919
,,,-1.79609e-007,0.000441946
,,,-1.79209e-007,0.000220973
,,,-1.78809e-007,0
,,,-1.78409e-007,-0.000220973
,,,-1.78009e-007,-0.000220973
,,,-1.77609e-007,0.000441946
,,,-1.77209e-007,-0.000220973
,,,-1.76809e-007,0.000220973
,,,-1.76409e-007,0.000441946
,,,-1.76009e-007,0.000220973
,,,-1.75609e-007,0.000662919
,,,-1.75209e-007,0.000441946
,,,-1.74809e-007,-0.000441946
,,,-1.74409e-007,0.000441946
,,,-1.74009e-007,0.000220973
,,,-1.73609e-007,0.000662919
,,,-1.73209e-007,0.000220973
,,,-1.72809e-007,-0.000441946
,,,-1.72409e-007,0
,,,-1.72009e-007,0.000441946
,,,-1.71609e-007,0
,,,-1.71209e-007,0.000883892
,,,-1.70809e-007,0.000662919
,,,-1.70409e-007,0.000441946
,,,-1.70009e-007,0.000441946
,,,-1.69609e-007,0.000220973
,,,-1.69209e-007,0
,,,-1.68809e-007,0.00110486
,,,-1.68409e-007,0.000220973
,,,-1.68009e-007,0.000220973
,,,-1.67609e-007,0.00110486
,,,-1.67209e-007,0.000662919
,,,-1.66809e-007,-0.000220973
,,,-1.66409e-007,0.000441946
,,,-1.66009e-007,0.000220973
,,,-1.65609e-007,0.000220973
,,,-1.65209e-007,0.000662919
,,,-1.64809e-007,0.000220973
,,,-1.64409e-007,0.000441946
,,,-1.64009e-007,0.000662919
,,,-1.63609e-007,0
,,,-1.63209e-007,0
,,,-1.62809e-007,0.000883892
,,,-1.62409e-007,0.000662919
,,,-1.62009e-007,0.000441946
,,,-1.61609e-007,0.000883892
,,,-1.61209e-007,0.000662919
,,,-1.60809e-007,0.000662919
,,,-1.60409e-007,0.000662919
,,,-1.60009e-007,-0.000220973
,,,-1.59609e-007,0.000220973
,,,-1.59209e-007,0.000441946
,,,-1.58809e-007,0
,,,-1.58409e-007,0
,,,-1.58009e-007,0
,,,-1.57609e-007,0.000662919
,,,-1.57209e-007,0.000662919
,,,-1.56809e-007,0.00110486
,,,-1.56409e-007,0.000220973
,,,-1.56009e-007,0.000220973
,,,-1.55609e-007,0.000220973
,,,-1.55209e-007,0.000220973
,,,-1.54809e-007,0.000441946
,,,-1.54409e-007,0.00110486
,,,-1.54009e-007,0.000220973
,,,-1.53609e-007,0.000441946
,,,-1.53209e-007,0.000662919
,,,-1.52809e-007,0.000662919
,,,-1.52409e-007,0.000441946
,,,-1.52009e-007,0.000220973
,,,-1.51609e-007,-0.000220973
,,,-1.51209e-007,0
,,,-1.50809e-007,0.000883892
,,,-1.50409e-007,0.000662919
,,,-1.50009e-007,0.000662919
,,,-1.49609e-007,0.000441946
,,,-1.49209e-007,0.000220973
,,,-1.48809e-007,0.000441946
,,,-1.48409e-007,0.000662919
,,,-1.48009e-007,0.00132584
,,,-1.47609e-007,0.000441946
,,,-1.47209e-007,0.000662919
,,,-1.46809e-007,0.00110486
,,,-1.46409e-007,0.000220973
,,,-1.46009e-007,0.000662919
,,,-1.45609e-007,0.000441946
,,,-1.45209e-007,0.000220973
,,,-1.44809e-007,-0.000441946
,,,-1.44409e-007,0.000220973
,,,-1.44009e-007,0.000441946
,,,-1.43609e-007,0.000662919
,,,-1.43209e-007,0
,,,-1.42809e-007,-0.000220973
,,,-1.42409e-007,0.000883892
,,,-1.42009e-007,0.000220973
,,,-1.41609e-007,0.000883892
,,,-1.41209e-007,0.00110486
,,,-1.40809e-007,0.000441946
,,,-1.40409e-007,-0.000220973
,,,-1.40009e-007,0.00110486
,,,-1.39609e-007,0.000441946
,,,-1.39209e-007,0.000441946
,,,-1.38809e-007,0.000220973
,,,-1.38409e-007,-0.000220973
,,,-1.38009e-007,0
,,,-1.37609e-007,0.000883892
,,,-1.37209e-007,0.000883892
,,,-1.36809e-007,0.000662919
,,,-1.36409e-007,0.000662919
,,,-1.36009e-007,0
,,,-1.35609e-007,0.000441946
,,,-1.35209e-007,0.000441946
,,,-1.34809e-007,-0.000441946
,,,-1.34409e-007,-0.000220973
,,,-1.34009e-007,0.000441946
,,,-1.33609e-007,0.000441946
,,,-1.33209e-007,0.000441946
,,,-1.32809e-007,0.000662919
,,,-1.32409e-007,0
,,,-1.32009e-007,0.000441946
,,,-1.31609e-007,0.000441946
,,,-1.31209e-007,0.000220973
,,,-1.30809e-007,0.000441946
,,,-1.30409e-007,0.000662919
,,,-1.30009e-007,0.000441946
,,,-1.29609e-007,0.000883892
,,,-1.29209e-007,0.000883892
,,,-1.28809e-007,0.000662919
,,,-1.28409e-007,-0.000220973
,,,-1.28009e-007,0.000220973
,,,-1.27609e-007,0
,,,-1.27209e-007,0.000220973
,,,-1.26809e-007,0.000662919
,,,-1.26409e-007,0.000441946
,,,-1.26009e-007,0
,,,-1.25609e-007,0.00110486
,,,-1.25209e-007,0.000662919
,,,-1.24809e-007,0.000662919
,,,-1.24409e-007,-0.000220973
,,,-1.24009e-007,0.00110486
,,,-1.23609e-007,0.000662919
,,,-1.23209e-007,0.000220973
,,,-1.22809e-007,0
,,,-1.22409e-007,0.000220973
,,,-1.22009e-007,0.000441946
,,,-1.21609e-007,0.000662919
,,,-1.21209e-007,0
,,,-1.20809e-007,-0.000441946
,,,-1.20409e-007,0.000220973
,,,-1.20009e-007,0.000441946
,,,-1.19609e-007,0.000662919
,,,-1.19209e-007,0.000220973
,,,-1.18809e-007,-0.000441946
,,,-1.18409e-007,0
,,,-1.18009e-007,0
,,,-1.17609e-007,0.000662919
,,,-1.17209e-007,0.000220973
,,,-1.16809e-007,-0.000220973
,,,-1.16409e-007,0.000883892
,,,-1.16009e-007,0.000220973
,,,-1.15609e-007,0.000220973
,,,-1.15209e-007,0
,,,-1.14809e-007,0.000883892
,,,-1.14409e-007,0.000883892
,,,-1.14009e-007,0.000441946
,,,-1.13609e-007,0.000883892
,,,-1.13209e-007,0.000220973
,,,-1.12809e-007,0.000883892
,,,-1.12409e-007,0.000441946
,,,-1.12009e-007,0.000220973
,,,-1.11609e-007,0.000441946
,,,-1.11209e-007,0.000662919
,,,-1.10809e-007,0.000220973
,,,-1.10409e-007,0.000441946
,,,-1.10009e-007,0.00110486
,,,-1.09609e-007,0.000883892
,,,-1.09209e-007,0.000662919
,,,-1.08809e-007,0.000441946
,,,-1.08409e-007,0
,,,-1.08009e-007,0.000220973
,,,-1.07609e-007,0.000441946
,,,-1.07209e-007,0
,,,-1.06809e-007,0.000220973
,,,-1.06409e-007,0.000441946
,,,-1.06009e-007,0
,,,-1.05609e-007,0.000441946
,,,-1.05209e-007,0.000883892
,,,-1.04809e-007,0.000220973
,,,-1.04409e-007,0.000441946
,,,-1.04009e-007,0
,,,-1.03609e-007,-0.000220973
,,,-1.03209e-007,0.000220973
,,,-1.02809e-007,0.000441946
,,,-1.02409e-007,0.000662919
,,,-1.02009e-007,-0.000662919
,,,-1.01609e-007,0.000883892
,,,-1.01209e-007,0.000441946
,,,-1.00809e-007,0
,,,-1.00409e-007,0.000220973
,,,-1.00009e-007,0.000441946
,,,-9.96091e-008,-0.000220973
,,,-9.92091e-008,0.000220973
,,,-9.88091e-008,0
,,,-9.84091e-008,0.000220973
,,,-9.80091e-008,0.000220973
,,,-9.76091e-008,0.000441946
,,,-9.72091e-008,0.000441946
,,,-9.68091e-008,-0.000220973
,,,-9.64091e-008,0
,,,-9.60091e-008,0
,,,-9.56091e-008,0.000220973
,,,-9.52091e-008,0.000662919
,,,-9.48091e-008,0.000220973
,,,-9.44091e-008,0.00132584
,,,-9.40091e-008,0.000220973
,,,-9.36091e-008,0.000441946
,,,-9.32091e-008,0
,,,-9.28091e-008,0.000220973
,,,-9.24091e-008,0.000662919
,,,-9.20091e-008,0.000662919
,,,-9.16091e-008,0.000220973
,,,-9.12091e-008,0.000662919
,,,-9.08091e-008,0.000662919
,,,-9.04091e-008,0.000220973
,,,-9.00091e-008,0.000220973
,,,-8.96091e-008,0.000220973
,,,-8.92091e-008,0.000220973
,,,-8.88091e-008,0
,,,-8.84091e-008,0.000662919
,,,-8.80091e-008,0
,,,-8.76091e-008,0
,,,-8.72091e-008,-0.000441946
,,,-8.68091e-008,0.000220973
,,,-8.64091e-008,0.000441946
,,,-8.60091e-008,0.00110486
,,,-8.56091e-008,0.00132584
,,,-8.52091e-008,0.000220973
,,,-8.48091e-008,0.000662919
,,,-8.44091e-008,0.000220973
,,,-8.40091e-008,0.000441946
,,,-8.36091e-008,0.000441946
,,,-8.32091e-008,0.000883892
,,,-8.28091e-008,0.000220973
,,,-8.24091e-008,0
,,,-8.20091e-008,0.000441946
,,,-8.16091e-008,0.00110486
,,,-8.12091e-008,-0.000220973
,,,-8.08091e-008,0.000220973
,,,-8.04091e-008,0.000220973
,,,-8.00091e-008,0.000220973
,,,-7.96091e-008,0.000220973
,,,-7.92091e-008,0.000662919
,,,-7.88091e-008,0.000441946
,,,-7.84091e-008,-0.000220973
,,,-7.80091e-008,0.000883892
,,,-7.76091e-008,0.000662919
,,,-7.72091e-008,0.000883892
,,,-7.68091e-008,0.000883892
,,,-7.64091e-008,0.000441946
,,,-7.60091e-008,0.00110486
,,,-7.56091e-008,0.000883892
,,,-7.52091e-008,0.000220973
,,,-7.48091e-008,0
,,,-7.44091e-008,0
,,,-7.40091e-008,0.00110486
,,,-7.36091e-008,0.000441946
,,,-7.32091e-008,0.000220973
,,,-7.28091e-008,0.000441946
,,,-7.24091e-008,0.000883892
,,,-7.20091e-008,0
,,,-7.16091e-008,0.000662919
,,,-7.12091e-008,0
,,,-7.08091e-008,0.000220973
,,,-7.04091e-008,0
,,,-7.00091e-008,0
,,,-6.96091e-008,0.000662919
,,,-6.92091e-008,0.000441946
,,,-6.88091e-008,0.000883892
,,,-6.84091e-008,0
,,,-6.80091e-008,0.000441946
,,,-6.76091e-008,0
,,,-6.72091e-008,0.000220973
,,,-6.68091e-008,0.000883892
,,,-6.64091e-008,0.000220973
,,,-6.60091e-008,0.000662919
,,,-6.56091e-008,0.000883892
,,,-6.52091e-008,0.000220973
,,,-6.48091e-008,0.000441946
,,,-6.44091e-008,0.000662919
,,,-6.40091e-008,0.000441946
,,,-6.36091e-008,0.000441946
,,,-6.32091e-008,0.000220973
,,,-6.28091e-008,-0.000220973
,,,-6.24091e-008,0
,,,-6.20091e-008,0
,,,-6.16091e-008,0.000441946
,,,-6.12091e-008,0.000441946
,,,-6.08091e-008,-0.000662919
,,,-6.04091e-008,0
,,,-6.00091e-008,0.000441946
,,,-5.96091e-008,0
,,,-5.92091e-008,-0.000220973
,,,-5.88091e-008,0.000220973
,,,-5.84091e-008,0.000662919
,,,-5.80091e-008,0
,,,-5.76091e-008,0.000662919
,,,-5.72091e-008,0.00110486
,,,-5.68091e-008,0
,,,-5.64091e-008,0
,,,-5.60091e-008,0.000662919
,,,-5.56091e-008,0.000220973
,,,-5.52091e-008,-0.000220973
,,,-5.48091e-008,0
,,,-5.44091e-008,-0.000220973
,,,-5.40091e-008,0.000220973
,,,-5.36091e-008,0.00132584
,,,-5.32091e-008,0.000220973
,,,-5.28091e-008,0.000441946
,,,-5.24091e-008,0
,,,-5.20091e-008,0.000441946
,,,-5.16091e-008,0.000220973
,,,-5.12091e-008,0.000441946
,,,-5.08091e-008,0.000220973
,,,-5.04091e-008,0.000220973
,,,-5.00091e-008,0.000220973
,,,-4.96091e-008,0.000883892
,,,-4.92091e-008,0
,,,-4.88091e-008,0
,,,-4.84091e-008,0.000220973
,,,-4.80091e-008,0.000220973
,,,-4.76091e-008,0.00132584
,,,-4.72091e-008,0.000441946
,,,-4.68091e-008,0
,,,-4.64091e-008,0.000662919
,,,-4.60091e-008,0.000220973
,,,-4.56091e-008,0.000441946
,,,-4.52091e-008,0.00110486
,,,-4.48091e-008,0.000662919
,,,-4.44091e-008,0
,,,-4.40091e-008,-0.000441946
,,,-4.36091e-008,-0.000441946
,,,-4.32091e-008,0.000220973
,,,-4.28091e-008,0.000662919
,,,-4.24091e-008,0.000220973
,,,-4.20091e-008,0.000220973
,,,-4.16091e-008,0.000441946
,,,-4.12091e-008,0.000662919
,,,-4.08091e-008,0.000441946
,,,-4.04091e-008,0.00110486
,,,-4.00091e-008,-0.000220973
,,,-3.96091e-008,0
,,,-3.92091e-008,0.000441946
,,,-3.88091e-008,0.000220973
,,,-3.84091e-008,0.000220973
,,,-3.80091e-008,0.000662919
,,,-3.76091e-008,0
,,,-3.72091e-008,0
,,,-3.68091e-008,0
,,,-3.64091e-008,0
,,,-3.60091e-008,0.00110486
,,,-3.56091e-008,0.000220973
,,,-3.52091e-008,0.000220973
,,,-3.48091e-008,0.000441946
,,,-3.44091e-008,0.000883892
,,,-3.40091e-008,0.000662919
,,,-3.36091e-008,0.000220973
,,,-3.32091e-008,-0.000441946
,,,-3.28091e-008,0.000220973
,,,-3.24091e-008,0
,,,-3.20091e-008,-0.000220973
,,,-3.16091e-008,0.000441946
,,,-3.12091e-008,0
,,,-3.08091e-008,0.000441946
,,,-3.04091e-008,0.000220973
,,,-3.00091e-008,0
,,,-2.96091e-008,0.000883892
,,,-2.92091e-008,0.000220973
,,,-2.88091e-008,0.000441946
,,,-2.84091e-008,0.00110486
,,,-2.80091e-008,0.00132584
,,,-2.76091e-008,0
,,,-2.72091e-008,0.000883892
,,,-2.68091e-008,0.000220973
,,,-2.64091e-008,0.000220973
,,,-2.60091e-008,-0.000220973
,,,-2.56091e-008,0.000883892
,,,-2.52091e-008,0.000220973
,,,-2.48091e-008,0
,,,-2.44091e-008,0
,,,-2.40091e-008,0.000441946
,,,-2.36091e-008,0.000441946
,,,-2.32091e-008,0
,,,-2.28091e-008,-0.000220973
,,,-2.24091e-008,0.000883892
,,,-2.20091e-008,-0.000441946
,,,-2.16091e-008,0.000662919
,,,-2.12091e-008,0.00110486
,,,-2.08091e-008,0.000441946
,,,-2.04091e-008,0.000220973
,,,-2.00091e-008,0.000662919
,,,-1.96091e-008,0.000441946
,,,-1.92091e-008,0
,,,-1.88091e-008,0.000441946
,,,-1.84091e-008,0
,,,-1.80091e-008,0.000662919
,,,-1.76091e-008,0.000662919
,,,-1.72091e-008,0
,,,-1.68091e-008,-0.000441946
,,,-1.64091e-008,0.000441946
,,,-1.60091e-008,0.000220973
,,,-1.56091e-008,0.000441946
,,,-1.52091e-008,0.000662919
,,,-1.48091e-008,-0.000220973
,,,-1.44091e-008,0.000662919
,,,-1.40091e-008,0.000220973
,,,-1.36091e-008,0.000220973
,,,-1.32091e-008,0.000441946
,,,-1.28091e-008,0.000441946
,,,-1.24091e-008,0
,,,-1.20091e-008,0.000662919
,,,-1.16091e-008,0.000441946
,,,-1.12091e-008,0.000220973
,,,-1.08091e-008,0
,,,-1.04091e-008,0.000441946
,,,-1.00091e-008,0.000220973
,,,-9.60909e-009,0.000220973
,,,-9.20909e-009,0.000441946
,,,-8.80909e-009,0.000662919
,,,-8.40909e-009,0.000662919
,,,-8.00909e-009,0.000441946
,,,-7.60909e-009,0.000220973
,,,-7.20909e-009,0.000441946
,,,-6.80909e-009,0
,,,-6.40909e-009,-0.000441946
,,,-6.00909e-009,0.000220973
,,,-5.60909e-009,0.000662919
,,,-5.20909e-009,-0.000441946
,,,-4.80909e-009,-0.000220973
,,,-4.40909e-009,0.000883892
,,,-4.00909e-009,0.000883892
,,,-3.60909e-009,0.000220973
,,,-3.20909e-009,0.000441946
,,,-2.80909e-009,0.000662919
,,,-2.40909e-009,0.000441946
,,,-2.00909e-009,0.000883892
,,,-1.60909e-009,0.000441946
,,,-1.20909e-009,0.000220973
,,,-8.09086e-010,0.000662919
,,,-4.09086e-010,-0.000220973
,,,-9.08648e-012,-0.000883892
,,,3.90914e-010,-0.000220973
,,,7.90914e-010,0.000220973
,,,1.19091e-009,0.000220973
,,,1.59091e-009,0.000883892
,,,1.99091e-009,0.000662919
,,,2.39091e-009,0.000441946
,,,2.79091e-009,0.000883892
,,,3.19091e-009,0.000662919
,,,3.59091e-009,0.000220973
,,,3.99091e-009,0.000883892
,,,4.39091e-009,0.000883892
,,,4.79091e-009,0.000441946
,,,5.19091e-009,0
,,,5.59091e-009,-0.000220973
,,,5.99091e-009,0.000441946
,,,6.39091e-009,0.00110486
,,,6.79091e-009,0.000662919
,,,7.19091e-009,0.000220973
,,,7.59091e-009,0
,,,7.99091e-009,0.000220973
,,,8.39091e-009,0
,,,8.79091e-009,-0.000220973
,,,9.19091e-009,0
,,,9.59091e-009,0.000662919
,,,9.99091e-009,0.000883892
,,,1.03909e-008,0.000441946
,,,1.07909e-008,0.000220973
,,,1.11909e-008,0.000441946
,,,1.15909e-008,0
,,,1.19909e-008,0.000220973
,,,1.23909e-008,0.000220973
,,,1.27909e-008,-0.000220973
,,,1.31909e-008,0.000441946
,,,1.35909e-008,0.000883892
,,,1.39909e-008,0.000883892
,,,1.43909e-008,0.000883892
,,,1.47909e-008,-0.000441946
,,,1.51909e-008,0.000441946
,,,1.55909e-008,0
,,,1.59909e-008,-0.000441946
,,,1.63909e-008,0
,,,1.67909e-008,0.000441946
,,,1.71909e-008,0
,,,1.75909e-008,0.000441946
,,,1.79909e-008,0.000220973
,,,1.83909e-008,0.000662919
,,,1.87909e-008,0.000662919
,,,1.91909e-008,0
,,,1.95909e-008,0.000883892
,,,1.99909e-008,0.000441946
,,,2.03909e-008,0.000662919
,,,2.07909e-008,0.000441946
,,,2.11909e-008,0.000441946
,,,2.15909e-008,0.000441946
,,,2.19909e-008,0.000883892
,,,2.23909e-008,0.000220973
,,,2.27909e-008,0
,,,2.31909e-008,0
,,,2.35909e-008,0.000220973
,,,2.39909e-008,0.000662919
,,,2.43909e-008,0.000441946
,,,2.47909e-008,-0.000220973
,,,2.51909e-008,-0.000220973
,,,2.55909e-008,0.000441946
,,,2.59909e-008,0.000220973
,,,2.63909e-008,0.000662919
,,,2.67909e-008,0.00110486
,,,2.71909e-008,0.000883892
,,,2.75909e-008,0.000441946
,,,2.79909e-008,0.000662919
,,,2.83909e-008,0.000441946
,,,2.87909e-008,-0.000220973
,,,2.91909e-008,0.000220973
,,,2.95909e-008,0.000220973
,,,2.99909e-008,0
,,,3.03909e-008,0.000441946
,,,3.07909e-008,0.000220973
,,,3.11909e-008,0.000441946
,,,3.15909e-008,-0.000220973
,,,3.19909e-008,-0.000662919
,,,3.23909e-008,0.000220973
,,,3.27909e-008,0.000883892
,,,3.31909e-008,0.000220973
,,,3.35909e-008,-0.000441946
,,,3.39909e-008,-0.000220973
,,,3.43909e-008,0
,,,3.47909e-008,0.000441946
,,,3.51909e-008,0.00110486
,,,3.55909e-008,0
,,,3.59909e-008,0.000441946
,,,3.63909e-008,0.000883892
,,,3.67909e-008,0.000220973
,,,3.71909e-008,0.000441946
,,,3.75909e-008,0.000441946
,,,3.79909e-008,0
,,,3.83909e-008,0.000883892
,,,3.87909e-008,0.00110486
,,,3.91909e-008,0.000441946
,,,3.95909e-008,0
,,,3.99909e-008,0
,,,4.03909e-008,0
,,,4.07909e-008,0.000662919
,,,4.11909e-008,0.000220973
,,,4.15909e-008,0.000220973
,,,4.19909e-008,0.000220973
,,,4.23909e-008,0.000441946
,,,4.27909e-008,0
,,,4.31909e-008,0.000220973
,,,4.35909e-008,0.000662919
,,,4.39909e-008,0.000662919
,,,4.43909e-008,0.000220973
,,,4.47909e-008,0.000662919
,,,4.51909e-008,0.000220973
,,,4.55909e-008,0.000220973
,,,4.59909e-008,0.000441946
,,,4.63909e-008,0.000220973
,,,4.67909e-008,0
,,,4.71909e-008,0
,,,4.75909e-008,0
,,,4.79909e-008,0.000220973
,,,4.83909e-008,0.00110486
,,,4.87909e-008,-0.000220973
,,,4.91909e-008,-0.000220973
,,,4.95909e-008,0
,,,4.99909e-008,-0.000220973
,,,5.03909e-008,0.000220973
,,,5.07909e-008,0.000883892
,,,5.11909e-008,0.000441946
,,,5.15909e-008,-0.000441946
,,,5.19909e-008,0.000662919
,,,5.23909e-008,0.000220973
,,,5.27909e-008,0.000441946
,,,5.31909e-008,0.000441946
,,,5.35909e-008,0
,,,5.39909e-008,-0.000662919
,,,5.43909e-008,0.000883892
,,,5.47909e-008,0.000441946
,,,5.51909e-008,0.000220973
,,,5.55909e-008,0.000441946
,,,5.59909e-008,0.000441946
,,,5.63909e-008,0
,,,5.67909e-008,0.000883892
,,,5.71909e-008,-0.000441946
,,,5.75909e-008,0.000220973
,,,5.79909e-008,-0.000441946
,,,5.83909e-008,0.000441946
,,,5.87909e-008,0.000441946
,,,5.91909e-008,0.00132584
,,,5.95909e-008,-0.000220973
,,,5.99909e-008,0.000441946
,,,6.03909e-008,0.000662919
,,,6.07909e-008,0.000441946
,,,6.11909e-008,0.000220973
,,,6.15909e-008,0.000441946
,,,6.19909e-008,0.000662919
,,,6.23909e-008,0.000441946
,,,6.27909e-008,0.000220973
,,,6.31909e-008,0.000662919
,,,6.35909e-008,0.000220973
,,,6.39909e-008,0
,,,6.43909e-008,0.000662919
,,,6.47909e-008,0.000662919
,,,6.51909e-008,0.000441946
,,,6.55909e-008,-0.000220973
,,,6.59909e-008,-0.000662919
,,,6.63909e-008,0.000662919
,,,6.67909e-008,0.000662919
,,,6.71909e-008,-0.000220973
,,,6.75909e-008,0.000220973
,,,6.79909e-008,0.000220973
,,,6.83909e-008,0.000441946
,,,6.87909e-008,0.000662919
,,,6.91909e-008,0.000662919
,,,6.95909e-008,-0.000441946
,,,6.99909e-008,0.000441946
,,,7.03909e-008,0.000220973
,,,7.07909e-008,0.000220973
,,,7.11909e-008,-0.000441946
,,,7.15909e-008,0.000441946
,,,7.19909e-008,0.000441946
,,,7.23909e-008,0
,,,7.27909e-008,0
,,,7.31909e-008,0
,,,7.35909e-008,0.000662919
,,,7.39909e-008,0.000662919
,,,7.43909e-008,0.000441946
,,,7.47909e-008,0.000883892
,,,7.51909e-008,0.000220973
,,,7.55909e-008,0.000441946
,,,7.59909e-008,0.000662919
,,,7.63909e-008,-0.000220973
,,,7.67909e-008,0
,,,7.71909e-008,0.000662919
,,,7.75909e-008,0.000220973
,,,7.79909e-008,-0.000220973
,,,7.83909e-008,0.000662919
,,,7.87909e-008,0.000220973
,,,7.91909e-008,0.000441946
,,,7.95909e-008,0.000220973
,,,7.99909e-008,0
,,,8.03909e-008,0.000662919
,,,8.07909e-008,0.00110486
,,,8.11909e-008,0
,,,8.15909e-008,0
,,,8.19909e-008,0
,,,8.23909e-008,0.000441946
,,,8.27909e-008,0.000220973
,,,8.31909e-008,0.000220973
,,,8.35909e-008,-0.000220973
,,,8.39909e-008,0.000220973
,,,8.43909e-008,0.000883892
,,,8.47909e-008,0.000220973
,,,8.51909e-008,0
,,,8.55909e-008,0.00110486
,,,8.59909e-008,0.000220973
,,,8.63909e-008,0.000220973
,,,8.67909e-008,0.000883892
,,,8.71909e-008,0.000441946
,,,8.75909e-008,0.000441946
,,,8.79909e-008,0.000883892
,,,8.83909e-008,0.000441946
,,,8.87909e-008,0
,,,8.91909e-008,0
,,,8.95909e-008,0
,,,8.99909e-008,0.000441946
,,,9.03909e-008,0.000441946
,,,9.07909e-008,0.000441946
,,,9.11909e-008,0
,,,9.15909e-008,0
,,,9.19909e-008,0.00110486
,,,9.23909e-008,0.000883892
,,,9.27909e-008,0.00110486
,,,9.31909e-008,0.000883892
,,,9.35909e-008,0.00110486
,,,9.39909e-008,0.00176778
,,,9.43909e-008,0.00220973
,,,9.47909e-008,0.00265168
,,,9.51909e-008,0.00309362
,,,9.55909e-008,0.00353557
,,,9.59909e-008,0.00419849
,,,9.63909e-008,0.00618724
,,,9.67909e-008,0.00729211
,,,9.71909e-008,0.00795503
,,,9.75909e-008,0.00905989
,,,9.79909e-008,0.0110486
,,,9.83909e-008,0.0117116
,,,9.87909e-008,0.0123745
,,,9.91909e-008,0.0143632
,,,9.95909e-008,0.0143632
,,,9.99909e-008,0.0145842
,,,1.00391e-007,0.0150262
,,,1.00791e-007,0.016131
,,,1.01191e-007,0.0167939
,,,1.01591e-007,0.0167939
,,,1.01991e-007,0.0170149
,,,1.02391e-007,0.0167939
,,,1.02791e-007,0.016352
,,,1.03191e-007,0.0178988
,,,1.03591e-007,0.0170149
,,,1.03991e-007,0.0176778
,,,1.04391e-007,0.0172359
,,,1.04791e-007,0.0167939
,,,1.05191e-007,0.016573
,,,1.05591e-007,0.0174569
,,,1.05991e-007,0.0170149
,,,1.06391e-007,0.0176778
,,,1.06791e-007,0.0176778
,,,1.07191e-007,0.0181198
,,,1.07591e-007,0.0176778
,,,1.07991e-007,0.0185617
,,,1.08391e-007,0.0183408
,,,1.08791e-007,0.0178988
,,,1.09191e-007,0.0181198
,,,1.09591e-007,0.0187827
,,,1.09991e-007,0.0181198
,,,1.10391e-007,0.0183408
,,,1.10791e-007,0.0178988
,,,1.11191e-007,0.0178988
,,,1.11591e-007,0.0183408
,,,1.11991e-007,0.0178988
,,,1.12391e-007,0.0183408
,,,1.12791e-007,0.0187827
,,,1.13191e-007,0.0181198
,,,1.13591e-007,0.0174569
,,,1.13991e-007,0.0176778
,,,1.14391e-007,0.0190037
,,,1.14791e-007,0.0178988
,,,1.15191e-007,0.0187827
,,,1.15591e-007,0.0181198
,,,1.15991e-007,0.0178988
,,,1.16391e-007,0.0174569
,,,1.16791e-007,0.0172359
,,,1.17191e-007,0.0185617
,,,1.17591e-007,0.0183408
,,,1.17991e-007,0.0176778
,,,1.18391e-007,0.0178988
,,,1.18791e-007,0.0181198
,,,1.19191e-007,0.0176778
,,,1.19591e-007,0.0178988
,,,1.19991e-007,0.0185617
,,,1.20391e-007,0.0181198
,,,1.20791e-007,0.0185617
,,,1.21191e-007,0.0183408
,,,1.21591e-007,0.0196666
,,,1.21991e-007,0.0185617
,,,1.22391e-007,0.0190037
,,,1.22791e-007,0.0192246
,,,1.23191e-007,0.0198876
,,,1.23591e-007,0.0205505
,,,1.23991e-007,0.0209924
,,,1.24391e-007,0.0198876
,,,1.24791e-007,0.0203295
,,,1.25191e-007,0.0207715
,,,1.25591e-007,0.0214344
,,,1.25991e-007,0.0205505
,,,1.26391e-007,0.0203295
,,,1.26791e-007,0.0209924
,,,1.27191e-007,0.0212134
,,,1.27591e-007,0.0205505
,,,1.27991e-007,0.0203295
,,,1.28391e-007,0.0194456
,,,1.28791e-007,0.0198876
,,,1.29191e-007,0.0194456
,,,1.29591e-007,0.0192246
,,,1.29991e-007,0.0187827
,,,1.30391e-007,0.0187827
,,,1.30791e-007,0.0194456
,,,1.31191e-007,0.0183408
,,,1.31591e-007,0.0178988
,,,1.31991e-007,0.0181198
,,,1.32391e-007,0.0181198
,,,1.32791e-007,0.0176778
,,,1.33191e-007,0.0170149
,,,1.33591e-007,0.0178988
,,,1.33991e-007,0.0172359
,,,1.34391e-007,0.0172359
,,,1.34791e-007,0.0167939
,,,1.35191e-007,0.0170149
,,,1.35591e-007,0.016352
,,,1.35991e-007,0.0167939
,,,1.36391e-007,0.0167939
,,,1.36791e-007,0.016131
,,,1.37191e-007,0.0159101
,,,1.37591e-007,0.016131
,,,1.37991e-007,0.016131
,,,1.38391e-007,0.0172359
,,,1.38791e-007,0.0170149
,,,1.39191e-007,0.016573
,,,1.39591e-007,0.0159101
,,,1.39991e-007,0.016352
,,,1.40391e-007,0.016573
,,,1.40791e-007,0.0159101
,,,1.41191e-007,0.016352
,,,1.41591e-007,0.016573
,,,1.41991e-007,0.0154681
,,,1.42391e-007,0.0148052
,,,1.42791e-007,0.0154681
,,,1.43191e-007,0.0156891
,,,1.43591e-007,0.0154681
,,,1.43991e-007,0.0152471
,,,1.44391e-007,0.0156891
,,,1.44791e-007,0.0156891
,,,1.45191e-007,0.0150262
,,,1.45591e-007,0.0152471
,,,1.45991e-007,0.0143632
,,,1.46391e-007,0.0148052
,,,1.46791e-007,0.0154681
,,,1.47191e-007,0.0154681
,,,1.47591e-007,0.0152471
,,,1.47991e-007,0.0154681
,,,1.48391e-007,0.0148052
,,,1.48791e-007,0.0148052
,,,1.49191e-007,0.0150262
,,,1.49591e-007,0.0143632
,,,1.49991e-007,0.0143632
,,,1.50391e-007,0.0145842
,,,1.50791e-007,0.0150262
,,,1.51191e-007,0.0145842
,,,1.51591e-007,0.0143632
,,,1.51991e-007,0.0145842
,,,1.52391e-007,0.0145842
,,,1.52791e-007,0.0139213
,,,1.53191e-007,0.0145842
,,,1.53591e-007,0.0148052
,,,1.53991e-007,0.0132584
,,,1.54391e-007,0.0134794
,,,1.54791e-007,0.0125955
,,,1.55191e-007,0.0130374
,,,1.55591e-007,0.0128164
,,,1.55991e-007,0.0132584
,,,1.56391e-007,0.0119325
,,,1.56791e-007,0.0123745
,,,1.57191e-007,0.0125955
,,,1.57591e-007,0.0128164
,,,1.57991e-007,0.0123745
,,,1.58391e-007,0.0121535
,,,1.58791e-007,0.0121535
,,,1.59191e-007,0.0121535
,,,1.59591e-007,0.0121535
,,,1.59991e-007,0.0119325
,,,1.60391e-007,0.0119325
,,,1.60791e-007,0.0117116
,,,1.61191e-007,0.0125955
,,,1.61591e-007,0.0128164
,,,1.61991e-007,0.0125955
,,,1.62391e-007,0.0121535
,,,1.62791e-007,0.0125955
,,,1.63191e-007,0.0125955
,,,1.63591e-007,0.0123745
,,,1.63991e-007,0.0132584
,,,1.64391e-007,0.0125955
,,,1.64791e-007,0.0128164
,,,1.65191e-007,0.0132584
,,,1.65591e-007,0.0132584
,,,1.65991e-007,0.0119325
,,,1.66391e-007,0.0123745
,,,1.66791e-007,0.0117116
,,,1.67191e-007,0.0123745
,,,1.67591e-007,0.0123745
,,,1.67991e-007,0.0121535
,,,1.68391e-007,0.0125955
,,,1.68791e-007,0.0123745
,,,1.69191e-007,0.0119325
,,,1.69591e-007,0.0125955
,,,1.69991e-007,0.0123745
,,,1.70391e-007,0.0128164
,,,1.70791e-007,0.0130374
,,,1.71191e-007,0.0121535
,,,1.71591e-007,0.0121535
,,,1.71991e-007,0.0123745
,,,1.72391e-007,0.0123745
,,,1.72791e-007,0.0123745
,,,1.73191e-007,0.0114906
,,,1.73591e-007,0.0125955
,,,1.73991e-007,0.0128164
,,,1.74391e-007,0.0125955
,,,1.74791e-007,0.0119325
,,,1.75191e-007,0.0119325
,,,1.75591e-007,0.0125955
,,,1.75991e-007,0.0117116
,,,1.76391e-007,0.0117116
,,,1.76791e-007,0.0123745
,,,1.77191e-007,0.0123745
,,,1.77591e-007,0.0130374
,,,1.77991e-007,0.0123745
,,,1.78391e-007,0.0128164
,,,1.78791e-007,0.0130374
,,,1.79191e-007,0.0121535
,,,1.79591e-007,0.0123745
,,,1.79991e-007,0.0128164
,,,1.80391e-007,0.0130374
,,,1.80791e-007,0.0128164
,,,1.81191e-007,0.0125955
,,,1.81591e-007,0.0128164
,,,1.81991e-007,0.0134794
,,,1.82391e-007,0.0130374
,,,1.82791e-007,0.0119325
,,,1.83191e-007,0.0119325
,,,1.83591e-007,0.0123745
,,,1.83991e-007,0.0119325
,,,1.84391e-007,0.0130374
,,,1.84791e-007,0.0125955
,,,1.85191e-007,0.0121535
,,,1.85591e-007,0.0125955
,,,1.85991e-007,0.0132584
,,,1.86391e-007,0.0132584
,,,1.86791e-007,0.0130374
,,,1.87191e-007,0.0132584
,,,1.87591e-007,0.0125955
,,,1.87991e-007,0.0139213
,,,1.88391e-007,0.0139213
,,,1.88791e-007,0.0132584
,,,1.89191e-007,0.0137003
,,,1.89591e-007,0.0141423
,,,1.89991e-007,0.0132584
,,,1.90391e-007,0.0132584
,,,1.90791e-007,0.0132584
,,,1.91191e-007,0.0130374
,,,1.91591e-007,0.0134794
,,,1.91991e-007,0.0132584
,,,1.92391e-007,0.0137003
,,,1.92791e-007,0.0134794
,,,1.93191e-007,0.0134794
,,,1.93591e-007,0.0134794
,,,1.93991e-007,0.0137003
,,,1.94391e-007,0.0139213
,,,1.94791e-007,0.0139213
,,,1.95191e-007,0.0134794
,,,1.95591e-007,0.0134794
,,,1.95991e-007,0.0134794
,,,1.96391e-007,0.0141423
,,,1.96791e-007,0.0132584
,,,1.97191e-007,0.0132584
,,,1.97591e-007,0.0132584
,,,1.97991e-007,0.0137003
,,,1.98391e-007,0.0143632
,,,1.98791e-007,0.0139213
,,,1.99191e-007,0.0130374
,,,1.99591e-007,0.0132584
,,,1.99991e-007,0.0123745
,,,2.00391e-007,0.0123745
,,,2.00791e-007,0.0123745
,,,2.01191e-007,0.0114906
,,,2.01591e-007,0.0119325
,,,2.01991e-007,0.0123745
,,,2.02391e-007,0.0121535
,,,2.02791e-007,0.0114906
,,,2.03191e-007,0.0121535
,,,2.03591e-007,0.0130374
,,,2.03991e-007,0.0130374
,,,2.04391e-007,0.0114906
,,,2.04791e-007,0.0119325
,,,2.05191e-007,0.0114906
,,,2.05591e-007,0.0117116
,,,2.05991e-007,0.0103857
,,,2.06391e-007,0.0110486
,,,2.06791e-007,0.0110486
,,,2.07191e-007,0.0108277
,,,2.07591e-007,0.00972281
,,,2.07991e-007,0.00950184
,,,2.08391e-007,0.00972281
,,,2.08791e-007,0.00883892
,,,2.09191e-007,0.00883892
,,,2.09591e-007,0.00883892
,,,2.09991e-007,0.008176
,,,2.10391e-007,0.00839697
,,,2.10791e-007,0.00751308
,,,2.11191e-007,0.00773405
,,,2.11591e-007,0.00685016
,,,2.11991e-007,0.00751308
,,,2.12391e-007,0.00618724
,,,2.12791e-007,0.00640822
,,,2.13191e-007,0.00662919
,,,2.13591e-007,0.0057453
,,,2.13991e-007,0.0057453
,,,2.14391e-007,0.00464043
,,,2.14791e-007,0.00375654
,,,2.15191e-007,0.00441946
,,,2.15591e-007,0.00375654
,,,2.15991e-007,0.00309362
,,,2.16391e-007,0.00353557
,,,2.16791e-007,0.00287265
,,,2.17191e-007,0.00287265
,,,2.17591e-007,0.00353557
,,,2.17991e-007,0.00287265
,,,2.18391e-007,0.00375654
,,,2.18791e-007,0.00309362
,,,2.19191e-007,0.0024307
,,,2.19591e-007,0.00220973
,,,2.19991e-007,0.00265168
,,,2.20391e-007,0.00265168
,,,2.20791e-007,0.00154681
,,,2.21191e-007,0.0024307
,,,2.21591e-007,0.0024307
,,,2.21991e-007,0.00198876
,,,2.22391e-007,0.00176778
,,,2.22791e-007,0.00132584
,,,2.23191e-007,0.00110486
,,,2.23591e-007,0.00154681
,,,2.23991e-007,0.00132584
,,,2.24391e-007,0.00132584
,,,2.24791e-007,0.00132584
,,,2.25191e-007,0.00110486
,,,2.25591e-007,0.00110486
,,,2.25991e-007,0.00132584
,,,2.26391e-007,0.00176778
,,,2.26791e-007,0.00132584
,,,2.27191e-007,0.00154681
,,,2.27591e-007,0.00132584
,,,2.27991e-007,0.00110486
,,,2.28391e-007,0.00110486
,,,2.28791e-007,0
,,,2.29191e-007,0.000441946
,,,2.29591e-007,0.00132584
,,,2.29991e-007,0.00132584
,,,2.30391e-007,0.000883892
,,,2.30791e-007,0.000883892
,,,2.31191e-007,0.000662919
,,,2.31591e-007,0.00132584
,,,2.31991e-007,0.000883892
,,,2.32391e-007,-0.000220973
,,,2.32791e-007,0.000220973
,,,2.33191e-007,0.000662919
,,,2.33591e-007,0
,,,2.33991e-007,-0.000441946
,,,2.34391e-007,0.000883892
,,,2.34791e-007,-0.000220973
,,,2.35191e-007,0.000220973
,,,2.35591e-007,0.000220973
,,,2.35991e-007,-0.000220973
,,,2.36391e-007,0.000441946
,,,2.36791e-007,0.000662919
,,,2.37191e-007,0.000220973
,,,2.37591e-007,0.000220973
,,,2.37991e-007,0.000220973
,,,2.38391e-007,0
,,,2.38791e-007,0
,,,2.39191e-007,-0.000441946
,,,2.39591e-007,-0.000441946
,,,2.39991e-007,-0.000662919
,,,2.40391e-007,-0.000441946
,,,2.40791e-007,0.000220973
,,,2.41191e-007,-0.000220973
,,,2.41591e-007,0
,,,2.41991e-007,0
,,,2.42391e-007,0
,,,2.42791e-007,-0.000441946
,,,2.43191e-007,0.000441946
,,,2.43591e-007,0.000662919
,,,2.43991e-007,0.000883892
,,,2.44391e-007,0
,,,2.44791e-007,-0.000662919
,,,2.45191e-007,0.000220973
,,,2.45591e-007,0.000220973
,,,2.45991e-007,-0.000220973
,,,2.46391e-007,0.000883892
,,,2.46791e-007,0.000220973
,,,2.47191e-007,0.000220973
,,,2.47591e-007,0.000883892
,,,2.47991e-007,0.000441946
,,,2.48391e-007,0
,,,2.48791e-007,0.000441946
,,,2.49191e-007,0
,,,2.49591e-007,0.000441946
,,,2.49991e-007,-0.000220973
,,,2.50391e-007,0.000220973
