"Record Length",1252,"Points",-2.50115e-007,0
"Sample Interval",4e-010,s,-2.49715e-007,0.000220973
"Trigger Point",625,"Samples",-2.49315e-007,0
"Trigger Time",0.288081,s,-2.48915e-007,0
,,,-2.48515e-007,-0.000220973
"Horizontal Offset",-2.50115e-007,s,-2.48115e-007,0.000220973
,,,-2.47715e-007,0.000662919
,,,-2.47315e-007,0.000662919
,,,-2.46915e-007,0.000220973
,,,-2.46515e-007,-0.000662919
,,,-2.46115e-007,0
,,,-2.45715e-007,0.000220973
,,,-2.45315e-007,0.000441946
,,,-2.44915e-007,0
,,,-2.44515e-007,-0.000220973
,,,-2.44115e-007,-0.000220973
,,,-2.43715e-007,0
,,,-2.43315e-007,-0.000220973
,,,-2.42915e-007,0
,,,-2.42515e-007,-0.000220973
,,,-2.42115e-007,0.000220973
,,,-2.41715e-007,0
,,,-2.41315e-007,-0.000441946
,,,-2.40915e-007,0.000220973
,,,-2.40515e-007,0.000883892
,,,-2.40115e-007,-0.000220973
,,,-2.39715e-007,0.000662919
,,,-2.39315e-007,-0.000220973
,,,-2.38915e-007,-0.000441946
,,,-2.38515e-007,0.000220973
,,,-2.38115e-007,0
,,,-2.37715e-007,0
,,,-2.37315e-007,0
,,,-2.36915e-007,0
,,,-2.36515e-007,0.000441946
,,,-2.36115e-007,0
,,,-2.35715e-007,0.000662919
,,,-2.35315e-007,0.000220973
,,,-2.34915e-007,0.000441946
,,,-2.34515e-007,0.000441946
,,,-2.34115e-007,0.000662919
,,,-2.33715e-007,0
,,,-2.33315e-007,0.000662919
,,,-2.32915e-007,0.000220973
,,,-2.32515e-007,0.000662919
,,,-2.32115e-007,0.000662919
,,,-2.31715e-007,0.000662919
,,,-2.31315e-007,0.000441946
,,,-2.30915e-007,0.000441946
,,,-2.30515e-007,0
,,,-2.30115e-007,0.000220973
,,,-2.29715e-007,0.000441946
,,,-2.29315e-007,0
,,,-2.28915e-007,0
,,,-2.28515e-007,0
,,,-2.28115e-007,0.000220973
,,,-2.27715e-007,0.000662919
,,,-2.27315e-007,0
,,,-2.26915e-007,0.000220973
,,,-2.26515e-007,-0.000220973
,,,-2.26115e-007,0.000883892
,,,-2.25715e-007,0.000441946
,,,-2.25315e-007,0.000662919
,,,-2.24915e-007,0.000441946
,,,-2.24515e-007,0.00110486
,,,-2.24115e-007,0.000220973
,,,-2.23715e-007,0.000883892
,,,-2.23315e-007,0.000662919
,,,-2.22915e-007,-0.000220973
,,,-2.22515e-007,-0.000220973
,,,-2.22115e-007,0.000883892
,,,-2.21715e-007,0
,,,-2.21315e-007,-0.000220973
,,,-2.20915e-007,-0.000441946
,,,-2.20515e-007,-0.000441946
,,,-2.20115e-007,0.000441946
,,,-2.19715e-007,0.00110486
,,,-2.19315e-007,0.000441946
,,,-2.18915e-007,0.000220973
,,,-2.18515e-007,-0.000441946
,,,-2.18115e-007,0.000662919
,,,-2.17715e-007,-0.000220973
,,,-2.17315e-007,0.000220973
,,,-2.16915e-007,0.000441946
,,,-2.16515e-007,0.000220973
,,,-2.16115e-007,0
,,,-2.15715e-007,-0.000441946
,,,-2.15315e-007,0.000662919
,,,-2.14915e-007,0.000220973
,,,-2.14515e-007,0.000220973
,,,-2.14115e-007,0.000220973
,,,-2.13715e-007,0.000662919
,,,-2.13315e-007,-0.000220973
,,,-2.12915e-007,-0.000220973
,,,-2.12515e-007,0.000662919
,,,-2.12115e-007,0.000220973
,,,-2.11715e-007,0.000441946
,,,-2.11315e-007,0.000441946
,,,-2.10915e-007,0
,,,-2.10515e-007,0.000220973
,,,-2.10115e-007,0.000441946
,,,-2.09715e-007,-0.000220973
,,,-2.09315e-007,0.000220973
,,,-2.08915e-007,-0.000441946
,,,-2.08515e-007,0.000441946
,,,-2.08115e-007,0.000883892
,,,-2.07715e-007,0.000441946
,,,-2.07315e-007,0.00132584
,,,-2.06915e-007,0.000883892
,,,-2.06515e-007,0
,,,-2.06115e-007,0
,,,-2.05715e-007,0.000441946
,,,-2.05315e-007,0.000220973
,,,-2.04915e-007,-0.000662919
,,,-2.04515e-007,-0.000220973
,,,-2.04115e-007,0
,,,-2.03715e-007,0.000220973
,,,-2.03315e-007,0.000220973
,,,-2.02915e-007,0.000441946
,,,-2.02515e-007,0.00110486
,,,-2.02115e-007,0.00110486
,,,-2.01715e-007,0.000220973
,,,-2.01315e-007,0
,,,-2.00915e-007,0.000441946
,,,-2.00515e-007,0.000441946
,,,-2.00115e-007,0.000662919
,,,-1.99715e-007,0.000662919
,,,-1.99315e-007,0
,,,-1.98915e-007,0.000441946
,,,-1.98515e-007,0.000441946
,,,-1.98115e-007,-0.000220973
,,,-1.97715e-007,0
,,,-1.97315e-007,0.000441946
,,,-1.96915e-007,-0.000441946
,,,-1.96515e-007,0.000220973
,,,-1.96115e-007,0.000662919
,,,-1.95715e-007,0.000441946
,,,-1.95315e-007,-0.000441946
,,,-1.94915e-007,0.000220973
,,,-1.94515e-007,-0.000441946
,,,-1.94115e-007,0.000441946
,,,-1.93715e-007,0.000662919
,,,-1.93315e-007,0
,,,-1.92915e-007,0.000220973
,,,-1.92515e-007,0.000220973
,,,-1.92115e-007,-0.000441946
,,,-1.91715e-007,0
,,,-1.91315e-007,0.000441946
,,,-1.90915e-007,0
,,,-1.90515e-007,0
,,,-1.90115e-007,0.000441946
,,,-1.89715e-007,0.000220973
,,,-1.89315e-007,0.000220973
,,,-1.88915e-007,0
,,,-1.88515e-007,0.000220973
,,,-1.88115e-007,-0.000220973
,,,-1.87715e-007,0.000441946
,,,-1.87315e-007,0.000662919
,,,-1.86915e-007,-0.000441946
,,,-1.86515e-007,-0.000441946
,,,-1.86115e-007,-0.000220973
,,,-1.85715e-007,0.000220973
,,,-1.85315e-007,0.000662919
,,,-1.84915e-007,0.000441946
,,,-1.84515e-007,0.000441946
,,,-1.84115e-007,0
,,,-1.83715e-007,-0.000220973
,,,-1.83315e-007,-0.000220973
,,,-1.82915e-007,0
,,,-1.82515e-007,0.000220973
,,,-1.82115e-007,0
,,,-1.81715e-007,0.000441946
,,,-1.81315e-007,-0.000220973
,,,-1.80915e-007,-0.000441946
,,,-1.80515e-007,0.000220973
,,,-1.80115e-007,0
,,,-1.79715e-007,0
,,,-1.79315e-007,0.000662919
,,,-1.78915e-007,0.000220973
,,,-1.78515e-007,0.000220973
,,,-1.78115e-007,0
,,,-1.77715e-007,0.000220973
,,,-1.77315e-007,0
,,,-1.76915e-007,0.000662919
,,,-1.76515e-007,0
,,,-1.76115e-007,0
,,,-1.75715e-007,0
,,,-1.75315e-007,0.000220973
,,,-1.74915e-007,0
,,,-1.74515e-007,0.000662919
,,,-1.74115e-007,-0.000220973
,,,-1.73715e-007,-0.000220973
,,,-1.73315e-007,0.000220973
,,,-1.72915e-007,-0.000220973
,,,-1.72515e-007,-0.000441946
,,,-1.72115e-007,0.000662919
,,,-1.71715e-007,0
,,,-1.71315e-007,0.000220973
,,,-1.70915e-007,0.000441946
,,,-1.70515e-007,-0.000220973
,,,-1.70115e-007,0.000441946
,,,-1.69715e-007,-0.000441946
,,,-1.69315e-007,0.000662919
,,,-1.68915e-007,0.000662919
,,,-1.68515e-007,0.000441946
,,,-1.68115e-007,0.00110486
,,,-1.67715e-007,0.000441946
,,,-1.67315e-007,0
,,,-1.66915e-007,-0.000220973
,,,-1.66515e-007,-0.000220973
,,,-1.66115e-007,-0.000220973
,,,-1.65715e-007,0
,,,-1.65315e-007,-0.000220973
,,,-1.64915e-007,-0.000220973
,,,-1.64515e-007,0.000220973
,,,-1.64115e-007,0
,,,-1.63715e-007,0.000220973
,,,-1.63315e-007,-0.000441946
,,,-1.62915e-007,0.000441946
,,,-1.62515e-007,-0.000441946
,,,-1.62115e-007,0.000662919
,,,-1.61715e-007,-0.000220973
,,,-1.61315e-007,0.000220973
,,,-1.60915e-007,0.000441946
,,,-1.60515e-007,0.000441946
,,,-1.60115e-007,0.000220973
,,,-1.59715e-007,0.000441946
,,,-1.59315e-007,-0.000662919
,,,-1.58915e-007,0.000662919
,,,-1.58515e-007,0
,,,-1.58115e-007,0
,,,-1.57715e-007,0
,,,-1.57315e-007,0
,,,-1.56915e-007,0.000441946
,,,-1.56515e-007,-0.000220973
,,,-1.56115e-007,0
,,,-1.55715e-007,0.000662919
,,,-1.55315e-007,0.000441946
,,,-1.54915e-007,0.000662919
,,,-1.54515e-007,0.000441946
,,,-1.54115e-007,0.000662919
,,,-1.53715e-007,0.000662919
,,,-1.53315e-007,0.000662919
,,,-1.52915e-007,0.000441946
,,,-1.52515e-007,0.000220973
,,,-1.52115e-007,0.000662919
,,,-1.51715e-007,-0.000441946
,,,-1.51315e-007,0.000220973
,,,-1.50915e-007,0
,,,-1.50515e-007,0.000662919
,,,-1.50115e-007,0
,,,-1.49715e-007,0
,,,-1.49315e-007,0
,,,-1.48915e-007,-0.000441946
,,,-1.48515e-007,0
,,,-1.48115e-007,-0.000220973
,,,-1.47715e-007,0.000662919
,,,-1.47315e-007,0.000441946
,,,-1.46915e-007,0
,,,-1.46515e-007,0.000220973
,,,-1.46115e-007,0.000883892
,,,-1.45715e-007,0.000662919
,,,-1.45315e-007,0
,,,-1.44915e-007,0.000220973
,,,-1.44515e-007,0.000220973
,,,-1.44115e-007,0.000220973
,,,-1.43715e-007,0
,,,-1.43315e-007,0
,,,-1.42915e-007,0
,,,-1.42515e-007,0.000220973
,,,-1.42115e-007,0.000220973
,,,-1.41715e-007,-0.000441946
,,,-1.41315e-007,-0.000220973
,,,-1.40915e-007,0.000220973
,,,-1.40515e-007,0.000220973
,,,-1.40115e-007,0
,,,-1.39715e-007,-0.000220973
,,,-1.39315e-007,0
,,,-1.38915e-007,0.000220973
,,,-1.38515e-007,0
,,,-1.38115e-007,0.000441946
,,,-1.37715e-007,-0.000662919
,,,-1.37315e-007,0.000883892
,,,-1.36915e-007,0
,,,-1.36515e-007,0.00110486
,,,-1.36115e-007,0.000441946
,,,-1.35715e-007,0.000441946
,,,-1.35315e-007,0
,,,-1.34915e-007,0.000441946
,,,-1.34515e-007,0.000662919
,,,-1.34115e-007,0
,,,-1.33715e-007,-0.000441946
,,,-1.33315e-007,0.000220973
,,,-1.32915e-007,-0.000662919
,,,-1.32515e-007,-0.000220973
,,,-1.32115e-007,0.000220973
,,,-1.31715e-007,0.000441946
,,,-1.31315e-007,0.000220973
,,,-1.30915e-007,-0.000220973
,,,-1.30515e-007,-0.000441946
,,,-1.30115e-007,0.000441946
,,,-1.29715e-007,0
,,,-1.29315e-007,0
,,,-1.28915e-007,0.000662919
,,,-1.28515e-007,0
,,,-1.28115e-007,0.000220973
,,,-1.27715e-007,0.000662919
,,,-1.27315e-007,0
,,,-1.26915e-007,0.000441946
,,,-1.26515e-007,0.000220973
,,,-1.26115e-007,0.000441946
,,,-1.25715e-007,0.000220973
,,,-1.25315e-007,0.000220973
,,,-1.24915e-007,0
,,,-1.24515e-007,-0.000220973
,,,-1.24115e-007,0
,,,-1.23715e-007,0.00110486
,,,-1.23315e-007,0.00110486
,,,-1.22915e-007,0.000662919
,,,-1.22515e-007,0
,,,-1.22115e-007,0.000220973
,,,-1.21715e-007,0.000662919
,,,-1.21315e-007,0.000662919
,,,-1.20915e-007,0.000662919
,,,-1.20515e-007,-0.000662919
,,,-1.20115e-007,0.000220973
,,,-1.19715e-007,0.000441946
,,,-1.19315e-007,0.00110486
,,,-1.18915e-007,0.000441946
,,,-1.18515e-007,-0.000220973
,,,-1.18115e-007,0.000883892
,,,-1.17715e-007,0.000662919
,,,-1.17315e-007,0.000662919
,,,-1.16915e-007,0.000220973
,,,-1.16515e-007,0
,,,-1.16115e-007,0
,,,-1.15715e-007,0.000883892
,,,-1.15315e-007,0.000441946
,,,-1.14915e-007,0.000220973
,,,-1.14515e-007,-0.000220973
,,,-1.14115e-007,0.000441946
,,,-1.13715e-007,0.000220973
,,,-1.13315e-007,0.000441946
,,,-1.12915e-007,0
,,,-1.12515e-007,0.000883892
,,,-1.12115e-007,0.000441946
,,,-1.11715e-007,0.000220973
,,,-1.11315e-007,0.000441946
,,,-1.10915e-007,0
,,,-1.10515e-007,0
,,,-1.10115e-007,0.000220973
,,,-1.09715e-007,-0.000220973
,,,-1.09315e-007,-0.000662919
,,,-1.08915e-007,-0.000662919
,,,-1.08515e-007,0.000662919
,,,-1.08115e-007,0
,,,-1.07715e-007,0.000441946
,,,-1.07315e-007,0.000220973
,,,-1.06915e-007,0
,,,-1.06515e-007,0
,,,-1.06115e-007,-0.000220973
,,,-1.05715e-007,-0.000883892
,,,-1.05315e-007,-0.000662919
,,,-1.04915e-007,0.000883892
,,,-1.04515e-007,0.000662919
,,,-1.04115e-007,0.000441946
,,,-1.03715e-007,0.000441946
,,,-1.03315e-007,0
,,,-1.02915e-007,0.000220973
,,,-1.02515e-007,0.000220973
,,,-1.02115e-007,0
,,,-1.01715e-007,0
,,,-1.01315e-007,0.000883892
,,,-1.00915e-007,0
,,,-1.00515e-007,-0.000441946
,,,-1.00115e-007,-0.000220973
,,,-9.97152e-008,0.000220973
,,,-9.93152e-008,0
,,,-9.89152e-008,0
,,,-9.85152e-008,-0.000220973
,,,-9.81152e-008,0.00110486
,,,-9.77152e-008,0.000220973
,,,-9.73152e-008,-0.000220973
,,,-9.69152e-008,0.000441946
,,,-9.65152e-008,0.000883892
,,,-9.61152e-008,0.000441946
,,,-9.57152e-008,0.000441946
,,,-9.53152e-008,0
,,,-9.49152e-008,0
,,,-9.45152e-008,0.000220973
,,,-9.41152e-008,0.000220973
,,,-9.37152e-008,0.000220973
,,,-9.33152e-008,-0.000662919
,,,-9.29152e-008,0.000220973
,,,-9.25152e-008,-0.000220973
,,,-9.21152e-008,0
,,,-9.17152e-008,0.000220973
,,,-9.13152e-008,0.000441946
,,,-9.09152e-008,-0.000220973
,,,-9.05152e-008,0.000220973
,,,-9.01152e-008,0.000220973
,,,-8.97152e-008,0.000220973
,,,-8.93152e-008,0.000662919
,,,-8.89152e-008,-0.000220973
,,,-8.85152e-008,-0.000220973
,,,-8.81152e-008,0.000220973
,,,-8.77152e-008,0.000662919
,,,-8.73152e-008,0
,,,-8.69152e-008,0
,,,-8.65152e-008,-0.000441946
,,,-8.61152e-008,0.000220973
,,,-8.57152e-008,0.000441946
,,,-8.53152e-008,0
,,,-8.49152e-008,0
,,,-8.45152e-008,0
,,,-8.41152e-008,-0.000220973
,,,-8.37152e-008,-0.000220973
,,,-8.33152e-008,0.000220973
,,,-8.29152e-008,0.000220973
,,,-8.25152e-008,-0.000441946
,,,-8.21152e-008,0.000441946
,,,-8.17152e-008,0.000441946
,,,-8.13152e-008,0
,,,-8.09152e-008,0.000883892
,,,-8.05152e-008,0
,,,-8.01152e-008,0.000220973
,,,-7.97152e-008,0.000883892
,,,-7.93152e-008,0.000441946
,,,-7.89152e-008,0.000883892
,,,-7.85152e-008,0.000662919
,,,-7.81152e-008,0
,,,-7.77152e-008,0.000220973
,,,-7.73152e-008,0.000883892
,,,-7.69152e-008,0
,,,-7.65152e-008,0.000441946
,,,-7.61152e-008,0.000441946
,,,-7.57152e-008,0
,,,-7.53152e-008,0
,,,-7.49152e-008,0
,,,-7.45152e-008,0.000220973
,,,-7.41152e-008,0.000441946
,,,-7.37152e-008,0.000441946
,,,-7.33152e-008,0
,,,-7.29152e-008,0.000662919
,,,-7.25152e-008,0.000441946
,,,-7.21152e-008,0
,,,-7.17152e-008,0
,,,-7.13152e-008,-0.000441946
,,,-7.09152e-008,0
,,,-7.05152e-008,0.000220973
,,,-7.01152e-008,-0.000220973
,,,-6.97152e-008,0
,,,-6.93152e-008,-0.000220973
,,,-6.89152e-008,0.000883892
,,,-6.85152e-008,0
,,,-6.81152e-008,0
,,,-6.77152e-008,0.000883892
,,,-6.73152e-008,0.000220973
,,,-6.69152e-008,0.000441946
,,,-6.65152e-008,0.000220973
,,,-6.61152e-008,0.000441946
,,,-6.57152e-008,0
,,,-6.53152e-008,0.000883892
,,,-6.49152e-008,0.000220973
,,,-6.45152e-008,-0.000220973
,,,-6.41152e-008,0.000662919
,,,-6.37152e-008,0.000662919
,,,-6.33152e-008,-0.000220973
,,,-6.29152e-008,0.000883892
,,,-6.25152e-008,0.000220973
,,,-6.21152e-008,0
,,,-6.17152e-008,-0.000441946
,,,-6.13152e-008,0
,,,-6.09152e-008,-0.000220973
,,,-6.05152e-008,0.000662919
,,,-6.01152e-008,0.000220973
,,,-5.97152e-008,0.000220973
,,,-5.93152e-008,0
,,,-5.89152e-008,0.000220973
,,,-5.85152e-008,0
,,,-5.81152e-008,0
,,,-5.77152e-008,0
,,,-5.73152e-008,-0.000441946
,,,-5.69152e-008,-0.000220973
,,,-5.65152e-008,-0.000441946
,,,-5.61152e-008,0.000662919
,,,-5.57152e-008,0.000441946
,,,-5.53152e-008,0.000220973
,,,-5.49152e-008,0.000441946
,,,-5.45152e-008,0.000441946
,,,-5.41152e-008,0.000220973
,,,-5.37152e-008,0
,,,-5.33152e-008,0
,,,-5.29152e-008,-0.000662919
,,,-5.25152e-008,0
,,,-5.21152e-008,0.00110486
,,,-5.17152e-008,0.000220973
,,,-5.13152e-008,-0.000220973
,,,-5.09152e-008,0.000662919
,,,-5.05152e-008,0
,,,-5.01152e-008,0
,,,-4.97152e-008,-0.000220973
,,,-4.93152e-008,-0.000220973
,,,-4.89152e-008,0
,,,-4.85152e-008,0.000220973
,,,-4.81152e-008,0.000220973
,,,-4.77152e-008,0.000883892
,,,-4.73152e-008,0.000883892
,,,-4.69152e-008,0
,,,-4.65152e-008,-0.000662919
,,,-4.61152e-008,-0.000220973
,,,-4.57152e-008,-0.000441946
,,,-4.53152e-008,0
,,,-4.49152e-008,0.000220973
,,,-4.45152e-008,0
,,,-4.41152e-008,-0.000441946
,,,-4.37152e-008,-0.000441946
,,,-4.33152e-008,0
,,,-4.29152e-008,0.000220973
,,,-4.25152e-008,0.000220973
,,,-4.21152e-008,0.000441946
,,,-4.17152e-008,-0.000220973
,,,-4.13152e-008,0.000220973
,,,-4.09152e-008,0.000441946
,,,-4.05152e-008,0.000220973
,,,-4.01152e-008,0.000441946
,,,-3.97152e-008,0
,,,-3.93152e-008,0
,,,-3.89152e-008,0.000220973
,,,-3.85152e-008,0.000441946
,,,-3.81152e-008,0.000220973
,,,-3.77152e-008,-0.000220973
,,,-3.73152e-008,0
,,,-3.69152e-008,0.000220973
,,,-3.65152e-008,0.000883892
,,,-3.61152e-008,0
,,,-3.57152e-008,0.000220973
,,,-3.53152e-008,0
,,,-3.49152e-008,-0.000220973
,,,-3.45152e-008,0.000441946
,,,-3.41152e-008,0.000883892
,,,-3.37152e-008,0.000220973
,,,-3.33152e-008,0.000441946
,,,-3.29152e-008,0.000662919
,,,-3.25152e-008,0.000662919
,,,-3.21152e-008,0.000441946
,,,-3.17152e-008,0.000883892
,,,-3.13152e-008,0
,,,-3.09152e-008,-0.000220973
,,,-3.05152e-008,-0.000441946
,,,-3.01152e-008,0.000441946
,,,-2.97152e-008,0.000441946
,,,-2.93152e-008,0
,,,-2.89152e-008,-0.000883892
,,,-2.85152e-008,-0.000220973
,,,-2.81152e-008,0.000441946
,,,-2.77152e-008,0.000883892
,,,-2.73152e-008,0.000441946
,,,-2.69152e-008,0
,,,-2.65152e-008,0.000441946
,,,-2.61152e-008,0.000662919
,,,-2.57152e-008,0.000662919
,,,-2.53152e-008,-0.000441946
,,,-2.49152e-008,0.000220973
,,,-2.45152e-008,-0.000220973
,,,-2.41152e-008,0.000220973
,,,-2.37152e-008,0.000441946
,,,-2.33152e-008,0.000220973
,,,-2.29152e-008,0
,,,-2.25152e-008,0.000220973
,,,-2.21152e-008,0.00110486
,,,-2.17152e-008,0
,,,-2.13152e-008,-0.000662919
,,,-2.09152e-008,-0.000220973
,,,-2.05152e-008,-0.000441946
,,,-2.01152e-008,0.000220973
,,,-1.97152e-008,0.000662919
,,,-1.93152e-008,0.000220973
,,,-1.89152e-008,-0.000220973
,,,-1.85152e-008,0.000220973
,,,-1.81152e-008,0.000441946
,,,-1.77152e-008,0.000441946
,,,-1.73152e-008,0.000441946
,,,-1.69152e-008,0
,,,-1.65152e-008,0.000441946
,,,-1.61152e-008,0.000662919
,,,-1.57152e-008,-0.000441946
,,,-1.53152e-008,0
,,,-1.49152e-008,0
,,,-1.45152e-008,0.000662919
,,,-1.41152e-008,-0.000220973
,,,-1.37152e-008,-0.000220973
,,,-1.33152e-008,-0.000220973
,,,-1.29152e-008,0
,,,-1.25152e-008,0.000441946
,,,-1.21152e-008,-0.000220973
,,,-1.17152e-008,0.000441946
,,,-1.13152e-008,0.000441946
,,,-1.09152e-008,-0.000662919
,,,-1.05152e-008,0.000441946
,,,-1.01152e-008,0.000220973
,,,-9.71523e-009,0
,,,-9.31523e-009,-0.000220973
,,,-8.91523e-009,0.000883892
,,,-8.51523e-009,0.000662919
,,,-8.11523e-009,-0.000220973
,,,-7.71523e-009,0.000883892
,,,-7.31523e-009,0.000441946
,,,-6.91523e-009,-0.000220973
,,,-6.51523e-009,0.000441946
,,,-6.11523e-009,-0.000220973
,,,-5.71523e-009,0.000220973
,,,-5.31523e-009,0.000441946
,,,-4.91523e-009,0
,,,-4.51523e-009,0.000441946
,,,-4.11523e-009,-0.000220973
,,,-3.71523e-009,0.000441946
,,,-3.31523e-009,0
,,,-2.91523e-009,0.000220973
,,,-2.51523e-009,-0.000662919
,,,-2.11523e-009,0.000441946
,,,-1.71523e-009,0.000220973
,,,-1.31523e-009,-0.000220973
,,,-9.15233e-010,0.000441946
,,,-5.15233e-010,0.000883892
,,,-1.15233e-010,0.000220973
,,,2.84767e-010,0.000441946
,,,6.84767e-010,0.000441946
,,,1.08477e-009,0.000441946
,,,1.48477e-009,0
,,,1.88477e-009,0.000441946
,,,2.28477e-009,0
,,,2.68477e-009,-0.000220973
,,,3.08477e-009,0.000441946
,,,3.48477e-009,0.000883892
,,,3.88477e-009,0
,,,4.28477e-009,0.000441946
,,,4.68477e-009,-0.000220973
,,,5.08477e-009,-0.000220973
,,,5.48477e-009,0.000441946
,,,5.88477e-009,0
,,,6.28477e-009,0.000662919
,,,6.68477e-009,0.000220973
,,,7.08477e-009,0.000220973
,,,7.48477e-009,0.000220973
,,,7.88477e-009,0.000220973
,,,8.28477e-009,0
,,,8.68477e-009,0.000220973
,,,9.08477e-009,-0.000220973
,,,9.48477e-009,-0.000441946
,,,9.88477e-009,0.000220973
,,,1.02848e-008,0.000662919
,,,1.06848e-008,-0.000441946
,,,1.10848e-008,-0.000220973
,,,1.14848e-008,0.000441946
,,,1.18848e-008,-0.000220973
,,,1.22848e-008,-0.000220973
,,,1.26848e-008,-0.000220973
,,,1.30848e-008,-0.000220973
,,,1.34848e-008,-0.000220973
,,,1.38848e-008,0.000441946
,,,1.42848e-008,0
,,,1.46848e-008,0
,,,1.50848e-008,0.000662919
,,,1.54848e-008,0.000220973
,,,1.58848e-008,0.000441946
,,,1.62848e-008,0.000220973
,,,1.66848e-008,-0.000220973
,,,1.70848e-008,0.000441946
,,,1.74848e-008,-0.000220973
,,,1.78848e-008,-0.000220973
,,,1.82848e-008,-0.000220973
,,,1.86848e-008,0
,,,1.90848e-008,-0.000220973
,,,1.94848e-008,0.000441946
,,,1.98848e-008,0
,,,2.02848e-008,0.000220973
,,,2.06848e-008,0
,,,2.10848e-008,0
,,,2.14848e-008,0.000220973
,,,2.18848e-008,0.000220973
,,,2.22848e-008,-0.000441946
,,,2.26848e-008,-0.000220973
,,,2.30848e-008,0.000441946
,,,2.34848e-008,0
,,,2.38848e-008,0.000441946
,,,2.42848e-008,0
,,,2.46848e-008,0.000662919
,,,2.50848e-008,0.000220973
,,,2.54848e-008,-0.000220973
,,,2.58848e-008,0.000441946
,,,2.62848e-008,0.000220973
,,,2.66848e-008,-0.000220973
,,,2.70848e-008,0
,,,2.74848e-008,-0.000220973
,,,2.78848e-008,0
,,,2.82848e-008,0.000662919
,,,2.86848e-008,-0.000220973
,,,2.90848e-008,0.000220973
,,,2.94848e-008,-0.000220973
,,,2.98848e-008,0.000220973
,,,3.02848e-008,0.000220973
,,,3.06848e-008,0.000441946
,,,3.10848e-008,0
,,,3.14848e-008,0
,,,3.18848e-008,-0.000220973
,,,3.22848e-008,0.000220973
,,,3.26848e-008,0
,,,3.30848e-008,0.000662919
,,,3.34848e-008,0
,,,3.38848e-008,-0.000220973
,,,3.42848e-008,0.000441946
,,,3.46848e-008,-0.000220973
,,,3.50848e-008,0
,,,3.54848e-008,0.000220973
,,,3.58848e-008,0.000220973
,,,3.62848e-008,0
,,,3.66848e-008,0.00110486
,,,3.70848e-008,0.000220973
,,,3.74848e-008,0.000441946
,,,3.78848e-008,0.000662919
,,,3.82848e-008,0
,,,3.86848e-008,0.000220973
,,,3.90848e-008,0.000662919
,,,3.94848e-008,0
,,,3.98848e-008,0.000220973
,,,4.02848e-008,0.000441946
,,,4.06848e-008,0.000220973
,,,4.10848e-008,-0.000220973
,,,4.14848e-008,-0.000220973
,,,4.18848e-008,0
,,,4.22848e-008,0.000220973
,,,4.26848e-008,0.000220973
,,,4.30848e-008,-0.000441946
,,,4.34848e-008,0.000220973
,,,4.38848e-008,0.000220973
,,,4.42848e-008,0
,,,4.46848e-008,-0.000220973
,,,4.50848e-008,0
,,,4.54848e-008,-0.000220973
,,,4.58848e-008,0
,,,4.62848e-008,0
,,,4.66848e-008,0.000441946
,,,4.70848e-008,-0.000220973
,,,4.74848e-008,0.000662919
,,,4.78848e-008,0.000441946
,,,4.82848e-008,0.000220973
,,,4.86848e-008,-0.000220973
,,,4.90848e-008,-0.000220973
,,,4.94848e-008,-0.000220973
,,,4.98848e-008,-0.000662919
,,,5.02848e-008,0.000220973
,,,5.06848e-008,0
,,,5.10848e-008,-0.000883892
,,,5.14848e-008,0.000220973
,,,5.18848e-008,0.000220973
,,,5.22848e-008,0.000883892
,,,5.26848e-008,0.000220973
,,,5.30848e-008,0.000441946
,,,5.34848e-008,0.000441946
,,,5.38848e-008,0
,,,5.42848e-008,-0.000220973
,,,5.46848e-008,0
,,,5.50848e-008,0
,,,5.54848e-008,0.000441946
,,,5.58848e-008,0.000883892
,,,5.62848e-008,0.000662919
,,,5.66848e-008,-0.000441946
,,,5.70848e-008,0.000441946
,,,5.74848e-008,0.000220973
,,,5.78848e-008,0.000220973
,,,5.82848e-008,0.000441946
,,,5.86848e-008,0.000441946
,,,5.90848e-008,0.000220973
,,,5.94848e-008,0.000883892
,,,5.98848e-008,0.000441946
,,,6.02848e-008,0.000441946
,,,6.06848e-008,0.000441946
,,,6.10848e-008,0.000441946
,,,6.14848e-008,0.000220973
,,,6.18848e-008,0
,,,6.22848e-008,-0.000441946
,,,6.26848e-008,0.000220973
,,,6.30848e-008,0.000220973
,,,6.34848e-008,0.000662919
,,,6.38848e-008,0.000441946
,,,6.42848e-008,0.000441946
,,,6.46848e-008,-0.000220973
,,,6.50848e-008,0
,,,6.54848e-008,0.000220973
,,,6.58848e-008,0.000220973
,,,6.62848e-008,-0.000662919
,,,6.66848e-008,0
,,,6.70848e-008,-0.000220973
,,,6.74848e-008,0
,,,6.78848e-008,0.000220973
,,,6.82848e-008,0.000662919
,,,6.86848e-008,0.000220973
,,,6.90848e-008,-0.000441946
,,,6.94848e-008,-0.000220973
,,,6.98848e-008,0.000220973
,,,7.02848e-008,0.000883892
,,,7.06848e-008,0.000662919
,,,7.10848e-008,0.000883892
,,,7.14848e-008,-0.000220973
,,,7.18848e-008,0
,,,7.22848e-008,0.000441946
,,,7.26848e-008,0.000441946
,,,7.30848e-008,-0.000220973
,,,7.34848e-008,0.000441946
,,,7.38848e-008,0.000220973
,,,7.42848e-008,0
,,,7.46848e-008,0
,,,7.50848e-008,-0.000220973
,,,7.54848e-008,0.000441946
,,,7.58848e-008,0.000220973
,,,7.62848e-008,0.000220973
,,,7.66848e-008,0
,,,7.70848e-008,0.000220973
,,,7.74848e-008,-0.000220973
,,,7.78848e-008,0.000883892
,,,7.82848e-008,0.000662919
,,,7.86848e-008,0.000662919
,,,7.90848e-008,0.000220973
,,,7.94848e-008,0.000441946
,,,7.98848e-008,0.000662919
,,,8.02848e-008,0
,,,8.06848e-008,-0.000220973
,,,8.10848e-008,0.000441946
,,,8.14848e-008,0.000220973
,,,8.18848e-008,-0.000220973
,,,8.22848e-008,0.000662919
,,,8.26848e-008,0.000220973
,,,8.30848e-008,0
,,,8.34848e-008,-0.000441946
,,,8.38848e-008,0.000220973
,,,8.42848e-008,0
,,,8.46848e-008,0.00110486
,,,8.50848e-008,0.000220973
,,,8.54848e-008,-0.000220973
,,,8.58848e-008,0
,,,8.62848e-008,-0.000441946
,,,8.66848e-008,0.000662919
,,,8.70848e-008,0.000883892
,,,8.74848e-008,-0.000220973
,,,8.78848e-008,0
,,,8.82848e-008,0.000441946
,,,8.86848e-008,0.000220973
,,,8.90848e-008,0
,,,8.94848e-008,0.000662919
,,,8.98848e-008,-0.000220973
,,,9.02848e-008,-0.000441946
,,,9.06848e-008,0.000220973
,,,9.10848e-008,-0.000441946
,,,9.14848e-008,0.000220973
,,,9.18848e-008,0
,,,9.22848e-008,0.000662919
,,,9.26848e-008,0.000662919
,,,9.30848e-008,0.0024307
,,,9.34848e-008,0.000883892
,,,9.38848e-008,0.00154681
,,,9.42848e-008,0.00132584
,,,9.46848e-008,0.00176778
,,,9.50848e-008,0.0024307
,,,9.54848e-008,0.00419849
,,,9.58848e-008,0.00375654
,,,9.62848e-008,0.00530335
,,,9.66848e-008,0.00707114
,,,9.70848e-008,0.00707114
,,,9.74848e-008,0.008176
,,,9.78848e-008,0.00928087
,,,9.82848e-008,0.0106067
,,,9.86848e-008,0.0130374
,,,9.90848e-008,0.0137003
,,,9.94848e-008,0.0137003
,,,9.98848e-008,0.0143632
,,,1.00285e-007,0.0150262
,,,1.00685e-007,0.0154681
,,,1.01085e-007,0.0154681
,,,1.01485e-007,0.0156891
,,,1.01885e-007,0.0167939
,,,1.02285e-007,0.016573
,,,1.02685e-007,0.0172359
,,,1.03085e-007,0.0170149
,,,1.03485e-007,0.0178988
,,,1.03885e-007,0.0174569
,,,1.04285e-007,0.0174569
,,,1.04685e-007,0.0174569
,,,1.05085e-007,0.016573
,,,1.05485e-007,0.0167939
,,,1.05885e-007,0.0176778
,,,1.06285e-007,0.0172359
,,,1.06685e-007,0.0172359
,,,1.07085e-007,0.0174569
,,,1.07485e-007,0.0172359
,,,1.07885e-007,0.0178988
,,,1.08285e-007,0.0183408
,,,1.08685e-007,0.0183408
,,,1.09085e-007,0.016352
,,,1.09485e-007,0.0174569
,,,1.09885e-007,0.0181198
,,,1.10285e-007,0.0178988
,,,1.10685e-007,0.0174569
,,,1.11085e-007,0.0178988
,,,1.11485e-007,0.0174569
,,,1.11885e-007,0.0190037
,,,1.12285e-007,0.0183408
,,,1.12685e-007,0.0174569
,,,1.13085e-007,0.0170149
,,,1.13485e-007,0.0167939
,,,1.13885e-007,0.0174569
,,,1.14285e-007,0.0174569
,,,1.14685e-007,0.0176778
,,,1.15085e-007,0.0172359
,,,1.15485e-007,0.0183408
,,,1.15885e-007,0.0170149
,,,1.16285e-007,0.0176778
,,,1.16685e-007,0.0178988
,,,1.17085e-007,0.0183408
,,,1.17485e-007,0.0178988
,,,1.17885e-007,0.0190037
,,,1.18285e-007,0.0181198
,,,1.18685e-007,0.0187827
,,,1.19085e-007,0.0181198
,,,1.19485e-007,0.0183408
,,,1.19885e-007,0.0178988
,,,1.20285e-007,0.0183408
,,,1.20685e-007,0.0181198
,,,1.21085e-007,0.0181198
,,,1.21485e-007,0.0181198
,,,1.21885e-007,0.0181198
,,,1.22285e-007,0.0183408
,,,1.22685e-007,0.0181198
,,,1.23085e-007,0.0183408
,,,1.23485e-007,0.0194456
,,,1.23885e-007,0.0203295
,,,1.24285e-007,0.0201085
,,,1.24685e-007,0.0201085
,,,1.25085e-007,0.0209924
,,,1.25485e-007,0.0201085
,,,1.25885e-007,0.0209924
,,,1.26285e-007,0.0218763
,,,1.26685e-007,0.0207715
,,,1.27085e-007,0.0209924
,,,1.27485e-007,0.0216554
,,,1.27885e-007,0.0212134
,,,1.28285e-007,0.0201085
,,,1.28685e-007,0.0196666
,,,1.29085e-007,0.0198876
,,,1.29485e-007,0.0194456
,,,1.29885e-007,0.0185617
,,,1.30285e-007,0.0185617
,,,1.30685e-007,0.0183408
,,,1.31085e-007,0.0183408
,,,1.31485e-007,0.0181198
,,,1.31885e-007,0.0178988
,,,1.32285e-007,0.0172359
,,,1.32685e-007,0.0170149
,,,1.33085e-007,0.0176778
,,,1.33485e-007,0.0170149
,,,1.33885e-007,0.0170149
,,,1.34285e-007,0.0176778
,,,1.34685e-007,0.0170149
,,,1.35085e-007,0.0174569
,,,1.35485e-007,0.016352
,,,1.35885e-007,0.0170149
,,,1.36285e-007,0.0170149
,,,1.36685e-007,0.0167939
,,,1.37085e-007,0.016573
,,,1.37485e-007,0.016131
,,,1.37885e-007,0.016131
,,,1.38285e-007,0.016131
,,,1.38685e-007,0.016131
,,,1.39085e-007,0.016131
,,,1.39485e-007,0.016131
,,,1.39885e-007,0.0156891
,,,1.40285e-007,0.0159101
,,,1.40685e-007,0.0154681
,,,1.41085e-007,0.016131
,,,1.41485e-007,0.016131
,,,1.41885e-007,0.0159101
,,,1.42285e-007,0.016352
,,,1.42685e-007,0.016131
,,,1.43085e-007,0.0156891
,,,1.43485e-007,0.0152471
,,,1.43885e-007,0.0150262
,,,1.44285e-007,0.0152471
,,,1.44685e-007,0.0154681
,,,1.45085e-007,0.0148052
,,,1.45485e-007,0.0145842
,,,1.45885e-007,0.0141423
,,,1.46285e-007,0.0150262
,,,1.46685e-007,0.0150262
,,,1.47085e-007,0.0139213
,,,1.47485e-007,0.0141423
,,,1.47885e-007,0.0148052
,,,1.48285e-007,0.0145842
,,,1.48685e-007,0.0143632
,,,1.49085e-007,0.0150262
,,,1.49485e-007,0.0143632
,,,1.49885e-007,0.0152471
,,,1.50285e-007,0.0148052
,,,1.50685e-007,0.0141423
,,,1.51085e-007,0.0150262
,,,1.51485e-007,0.0150262
,,,1.51885e-007,0.0148052
,,,1.52285e-007,0.0154681
,,,1.52685e-007,0.0139213
,,,1.53085e-007,0.0150262
,,,1.53485e-007,0.0137003
,,,1.53885e-007,0.0134794
,,,1.54285e-007,0.0130374
,,,1.54685e-007,0.0125955
,,,1.55085e-007,0.0125955
,,,1.55485e-007,0.0132584
,,,1.55885e-007,0.0128164
,,,1.56285e-007,0.0132584
,,,1.56685e-007,0.0119325
,,,1.57085e-007,0.0119325
,,,1.57485e-007,0.0119325
,,,1.57885e-007,0.0130374
,,,1.58285e-007,0.0117116
,,,1.58685e-007,0.0117116
,,,1.59085e-007,0.0125955
,,,1.59485e-007,0.0128164
,,,1.59885e-007,0.0123745
,,,1.60285e-007,0.0128164
,,,1.60685e-007,0.0130374
,,,1.61085e-007,0.0119325
,,,1.61485e-007,0.0117116
,,,1.61885e-007,0.0123745
,,,1.62285e-007,0.0119325
,,,1.62685e-007,0.0117116
,,,1.63085e-007,0.0121535
,,,1.63485e-007,0.0117116
,,,1.63885e-007,0.0125955
,,,1.64285e-007,0.0128164
,,,1.64685e-007,0.0125955
,,,1.65085e-007,0.0125955
,,,1.65485e-007,0.0114906
,,,1.65885e-007,0.0121535
,,,1.66285e-007,0.0130374
,,,1.66685e-007,0.0123745
,,,1.67085e-007,0.0123745
,,,1.67485e-007,0.0119325
,,,1.67885e-007,0.0125955
,,,1.68285e-007,0.0117116
,,,1.68685e-007,0.0117116
,,,1.69085e-007,0.0123745
,,,1.69485e-007,0.0125955
,,,1.69885e-007,0.0128164
,,,1.70285e-007,0.0123745
,,,1.70685e-007,0.0128164
,,,1.71085e-007,0.0123745
,,,1.71485e-007,0.0125955
,,,1.71885e-007,0.0117116
,,,1.72285e-007,0.0121535
,,,1.72685e-007,0.0128164
,,,1.73085e-007,0.0123745
,,,1.73485e-007,0.0125955
,,,1.73885e-007,0.0128164
,,,1.74285e-007,0.0125955
,,,1.74685e-007,0.0119325
,,,1.75085e-007,0.0121535
,,,1.75485e-007,0.0132584
,,,1.75885e-007,0.0125955
,,,1.76285e-007,0.0123745
,,,1.76685e-007,0.0117116
,,,1.77085e-007,0.0121535
,,,1.77485e-007,0.0125955
,,,1.77885e-007,0.0123745
,,,1.78285e-007,0.0125955
,,,1.78685e-007,0.0130374
,,,1.79085e-007,0.0117116
,,,1.79485e-007,0.0125955
,,,1.79885e-007,0.0130374
,,,1.80285e-007,0.0125955
,,,1.80685e-007,0.0125955
,,,1.81085e-007,0.0121535
,,,1.81485e-007,0.0130374
,,,1.81885e-007,0.0134794
,,,1.82285e-007,0.0119325
,,,1.82685e-007,0.0119325
,,,1.83085e-007,0.0121535
,,,1.83485e-007,0.0128164
,,,1.83885e-007,0.0119325
,,,1.84285e-007,0.0119325
,,,1.84685e-007,0.0121535
,,,1.85085e-007,0.0119325
,,,1.85485e-007,0.0125955
,,,1.85885e-007,0.0130374
,,,1.86285e-007,0.0125955
,,,1.86685e-007,0.0130374
,,,1.87085e-007,0.0128164
,,,1.87485e-007,0.0134794
,,,1.87885e-007,0.0132584
,,,1.88285e-007,0.0139213
,,,1.88685e-007,0.0125955
,,,1.89085e-007,0.0130374
,,,1.89485e-007,0.0132584
,,,1.89885e-007,0.0132584
,,,1.90285e-007,0.0123745
,,,1.90685e-007,0.0128164
,,,1.91085e-007,0.0130374
,,,1.91485e-007,0.0132584
,,,1.91885e-007,0.0137003
,,,1.92285e-007,0.0141423
,,,1.92685e-007,0.0139213
,,,1.93085e-007,0.0137003
,,,1.93485e-007,0.0139213
,,,1.93885e-007,0.0137003
,,,1.94285e-007,0.0132584
,,,1.94685e-007,0.0137003
,,,1.95085e-007,0.0134794
,,,1.95485e-007,0.0139213
,,,1.95885e-007,0.0137003
,,,1.96285e-007,0.0132584
,,,1.96685e-007,0.0130374
,,,1.97085e-007,0.0128164
,,,1.97485e-007,0.0130374
,,,1.97885e-007,0.0137003
,,,1.98285e-007,0.0134794
,,,1.98685e-007,0.0132584
,,,1.99085e-007,0.0123745
,,,1.99485e-007,0.0125955
,,,1.99885e-007,0.0132584
,,,2.00285e-007,0.0130374
,,,2.00685e-007,0.0128164
,,,2.01085e-007,0.0125955
,,,2.01485e-007,0.0123745
,,,2.01885e-007,0.0123745
,,,2.02285e-007,0.0121535
,,,2.02685e-007,0.0112696
,,,2.03085e-007,0.0112696
,,,2.03485e-007,0.0117116
,,,2.03885e-007,0.0123745
,,,2.04285e-007,0.0128164
,,,2.04685e-007,0.0119325
,,,2.05085e-007,0.0119325
,,,2.05485e-007,0.0117116
,,,2.05885e-007,0.0112696
,,,2.06285e-007,0.0114906
,,,2.06685e-007,0.0101648
,,,2.07085e-007,0.0106067
,,,2.07485e-007,0.0110486
,,,2.07885e-007,0.0101648
,,,2.08285e-007,0.00972281
,,,2.08685e-007,0.00994378
,,,2.09085e-007,0.00883892
,,,2.09485e-007,0.00928087
,,,2.09885e-007,0.00883892
,,,2.10285e-007,0.00839697
,,,2.10685e-007,0.00795503
,,,2.11085e-007,0.00729211
,,,2.11485e-007,0.00707114
,,,2.11885e-007,0.00685016
,,,2.12285e-007,0.00640822
,,,2.12685e-007,0.00640822
,,,2.13085e-007,0.00662919
,,,2.13485e-007,0.00640822
,,,2.13885e-007,0.0057453
,,,2.14285e-007,0.00530335
,,,2.14685e-007,0.00464043
,,,2.15085e-007,0.00486141
,,,2.15485e-007,0.00486141
,,,2.15885e-007,0.00397751
,,,2.16285e-007,0.00397751
,,,2.16685e-007,0.00419849
,,,2.17085e-007,0.00375654
,,,2.17485e-007,0.00331459
,,,2.17885e-007,0.00397751
,,,2.18285e-007,0.00287265
,,,2.18685e-007,0.00176778
,,,2.19085e-007,0.00220973
,,,2.19485e-007,0.00265168
,,,2.19885e-007,0.00154681
,,,2.20285e-007,0.00287265
,,,2.20685e-007,0.00198876
,,,2.21085e-007,0.00132584
,,,2.21485e-007,0.00176778
,,,2.21885e-007,0.00265168
,,,2.22285e-007,0.00154681
,,,2.22685e-007,0.00154681
,,,2.23085e-007,0.00110486
,,,2.23485e-007,0.00110486
,,,2.23885e-007,0.00220973
,,,2.24285e-007,0.00154681
,,,2.24685e-007,0.000883892
,,,2.25085e-007,0.00132584
,,,2.25485e-007,0.000662919
,,,2.25885e-007,0.000441946
,,,2.26285e-007,0.00132584
,,,2.26685e-007,0.000662919
,,,2.27085e-007,0.00110486
,,,2.27485e-007,0.00132584
,,,2.27885e-007,0.00110486
,,,2.28285e-007,0.00110486
,,,2.28685e-007,0.000662919
,,,2.29085e-007,0.000662919
,,,2.29485e-007,0.000441946
,,,2.29885e-007,0.00176778
,,,2.30285e-007,0.00110486
,,,2.30685e-007,0.000662919
,,,2.31085e-007,0.000662919
,,,2.31485e-007,0.000441946
,,,2.31885e-007,0.000662919
,,,2.32285e-007,0.00132584
,,,2.32685e-007,-0.000441946
,,,2.33085e-007,0
,,,2.33485e-007,0.000662919
,,,2.33885e-007,0.000662919
,,,2.34285e-007,0
,,,2.34685e-007,-0.000662919
,,,2.35085e-007,-0.000662919
,,,2.35485e-007,-0.000441946
,,,2.35885e-007,0.000220973
,,,2.36285e-007,0.000220973
,,,2.36685e-007,0.000220973
,,,2.37085e-007,-0.000662919
,,,2.37485e-007,0
,,,2.37885e-007,0
,,,2.38285e-007,0.000441946
,,,2.38685e-007,0
,,,2.39085e-007,-0.000441946
,,,2.39485e-007,0
,,,2.39885e-007,-0.000883892
,,,2.40285e-007,-0.000220973
,,,2.40685e-007,-0.000662919
,,,2.41085e-007,-0.000220973
,,,2.41485e-007,-0.000441946
,,,2.41885e-007,-0.000441946
,,,2.42285e-007,-0.000662919
,,,2.42685e-007,0.000220973
,,,2.43085e-007,-0.000220973
,,,2.43485e-007,-0.000662919
,,,2.43885e-007,-0.000441946
,,,2.44285e-007,-0.000220973
,,,2.44685e-007,-0.000441946
,,,2.45085e-007,-0.000662919
,,,2.45485e-007,-0.000220973
,,,2.45885e-007,0
,,,2.46285e-007,-0.000220973
,,,2.46685e-007,-0.000441946
,,,2.47085e-007,0.000220973
,,,2.47485e-007,0.000220973
,,,2.47885e-007,0
,,,2.48285e-007,-0.000220973
,,,2.48685e-007,-0.000441946
,,,2.49085e-007,0.000441946
,,,2.49485e-007,0.000220973
,,,2.49885e-007,-0.000662919
,,,2.50285e-007,-0.000220973
