"Record Length",1252,"Points",-2.5024e-007,0.000441946
"Sample Interval",4e-010,s,-2.4984e-007,0.000662919
"Trigger Point",625,"Samples",-2.4944e-007,0.000662919
"Trigger Time",0.599,s,-2.4904e-007,0.000220973
,,,-2.4864e-007,-0.000220973
"Horizontal Offset",-2.5024e-007,s,-2.4824e-007,0.000662919
,,,-2.4784e-007,0.000220973
,,,-2.4744e-007,0.000441946
,,,-2.4704e-007,0.000220973
,,,-2.4664e-007,0.000220973
,,,-2.4624e-007,-0.000662919
,,,-2.4584e-007,0.000220973
,,,-2.4544e-007,0
,,,-2.4504e-007,0.00132584
,,,-2.4464e-007,0.000662919
,,,-2.4424e-007,0.000220973
,,,-2.4384e-007,0
,,,-2.4344e-007,0
,,,-2.4304e-007,0.000441946
,,,-2.4264e-007,0
,,,-2.4224e-007,-0.000220973
,,,-2.4184e-007,0.000662919
,,,-2.4144e-007,0.000883892
,,,-2.4104e-007,0.000220973
,,,-2.4064e-007,-0.000441946
,,,-2.4024e-007,-0.000220973
,,,-2.3984e-007,0
,,,-2.3944e-007,-0.000220973
,,,-2.3904e-007,0.000220973
,,,-2.3864e-007,0.000220973
,,,-2.3824e-007,-0.000220973
,,,-2.3784e-007,0.000662919
,,,-2.3744e-007,0.000220973
,,,-2.3704e-007,0.000220973
,,,-2.3664e-007,0.000662919
,,,-2.3624e-007,0.000662919
,,,-2.3584e-007,-0.000220973
,,,-2.3544e-007,-0.000662919
,,,-2.3504e-007,0.000441946
,,,-2.3464e-007,-0.000441946
,,,-2.3424e-007,0.000441946
,,,-2.3384e-007,0.000220973
,,,-2.3344e-007,-0.000441946
,,,-2.3304e-007,0.000662919
,,,-2.3264e-007,0
,,,-2.3224e-007,0
,,,-2.3184e-007,0.000220973
,,,-2.3144e-007,0.000220973
,,,-2.3104e-007,0
,,,-2.3064e-007,0.000220973
,,,-2.3024e-007,0
,,,-2.2984e-007,0
,,,-2.2944e-007,-0.000441946
,,,-2.2904e-007,0.000662919
,,,-2.2864e-007,0.000441946
,,,-2.2824e-007,0.00110486
,,,-2.2784e-007,0
,,,-2.2744e-007,0.000220973
,,,-2.2704e-007,0.000662919
,,,-2.2664e-007,0.000220973
,,,-2.2624e-007,0.000220973
,,,-2.2584e-007,0
,,,-2.2544e-007,0.000441946
,,,-2.2504e-007,0
,,,-2.2464e-007,0.000220973
,,,-2.2424e-007,0
,,,-2.2384e-007,0
,,,-2.2344e-007,0.000220973
,,,-2.2304e-007,-0.000220973
,,,-2.2264e-007,0.000220973
,,,-2.2224e-007,0.000662919
,,,-2.2184e-007,0.000220973
,,,-2.2144e-007,0
,,,-2.2104e-007,0.000441946
,,,-2.2064e-007,0
,,,-2.2024e-007,0
,,,-2.1984e-007,0
,,,-2.1944e-007,0.000441946
,,,-2.1904e-007,0.000220973
,,,-2.1864e-007,0.000662919
,,,-2.1824e-007,-0.000441946
,,,-2.1784e-007,0
,,,-2.1744e-007,0.000220973
,,,-2.1704e-007,0.000662919
,,,-2.1664e-007,0.000662919
,,,-2.1624e-007,0.000662919
,,,-2.1584e-007,0
,,,-2.1544e-007,0
,,,-2.1504e-007,0.000220973
,,,-2.1464e-007,0
,,,-2.1424e-007,0
,,,-2.1384e-007,0.000441946
,,,-2.1344e-007,0.000220973
,,,-2.1304e-007,-0.000220973
,,,-2.1264e-007,0.000220973
,,,-2.1224e-007,0.000220973
,,,-2.1184e-007,0.000220973
,,,-2.1144e-007,0
,,,-2.1104e-007,0.000441946
,,,-2.1064e-007,0.000220973
,,,-2.1024e-007,-0.000220973
,,,-2.0984e-007,0.000441946
,,,-2.0944e-007,0.000441946
,,,-2.0904e-007,0.000220973
,,,-2.0864e-007,0.000220973
,,,-2.0824e-007,0.000220973
,,,-2.0784e-007,0
,,,-2.0744e-007,0.000220973
,,,-2.0704e-007,0.000441946
,,,-2.0664e-007,0.000883892
,,,-2.0624e-007,-0.000220973
,,,-2.0584e-007,-0.000662919
,,,-2.0544e-007,0
,,,-2.0504e-007,0
,,,-2.0464e-007,0.000220973
,,,-2.0424e-007,0.00110486
,,,-2.0384e-007,0.000220973
,,,-2.0344e-007,-0.000220973
,,,-2.0304e-007,-0.000220973
,,,-2.0264e-007,0.000883892
,,,-2.0224e-007,0.000220973
,,,-2.0184e-007,0.000883892
,,,-2.0144e-007,-0.000441946
,,,-2.0104e-007,0.000220973
,,,-2.0064e-007,-0.000220973
,,,-2.0024e-007,0.000220973
,,,-1.9984e-007,0.000220973
,,,-1.9944e-007,0.000441946
,,,-1.9904e-007,0
,,,-1.9864e-007,0
,,,-1.9824e-007,0.000220973
,,,-1.9784e-007,-0.000662919
,,,-1.9744e-007,0
,,,-1.9704e-007,0.000441946
,,,-1.9664e-007,0.000662919
,,,-1.9624e-007,0.000662919
,,,-1.9584e-007,-0.000662919
,,,-1.9544e-007,-0.000220973
,,,-1.9504e-007,0.000220973
,,,-1.9464e-007,0.000441946
,,,-1.9424e-007,0.000220973
,,,-1.9384e-007,0.000220973
,,,-1.9344e-007,0.000441946
,,,-1.9304e-007,-0.000220973
,,,-1.9264e-007,-0.000220973
,,,-1.9224e-007,-0.000220973
,,,-1.9184e-007,-0.000220973
,,,-1.9144e-007,0.000220973
,,,-1.9104e-007,0
,,,-1.9064e-007,0.000220973
,,,-1.9024e-007,-0.000441946
,,,-1.8984e-007,0.000662919
,,,-1.8944e-007,0
,,,-1.8904e-007,0
,,,-1.8864e-007,0
,,,-1.8824e-007,-0.000220973
,,,-1.8784e-007,0.000220973
,,,-1.8744e-007,0.000662919
,,,-1.8704e-007,0
,,,-1.8664e-007,-0.000220973
,,,-1.8624e-007,-0.000220973
,,,-1.8584e-007,0
,,,-1.8544e-007,0.000220973
,,,-1.8504e-007,0.000662919
,,,-1.8464e-007,0.000220973
,,,-1.8424e-007,-0.000220973
,,,-1.8384e-007,0.000220973
,,,-1.8344e-007,0.000220973
,,,-1.8304e-007,0
,,,-1.8264e-007,0.000441946
,,,-1.8224e-007,0
,,,-1.8184e-007,0.000220973
,,,-1.8144e-007,0.000662919
,,,-1.8104e-007,0
,,,-1.8064e-007,0.000220973
,,,-1.8024e-007,0
,,,-1.7984e-007,0.000662919
,,,-1.7944e-007,0.000441946
,,,-1.7904e-007,0.00132584
,,,-1.7864e-007,0.000220973
,,,-1.7824e-007,-0.000220973
,,,-1.7784e-007,0.000441946
,,,-1.7744e-007,0.000220973
,,,-1.7704e-007,0
,,,-1.7664e-007,0.000441946
,,,-1.7624e-007,-0.000220973
,,,-1.7584e-007,-0.000220973
,,,-1.7544e-007,-0.000220973
,,,-1.7504e-007,-0.000220973
,,,-1.7464e-007,0
,,,-1.7424e-007,0.000220973
,,,-1.7384e-007,0.000220973
,,,-1.7344e-007,0
,,,-1.7304e-007,0.000220973
,,,-1.7264e-007,0.000883892
,,,-1.7224e-007,0.000441946
,,,-1.7184e-007,0.000662919
,,,-1.7144e-007,-0.000220973
,,,-1.7104e-007,0
,,,-1.7064e-007,0.000441946
,,,-1.7024e-007,0
,,,-1.6984e-007,0.000220973
,,,-1.6944e-007,0.000662919
,,,-1.6904e-007,0.00132584
,,,-1.6864e-007,0.000441946
,,,-1.6824e-007,0.000662919
,,,-1.6784e-007,0.000441946
,,,-1.6744e-007,0.000441946
,,,-1.6704e-007,0.000441946
,,,-1.6664e-007,-0.000220973
,,,-1.6624e-007,0
,,,-1.6584e-007,0.000441946
,,,-1.6544e-007,0.000441946
,,,-1.6504e-007,0.000220973
,,,-1.6464e-007,0.000662919
,,,-1.6424e-007,0.000220973
,,,-1.6384e-007,-0.000220973
,,,-1.6344e-007,-0.000220973
,,,-1.6304e-007,0.000220973
,,,-1.6264e-007,0.000441946
,,,-1.6224e-007,0.000220973
,,,-1.6184e-007,0.000220973
,,,-1.6144e-007,-0.000220973
,,,-1.6104e-007,0.000220973
,,,-1.6064e-007,0.000220973
,,,-1.6024e-007,0
,,,-1.5984e-007,0.000883892
,,,-1.5944e-007,-0.000220973
,,,-1.5904e-007,-0.000220973
,,,-1.5864e-007,0.000220973
,,,-1.5824e-007,0.000441946
,,,-1.5784e-007,0
,,,-1.5744e-007,0.000441946
,,,-1.5704e-007,0
,,,-1.5664e-007,0.000220973
,,,-1.5624e-007,0.000883892
,,,-1.5584e-007,-0.000220973
,,,-1.5544e-007,0.000220973
,,,-1.5504e-007,0.000441946
,,,-1.5464e-007,0.000220973
,,,-1.5424e-007,-0.000441946
,,,-1.5384e-007,0.000662919
,,,-1.5344e-007,0.000662919
,,,-1.5304e-007,0
,,,-1.5264e-007,0.000220973
,,,-1.5224e-007,-0.000220973
,,,-1.5184e-007,0
,,,-1.5144e-007,0.000662919
,,,-1.5104e-007,0.000441946
,,,-1.5064e-007,0
,,,-1.5024e-007,0.000662919
,,,-1.4984e-007,-0.000441946
,,,-1.4944e-007,0.000441946
,,,-1.4904e-007,-0.000220973
,,,-1.4864e-007,0
,,,-1.4824e-007,-0.000220973
,,,-1.4784e-007,0.000441946
,,,-1.4744e-007,0
,,,-1.4704e-007,0.000662919
,,,-1.4664e-007,0.000441946
,,,-1.4624e-007,0.000441946
,,,-1.4584e-007,0.000220973
,,,-1.4544e-007,-0.000220973
,,,-1.4504e-007,0.000441946
,,,-1.4464e-007,-0.000441946
,,,-1.4424e-007,-0.000441946
,,,-1.4384e-007,0.000220973
,,,-1.4344e-007,-0.000220973
,,,-1.4304e-007,0.000220973
,,,-1.4264e-007,0
,,,-1.4224e-007,0.000662919
,,,-1.4184e-007,0.000662919
,,,-1.4144e-007,0.000220973
,,,-1.4104e-007,0.000220973
,,,-1.4064e-007,0.000441946
,,,-1.4024e-007,0.000441946
,,,-1.3984e-007,0.000441946
,,,-1.3944e-007,0.000662919
,,,-1.3904e-007,0
,,,-1.3864e-007,-0.000220973
,,,-1.3824e-007,-0.000441946
,,,-1.3784e-007,0.000662919
,,,-1.3744e-007,0
,,,-1.3704e-007,0.00110486
,,,-1.3664e-007,-0.000441946
,,,-1.3624e-007,0.000441946
,,,-1.3584e-007,-0.000220973
,,,-1.3544e-007,-0.000220973
,,,-1.3504e-007,0.000220973
,,,-1.3464e-007,0.000441946
,,,-1.3424e-007,-0.000441946
,,,-1.3384e-007,-0.000441946
,,,-1.3344e-007,-0.000662919
,,,-1.3304e-007,0
,,,-1.3264e-007,0.00110486
,,,-1.3224e-007,0.00110486
,,,-1.3184e-007,0.000441946
,,,-1.3144e-007,0.00110486
,,,-1.3104e-007,0.000441946
,,,-1.3064e-007,0.00110486
,,,-1.3024e-007,0
,,,-1.2984e-007,0.000441946
,,,-1.2944e-007,0.000662919
,,,-1.2904e-007,0.000220973
,,,-1.2864e-007,0.00110486
,,,-1.2824e-007,0.000441946
,,,-1.2784e-007,0
,,,-1.2744e-007,0.000220973
,,,-1.2704e-007,-0.000662919
,,,-1.2664e-007,0
,,,-1.2624e-007,0.000441946
,,,-1.2584e-007,0
,,,-1.2544e-007,0.000441946
,,,-1.2504e-007,0.000662919
,,,-1.2464e-007,0
,,,-1.2424e-007,0.000220973
,,,-1.2384e-007,0.000220973
,,,-1.2344e-007,-0.000220973
,,,-1.2304e-007,0
,,,-1.2264e-007,0.000220973
,,,-1.2224e-007,0
,,,-1.2184e-007,0
,,,-1.2144e-007,0.000441946
,,,-1.2104e-007,0
,,,-1.2064e-007,0.000441946
,,,-1.2024e-007,-0.000220973
,,,-1.1984e-007,-0.000220973
,,,-1.1944e-007,-0.000220973
,,,-1.1904e-007,0
,,,-1.1864e-007,0.000441946
,,,-1.1824e-007,0.000220973
,,,-1.1784e-007,0.000662919
,,,-1.1744e-007,0.000220973
,,,-1.1704e-007,0.000441946
,,,-1.1664e-007,0.000220973
,,,-1.1624e-007,0
,,,-1.1584e-007,0.000220973
,,,-1.1544e-007,-0.000220973
,,,-1.1504e-007,0.000441946
,,,-1.1464e-007,0
,,,-1.1424e-007,-0.000441946
,,,-1.1384e-007,0.000220973
,,,-1.1344e-007,0
,,,-1.1304e-007,0.000662919
,,,-1.1264e-007,-0.000220973
,,,-1.1224e-007,-0.000441946
,,,-1.1184e-007,0.000220973
,,,-1.1144e-007,0.000441946
,,,-1.1104e-007,0.000220973
,,,-1.1064e-007,-0.000220973
,,,-1.1024e-007,0.000441946
,,,-1.0984e-007,-0.000220973
,,,-1.0944e-007,0.000662919
,,,-1.0904e-007,0.000220973
,,,-1.0864e-007,0.000220973
,,,-1.0824e-007,0.000662919
,,,-1.0784e-007,0.000441946
,,,-1.0744e-007,-0.000441946
,,,-1.0704e-007,0.000220973
,,,-1.0664e-007,0.000662919
,,,-1.0624e-007,-0.000220973
,,,-1.0584e-007,0.000662919
,,,-1.0544e-007,0
,,,-1.0504e-007,0.000441946
,,,-1.0464e-007,-0.000220973
,,,-1.0424e-007,0.000220973
,,,-1.0384e-007,0.000441946
,,,-1.0344e-007,0.000220973
,,,-1.0304e-007,0.000220973
,,,-1.0264e-007,-0.000441946
,,,-1.0224e-007,-0.000220973
,,,-1.0184e-007,-0.000441946
,,,-1.0144e-007,-0.000220973
,,,-1.0104e-007,-0.000220973
,,,-1.0064e-007,0.000441946
,,,-1.0024e-007,0.000220973
,,,-9.98396e-008,0
,,,-9.94396e-008,-0.000220973
,,,-9.90396e-008,0.000883892
,,,-9.86396e-008,0.000441946
,,,-9.82396e-008,-0.000441946
,,,-9.78396e-008,0.000220973
,,,-9.74396e-008,0.000220973
,,,-9.70396e-008,-0.000220973
,,,-9.66396e-008,-0.000220973
,,,-9.62396e-008,0.000220973
,,,-9.58396e-008,-0.000441946
,,,-9.54396e-008,-0.000220973
,,,-9.50396e-008,0.000220973
,,,-9.46396e-008,0.000220973
,,,-9.42396e-008,0.000220973
,,,-9.38396e-008,0
,,,-9.34396e-008,-0.000441946
,,,-9.30396e-008,-0.000220973
,,,-9.26396e-008,0.000220973
,,,-9.22396e-008,0.000220973
,,,-9.18396e-008,0.000220973
,,,-9.14396e-008,0.000662919
,,,-9.10396e-008,0.000883892
,,,-9.06396e-008,-0.000441946
,,,-9.02396e-008,0.000220973
,,,-8.98396e-008,0.000662919
,,,-8.94396e-008,0.000441946
,,,-8.90396e-008,0
,,,-8.86396e-008,0
,,,-8.82396e-008,0
,,,-8.78396e-008,0.000220973
,,,-8.74396e-008,0
,,,-8.70396e-008,0
,,,-8.66396e-008,-0.000220973
,,,-8.62396e-008,0.000220973
,,,-8.58396e-008,-0.000220973
,,,-8.54396e-008,0.000883892
,,,-8.50396e-008,-0.000220973
,,,-8.46396e-008,0.000441946
,,,-8.42396e-008,-0.000441946
,,,-8.38396e-008,0.000220973
,,,-8.34396e-008,0
,,,-8.30396e-008,0.00132584
,,,-8.26396e-008,-0.000220973
,,,-8.22396e-008,0
,,,-8.18396e-008,0.000883892
,,,-8.14396e-008,0.000662919
,,,-8.10396e-008,0
,,,-8.06396e-008,0.000220973
,,,-8.02396e-008,-0.000220973
,,,-7.98396e-008,-0.000220973
,,,-7.94396e-008,0.000441946
,,,-7.90396e-008,-0.000220973
,,,-7.86396e-008,0
,,,-7.82396e-008,-0.000220973
,,,-7.78396e-008,0.000220973
,,,-7.74396e-008,0.000441946
,,,-7.70396e-008,0.000220973
,,,-7.66396e-008,0.000220973
,,,-7.62396e-008,0.000441946
,,,-7.58396e-008,0.000662919
,,,-7.54396e-008,0.000220973
,,,-7.50396e-008,0.000441946
,,,-7.46396e-008,0.000441946
,,,-7.42396e-008,0
,,,-7.38396e-008,0
,,,-7.34396e-008,-0.000220973
,,,-7.30396e-008,0.000441946
,,,-7.26396e-008,0.000441946
,,,-7.22396e-008,0.000441946
,,,-7.18396e-008,-0.000220973
,,,-7.14396e-008,0
,,,-7.10396e-008,0.000220973
,,,-7.06396e-008,0.000220973
,,,-7.02396e-008,0
,,,-6.98396e-008,0.000220973
,,,-6.94396e-008,0.000220973
,,,-6.90396e-008,-0.000220973
,,,-6.86396e-008,0.000662919
,,,-6.82396e-008,-0.000220973
,,,-6.78396e-008,0.000220973
,,,-6.74396e-008,-0.000441946
,,,-6.70396e-008,0.000441946
,,,-6.66396e-008,0.000441946
,,,-6.62396e-008,0.000220973
,,,-6.58396e-008,0.000441946
,,,-6.54396e-008,0.000662919
,,,-6.50396e-008,-0.000220973
,,,-6.46396e-008,0
,,,-6.42396e-008,-0.000441946
,,,-6.38396e-008,0.000662919
,,,-6.34396e-008,0.000220973
,,,-6.30396e-008,-0.000220973
,,,-6.26396e-008,0.000441946
,,,-6.22396e-008,0.000220973
,,,-6.18396e-008,0.000220973
,,,-6.14396e-008,0.000441946
,,,-6.10396e-008,0
,,,-6.06396e-008,0.000220973
,,,-6.02396e-008,0.000441946
,,,-5.98396e-008,0
,,,-5.94396e-008,0.000220973
,,,-5.90396e-008,0.000441946
,,,-5.86396e-008,-0.000441946
,,,-5.82396e-008,-0.000220973
,,,-5.78396e-008,0.000883892
,,,-5.74396e-008,0.000883892
,,,-5.70396e-008,0.000220973
,,,-5.66396e-008,0
,,,-5.62396e-008,-0.000883892
,,,-5.58396e-008,0.000441946
,,,-5.54396e-008,0
,,,-5.50396e-008,0.000220973
,,,-5.46396e-008,0.000220973
,,,-5.42396e-008,0.000441946
,,,-5.38396e-008,-0.000220973
,,,-5.34396e-008,0.000441946
,,,-5.30396e-008,-0.000220973
,,,-5.26396e-008,0.000883892
,,,-5.22396e-008,0.000441946
,,,-5.18396e-008,0.000441946
,,,-5.14396e-008,-0.000441946
,,,-5.10396e-008,0.000220973
,,,-5.06396e-008,0.000220973
,,,-5.02396e-008,0.000220973
,,,-4.98396e-008,-0.000441946
,,,-4.94396e-008,0.000441946
,,,-4.90396e-008,0.000662919
,,,-4.86396e-008,0
,,,-4.82396e-008,-0.000441946
,,,-4.78396e-008,0.000441946
,,,-4.74396e-008,0
,,,-4.70396e-008,-0.000441946
,,,-4.66396e-008,-0.000220973
,,,-4.62396e-008,0.000220973
,,,-4.58396e-008,-0.000220973
,,,-4.54396e-008,0
,,,-4.50396e-008,0
,,,-4.46396e-008,0.000662919
,,,-4.42396e-008,-0.000220973
,,,-4.38396e-008,-0.000441946
,,,-4.34396e-008,0.000441946
,,,-4.30396e-008,0
,,,-4.26396e-008,0.000662919
,,,-4.22396e-008,0.000441946
,,,-4.18396e-008,0.000441946
,,,-4.14396e-008,0
,,,-4.10396e-008,0.000883892
,,,-4.06396e-008,0.000662919
,,,-4.02396e-008,0.000220973
,,,-3.98396e-008,0.000441946
,,,-3.94396e-008,0.000441946
,,,-3.90396e-008,-0.000220973
,,,-3.86396e-008,0
,,,-3.82396e-008,0.000220973
,,,-3.78396e-008,-0.000220973
,,,-3.74396e-008,-0.000662919
,,,-3.70396e-008,0.000220973
,,,-3.66396e-008,0.000883892
,,,-3.62396e-008,0.000441946
,,,-3.58396e-008,0.000662919
,,,-3.54396e-008,0.000662919
,,,-3.50396e-008,0.000441946
,,,-3.46396e-008,0.000441946
,,,-3.42396e-008,0
,,,-3.38396e-008,0.000220973
,,,-3.34396e-008,0
,,,-3.30396e-008,0.000220973
,,,-3.26396e-008,0.000441946
,,,-3.22396e-008,0.000220973
,,,-3.18396e-008,0
,,,-3.14396e-008,0
,,,-3.10396e-008,0.000220973
,,,-3.06396e-008,0
,,,-3.02396e-008,0.000662919
,,,-2.98396e-008,0.000662919
,,,-2.94396e-008,0.000662919
,,,-2.90396e-008,0.000441946
,,,-2.86396e-008,0.000441946
,,,-2.82396e-008,-0.000441946
,,,-2.78396e-008,0.000883892
,,,-2.74396e-008,0.000220973
,,,-2.70396e-008,0
,,,-2.66396e-008,-0.000662919
,,,-2.62396e-008,-0.000220973
,,,-2.58396e-008,0.000220973
,,,-2.54396e-008,0.000441946
,,,-2.50396e-008,0.000220973
,,,-2.46396e-008,-0.000220973
,,,-2.42396e-008,0
,,,-2.38396e-008,0.000441946
,,,-2.34396e-008,0.000441946
,,,-2.30396e-008,-0.000220973
,,,-2.26396e-008,0
,,,-2.22396e-008,-0.000220973
,,,-2.18396e-008,-0.000441946
,,,-2.14396e-008,0.000220973
,,,-2.10396e-008,0
,,,-2.06396e-008,0.000662919
,,,-2.02396e-008,0
,,,-1.98396e-008,0.000441946
,,,-1.94396e-008,0
,,,-1.90396e-008,0.00110486
,,,-1.86396e-008,-0.000220973
,,,-1.82396e-008,0.000441946
,,,-1.78396e-008,0
,,,-1.74396e-008,0
,,,-1.70396e-008,0.000220973
,,,-1.66396e-008,0.000220973
,,,-1.62396e-008,0.000441946
,,,-1.58396e-008,0.000662919
,,,-1.54396e-008,-0.000441946
,,,-1.50396e-008,0.000220973
,,,-1.46396e-008,0.000662919
,,,-1.42396e-008,0.000883892
,,,-1.38396e-008,0
,,,-1.34396e-008,0.000441946
,,,-1.30396e-008,0.000441946
,,,-1.26396e-008,0.000441946
,,,-1.22396e-008,0.000662919
,,,-1.18396e-008,0.000220973
,,,-1.14396e-008,0.000441946
,,,-1.10396e-008,0.000441946
,,,-1.06396e-008,0.000220973
,,,-1.02396e-008,0.000220973
,,,-9.8396e-009,-0.000441946
,,,-9.4396e-009,0
,,,-9.0396e-009,0.000220973
,,,-8.6396e-009,-0.000220973
,,,-8.2396e-009,0
,,,-7.8396e-009,0.000441946
,,,-7.4396e-009,0.000662919
,,,-7.0396e-009,0.000220973
,,,-6.6396e-009,0.000220973
,,,-6.2396e-009,-0.000220973
,,,-5.8396e-009,-0.000220973
,,,-5.4396e-009,0.000220973
,,,-5.0396e-009,0.000883892
,,,-4.6396e-009,0.000441946
,,,-4.2396e-009,0.000441946
,,,-3.8396e-009,0.000441946
,,,-3.4396e-009,0.000220973
,,,-3.0396e-009,0
,,,-2.6396e-009,0.000220973
,,,-2.2396e-009,0.000220973
,,,-1.8396e-009,0.000441946
,,,-1.4396e-009,0.00110486
,,,-1.0396e-009,0
,,,-6.396e-010,0.000220973
,,,-2.396e-010,0.000220973
,,,1.604e-010,0.000220973
,,,5.604e-010,0.000441946
,,,9.604e-010,0.000441946
,,,1.3604e-009,0.000662919
,,,1.7604e-009,0.000662919
,,,2.1604e-009,0.000220973
,,,2.5604e-009,0
,,,2.9604e-009,-0.000220973
,,,3.3604e-009,0.000662919
,,,3.7604e-009,0.000441946
,,,4.1604e-009,-0.000220973
,,,4.5604e-009,-0.000220973
,,,4.9604e-009,0.000441946
,,,5.3604e-009,-0.000220973
,,,5.7604e-009,0.000662919
,,,6.1604e-009,0.000441946
,,,6.5604e-009,0.000662919
,,,6.9604e-009,0.000662919
,,,7.3604e-009,-0.000220973
,,,7.7604e-009,-0.000662919
,,,8.1604e-009,0.000220973
,,,8.5604e-009,0
,,,8.9604e-009,0
,,,9.3604e-009,0.000220973
,,,9.7604e-009,0.000441946
,,,1.01604e-008,0
,,,1.05604e-008,0.000441946
,,,1.09604e-008,0
,,,1.13604e-008,0.000441946
,,,1.17604e-008,0.000220973
,,,1.21604e-008,0
,,,1.25604e-008,0
,,,1.29604e-008,0.000220973
,,,1.33604e-008,0
,,,1.37604e-008,-0.000220973
,,,1.41604e-008,0
,,,1.45604e-008,0.000220973
,,,1.49604e-008,0.000441946
,,,1.53604e-008,0.000662919
,,,1.57604e-008,0
,,,1.61604e-008,0.000883892
,,,1.65604e-008,0
,,,1.69604e-008,0
,,,1.73604e-008,-0.000220973
,,,1.77604e-008,0.000662919
,,,1.81604e-008,0.000220973
,,,1.85604e-008,0.000441946
,,,1.89604e-008,0.000220973
,,,1.93604e-008,0.000441946
,,,1.97604e-008,0
,,,2.01604e-008,-0.000220973
,,,2.05604e-008,0.000220973
,,,2.09604e-008,0.000220973
,,,2.13604e-008,-0.000220973
,,,2.17604e-008,0.000441946
,,,2.21604e-008,0.000441946
,,,2.25604e-008,0.000220973
,,,2.29604e-008,0.000220973
,,,2.33604e-008,0
,,,2.37604e-008,0.00132584
,,,2.41604e-008,0
,,,2.45604e-008,0.000220973
,,,2.49604e-008,0.000662919
,,,2.53604e-008,0
,,,2.57604e-008,0
,,,2.61604e-008,0.000662919
,,,2.65604e-008,0.000441946
,,,2.69604e-008,-0.000220973
,,,2.73604e-008,0.000662919
,,,2.77604e-008,0.000883892
,,,2.81604e-008,0.000441946
,,,2.85604e-008,0
,,,2.89604e-008,0.000883892
,,,2.93604e-008,0
,,,2.97604e-008,0
,,,3.01604e-008,0.00110486
,,,3.05604e-008,0.000662919
,,,3.09604e-008,0.000441946
,,,3.13604e-008,0.000441946
,,,3.17604e-008,0.000220973
,,,3.21604e-008,-0.000441946
,,,3.25604e-008,0
,,,3.29604e-008,-0.000441946
,,,3.33604e-008,0.000441946
,,,3.37604e-008,0.000441946
,,,3.41604e-008,0.000441946
,,,3.45604e-008,0.000883892
,,,3.49604e-008,0.000441946
,,,3.53604e-008,0.000220973
,,,3.57604e-008,0
,,,3.61604e-008,0.000220973
,,,3.65604e-008,0.000662919
,,,3.69604e-008,0.000662919
,,,3.73604e-008,0.000441946
,,,3.77604e-008,0.000220973
,,,3.81604e-008,0
,,,3.85604e-008,0.000220973
,,,3.89604e-008,0.000662919
,,,3.93604e-008,0.000883892
,,,3.97604e-008,0
,,,4.01604e-008,0.000220973
,,,4.05604e-008,0.000662919
,,,4.09604e-008,0.000662919
,,,4.13604e-008,-0.000662919
,,,4.17604e-008,-0.000220973
,,,4.21604e-008,-0.000883892
,,,4.25604e-008,0
,,,4.29604e-008,0.000220973
,,,4.33604e-008,0.000883892
,,,4.37604e-008,0.000441946
,,,4.41604e-008,0.000220973
,,,4.45604e-008,0.000441946
,,,4.49604e-008,0.000220973
,,,4.53604e-008,0.000662919
,,,4.57604e-008,0.000220973
,,,4.61604e-008,0.000220973
,,,4.65604e-008,0.000883892
,,,4.69604e-008,0
,,,4.73604e-008,0.000441946
,,,4.77604e-008,0.000220973
,,,4.81604e-008,-0.000220973
,,,4.85604e-008,0.000441946
,,,4.89604e-008,-0.000883892
,,,4.93604e-008,-0.000662919
,,,4.97604e-008,-0.000662919
,,,5.01604e-008,0.000883892
,,,5.05604e-008,0.000220973
,,,5.09604e-008,-0.000662919
,,,5.13604e-008,-0.000220973
,,,5.17604e-008,-0.000220973
,,,5.21604e-008,0.000441946
,,,5.25604e-008,-0.000220973
,,,5.29604e-008,0.000220973
,,,5.33604e-008,0.000441946
,,,5.37604e-008,0
,,,5.41604e-008,0.000220973
,,,5.45604e-008,0.000220973
,,,5.49604e-008,0
,,,5.53604e-008,0.000220973
,,,5.57604e-008,0.000883892
,,,5.61604e-008,0.000441946
,,,5.65604e-008,0.000220973
,,,5.69604e-008,-0.000441946
,,,5.73604e-008,-0.000441946
,,,5.77604e-008,-0.000441946
,,,5.81604e-008,0
,,,5.85604e-008,-0.000220973
,,,5.89604e-008,-0.000220973
,,,5.93604e-008,0.000441946
,,,5.97604e-008,0
,,,6.01604e-008,-0.000662919
,,,6.05604e-008,0.000441946
,,,6.09604e-008,0.000220973
,,,6.13604e-008,0.000220973
,,,6.17604e-008,-0.000441946
,,,6.21604e-008,-0.000220973
,,,6.25604e-008,0.000220973
,,,6.29604e-008,0.000220973
,,,6.33604e-008,0.000220973
,,,6.37604e-008,-0.000220973
,,,6.41604e-008,-0.000441946
,,,6.45604e-008,-0.000441946
,,,6.49604e-008,-0.000220973
,,,6.53604e-008,0.000441946
,,,6.57604e-008,0.000220973
,,,6.61604e-008,0
,,,6.65604e-008,0
,,,6.69604e-008,0.000441946
,,,6.73604e-008,0.000662919
,,,6.77604e-008,0.000441946
,,,6.81604e-008,0.000441946
,,,6.85604e-008,0.000220973
,,,6.89604e-008,0.000883892
,,,6.93604e-008,0.00132584
,,,6.97604e-008,-0.000220973
,,,7.01604e-008,0
,,,7.05604e-008,0.000441946
,,,7.09604e-008,0.000883892
,,,7.13604e-008,0
,,,7.17604e-008,0.000220973
,,,7.21604e-008,0.000220973
,,,7.25604e-008,0.000220973
,,,7.29604e-008,0.000441946
,,,7.33604e-008,0.000220973
,,,7.37604e-008,0
,,,7.41604e-008,-0.000220973
,,,7.45604e-008,-0.000220973
,,,7.49604e-008,0
,,,7.53604e-008,0.000441946
,,,7.57604e-008,0.000220973
,,,7.61604e-008,-0.000220973
,,,7.65604e-008,-0.000441946
,,,7.69604e-008,0.000441946
,,,7.73604e-008,0
,,,7.77604e-008,0.000220973
,,,7.81604e-008,0
,,,7.85604e-008,0
,,,7.89604e-008,-0.000220973
,,,7.93604e-008,0.000441946
,,,7.97604e-008,0.000662919
,,,8.01604e-008,0.000662919
,,,8.05604e-008,0
,,,8.09604e-008,0.000662919
,,,8.13604e-008,0.000220973
,,,8.17604e-008,0.000441946
,,,8.21604e-008,0
,,,8.25604e-008,0.000220973
,,,8.29604e-008,0.00110486
,,,8.33604e-008,0.000662919
,,,8.37604e-008,0.000883892
,,,8.41604e-008,0
,,,8.45604e-008,0
,,,8.49604e-008,0.00110486
,,,8.53604e-008,0.000662919
,,,8.57604e-008,0.000220973
,,,8.61604e-008,0.000441946
,,,8.65604e-008,-0.000441946
,,,8.69604e-008,0.000441946
,,,8.73604e-008,0.00132584
,,,8.77604e-008,0.000662919
,,,8.81604e-008,0
,,,8.85604e-008,0.000883892
,,,8.89604e-008,0.000220973
,,,8.93604e-008,0.000662919
,,,8.97604e-008,0.000662919
,,,9.01604e-008,-0.000220973
,,,9.05604e-008,0.000220973
,,,9.09604e-008,0.000441946
,,,9.13604e-008,0.000441946
,,,9.17604e-008,0.000441946
,,,9.21604e-008,0.000441946
,,,9.25604e-008,0.000220973
,,,9.29604e-008,0.000441946
,,,9.33604e-008,0.00132584
,,,9.37604e-008,0.000883892
,,,9.41604e-008,0.00154681
,,,9.45604e-008,0.0024307
,,,9.49604e-008,0.00287265
,,,9.53604e-008,0.00397751
,,,9.57604e-008,0.00486141
,,,9.61604e-008,0.0057453
,,,9.65604e-008,0.00618724
,,,9.69604e-008,0.00773405
,,,9.73604e-008,0.00905989
,,,9.77604e-008,0.0103857
,,,9.81604e-008,0.0114906
,,,9.85604e-008,0.0123745
,,,9.89604e-008,0.0132584
,,,9.93604e-008,0.0139213
,,,9.97604e-008,0.0148052
,,,1.0016e-007,0.0154681
,,,1.0056e-007,0.0154681
,,,1.0096e-007,0.016352
,,,1.0136e-007,0.016131
,,,1.0176e-007,0.016352
,,,1.0216e-007,0.0172359
,,,1.0256e-007,0.0176778
,,,1.0296e-007,0.0174569
,,,1.0336e-007,0.0178988
,,,1.0376e-007,0.0176778
,,,1.0416e-007,0.0172359
,,,1.0456e-007,0.0170149
,,,1.0496e-007,0.0176778
,,,1.0536e-007,0.0174569
,,,1.0576e-007,0.0174569
,,,1.0616e-007,0.0172359
,,,1.0656e-007,0.0178988
,,,1.0696e-007,0.0174569
,,,1.0736e-007,0.0183408
,,,1.0776e-007,0.0176778
,,,1.0816e-007,0.0183408
,,,1.0856e-007,0.0185617
,,,1.0896e-007,0.0183408
,,,1.0936e-007,0.0187827
,,,1.0976e-007,0.0178988
,,,1.1016e-007,0.0185617
,,,1.1056e-007,0.0187827
,,,1.1096e-007,0.0183408
,,,1.1136e-007,0.0176778
,,,1.1176e-007,0.0172359
,,,1.1216e-007,0.0181198
,,,1.1256e-007,0.0185617
,,,1.1296e-007,0.0174569
,,,1.1336e-007,0.0178988
,,,1.1376e-007,0.0181198
,,,1.1416e-007,0.0185617
,,,1.1456e-007,0.0183408
,,,1.1496e-007,0.0181198
,,,1.1536e-007,0.0185617
,,,1.1576e-007,0.0178988
,,,1.1616e-007,0.0174569
,,,1.1656e-007,0.0174569
,,,1.1696e-007,0.0172359
,,,1.1736e-007,0.0178988
,,,1.1776e-007,0.0176778
,,,1.1816e-007,0.0185617
,,,1.1856e-007,0.0172359
,,,1.1896e-007,0.0181198
,,,1.1936e-007,0.0176778
,,,1.1976e-007,0.0178988
,,,1.2016e-007,0.0181198
,,,1.2056e-007,0.0183408
,,,1.2096e-007,0.0185617
,,,1.2136e-007,0.0185617
,,,1.2176e-007,0.0187827
,,,1.2216e-007,0.0187827
,,,1.2256e-007,0.0194456
,,,1.2296e-007,0.0192246
,,,1.2336e-007,0.0198876
,,,1.2376e-007,0.0194456
,,,1.2416e-007,0.0203295
,,,1.2456e-007,0.0203295
,,,1.2496e-007,0.0207715
,,,1.2536e-007,0.0212134
,,,1.2576e-007,0.0209924
,,,1.2616e-007,0.0212134
,,,1.2656e-007,0.0216554
,,,1.2696e-007,0.0209924
,,,1.2736e-007,0.0209924
,,,1.2776e-007,0.0207715
,,,1.2816e-007,0.0203295
,,,1.2856e-007,0.0207715
,,,1.2896e-007,0.0198876
,,,1.2936e-007,0.0196666
,,,1.2976e-007,0.0187827
,,,1.3016e-007,0.0183408
,,,1.3056e-007,0.0183408
,,,1.3096e-007,0.0183408
,,,1.3136e-007,0.0181198
,,,1.3176e-007,0.0178988
,,,1.3216e-007,0.0176778
,,,1.3256e-007,0.0183408
,,,1.3296e-007,0.0178988
,,,1.3336e-007,0.0174569
,,,1.3376e-007,0.0178988
,,,1.3416e-007,0.0172359
,,,1.3456e-007,0.016573
,,,1.3496e-007,0.0172359
,,,1.3536e-007,0.0172359
,,,1.3576e-007,0.0176778
,,,1.3616e-007,0.0174569
,,,1.3656e-007,0.0170149
,,,1.3696e-007,0.0172359
,,,1.3736e-007,0.016573
,,,1.3776e-007,0.0159101
,,,1.3816e-007,0.0159101
,,,1.3856e-007,0.0167939
,,,1.3896e-007,0.016131
,,,1.3936e-007,0.016573
,,,1.3976e-007,0.0159101
,,,1.4016e-007,0.0159101
,,,1.4056e-007,0.0159101
,,,1.4096e-007,0.016131
,,,1.4136e-007,0.016131
,,,1.4176e-007,0.016352
,,,1.4216e-007,0.016131
,,,1.4256e-007,0.0154681
,,,1.4296e-007,0.0156891
,,,1.4336e-007,0.016131
,,,1.4376e-007,0.0152471
,,,1.4416e-007,0.0150262
,,,1.4456e-007,0.0152471
,,,1.4496e-007,0.0154681
,,,1.4536e-007,0.0152471
,,,1.4576e-007,0.0150262
,,,1.4616e-007,0.0150262
,,,1.4656e-007,0.0152471
,,,1.4696e-007,0.0150262
,,,1.4736e-007,0.0152471
,,,1.4776e-007,0.0154681
,,,1.4816e-007,0.0152471
,,,1.4856e-007,0.0145842
,,,1.4896e-007,0.0154681
,,,1.4936e-007,0.0152471
,,,1.4976e-007,0.0145842
,,,1.5016e-007,0.0137003
,,,1.5056e-007,0.0148052
,,,1.5096e-007,0.0148052
,,,1.5136e-007,0.0145842
,,,1.5176e-007,0.0148052
,,,1.5216e-007,0.0145842
,,,1.5256e-007,0.0145842
,,,1.5296e-007,0.0148052
,,,1.5336e-007,0.0137003
,,,1.5376e-007,0.0143632
,,,1.5416e-007,0.0139213
,,,1.5456e-007,0.0137003
,,,1.5496e-007,0.0132584
,,,1.5536e-007,0.0132584
,,,1.5576e-007,0.0130374
,,,1.5616e-007,0.0132584
,,,1.5656e-007,0.0119325
,,,1.5696e-007,0.0123745
,,,1.5736e-007,0.0121535
,,,1.5776e-007,0.0121535
,,,1.5816e-007,0.0119325
,,,1.5856e-007,0.0128164
,,,1.5896e-007,0.0114906
,,,1.5936e-007,0.0119325
,,,1.5976e-007,0.0125955
,,,1.6016e-007,0.0117116
,,,1.6056e-007,0.0117116
,,,1.6096e-007,0.0128164
,,,1.6136e-007,0.0119325
,,,1.6176e-007,0.0121535
,,,1.6216e-007,0.0121535
,,,1.6256e-007,0.0121535
,,,1.6296e-007,0.0121535
,,,1.6336e-007,0.0123745
,,,1.6376e-007,0.0119325
,,,1.6416e-007,0.0128164
,,,1.6456e-007,0.0128164
,,,1.6496e-007,0.0128164
,,,1.6536e-007,0.0123745
,,,1.6576e-007,0.0123745
,,,1.6616e-007,0.0128164
,,,1.6656e-007,0.0123745
,,,1.6696e-007,0.0125955
,,,1.6736e-007,0.0132584
,,,1.6776e-007,0.0125955
,,,1.6816e-007,0.0128164
,,,1.6856e-007,0.0125955
,,,1.6896e-007,0.0121535
,,,1.6936e-007,0.0121535
,,,1.6976e-007,0.0130374
,,,1.7016e-007,0.0119325
,,,1.7056e-007,0.0121535
,,,1.7096e-007,0.0117116
,,,1.7136e-007,0.0125955
,,,1.7176e-007,0.0128164
,,,1.7216e-007,0.0128164
,,,1.7256e-007,0.0121535
,,,1.7296e-007,0.0121535
,,,1.7336e-007,0.0119325
,,,1.7376e-007,0.0119325
,,,1.7416e-007,0.0123745
,,,1.7456e-007,0.0123745
,,,1.7496e-007,0.0125955
,,,1.7536e-007,0.0125955
,,,1.7576e-007,0.0119325
,,,1.7616e-007,0.0125955
,,,1.7656e-007,0.0125955
,,,1.7696e-007,0.0121535
,,,1.7736e-007,0.0128164
,,,1.7776e-007,0.0123745
,,,1.7816e-007,0.0123745
,,,1.7856e-007,0.0125955
,,,1.7896e-007,0.0130374
,,,1.7936e-007,0.0130374
,,,1.7976e-007,0.0130374
,,,1.8016e-007,0.0123745
,,,1.8056e-007,0.0123745
,,,1.8096e-007,0.0128164
,,,1.8136e-007,0.0132584
,,,1.8176e-007,0.0119325
,,,1.8216e-007,0.0128164
,,,1.8256e-007,0.0128164
,,,1.8296e-007,0.0123745
,,,1.8336e-007,0.0125955
,,,1.8376e-007,0.0128164
,,,1.8416e-007,0.0117116
,,,1.8456e-007,0.0114906
,,,1.8496e-007,0.0114906
,,,1.8536e-007,0.0119325
,,,1.8576e-007,0.0121535
,,,1.8616e-007,0.0125955
,,,1.8656e-007,0.0123745
,,,1.8696e-007,0.0123745
,,,1.8736e-007,0.0132584
,,,1.8776e-007,0.0137003
,,,1.8816e-007,0.0132584
,,,1.8856e-007,0.0130374
,,,1.8896e-007,0.0137003
,,,1.8936e-007,0.0143632
,,,1.8976e-007,0.0134794
,,,1.9016e-007,0.0130374
,,,1.9056e-007,0.0134794
,,,1.9096e-007,0.0137003
,,,1.9136e-007,0.0143632
,,,1.9176e-007,0.0130374
,,,1.9216e-007,0.0141423
,,,1.9256e-007,0.0132584
,,,1.9296e-007,0.0128164
,,,1.9336e-007,0.0137003
,,,1.9376e-007,0.0141423
,,,1.9416e-007,0.0137003
,,,1.9456e-007,0.0134794
,,,1.9496e-007,0.0141423
,,,1.9536e-007,0.0134794
,,,1.9576e-007,0.0137003
,,,1.9616e-007,0.0141423
,,,1.9656e-007,0.0132584
,,,1.9696e-007,0.0134794
,,,1.9736e-007,0.0130374
,,,1.9776e-007,0.0128164
,,,1.9816e-007,0.0139213
,,,1.9856e-007,0.0139213
,,,1.9896e-007,0.0139213
,,,1.9936e-007,0.0137003
,,,1.9976e-007,0.0121535
,,,2.0016e-007,0.0132584
,,,2.0056e-007,0.0137003
,,,2.0096e-007,0.0130374
,,,2.0136e-007,0.0128164
,,,2.0176e-007,0.0128164
,,,2.0216e-007,0.0128164
,,,2.0256e-007,0.0121535
,,,2.0296e-007,0.0121535
,,,2.0336e-007,0.0121535
,,,2.0376e-007,0.0117116
,,,2.0416e-007,0.0119325
,,,2.0456e-007,0.0117116
,,,2.0496e-007,0.0114906
,,,2.0536e-007,0.0110486
,,,2.0576e-007,0.0110486
,,,2.0616e-007,0.0117116
,,,2.0656e-007,0.0112696
,,,2.0696e-007,0.0103857
,,,2.0736e-007,0.0101648
,,,2.0776e-007,0.0103857
,,,2.0816e-007,0.00972281
,,,2.0856e-007,0.00905989
,,,2.0896e-007,0.00883892
,,,2.0936e-007,0.00883892
,,,2.0976e-007,0.00795503
,,,2.1016e-007,0.008176
,,,2.1056e-007,0.00662919
,,,2.1096e-007,0.00751308
,,,2.1136e-007,0.00685016
,,,2.1176e-007,0.00729211
,,,2.1216e-007,0.00707114
,,,2.1256e-007,0.00596627
,,,2.1296e-007,0.00552432
,,,2.1336e-007,0.00596627
,,,2.1376e-007,0.00486141
,,,2.1416e-007,0.00464043
,,,2.1456e-007,0.00486141
,,,2.1496e-007,0.00397751
,,,2.1536e-007,0.00419849
,,,2.1576e-007,0.00375654
,,,2.1616e-007,0.00397751
,,,2.1656e-007,0.00397751
,,,2.1696e-007,0.00353557
,,,2.1736e-007,0.00375654
,,,2.1776e-007,0.00287265
,,,2.1816e-007,0.0024307
,,,2.1856e-007,0.0024307
,,,2.1896e-007,0.00198876
,,,2.1936e-007,0.0024307
,,,2.1976e-007,0.00176778
,,,2.2016e-007,0.00176778
,,,2.2056e-007,0.00220973
,,,2.2096e-007,0.00265168
,,,2.2136e-007,0.00198876
,,,2.2176e-007,0.0024307
,,,2.2216e-007,0.00176778
,,,2.2256e-007,0.00198876
,,,2.2296e-007,0.00176778
,,,2.2336e-007,0.00176778
,,,2.2376e-007,0.00110486
,,,2.2416e-007,0.00154681
,,,2.2456e-007,0.00154681
,,,2.2496e-007,0.000883892
,,,2.2536e-007,0.000662919
,,,2.2576e-007,0.000662919
,,,2.2616e-007,0.000662919
,,,2.2656e-007,0.000883892
,,,2.2696e-007,0.000883892
,,,2.2736e-007,0.000662919
,,,2.2776e-007,0.000883892
,,,2.2816e-007,0.00110486
,,,2.2856e-007,0.000441946
,,,2.2896e-007,0.00110486
,,,2.2936e-007,0.000883892
,,,2.2976e-007,0.00110486
,,,2.3016e-007,0.000883892
,,,2.3056e-007,0.000441946
,,,2.3096e-007,0.000662919
,,,2.3136e-007,0.00110486
,,,2.3176e-007,0.000220973
,,,2.3216e-007,0.000662919
,,,2.3256e-007,0.000883892
,,,2.3296e-007,0.000441946
,,,2.3336e-007,0.000441946
,,,2.3376e-007,0.000662919
,,,2.3416e-007,0.000220973
,,,2.3456e-007,0.000662919
,,,2.3496e-007,0
,,,2.3536e-007,0
,,,2.3576e-007,0.000220973
,,,2.3616e-007,0
,,,2.3656e-007,0.000220973
,,,2.3696e-007,0.000662919
,,,2.3736e-007,0.000220973
,,,2.3776e-007,-0.000441946
,,,2.3816e-007,0
,,,2.3856e-007,0.000220973
,,,2.3896e-007,-0.000662919
,,,2.3936e-007,0
,,,2.3976e-007,0
,,,2.4016e-007,-0.000441946
,,,2.4056e-007,-0.000441946
,,,2.4096e-007,-0.000662919
,,,2.4136e-007,-0.000662919
,,,2.4176e-007,-0.000441946
,,,2.4216e-007,-0.000220973
,,,2.4256e-007,-0.000441946
,,,2.4296e-007,-0.000441946
,,,2.4336e-007,0.000662919
,,,2.4376e-007,-0.000220973
,,,2.4416e-007,-0.000662919
,,,2.4456e-007,-0.000441946
,,,2.4496e-007,0.000220973
,,,2.4536e-007,0
,,,2.4576e-007,-0.000441946
,,,2.4616e-007,0.000441946
,,,2.4656e-007,-0.000220973
,,,2.4696e-007,0.000220973
,,,2.4736e-007,0.000220973
,,,2.4776e-007,0.000220973
,,,2.4816e-007,-0.000441946
,,,2.4856e-007,-0.000220973
,,,2.4896e-007,-0.000220973
,,,2.4936e-007,0.000441946
,,,2.4976e-007,0
,,,2.5016e-007,0.000220973
