"Record Length",1252,"Points",-2.50311e-007,-0.000441946
"Sample Interval",4e-010,s,-2.49911e-007,-0.000220973
"Trigger Point",625,"Samples",-2.49511e-007,-0.000441946
"Trigger Time",0.777597,s,-2.49111e-007,0.000662919
,,,-2.48711e-007,0.000220973
"Horizontal Offset",-2.50311e-007,s,-2.48311e-007,0.000220973
,,,-2.47911e-007,0.000441946
,,,-2.47511e-007,0.000220973
,,,-2.47111e-007,0.000220973
,,,-2.46711e-007,0.000220973
,,,-2.46311e-007,0
,,,-2.45911e-007,0
,,,-2.45511e-007,-0.000220973
,,,-2.45111e-007,-0.000441946
,,,-2.44711e-007,0
,,,-2.44311e-007,0.000220973
,,,-2.43911e-007,0.000220973
,,,-2.43511e-007,0
,,,-2.43111e-007,0
,,,-2.42711e-007,-0.000220973
,,,-2.42311e-007,0.000220973
,,,-2.41911e-007,0.000441946
,,,-2.41511e-007,-0.000220973
,,,-2.41111e-007,0
,,,-2.40711e-007,0.000662919
,,,-2.40311e-007,-0.000441946
,,,-2.39911e-007,-0.000662919
,,,-2.39511e-007,-0.000220973
,,,-2.39111e-007,0
,,,-2.38711e-007,0.000220973
,,,-2.38311e-007,0.000441946
,,,-2.37911e-007,-0.000441946
,,,-2.37511e-007,0.000441946
,,,-2.37111e-007,0.000441946
,,,-2.36711e-007,-0.000220973
,,,-2.36311e-007,0
,,,-2.35911e-007,-0.000220973
,,,-2.35511e-007,-0.000883892
,,,-2.35111e-007,-0.000662919
,,,-2.34711e-007,-0.000220973
,,,-2.34311e-007,-0.000220973
,,,-2.33911e-007,0
,,,-2.33511e-007,0.000662919
,,,-2.33111e-007,0.000662919
,,,-2.32711e-007,0.000220973
,,,-2.32311e-007,0.000662919
,,,-2.31911e-007,0.000220973
,,,-2.31511e-007,-0.000220973
,,,-2.31111e-007,0.000441946
,,,-2.30711e-007,-0.000220973
,,,-2.30311e-007,0
,,,-2.29911e-007,0.000220973
,,,-2.29511e-007,-0.000883892
,,,-2.29111e-007,0
,,,-2.28711e-007,-0.000220973
,,,-2.28311e-007,-0.000220973
,,,-2.27911e-007,-0.000220973
,,,-2.27511e-007,0.000662919
,,,-2.27111e-007,0.000220973
,,,-2.26711e-007,0.000220973
,,,-2.26311e-007,-0.000441946
,,,-2.25911e-007,-0.000220973
,,,-2.25511e-007,0
,,,-2.25111e-007,0.000662919
,,,-2.24711e-007,0.000220973
,,,-2.24311e-007,0.000441946
,,,-2.23911e-007,-0.000220973
,,,-2.23511e-007,-0.000441946
,,,-2.23111e-007,0.000220973
,,,-2.22711e-007,0.000441946
,,,-2.22311e-007,0.000662919
,,,-2.21911e-007,0.000441946
,,,-2.21511e-007,0.000220973
,,,-2.21111e-007,0.000220973
,,,-2.20711e-007,-0.000220973
,,,-2.20311e-007,0
,,,-2.19911e-007,0
,,,-2.19511e-007,-0.000883892
,,,-2.19111e-007,0.000662919
,,,-2.18711e-007,0
,,,-2.18311e-007,0
,,,-2.17911e-007,0.000441946
,,,-2.17511e-007,0.000220973
,,,-2.17111e-007,0
,,,-2.16711e-007,-0.000662919
,,,-2.16311e-007,-0.000220973
,,,-2.15911e-007,-0.000220973
,,,-2.15511e-007,0.000441946
,,,-2.15111e-007,0.000220973
,,,-2.14711e-007,0.000441946
,,,-2.14311e-007,0.000662919
,,,-2.13911e-007,0.000220973
,,,-2.13511e-007,0
,,,-2.13111e-007,0.000883892
,,,-2.12711e-007,0
,,,-2.12311e-007,0.000220973
,,,-2.11911e-007,0.000441946
,,,-2.11511e-007,0.000220973
,,,-2.11111e-007,0.000220973
,,,-2.10711e-007,0.000441946
,,,-2.10311e-007,0.000220973
,,,-2.09911e-007,0.000220973
,,,-2.09511e-007,-0.000662919
,,,-2.09111e-007,0
,,,-2.08711e-007,0.000220973
,,,-2.08311e-007,0
,,,-2.07911e-007,-0.000220973
,,,-2.07511e-007,0
,,,-2.07111e-007,0
,,,-2.06711e-007,0
,,,-2.06311e-007,0.000883892
,,,-2.05911e-007,0.000441946
,,,-2.05511e-007,0
,,,-2.05111e-007,0.000220973
,,,-2.04711e-007,0.000220973
,,,-2.04311e-007,0
,,,-2.03911e-007,-0.000220973
,,,-2.03511e-007,-0.000220973
,,,-2.03111e-007,-0.000220973
,,,-2.02711e-007,-0.000220973
,,,-2.02311e-007,-0.000220973
,,,-2.01911e-007,-0.000883892
,,,-2.01511e-007,-0.000220973
,,,-2.01111e-007,-0.000220973
,,,-2.00711e-007,0
,,,-2.00311e-007,0.000662919
,,,-1.99911e-007,0
,,,-1.99511e-007,-0.000441946
,,,-1.99111e-007,-0.000220973
,,,-1.98711e-007,0.00110486
,,,-1.98311e-007,0
,,,-1.97911e-007,-0.000220973
,,,-1.97511e-007,-0.000441946
,,,-1.97111e-007,0
,,,-1.96711e-007,-0.000441946
,,,-1.96311e-007,0.000662919
,,,-1.95911e-007,-0.000441946
,,,-1.95511e-007,-0.000662919
,,,-1.95111e-007,0.000220973
,,,-1.94711e-007,-0.000220973
,,,-1.94311e-007,0
,,,-1.93911e-007,0.000662919
,,,-1.93511e-007,-0.000441946
,,,-1.93111e-007,0
,,,-1.92711e-007,-0.000220973
,,,-1.92311e-007,-0.000441946
,,,-1.91911e-007,-0.000220973
,,,-1.91511e-007,-0.000441946
,,,-1.91111e-007,0
,,,-1.90711e-007,0.000441946
,,,-1.90311e-007,0.000883892
,,,-1.89911e-007,0.000441946
,,,-1.89511e-007,0
,,,-1.89111e-007,0.000883892
,,,-1.88711e-007,0.000220973
,,,-1.88311e-007,0
,,,-1.87911e-007,0
,,,-1.87511e-007,0.000220973
,,,-1.87111e-007,0
,,,-1.86711e-007,0.000220973
,,,-1.86311e-007,0
,,,-1.85911e-007,0.000220973
,,,-1.85511e-007,-0.000220973
,,,-1.85111e-007,0.000441946
,,,-1.84711e-007,-0.000441946
,,,-1.84311e-007,0.000220973
,,,-1.83911e-007,-0.000220973
,,,-1.83511e-007,0.000220973
,,,-1.83111e-007,0.000441946
,,,-1.82711e-007,-0.000220973
,,,-1.82311e-007,-0.000441946
,,,-1.81911e-007,-0.000441946
,,,-1.81511e-007,-0.000220973
,,,-1.81111e-007,0
,,,-1.80711e-007,0
,,,-1.80311e-007,0.000220973
,,,-1.79911e-007,0
,,,-1.79511e-007,-0.000220973
,,,-1.79111e-007,-0.000220973
,,,-1.78711e-007,-0.000220973
,,,-1.78311e-007,-0.000441946
,,,-1.77911e-007,-0.000441946
,,,-1.77511e-007,-0.000662919
,,,-1.77111e-007,-0.000220973
,,,-1.76711e-007,0.000441946
,,,-1.76311e-007,0.000220973
,,,-1.75911e-007,0.000220973
,,,-1.75511e-007,-0.000220973
,,,-1.75111e-007,0.000662919
,,,-1.74711e-007,0.000883892
,,,-1.74311e-007,-0.000220973
,,,-1.73911e-007,-0.000220973
,,,-1.73511e-007,0.000662919
,,,-1.73111e-007,0
,,,-1.72711e-007,0.000220973
,,,-1.72311e-007,0.000220973
,,,-1.71911e-007,0
,,,-1.71511e-007,0
,,,-1.71111e-007,0
,,,-1.70711e-007,-0.000220973
,,,-1.70311e-007,-0.000441946
,,,-1.69911e-007,0.000220973
,,,-1.69511e-007,0.000662919
,,,-1.69111e-007,0.000441946
,,,-1.68711e-007,0.000220973
,,,-1.68311e-007,0.000220973
,,,-1.67911e-007,-0.000220973
,,,-1.67511e-007,0.000662919
,,,-1.67111e-007,0
,,,-1.66711e-007,0
,,,-1.66311e-007,0.000220973
,,,-1.65911e-007,0.000662919
,,,-1.65511e-007,-0.000662919
,,,-1.65111e-007,-0.000441946
,,,-1.64711e-007,-0.000220973
,,,-1.64311e-007,0.000662919
,,,-1.63911e-007,-0.000441946
,,,-1.63511e-007,-0.000441946
,,,-1.63111e-007,0
,,,-1.62711e-007,-0.000441946
,,,-1.62311e-007,-0.000220973
,,,-1.61911e-007,0.000220973
,,,-1.61511e-007,-0.000220973
,,,-1.61111e-007,-0.000220973
,,,-1.60711e-007,0.000441946
,,,-1.60311e-007,0.000883892
,,,-1.59911e-007,0.000220973
,,,-1.59511e-007,0.000441946
,,,-1.59111e-007,-0.000441946
,,,-1.58711e-007,-0.000220973
,,,-1.58311e-007,-0.000220973
,,,-1.57911e-007,0.000441946
,,,-1.57511e-007,-0.000441946
,,,-1.57111e-007,0.000220973
,,,-1.56711e-007,0.000220973
,,,-1.56311e-007,0.000220973
,,,-1.55911e-007,0
,,,-1.55511e-007,0
,,,-1.55111e-007,-0.000220973
,,,-1.54711e-007,0
,,,-1.54311e-007,-0.000220973
,,,-1.53911e-007,0.000220973
,,,-1.53511e-007,0.000220973
,,,-1.53111e-007,0.000441946
,,,-1.52711e-007,0
,,,-1.52311e-007,0.000662919
,,,-1.51911e-007,0
,,,-1.51511e-007,0
,,,-1.51111e-007,-0.000441946
,,,-1.50711e-007,0
,,,-1.50311e-007,-0.000220973
,,,-1.49911e-007,-0.000441946
,,,-1.49511e-007,0.000662919
,,,-1.49111e-007,-0.000220973
,,,-1.48711e-007,-0.000220973
,,,-1.48311e-007,0
,,,-1.47911e-007,0
,,,-1.47511e-007,-0.000662919
,,,-1.47111e-007,0
,,,-1.46711e-007,-0.000662919
,,,-1.46311e-007,-0.000220973
,,,-1.45911e-007,0
,,,-1.45511e-007,0
,,,-1.45111e-007,0.000441946
,,,-1.44711e-007,0
,,,-1.44311e-007,-0.000220973
,,,-1.43911e-007,-0.000220973
,,,-1.43511e-007,-0.000441946
,,,-1.43111e-007,0.000220973
,,,-1.42711e-007,0.000441946
,,,-1.42311e-007,0.000883892
,,,-1.41911e-007,0.000220973
,,,-1.41511e-007,0
,,,-1.41111e-007,0.000220973
,,,-1.40711e-007,0.000220973
,,,-1.40311e-007,-0.000441946
,,,-1.39911e-007,0.000220973
,,,-1.39511e-007,0
,,,-1.39111e-007,0
,,,-1.38711e-007,0
,,,-1.38311e-007,-0.000441946
,,,-1.37911e-007,-0.000441946
,,,-1.37511e-007,0
,,,-1.37111e-007,0.000220973
,,,-1.36711e-007,-0.000220973
,,,-1.36311e-007,-0.000441946
,,,-1.35911e-007,0
,,,-1.35511e-007,0.000441946
,,,-1.35111e-007,0.000662919
,,,-1.34711e-007,-0.000220973
,,,-1.34311e-007,-0.000220973
,,,-1.33911e-007,0.000883892
,,,-1.33511e-007,-0.000220973
,,,-1.33111e-007,0.000441946
,,,-1.32711e-007,0
,,,-1.32311e-007,-0.000220973
,,,-1.31911e-007,-0.000220973
,,,-1.31511e-007,-0.000220973
,,,-1.31111e-007,0.000220973
,,,-1.30711e-007,0
,,,-1.30311e-007,-0.000220973
,,,-1.29911e-007,0.000220973
,,,-1.29511e-007,-0.000441946
,,,-1.29111e-007,0
,,,-1.28711e-007,0.000220973
,,,-1.28311e-007,0
,,,-1.27911e-007,-0.000220973
,,,-1.27511e-007,0
,,,-1.27111e-007,-0.000441946
,,,-1.26711e-007,-0.000220973
,,,-1.26311e-007,-0.000441946
,,,-1.25911e-007,-0.000220973
,,,-1.25511e-007,-0.000220973
,,,-1.25111e-007,0
,,,-1.24711e-007,-0.000220973
,,,-1.24311e-007,0.000441946
,,,-1.23911e-007,0.000220973
,,,-1.23511e-007,-0.000441946
,,,-1.23111e-007,-0.000220973
,,,-1.22711e-007,0
,,,-1.22311e-007,0
,,,-1.21911e-007,-0.000220973
,,,-1.21511e-007,-0.000220973
,,,-1.21111e-007,0.000220973
,,,-1.20711e-007,-0.000662919
,,,-1.20311e-007,0
,,,-1.19911e-007,0.000220973
,,,-1.19511e-007,0.000220973
,,,-1.19111e-007,0
,,,-1.18711e-007,-0.000220973
,,,-1.18311e-007,0
,,,-1.17911e-007,-0.000441946
,,,-1.17511e-007,0
,,,-1.17111e-007,0
,,,-1.16711e-007,-0.00110486
,,,-1.16311e-007,-0.00110486
,,,-1.15911e-007,-0.000441946
,,,-1.15511e-007,-0.00110486
,,,-1.15111e-007,0
,,,-1.14711e-007,0.000220973
,,,-1.14311e-007,0
,,,-1.13911e-007,-0.000220973
,,,-1.13511e-007,-0.000662919
,,,-1.13111e-007,-0.000441946
,,,-1.12711e-007,0
,,,-1.12311e-007,-0.000220973
,,,-1.11911e-007,-0.000441946
,,,-1.11511e-007,0.000662919
,,,-1.11111e-007,0.000441946
,,,-1.10711e-007,-0.000220973
,,,-1.10311e-007,-0.000662919
,,,-1.09911e-007,0
,,,-1.09511e-007,-0.000220973
,,,-1.09111e-007,-0.000441946
,,,-1.08711e-007,0
,,,-1.08311e-007,-0.000220973
,,,-1.07911e-007,-0.000441946
,,,-1.07511e-007,-0.000220973
,,,-1.07111e-007,0
,,,-1.06711e-007,-0.000220973
,,,-1.06311e-007,-0.000662919
,,,-1.05911e-007,-0.000441946
,,,-1.05511e-007,-0.000220973
,,,-1.05111e-007,0
,,,-1.04711e-007,0
,,,-1.04311e-007,-0.000220973
,,,-1.03911e-007,0
,,,-1.03511e-007,0.000441946
,,,-1.03111e-007,0.000441946
,,,-1.02711e-007,0.000883892
,,,-1.02311e-007,-0.000441946
,,,-1.01911e-007,0.000441946
,,,-1.01511e-007,0
,,,-1.01111e-007,0
,,,-1.00711e-007,0.000220973
,,,-1.00311e-007,0
,,,-9.9911e-008,0.000441946
,,,-9.9511e-008,-0.000220973
,,,-9.9111e-008,0
,,,-9.8711e-008,-0.000662919
,,,-9.8311e-008,-0.000441946
,,,-9.7911e-008,0.000662919
,,,-9.7511e-008,0.000220973
,,,-9.7111e-008,0
,,,-9.6711e-008,0.000220973
,,,-9.6311e-008,0.000441946
,,,-9.5911e-008,0.000441946
,,,-9.5511e-008,0.000441946
,,,-9.5111e-008,0
,,,-9.4711e-008,0.000220973
,,,-9.4311e-008,0.000662919
,,,-9.3911e-008,0
,,,-9.3511e-008,-0.000441946
,,,-9.3111e-008,0.000441946
,,,-9.2711e-008,-0.000220973
,,,-9.2311e-008,0.000220973
,,,-9.1911e-008,0.000220973
,,,-9.1511e-008,0
,,,-9.1111e-008,0
,,,-9.0711e-008,0
,,,-9.0311e-008,-0.000441946
,,,-8.9911e-008,0.000441946
,,,-8.9511e-008,-0.00110486
,,,-8.9111e-008,-0.000883892
,,,-8.8711e-008,0
,,,-8.8311e-008,0.000220973
,,,-8.7911e-008,0.000220973
,,,-8.7511e-008,0.000220973
,,,-8.7111e-008,-0.000220973
,,,-8.6711e-008,-0.000220973
,,,-8.6311e-008,0
,,,-8.5911e-008,0.000220973
,,,-8.5511e-008,0
,,,-8.5111e-008,0.000441946
,,,-8.4711e-008,0.000441946
,,,-8.4311e-008,0
,,,-8.3911e-008,0.000220973
,,,-8.3511e-008,0.000220973
,,,-8.3111e-008,-0.000220973
,,,-8.2711e-008,-0.000220973
,,,-8.2311e-008,0.000220973
,,,-8.1911e-008,-0.000883892
,,,-8.1511e-008,-0.000441946
,,,-8.1111e-008,0
,,,-8.0711e-008,0.000220973
,,,-8.0311e-008,0.000220973
,,,-7.9911e-008,0.000220973
,,,-7.9511e-008,0.000220973
,,,-7.9111e-008,-0.000220973
,,,-7.8711e-008,0.000662919
,,,-7.8311e-008,0.000220973
,,,-7.7911e-008,0
,,,-7.7511e-008,-0.000441946
,,,-7.7111e-008,0.000220973
,,,-7.6711e-008,-0.000441946
,,,-7.6311e-008,0.000220973
,,,-7.5911e-008,0.000220973
,,,-7.5511e-008,0.000220973
,,,-7.5111e-008,-0.000441946
,,,-7.4711e-008,-0.000662919
,,,-7.4311e-008,-0.000883892
,,,-7.3911e-008,0.000220973
,,,-7.3511e-008,-0.000220973
,,,-7.3111e-008,0.000662919
,,,-7.2711e-008,0
,,,-7.2311e-008,0.000662919
,,,-7.1911e-008,0
,,,-7.1511e-008,0.000883892
,,,-7.1111e-008,0.000220973
,,,-7.0711e-008,0
,,,-7.0311e-008,0
,,,-6.9911e-008,0.000220973
,,,-6.9511e-008,-0.000220973
,,,-6.9111e-008,0.000441946
,,,-6.8711e-008,0.000220973
,,,-6.8311e-008,-0.000441946
,,,-6.7911e-008,-0.000441946
,,,-6.7511e-008,-0.000441946
,,,-6.7111e-008,0
,,,-6.6711e-008,0
,,,-6.6311e-008,-0.000662919
,,,-6.5911e-008,0
,,,-6.5511e-008,0.000220973
,,,-6.5111e-008,0
,,,-6.4711e-008,-0.000220973
,,,-6.4311e-008,-0.000441946
,,,-6.3911e-008,-0.000220973
,,,-6.3511e-008,0.000441946
,,,-6.3111e-008,0.000883892
,,,-6.2711e-008,0.000441946
,,,-6.2311e-008,0
,,,-6.1911e-008,0.000662919
,,,-6.1511e-008,0.000441946
,,,-6.1111e-008,0
,,,-6.0711e-008,-0.000441946
,,,-6.0311e-008,0
,,,-5.9911e-008,0.000220973
,,,-5.9511e-008,-0.000220973
,,,-5.9111e-008,-0.000220973
,,,-5.8711e-008,0.000220973
,,,-5.8311e-008,0.000220973
,,,-5.7911e-008,0.000441946
,,,-5.7511e-008,0
,,,-5.7111e-008,0.000662919
,,,-5.6711e-008,-0.000220973
,,,-5.6311e-008,0
,,,-5.5911e-008,-0.000441946
,,,-5.5511e-008,0
,,,-5.5111e-008,-0.000441946
,,,-5.4711e-008,0
,,,-5.4311e-008,0
,,,-5.3911e-008,-0.000220973
,,,-5.3511e-008,0.000220973
,,,-5.3111e-008,0
,,,-5.2711e-008,0
,,,-5.2311e-008,0.000220973
,,,-5.1911e-008,-0.000662919
,,,-5.1511e-008,-0.000220973
,,,-5.1111e-008,0.000883892
,,,-5.0711e-008,-0.000220973
,,,-5.0311e-008,-0.000662919
,,,-4.9911e-008,-0.00110486
,,,-4.9511e-008,0.000441946
,,,-4.9111e-008,0.000441946
,,,-4.8711e-008,0
,,,-4.8311e-008,0.000441946
,,,-4.7911e-008,0.000220973
,,,-4.7511e-008,0.000441946
,,,-4.7111e-008,-0.000220973
,,,-4.6711e-008,-0.000441946
,,,-4.6311e-008,0
,,,-4.5911e-008,0
,,,-4.5511e-008,-0.000662919
,,,-4.5111e-008,0.000220973
,,,-4.4711e-008,-0.000662919
,,,-4.4311e-008,-0.000220973
,,,-4.3911e-008,0
,,,-4.3511e-008,-0.000220973
,,,-4.3111e-008,0.000220973
,,,-4.2711e-008,0
,,,-4.2311e-008,-0.000662919
,,,-4.1911e-008,-0.000441946
,,,-4.1511e-008,-0.000441946
,,,-4.1111e-008,-0.000220973
,,,-4.0711e-008,-0.000662919
,,,-4.0311e-008,0.000441946
,,,-3.9911e-008,0
,,,-3.9511e-008,0.000441946
,,,-3.9111e-008,0.000662919
,,,-3.8711e-008,0.000220973
,,,-3.8311e-008,-0.000220973
,,,-3.7911e-008,0.000220973
,,,-3.7511e-008,0
,,,-3.7111e-008,-0.000441946
,,,-3.6711e-008,-0.000220973
,,,-3.6311e-008,0.000220973
,,,-3.5911e-008,0.000220973
,,,-3.5511e-008,-0.000441946
,,,-3.5111e-008,-0.000441946
,,,-3.4711e-008,0.000220973
,,,-3.4311e-008,0.000441946
,,,-3.3911e-008,0
,,,-3.3511e-008,-0.000662919
,,,-3.3111e-008,-0.000441946
,,,-3.2711e-008,-0.000220973
,,,-3.2311e-008,0.000220973
,,,-3.1911e-008,0.000220973
,,,-3.1511e-008,0
,,,-3.1111e-008,-0.000220973
,,,-3.0711e-008,0.000220973
,,,-3.0311e-008,0
,,,-2.9911e-008,0.000441946
,,,-2.9511e-008,0.000662919
,,,-2.9111e-008,0.000441946
,,,-2.8711e-008,-0.000441946
,,,-2.8311e-008,0.000441946
,,,-2.7911e-008,-0.000441946
,,,-2.7511e-008,0
,,,-2.7111e-008,0
,,,-2.6711e-008,0.000220973
,,,-2.6311e-008,0
,,,-2.5911e-008,0
,,,-2.5511e-008,-0.000220973
,,,-2.5111e-008,-0.000220973
,,,-2.4711e-008,-0.000883892
,,,-2.4311e-008,-0.000441946
,,,-2.3911e-008,-0.000441946
,,,-2.3511e-008,0.000220973
,,,-2.3111e-008,-0.000220973
,,,-2.2711e-008,-0.000441946
,,,-2.2311e-008,0.000220973
,,,-2.1911e-008,0
,,,-2.1511e-008,-0.000662919
,,,-2.1111e-008,0.000220973
,,,-2.0711e-008,-0.000441946
,,,-2.0311e-008,-0.000220973
,,,-1.9911e-008,0.000220973
,,,-1.9511e-008,0
,,,-1.9111e-008,-0.000441946
,,,-1.8711e-008,-0.000441946
,,,-1.8311e-008,-0.000220973
,,,-1.7911e-008,0.000220973
,,,-1.7511e-008,0
,,,-1.7111e-008,-0.000220973
,,,-1.6711e-008,0
,,,-1.6311e-008,-0.000220973
,,,-1.5911e-008,-0.000441946
,,,-1.5511e-008,0.000220973
,,,-1.5111e-008,0.000441946
,,,-1.4711e-008,-0.000220973
,,,-1.4311e-008,0
,,,-1.3911e-008,0.000662919
,,,-1.3511e-008,0
,,,-1.3111e-008,0.000441946
,,,-1.2711e-008,-0.000441946
,,,-1.2311e-008,-0.000220973
,,,-1.1911e-008,0.000220973
,,,-1.1511e-008,0.000220973
,,,-1.1111e-008,-0.000220973
,,,-1.0711e-008,0
,,,-1.0311e-008,-0.000220973
,,,-9.91104e-009,0
,,,-9.51104e-009,-0.000441946
,,,-9.11104e-009,-0.000220973
,,,-8.71104e-009,0
,,,-8.31104e-009,0
,,,-7.91104e-009,-0.000220973
,,,-7.51104e-009,0
,,,-7.11104e-009,0.000220973
,,,-6.71104e-009,0
,,,-6.31104e-009,-0.000441946
,,,-5.91104e-009,0.000220973
,,,-5.51104e-009,-0.000441946
,,,-5.11104e-009,0.000220973
,,,-4.71104e-009,-0.000441946
,,,-4.31104e-009,-0.000662919
,,,-3.91104e-009,0
,,,-3.51104e-009,0.000220973
,,,-3.11104e-009,0
,,,-2.71104e-009,-0.000220973
,,,-2.31104e-009,0
,,,-1.91104e-009,-0.000220973
,,,-1.51104e-009,-0.000662919
,,,-1.11104e-009,-0.000220973
,,,-7.11039e-010,0.000662919
,,,-3.11039e-010,0.000441946
,,,8.89612e-011,0
,,,4.88961e-010,0.000220973
,,,8.88961e-010,0
,,,1.28896e-009,0
,,,1.68896e-009,0.000220973
,,,2.08896e-009,0.000220973
,,,2.48896e-009,0
,,,2.88896e-009,0.000441946
,,,3.28896e-009,0
,,,3.68896e-009,-0.000441946
,,,4.08896e-009,0
,,,4.48896e-009,0.000220973
,,,4.88896e-009,0.000441946
,,,5.28896e-009,0.000220973
,,,5.68896e-009,-0.000883892
,,,6.08896e-009,0.000441946
,,,6.48896e-009,0
,,,6.88896e-009,0
,,,7.28896e-009,0
,,,7.68896e-009,0.000441946
,,,8.08896e-009,-0.000220973
,,,8.48896e-009,0.000441946
,,,8.88896e-009,0
,,,9.28896e-009,-0.000220973
,,,9.68896e-009,-0.000441946
,,,1.0089e-008,-0.000220973
,,,1.0489e-008,-0.000220973
,,,1.0889e-008,0.000441946
,,,1.1289e-008,0.000441946
,,,1.1689e-008,0.000220973
,,,1.2089e-008,-0.000220973
,,,1.2489e-008,-0.000220973
,,,1.2889e-008,-0.000441946
,,,1.3289e-008,-0.000441946
,,,1.3689e-008,0.000662919
,,,1.4089e-008,0
,,,1.4489e-008,0
,,,1.4889e-008,0.000220973
,,,1.5289e-008,0
,,,1.5689e-008,-0.000220973
,,,1.6089e-008,0.000220973
,,,1.6489e-008,0
,,,1.6889e-008,0
,,,1.7289e-008,0.000662919
,,,1.7689e-008,0.000662919
,,,1.8089e-008,0
,,,1.8489e-008,0.000883892
,,,1.8889e-008,0.000220973
,,,1.9289e-008,-0.000220973
,,,1.9689e-008,-0.000220973
,,,2.0089e-008,0.000220973
,,,2.0489e-008,-0.000220973
,,,2.0889e-008,0
,,,2.1289e-008,0.000220973
,,,2.1689e-008,-0.000441946
,,,2.2089e-008,0.000441946
,,,2.2489e-008,0.000441946
,,,2.2889e-008,0.000220973
,,,2.3289e-008,-0.000220973
,,,2.3689e-008,0.000220973
,,,2.4089e-008,-0.000441946
,,,2.4489e-008,-0.000441946
,,,2.4889e-008,0.000441946
,,,2.5289e-008,-0.000220973
,,,2.5689e-008,0.000220973
,,,2.6089e-008,0.000220973
,,,2.6489e-008,-0.000220973
,,,2.6889e-008,0.000441946
,,,2.7289e-008,-0.000441946
,,,2.7689e-008,-0.000441946
,,,2.8089e-008,-0.000441946
,,,2.8489e-008,-0.000441946
,,,2.8889e-008,0.000220973
,,,2.9289e-008,-0.000220973
,,,2.9689e-008,0
,,,3.0089e-008,-0.000220973
,,,3.0489e-008,0.000441946
,,,3.0889e-008,0.000220973
,,,3.1289e-008,0.000220973
,,,3.1689e-008,0.000662919
,,,3.2089e-008,0.000441946
,,,3.2489e-008,0.000441946
,,,3.2889e-008,0
,,,3.3289e-008,-0.000220973
,,,3.3689e-008,0.000220973
,,,3.4089e-008,0.000662919
,,,3.4489e-008,0.000441946
,,,3.4889e-008,0.000441946
,,,3.5289e-008,0.000220973
,,,3.5689e-008,0.000220973
,,,3.6089e-008,0
,,,3.6489e-008,-0.000220973
,,,3.6889e-008,-0.000220973
,,,3.7289e-008,0
,,,3.7689e-008,0
,,,3.8089e-008,0
,,,3.8489e-008,-0.000662919
,,,3.8889e-008,0
,,,3.9289e-008,-0.000662919
,,,3.9689e-008,-0.000662919
,,,4.0089e-008,-0.000662919
,,,4.0489e-008,0.000220973
,,,4.0889e-008,0
,,,4.1289e-008,-0.000220973
,,,4.1689e-008,-0.000220973
,,,4.2089e-008,0.000441946
,,,4.2489e-008,0.000220973
,,,4.2889e-008,0.000441946
,,,4.3289e-008,-0.000220973
,,,4.3689e-008,0.000220973
,,,4.4089e-008,0.000220973
,,,4.4489e-008,-0.000220973
,,,4.4889e-008,-0.000220973
,,,4.5289e-008,-0.000883892
,,,4.5689e-008,0
,,,4.6089e-008,0.000220973
,,,4.6489e-008,-0.000220973
,,,4.6889e-008,0
,,,4.7289e-008,0.000441946
,,,4.7689e-008,0.000220973
,,,4.8089e-008,0
,,,4.8489e-008,-0.000441946
,,,4.8889e-008,0
,,,4.9289e-008,0.000220973
,,,4.9689e-008,0.000662919
,,,5.0089e-008,0
,,,5.0489e-008,-0.000441946
,,,5.0889e-008,0
,,,5.1289e-008,0
,,,5.1689e-008,-0.000441946
,,,5.2089e-008,-0.000220973
,,,5.2489e-008,0
,,,5.2889e-008,-0.000220973
,,,5.3289e-008,-0.000662919
,,,5.3689e-008,0
,,,5.4089e-008,0.000220973
,,,5.4489e-008,-0.000220973
,,,5.4889e-008,0.000220973
,,,5.5289e-008,0.000441946
,,,5.5689e-008,0.000220973
,,,5.6089e-008,0.000220973
,,,5.6489e-008,0.000220973
,,,5.6889e-008,0
,,,5.7289e-008,0.000220973
,,,5.7689e-008,0.000220973
,,,5.8089e-008,-0.000220973
,,,5.8489e-008,-0.00110486
,,,5.8889e-008,0.000220973
,,,5.9289e-008,-0.000662919
,,,5.9689e-008,0
,,,6.0089e-008,-0.000441946
,,,6.0489e-008,0
,,,6.0889e-008,-0.000441946
,,,6.1289e-008,0.000441946
,,,6.1689e-008,-0.000220973
,,,6.2089e-008,-0.000220973
,,,6.2489e-008,-0.000441946
,,,6.2889e-008,0.000220973
,,,6.3289e-008,-0.000883892
,,,6.3689e-008,-0.000220973
,,,6.4089e-008,0.000441946
,,,6.4489e-008,0
,,,6.4889e-008,0.000220973
,,,6.5289e-008,-0.000441946
,,,6.5689e-008,-0.000441946
,,,6.6089e-008,0.000662919
,,,6.6489e-008,0.000441946
,,,6.6889e-008,0
,,,6.7289e-008,-0.000662919
,,,6.7689e-008,-0.000220973
,,,6.8089e-008,0.000220973
,,,6.8489e-008,0
,,,6.8889e-008,0.000441946
,,,6.9289e-008,-0.000441946
,,,6.9689e-008,-0.000662919
,,,7.0089e-008,-0.000220973
,,,7.0489e-008,-0.000662919
,,,7.0889e-008,0.000220973
,,,7.1289e-008,0
,,,7.1689e-008,0
,,,7.2089e-008,-0.000662919
,,,7.2489e-008,0
,,,7.2889e-008,-0.000220973
,,,7.3289e-008,0
,,,7.3689e-008,-0.000220973
,,,7.4089e-008,0
,,,7.4489e-008,0.000441946
,,,7.4889e-008,0.000441946
,,,7.5289e-008,-0.000441946
,,,7.5689e-008,-0.000220973
,,,7.6089e-008,0.000441946
,,,7.6489e-008,-0.000220973
,,,7.6889e-008,0
,,,7.7289e-008,0.000220973
,,,7.7689e-008,0.000220973
,,,7.8089e-008,0
,,,7.8489e-008,0.000220973
,,,7.8889e-008,0.000220973
,,,7.9289e-008,-0.000220973
,,,7.9689e-008,-0.000441946
,,,8.0089e-008,0.000441946
,,,8.0489e-008,0.000220973
,,,8.0889e-008,-0.000220973
,,,8.1289e-008,0.000220973
,,,8.1689e-008,0
,,,8.2089e-008,0.000220973
,,,8.2489e-008,0.000220973
,,,8.2889e-008,0
,,,8.3289e-008,0.000662919
,,,8.3689e-008,0
,,,8.4089e-008,0.000883892
,,,8.4489e-008,0.000662919
,,,8.4889e-008,-0.000220973
,,,8.5289e-008,0
,,,8.5689e-008,-0.000441946
,,,8.6089e-008,-0.000662919
,,,8.6489e-008,-0.000220973
,,,8.6889e-008,0.000441946
,,,8.7289e-008,0
,,,8.7689e-008,0.000220973
,,,8.8089e-008,0.000220973
,,,8.8489e-008,0.000220973
,,,8.8889e-008,0.000441946
,,,8.9289e-008,0
,,,8.9689e-008,-0.000441946
,,,9.0089e-008,-0.000441946
,,,9.0489e-008,-0.000441946
,,,9.0889e-008,0.000220973
,,,9.1289e-008,0.000220973
,,,9.1689e-008,-0.000441946
,,,9.2089e-008,0.000220973
,,,9.2489e-008,0
,,,9.2889e-008,0.000220973
,,,9.3289e-008,0
,,,9.3689e-008,0.000220973
,,,9.4089e-008,0.000662919
,,,9.4489e-008,0.00110486
,,,9.4889e-008,0.00176778
,,,9.5289e-008,0.00287265
,,,9.5689e-008,0.00265168
,,,9.6089e-008,0.00397751
,,,9.6489e-008,0.00486141
,,,9.6889e-008,0.00596627
,,,9.7289e-008,0.00707114
,,,9.7689e-008,0.00861795
,,,9.8089e-008,0.00950184
,,,9.8489e-008,0.0108277
,,,9.8889e-008,0.0121535
,,,9.9289e-008,0.0128164
,,,9.9689e-008,0.0134794
,,,1.00089e-007,0.0137003
,,,1.00489e-007,0.0137003
,,,1.00889e-007,0.0150262
,,,1.01289e-007,0.0152471
,,,1.01689e-007,0.016131
,,,1.02089e-007,0.016131
,,,1.02489e-007,0.016131
,,,1.02889e-007,0.0172359
,,,1.03289e-007,0.0170149
,,,1.03689e-007,0.0176778
,,,1.04089e-007,0.0170149
,,,1.04489e-007,0.0174569
,,,1.04889e-007,0.0170149
,,,1.05289e-007,0.0174569
,,,1.05689e-007,0.0178988
,,,1.06089e-007,0.0170149
,,,1.06489e-007,0.0176778
,,,1.06889e-007,0.0174569
,,,1.07289e-007,0.0167939
,,,1.07689e-007,0.0174569
,,,1.08089e-007,0.0176778
,,,1.08489e-007,0.0167939
,,,1.08889e-007,0.0174569
,,,1.09289e-007,0.0178988
,,,1.09689e-007,0.0174569
,,,1.10089e-007,0.0176778
,,,1.10489e-007,0.0174569
,,,1.10889e-007,0.0181198
,,,1.11289e-007,0.0178988
,,,1.11689e-007,0.0181198
,,,1.12089e-007,0.0174569
,,,1.12489e-007,0.0183408
,,,1.12889e-007,0.0181198
,,,1.13289e-007,0.0174569
,,,1.13689e-007,0.0181198
,,,1.14089e-007,0.0172359
,,,1.14489e-007,0.0174569
,,,1.14889e-007,0.0178988
,,,1.15289e-007,0.0185617
,,,1.15689e-007,0.0174569
,,,1.16089e-007,0.0176778
,,,1.16489e-007,0.0178988
,,,1.16889e-007,0.0174569
,,,1.17289e-007,0.0176778
,,,1.17689e-007,0.0170149
,,,1.18089e-007,0.0174569
,,,1.18489e-007,0.0174569
,,,1.18889e-007,0.0178988
,,,1.19289e-007,0.0181198
,,,1.19689e-007,0.0181198
,,,1.20089e-007,0.0183408
,,,1.20489e-007,0.0178988
,,,1.20889e-007,0.0174569
,,,1.21289e-007,0.0183408
,,,1.21689e-007,0.0181198
,,,1.22089e-007,0.0181198
,,,1.22489e-007,0.0183408
,,,1.22889e-007,0.0190037
,,,1.23289e-007,0.0183408
,,,1.23689e-007,0.0194456
,,,1.24089e-007,0.0194456
,,,1.24489e-007,0.0198876
,,,1.24889e-007,0.0201085
,,,1.25289e-007,0.0207715
,,,1.25689e-007,0.0203295
,,,1.26089e-007,0.0205505
,,,1.26489e-007,0.0198876
,,,1.26889e-007,0.0203295
,,,1.27289e-007,0.0205505
,,,1.27689e-007,0.0207715
,,,1.28089e-007,0.0207715
,,,1.28489e-007,0.0198876
,,,1.28889e-007,0.0196666
,,,1.29289e-007,0.0187827
,,,1.29689e-007,0.0192246
,,,1.30089e-007,0.0192246
,,,1.30489e-007,0.0187827
,,,1.30889e-007,0.0190037
,,,1.31289e-007,0.0183408
,,,1.31689e-007,0.0181198
,,,1.32089e-007,0.0183408
,,,1.32489e-007,0.0178988
,,,1.32889e-007,0.0176778
,,,1.33289e-007,0.0167939
,,,1.33689e-007,0.0167939
,,,1.34089e-007,0.0172359
,,,1.34489e-007,0.0170149
,,,1.34889e-007,0.0170149
,,,1.35289e-007,0.016131
,,,1.35689e-007,0.0170149
,,,1.36089e-007,0.0159101
,,,1.36489e-007,0.0172359
,,,1.36889e-007,0.016131
,,,1.37289e-007,0.0156891
,,,1.37689e-007,0.0159101
,,,1.38089e-007,0.016573
,,,1.38489e-007,0.0172359
,,,1.38889e-007,0.0159101
,,,1.39289e-007,0.0159101
,,,1.39689e-007,0.0156891
,,,1.40089e-007,0.0159101
,,,1.40489e-007,0.0154681
,,,1.40889e-007,0.016352
,,,1.41289e-007,0.0156891
,,,1.41689e-007,0.0154681
,,,1.42089e-007,0.0154681
,,,1.42489e-007,0.0154681
,,,1.42889e-007,0.0150262
,,,1.43289e-007,0.0154681
,,,1.43689e-007,0.0156891
,,,1.44089e-007,0.0145842
,,,1.44489e-007,0.0154681
,,,1.44889e-007,0.0150262
,,,1.45289e-007,0.0145842
,,,1.45689e-007,0.0152471
,,,1.46089e-007,0.0152471
,,,1.46489e-007,0.0152471
,,,1.46889e-007,0.0150262
,,,1.47289e-007,0.0152471
,,,1.47689e-007,0.0150262
,,,1.48089e-007,0.0148052
,,,1.48489e-007,0.0141423
,,,1.48889e-007,0.0148052
,,,1.49289e-007,0.0141423
,,,1.49689e-007,0.0141423
,,,1.50089e-007,0.0141423
,,,1.50489e-007,0.0139213
,,,1.50889e-007,0.0143632
,,,1.51289e-007,0.0141423
,,,1.51689e-007,0.0141423
,,,1.52089e-007,0.0143632
,,,1.52489e-007,0.0148052
,,,1.52889e-007,0.0150262
,,,1.53289e-007,0.0139213
,,,1.53689e-007,0.0134794
,,,1.54089e-007,0.0141423
,,,1.54489e-007,0.0143632
,,,1.54889e-007,0.0139213
,,,1.55289e-007,0.0134794
,,,1.55689e-007,0.0132584
,,,1.56089e-007,0.0125955
,,,1.56489e-007,0.0114906
,,,1.56889e-007,0.0125955
,,,1.57289e-007,0.0121535
,,,1.57689e-007,0.0130374
,,,1.58089e-007,0.0132584
,,,1.58489e-007,0.0119325
,,,1.58889e-007,0.0112696
,,,1.59289e-007,0.0119325
,,,1.59689e-007,0.0123745
,,,1.60089e-007,0.0117116
,,,1.60489e-007,0.0121535
,,,1.60889e-007,0.0132584
,,,1.61289e-007,0.0123745
,,,1.61689e-007,0.0123745
,,,1.62089e-007,0.0114906
,,,1.62489e-007,0.0114906
,,,1.62889e-007,0.0121535
,,,1.63289e-007,0.0114906
,,,1.63689e-007,0.0117116
,,,1.64089e-007,0.0121535
,,,1.64489e-007,0.0117116
,,,1.64889e-007,0.0123745
,,,1.65289e-007,0.0121535
,,,1.65689e-007,0.0119325
,,,1.66089e-007,0.0123745
,,,1.66489e-007,0.0121535
,,,1.66889e-007,0.0119325
,,,1.67289e-007,0.0117116
,,,1.67689e-007,0.0123745
,,,1.68089e-007,0.0119325
,,,1.68489e-007,0.0123745
,,,1.68889e-007,0.0130374
,,,1.69289e-007,0.0117116
,,,1.69689e-007,0.0121535
,,,1.70089e-007,0.0125955
,,,1.70489e-007,0.0121535
,,,1.70889e-007,0.0123745
,,,1.71289e-007,0.0121535
,,,1.71689e-007,0.0125955
,,,1.72089e-007,0.0125955
,,,1.72489e-007,0.0121535
,,,1.72889e-007,0.0121535
,,,1.73289e-007,0.0114906
,,,1.73689e-007,0.0114906
,,,1.74089e-007,0.0121535
,,,1.74489e-007,0.0123745
,,,1.74889e-007,0.0121535
,,,1.75289e-007,0.0123745
,,,1.75689e-007,0.0125955
,,,1.76089e-007,0.0123745
,,,1.76489e-007,0.0119325
,,,1.76889e-007,0.0123745
,,,1.77289e-007,0.0132584
,,,1.77689e-007,0.0125955
,,,1.78089e-007,0.0123745
,,,1.78489e-007,0.0128164
,,,1.78889e-007,0.0123745
,,,1.79289e-007,0.0125955
,,,1.79689e-007,0.0119325
,,,1.80089e-007,0.0119325
,,,1.80489e-007,0.0121535
,,,1.80889e-007,0.0123745
,,,1.81289e-007,0.0121535
,,,1.81689e-007,0.0128164
,,,1.82089e-007,0.0128164
,,,1.82489e-007,0.0119325
,,,1.82889e-007,0.0130374
,,,1.83289e-007,0.0125955
,,,1.83689e-007,0.0125955
,,,1.84089e-007,0.0119325
,,,1.84489e-007,0.0123745
,,,1.84889e-007,0.0119325
,,,1.85289e-007,0.0125955
,,,1.85689e-007,0.0125955
,,,1.86089e-007,0.0119325
,,,1.86489e-007,0.0121535
,,,1.86889e-007,0.0130374
,,,1.87289e-007,0.0121535
,,,1.87689e-007,0.0125955
,,,1.88089e-007,0.0130374
,,,1.88489e-007,0.0125955
,,,1.88889e-007,0.0128164
,,,1.89289e-007,0.0130374
,,,1.89689e-007,0.0134794
,,,1.90089e-007,0.0130374
,,,1.90489e-007,0.0130374
,,,1.90889e-007,0.0134794
,,,1.91289e-007,0.0128164
,,,1.91689e-007,0.0132584
,,,1.92089e-007,0.0139213
,,,1.92489e-007,0.0132584
,,,1.92889e-007,0.0128164
,,,1.93289e-007,0.0130374
,,,1.93689e-007,0.0137003
,,,1.94089e-007,0.0134794
,,,1.94489e-007,0.0132584
,,,1.94889e-007,0.0132584
,,,1.95289e-007,0.0132584
,,,1.95689e-007,0.0121535
,,,1.96089e-007,0.0128164
,,,1.96489e-007,0.0132584
,,,1.96889e-007,0.0134794
,,,1.97289e-007,0.0130374
,,,1.97689e-007,0.0132584
,,,1.98089e-007,0.0128164
,,,1.98489e-007,0.0130374
,,,1.98889e-007,0.0128164
,,,1.99289e-007,0.0125955
,,,1.99689e-007,0.0125955
,,,2.00089e-007,0.0128164
,,,2.00489e-007,0.0125955
,,,2.00889e-007,0.0123745
,,,2.01289e-007,0.0119325
,,,2.01689e-007,0.0123745
,,,2.02089e-007,0.0123745
,,,2.02489e-007,0.0112696
,,,2.02889e-007,0.0117116
,,,2.03289e-007,0.0112696
,,,2.03689e-007,0.0110486
,,,2.04089e-007,0.0114906
,,,2.04489e-007,0.0119325
,,,2.04889e-007,0.0114906
,,,2.05289e-007,0.0101648
,,,2.05689e-007,0.0114906
,,,2.06089e-007,0.0114906
,,,2.06489e-007,0.0110486
,,,2.06889e-007,0.0101648
,,,2.07289e-007,0.0108277
,,,2.07689e-007,0.00950184
,,,2.08089e-007,0.00994378
,,,2.08489e-007,0.00972281
,,,2.08889e-007,0.00950184
,,,2.09289e-007,0.00972281
,,,2.09689e-007,0.00950184
,,,2.10089e-007,0.00839697
,,,2.10489e-007,0.00905989
,,,2.10889e-007,0.00773405
,,,2.11289e-007,0.00773405
,,,2.11689e-007,0.00685016
,,,2.12089e-007,0.00707114
,,,2.12489e-007,0.00640822
,,,2.12889e-007,0.00596627
,,,2.13289e-007,0.0057453
,,,2.13689e-007,0.00508238
,,,2.14089e-007,0.00552432
,,,2.14489e-007,0.00486141
,,,2.14889e-007,0.00486141
,,,2.15289e-007,0.00486141
,,,2.15689e-007,0.00441946
,,,2.16089e-007,0.00397751
,,,2.16489e-007,0.00375654
,,,2.16889e-007,0.00353557
,,,2.17289e-007,0.0024307
,,,2.17689e-007,0.00287265
,,,2.18089e-007,0.00309362
,,,2.18489e-007,0.00220973
,,,2.18889e-007,0.00287265
,,,2.19289e-007,0.0024307
,,,2.19689e-007,0.00198876
,,,2.20089e-007,0.00220973
,,,2.20489e-007,0.00176778
,,,2.20889e-007,0.00176778
,,,2.21289e-007,0.00176778
,,,2.21689e-007,0.00176778
,,,2.22089e-007,0.000662919
,,,2.22489e-007,0.00110486
,,,2.22889e-007,0.00220973
,,,2.23289e-007,0.00265168
,,,2.23689e-007,0.00176778
,,,2.24089e-007,0.000883892
,,,2.24489e-007,0.000441946
,,,2.24889e-007,0.000883892
,,,2.25289e-007,0.000441946
,,,2.25689e-007,0.000883892
,,,2.26089e-007,0.000441946
,,,2.26489e-007,0.000441946
,,,2.26889e-007,0.000883892
,,,2.27289e-007,0.000883892
,,,2.27689e-007,0.000220973
,,,2.28089e-007,0.000662919
,,,2.28489e-007,0.000883892
,,,2.28889e-007,0.000441946
,,,2.29289e-007,0.000662919
,,,2.29689e-007,0.000883892
,,,2.30089e-007,0
,,,2.30489e-007,0.000220973
,,,2.30889e-007,0.00154681
,,,2.31289e-007,0.000441946
,,,2.31689e-007,0.000441946
,,,2.32089e-007,-0.000220973
,,,2.32489e-007,0.000220973
,,,2.32889e-007,0
,,,2.33289e-007,0.000662919
,,,2.33689e-007,0.000662919
,,,2.34089e-007,0.000220973
,,,2.34489e-007,0.000662919
,,,2.34889e-007,0.000441946
,,,2.35289e-007,0.000220973
,,,2.35689e-007,0.000662919
,,,2.36089e-007,-0.000441946
,,,2.36489e-007,-0.000220973
,,,2.36889e-007,0
,,,2.37289e-007,0
,,,2.37689e-007,-0.000883892
,,,2.38089e-007,-0.000883892
,,,2.38489e-007,-0.000441946
,,,2.38889e-007,-0.000441946
,,,2.39289e-007,-0.000883892
,,,2.39689e-007,-0.000441946
,,,2.40089e-007,-0.00110486
,,,2.40489e-007,-0.000662919
,,,2.40889e-007,-0.000441946
,,,2.41289e-007,-0.000441946
,,,2.41689e-007,-0.000441946
,,,2.42089e-007,-0.000662919
,,,2.42489e-007,-0.000662919
,,,2.42889e-007,-0.000220973
,,,2.43289e-007,-0.000441946
,,,2.43689e-007,-0.000220973
,,,2.44089e-007,0
,,,2.44489e-007,-0.000662919
,,,2.44889e-007,-0.00132584
,,,2.45289e-007,-0.000441946
,,,2.45689e-007,-0.000220973
,,,2.46089e-007,-0.000441946
,,,2.46489e-007,0
,,,2.46889e-007,-0.000441946
,,,2.47289e-007,-0.000441946
,,,2.47689e-007,0.000441946
,,,2.48089e-007,-0.000220973
,,,2.48489e-007,0.000220973
,,,2.48889e-007,-0.000220973
,,,2.49289e-007,0
,,,2.49689e-007,0.000220973
,,,2.50089e-007,0
