"Record Length",1252,"Points",-2.50258e-007,0.000883892
"Sample Interval",4e-010,s,-2.49858e-007,0.000883892
"Trigger Point",625,"Samples",-2.49458e-007,0
"Trigger Time",0.64383,s,-2.49058e-007,0.000883892
,,,-2.48658e-007,0
"Horizontal Offset",-2.50258e-007,s,-2.48258e-007,0.000441946
,,,-2.47858e-007,0.000220973
,,,-2.47458e-007,0
,,,-2.47058e-007,0.000220973
,,,-2.46658e-007,-0.000220973
,,,-2.46258e-007,0.000220973
,,,-2.45858e-007,-0.000441946
,,,-2.45458e-007,0
,,,-2.45058e-007,0.000220973
,,,-2.44658e-007,0.000441946
,,,-2.44258e-007,0.000220973
,,,-2.43858e-007,0.000441946
,,,-2.43458e-007,0.000220973
,,,-2.43058e-007,0
,,,-2.42658e-007,0
,,,-2.42258e-007,0.000441946
,,,-2.41858e-007,0.00110486
,,,-2.41458e-007,0.000883892
,,,-2.41058e-007,0.000441946
,,,-2.40658e-007,0
,,,-2.40258e-007,-0.000220973
,,,-2.39858e-007,-0.000441946
,,,-2.39458e-007,-0.000441946
,,,-2.39058e-007,0
,,,-2.38658e-007,0.000220973
,,,-2.38258e-007,0.000441946
,,,-2.37858e-007,0
,,,-2.37458e-007,0.000662919
,,,-2.37058e-007,0.000662919
,,,-2.36658e-007,0.000220973
,,,-2.36258e-007,0.000662919
,,,-2.35858e-007,0.000441946
,,,-2.35458e-007,0.000441946
,,,-2.35058e-007,0.000883892
,,,-2.34658e-007,0.000662919
,,,-2.34258e-007,0.000662919
,,,-2.33858e-007,0.000220973
,,,-2.33458e-007,0.000662919
,,,-2.33058e-007,0
,,,-2.32658e-007,0.000662919
,,,-2.32258e-007,0.000441946
,,,-2.31858e-007,-0.000220973
,,,-2.31458e-007,0.000441946
,,,-2.31058e-007,0.000662919
,,,-2.30658e-007,0.000220973
,,,-2.30258e-007,0.000220973
,,,-2.29858e-007,0.000220973
,,,-2.29458e-007,0
,,,-2.29058e-007,0.000220973
,,,-2.28658e-007,0.000220973
,,,-2.28258e-007,-0.000441946
,,,-2.27858e-007,0.000662919
,,,-2.27458e-007,0.000662919
,,,-2.27058e-007,-0.000220973
,,,-2.26658e-007,0.000220973
,,,-2.26258e-007,0
,,,-2.25858e-007,-0.000441946
,,,-2.25458e-007,0
,,,-2.25058e-007,0
,,,-2.24658e-007,-0.000220973
,,,-2.24258e-007,-0.000220973
,,,-2.23858e-007,-0.000220973
,,,-2.23458e-007,0.000441946
,,,-2.23058e-007,0
,,,-2.22658e-007,-0.000441946
,,,-2.22258e-007,0.000220973
,,,-2.21858e-007,0.000662919
,,,-2.21458e-007,0.000883892
,,,-2.21058e-007,0
,,,-2.20658e-007,0.000220973
,,,-2.20258e-007,-0.000662919
,,,-2.19858e-007,0.000441946
,,,-2.19458e-007,0.000220973
,,,-2.19058e-007,0.000220973
,,,-2.18658e-007,0.000662919
,,,-2.18258e-007,0.000220973
,,,-2.17858e-007,0.000883892
,,,-2.17458e-007,0.000662919
,,,-2.17058e-007,-0.000220973
,,,-2.16658e-007,0
,,,-2.16258e-007,0
,,,-2.15858e-007,0.000220973
,,,-2.15458e-007,0.000220973
,,,-2.15058e-007,-0.000220973
,,,-2.14658e-007,0
,,,-2.14258e-007,0.000220973
,,,-2.13858e-007,0
,,,-2.13458e-007,-0.000441946
,,,-2.13058e-007,0.000883892
,,,-2.12658e-007,0
,,,-2.12258e-007,-0.000220973
,,,-2.11858e-007,0.000441946
,,,-2.11458e-007,0.000441946
,,,-2.11058e-007,0.000662919
,,,-2.10658e-007,0.000441946
,,,-2.10258e-007,-0.000220973
,,,-2.09858e-007,0.000441946
,,,-2.09458e-007,0.000883892
,,,-2.09058e-007,0
,,,-2.08658e-007,0.000220973
,,,-2.08258e-007,0.000662919
,,,-2.07858e-007,0.000220973
,,,-2.07458e-007,0
,,,-2.07058e-007,-0.000883892
,,,-2.06658e-007,-0.000662919
,,,-2.06258e-007,-0.000220973
,,,-2.05858e-007,0.000220973
,,,-2.05458e-007,0.000883892
,,,-2.05058e-007,0
,,,-2.04658e-007,0.000220973
,,,-2.04258e-007,0
,,,-2.03858e-007,0.000220973
,,,-2.03458e-007,0.000441946
,,,-2.03058e-007,0.000441946
,,,-2.02658e-007,0.000220973
,,,-2.02258e-007,0.000662919
,,,-2.01858e-007,0.000220973
,,,-2.01458e-007,0.000662919
,,,-2.01058e-007,0.000883892
,,,-2.00658e-007,0
,,,-2.00258e-007,0.000441946
,,,-1.99858e-007,0.000441946
,,,-1.99458e-007,0
,,,-1.99058e-007,0.000220973
,,,-1.98658e-007,-0.000220973
,,,-1.98258e-007,-0.000220973
,,,-1.97858e-007,-0.000441946
,,,-1.97458e-007,0.000220973
,,,-1.97058e-007,0
,,,-1.96658e-007,0.000441946
,,,-1.96258e-007,0.000662919
,,,-1.95858e-007,0.000220973
,,,-1.95458e-007,0
,,,-1.95058e-007,0
,,,-1.94658e-007,0
,,,-1.94258e-007,0.000220973
,,,-1.93858e-007,-0.000441946
,,,-1.93458e-007,0
,,,-1.93058e-007,0.000441946
,,,-1.92658e-007,0
,,,-1.92258e-007,-0.000220973
,,,-1.91858e-007,-0.000220973
,,,-1.91458e-007,0.000220973
,,,-1.91058e-007,-0.000662919
,,,-1.90658e-007,0
,,,-1.90258e-007,-0.000441946
,,,-1.89858e-007,0.000441946
,,,-1.89458e-007,0.000441946
,,,-1.89058e-007,0.000441946
,,,-1.88658e-007,-0.000220973
,,,-1.88258e-007,-0.000220973
,,,-1.87858e-007,0.000883892
,,,-1.87458e-007,0.000441946
,,,-1.87058e-007,0.000220973
,,,-1.86658e-007,0.000662919
,,,-1.86258e-007,0.000220973
,,,-1.85858e-007,0.000220973
,,,-1.85458e-007,0.000883892
,,,-1.85058e-007,0.000441946
,,,-1.84658e-007,-0.000441946
,,,-1.84258e-007,0.000220973
,,,-1.83858e-007,0
,,,-1.83458e-007,0.000441946
,,,-1.83058e-007,0.000883892
,,,-1.82658e-007,0
,,,-1.82258e-007,0
,,,-1.81858e-007,-0.000220973
,,,-1.81458e-007,0.000220973
,,,-1.81058e-007,0
,,,-1.80658e-007,0.000662919
,,,-1.80258e-007,0
,,,-1.79858e-007,0.000220973
,,,-1.79458e-007,0.000220973
,,,-1.79058e-007,0.000220973
,,,-1.78658e-007,0.000220973
,,,-1.78258e-007,0.000662919
,,,-1.77858e-007,0.000441946
,,,-1.77458e-007,0.000220973
,,,-1.77058e-007,0.000220973
,,,-1.76658e-007,0.000662919
,,,-1.76258e-007,0.000220973
,,,-1.75858e-007,0.000220973
,,,-1.75458e-007,0.000441946
,,,-1.75058e-007,0
,,,-1.74658e-007,-0.000220973
,,,-1.74258e-007,-0.000220973
,,,-1.73858e-007,0.000662919
,,,-1.73458e-007,0.00176778
,,,-1.73058e-007,0
,,,-1.72658e-007,0.000220973
,,,-1.72258e-007,0.000441946
,,,-1.71858e-007,0.000220973
,,,-1.71458e-007,0.000662919
,,,-1.71058e-007,0.000441946
,,,-1.70658e-007,0.000441946
,,,-1.70258e-007,0.000662919
,,,-1.69858e-007,0.000662919
,,,-1.69458e-007,0
,,,-1.69058e-007,0.000662919
,,,-1.68658e-007,0.000220973
,,,-1.68258e-007,0
,,,-1.67858e-007,0.000662919
,,,-1.67458e-007,0.000662919
,,,-1.67058e-007,-0.000441946
,,,-1.66658e-007,0.000220973
,,,-1.66258e-007,0.000662919
,,,-1.65858e-007,0.000220973
,,,-1.65458e-007,0
,,,-1.65058e-007,-0.000220973
,,,-1.64658e-007,0.000220973
,,,-1.64258e-007,0.000220973
,,,-1.63858e-007,0.000441946
,,,-1.63458e-007,-0.000220973
,,,-1.63058e-007,0.000441946
,,,-1.62658e-007,0.000662919
,,,-1.62258e-007,0
,,,-1.61858e-007,0.000220973
,,,-1.61458e-007,0.000441946
,,,-1.61058e-007,0
,,,-1.60658e-007,0
,,,-1.60258e-007,0.000883892
,,,-1.59858e-007,0
,,,-1.59458e-007,0.000441946
,,,-1.59058e-007,0.000441946
,,,-1.58658e-007,-0.000441946
,,,-1.58258e-007,-0.000220973
,,,-1.57858e-007,0.000441946
,,,-1.57458e-007,0.000883892
,,,-1.57058e-007,0.000441946
,,,-1.56658e-007,0.000662919
,,,-1.56258e-007,0
,,,-1.55858e-007,0.000220973
,,,-1.55458e-007,-0.000220973
,,,-1.55058e-007,-0.000441946
,,,-1.54658e-007,0.000441946
,,,-1.54258e-007,0.000883892
,,,-1.53858e-007,0.000662919
,,,-1.53458e-007,0.000441946
,,,-1.53058e-007,0.000441946
,,,-1.52658e-007,0
,,,-1.52258e-007,0.000220973
,,,-1.51858e-007,-0.000220973
,,,-1.51458e-007,-0.000220973
,,,-1.51058e-007,0.000220973
,,,-1.50658e-007,0.000441946
,,,-1.50258e-007,-0.000220973
,,,-1.49858e-007,-0.000441946
,,,-1.49458e-007,-0.000220973
,,,-1.49058e-007,0.000441946
,,,-1.48658e-007,0
,,,-1.48258e-007,0.000662919
,,,-1.47858e-007,0.000220973
,,,-1.47458e-007,0
,,,-1.47058e-007,0.000220973
,,,-1.46658e-007,0.000441946
,,,-1.46258e-007,0.000441946
,,,-1.45858e-007,0.000441946
,,,-1.45458e-007,0.000441946
,,,-1.45058e-007,0
,,,-1.44658e-007,0.00110486
,,,-1.44258e-007,0.000441946
,,,-1.43858e-007,0.000220973
,,,-1.43458e-007,0.000441946
,,,-1.43058e-007,0.000220973
,,,-1.42658e-007,-0.000883892
,,,-1.42258e-007,-0.000441946
,,,-1.41858e-007,0.000220973
,,,-1.41458e-007,0.000662919
,,,-1.41058e-007,0.000220973
,,,-1.40658e-007,0
,,,-1.40258e-007,-0.000220973
,,,-1.39858e-007,0
,,,-1.39458e-007,-0.000220973
,,,-1.39058e-007,0.000220973
,,,-1.38658e-007,0.000441946
,,,-1.38258e-007,0.000662919
,,,-1.37858e-007,0
,,,-1.37458e-007,0.000662919
,,,-1.37058e-007,-0.000220973
,,,-1.36658e-007,0.000220973
,,,-1.36258e-007,0.000220973
,,,-1.35858e-007,0.000220973
,,,-1.35458e-007,0
,,,-1.35058e-007,0
,,,-1.34658e-007,-0.000883892
,,,-1.34258e-007,0
,,,-1.33858e-007,0.000662919
,,,-1.33458e-007,0.000220973
,,,-1.33058e-007,0.000220973
,,,-1.32658e-007,0.000220973
,,,-1.32258e-007,0.000441946
,,,-1.31858e-007,0.000441946
,,,-1.31458e-007,0
,,,-1.31058e-007,0
,,,-1.30658e-007,0.000662919
,,,-1.30258e-007,0.000220973
,,,-1.29858e-007,0.000441946
,,,-1.29458e-007,0.000441946
,,,-1.29058e-007,0.000441946
,,,-1.28658e-007,0.000220973
,,,-1.28258e-007,0.000220973
,,,-1.27858e-007,0.000220973
,,,-1.27458e-007,0.000441946
,,,-1.27058e-007,-0.000220973
,,,-1.26658e-007,0.000220973
,,,-1.26258e-007,0.000883892
,,,-1.25858e-007,0.000220973
,,,-1.25458e-007,0.000662919
,,,-1.25058e-007,0.000662919
,,,-1.24658e-007,0
,,,-1.24258e-007,-0.000441946
,,,-1.23858e-007,-0.000441946
,,,-1.23458e-007,0.000441946
,,,-1.23058e-007,0.000441946
,,,-1.22658e-007,0.000441946
,,,-1.22258e-007,0.000441946
,,,-1.21858e-007,-0.000220973
,,,-1.21458e-007,-0.000441946
,,,-1.21058e-007,-0.000220973
,,,-1.20658e-007,0.000441946
,,,-1.20258e-007,0.000220973
,,,-1.19858e-007,0.000220973
,,,-1.19458e-007,0.000441946
,,,-1.19058e-007,0.000220973
,,,-1.18658e-007,-0.000220973
,,,-1.18258e-007,0
,,,-1.17858e-007,0.000662919
,,,-1.17458e-007,0.000441946
,,,-1.17058e-007,0.00110486
,,,-1.16658e-007,-0.000220973
,,,-1.16258e-007,0
,,,-1.15858e-007,0.000220973
,,,-1.15458e-007,0
,,,-1.15058e-007,-0.000220973
,,,-1.14658e-007,0.00110486
,,,-1.14258e-007,0.000441946
,,,-1.13858e-007,0.000441946
,,,-1.13458e-007,-0.000441946
,,,-1.13058e-007,0.000220973
,,,-1.12658e-007,0.000220973
,,,-1.12258e-007,0.000441946
,,,-1.11858e-007,0.000220973
,,,-1.11458e-007,0
,,,-1.11058e-007,-0.000441946
,,,-1.10658e-007,-0.000441946
,,,-1.10258e-007,0
,,,-1.09858e-007,0
,,,-1.09458e-007,0
,,,-1.09058e-007,0.000220973
,,,-1.08658e-007,0.000662919
,,,-1.08258e-007,-0.000662919
,,,-1.07858e-007,0
,,,-1.07458e-007,0.000662919
,,,-1.07058e-007,-0.000220973
,,,-1.06658e-007,-0.000220973
,,,-1.06258e-007,0.000220973
,,,-1.05858e-007,-0.000441946
,,,-1.05458e-007,-0.000220973
,,,-1.05058e-007,0.000220973
,,,-1.04658e-007,0.000441946
,,,-1.04258e-007,-0.000220973
,,,-1.03858e-007,0
,,,-1.03458e-007,0
,,,-1.03058e-007,0
,,,-1.02658e-007,0
,,,-1.02258e-007,0
,,,-1.01858e-007,-0.000220973
,,,-1.01458e-007,0.000662919
,,,-1.01058e-007,0.000662919
,,,-1.00658e-007,-0.000441946
,,,-1.00258e-007,0.000220973
,,,-9.98575e-008,0.000883892
,,,-9.94575e-008,0.000441946
,,,-9.90575e-008,0.000220973
,,,-9.86575e-008,0
,,,-9.82575e-008,-0.000220973
,,,-9.78575e-008,0
,,,-9.74575e-008,-0.000220973
,,,-9.70575e-008,-0.000220973
,,,-9.66575e-008,0.000220973
,,,-9.62575e-008,0.000662919
,,,-9.58575e-008,0.000220973
,,,-9.54575e-008,0.000441946
,,,-9.50575e-008,0.000220973
,,,-9.46575e-008,0.000441946
,,,-9.42575e-008,0.000441946
,,,-9.38575e-008,0
,,,-9.34575e-008,0
,,,-9.30575e-008,-0.000220973
,,,-9.26575e-008,0.000220973
,,,-9.22575e-008,-0.000662919
,,,-9.18575e-008,0.000220973
,,,-9.14575e-008,0.000441946
,,,-9.10575e-008,0.000220973
,,,-9.06575e-008,0.000441946
,,,-9.02575e-008,0.000220973
,,,-8.98575e-008,0.000662919
,,,-8.94575e-008,0.000883892
,,,-8.90575e-008,-0.000441946
,,,-8.86575e-008,0
,,,-8.82575e-008,0.000441946
,,,-8.78575e-008,0
,,,-8.74575e-008,-0.000441946
,,,-8.70575e-008,0.000441946
,,,-8.66575e-008,0
,,,-8.62575e-008,-0.000441946
,,,-8.58575e-008,-0.000220973
,,,-8.54575e-008,0
,,,-8.50575e-008,0.000220973
,,,-8.46575e-008,0.000662919
,,,-8.42575e-008,0.000441946
,,,-8.38575e-008,0.000220973
,,,-8.34575e-008,0.000220973
,,,-8.30575e-008,0.000441946
,,,-8.26575e-008,0.000662919
,,,-8.22575e-008,0.000220973
,,,-8.18575e-008,0.000662919
,,,-8.14575e-008,0.000220973
,,,-8.10575e-008,0
,,,-8.06575e-008,0.000220973
,,,-8.02575e-008,0.000441946
,,,-7.98575e-008,0
,,,-7.94575e-008,0.000220973
,,,-7.90575e-008,0
,,,-7.86575e-008,0
,,,-7.82575e-008,-0.000220973
,,,-7.78575e-008,0
,,,-7.74575e-008,0.000220973
,,,-7.70575e-008,0.000883892
,,,-7.66575e-008,0
,,,-7.62575e-008,0.000441946
,,,-7.58575e-008,0.000662919
,,,-7.54575e-008,0.000441946
,,,-7.50575e-008,0.000220973
,,,-7.46575e-008,0
,,,-7.42575e-008,-0.000220973
,,,-7.38575e-008,0.000441946
,,,-7.34575e-008,0.000883892
,,,-7.30575e-008,0
,,,-7.26575e-008,0.000220973
,,,-7.22575e-008,0
,,,-7.18575e-008,0
,,,-7.14575e-008,0.000220973
,,,-7.10575e-008,-0.000220973
,,,-7.06575e-008,-0.000220973
,,,-7.02575e-008,-0.000441946
,,,-6.98575e-008,-0.000220973
,,,-6.94575e-008,-0.000441946
,,,-6.90575e-008,0.000883892
,,,-6.86575e-008,0.000220973
,,,-6.82575e-008,0.000220973
,,,-6.78575e-008,0
,,,-6.74575e-008,0.000662919
,,,-6.70575e-008,0.000441946
,,,-6.66575e-008,0.00110486
,,,-6.62575e-008,0.000662919
,,,-6.58575e-008,0.000662919
,,,-6.54575e-008,0.000662919
,,,-6.50575e-008,0
,,,-6.46575e-008,0
,,,-6.42575e-008,0.000662919
,,,-6.38575e-008,-0.000220973
,,,-6.34575e-008,0.000441946
,,,-6.30575e-008,0.000441946
,,,-6.26575e-008,0
,,,-6.22575e-008,0
,,,-6.18575e-008,0.000441946
,,,-6.14575e-008,0.000220973
,,,-6.10575e-008,0.000441946
,,,-6.06575e-008,0.000220973
,,,-6.02575e-008,0
,,,-5.98575e-008,0.000441946
,,,-5.94575e-008,0.000441946
,,,-5.90575e-008,-0.000441946
,,,-5.86575e-008,0
,,,-5.82575e-008,0.000441946
,,,-5.78575e-008,0
,,,-5.74575e-008,0.000220973
,,,-5.70575e-008,0.000220973
,,,-5.66575e-008,0.000220973
,,,-5.62575e-008,0.00110486
,,,-5.58575e-008,0
,,,-5.54575e-008,0.000441946
,,,-5.50575e-008,0.000220973
,,,-5.46575e-008,0.000441946
,,,-5.42575e-008,-0.000220973
,,,-5.38575e-008,0
,,,-5.34575e-008,0.000441946
,,,-5.30575e-008,0.000220973
,,,-5.26575e-008,0.000220973
,,,-5.22575e-008,0.000441946
,,,-5.18575e-008,0.000441946
,,,-5.14575e-008,0.000441946
,,,-5.10575e-008,0.000441946
,,,-5.06575e-008,0.000441946
,,,-5.02575e-008,0.000220973
,,,-4.98575e-008,0
,,,-4.94575e-008,0.000220973
,,,-4.90575e-008,0.000220973
,,,-4.86575e-008,0
,,,-4.82575e-008,0.000441946
,,,-4.78575e-008,0.000441946
,,,-4.74575e-008,0.000220973
,,,-4.70575e-008,0.000441946
,,,-4.66575e-008,-0.000220973
,,,-4.62575e-008,0.000220973
,,,-4.58575e-008,-0.000220973
,,,-4.54575e-008,0.000220973
,,,-4.50575e-008,0.000662919
,,,-4.46575e-008,0
,,,-4.42575e-008,0
,,,-4.38575e-008,0.000220973
,,,-4.34575e-008,0.000441946
,,,-4.30575e-008,0
,,,-4.26575e-008,0.000441946
,,,-4.22575e-008,0.000883892
,,,-4.18575e-008,0.000441946
,,,-4.14575e-008,0.000441946
,,,-4.10575e-008,-0.000220973
,,,-4.06575e-008,0
,,,-4.02575e-008,0.000220973
,,,-3.98575e-008,-0.000441946
,,,-3.94575e-008,-0.000441946
,,,-3.90575e-008,0.000220973
,,,-3.86575e-008,0.000220973
,,,-3.82575e-008,0.000220973
,,,-3.78575e-008,0.000883892
,,,-3.74575e-008,0.000662919
,,,-3.70575e-008,0.000662919
,,,-3.66575e-008,0.000441946
,,,-3.62575e-008,0.000220973
,,,-3.58575e-008,0.000441946
,,,-3.54575e-008,0
,,,-3.50575e-008,-0.000883892
,,,-3.46575e-008,0.000220973
,,,-3.42575e-008,-0.000220973
,,,-3.38575e-008,0.000662919
,,,-3.34575e-008,0.000441946
,,,-3.30575e-008,0.000441946
,,,-3.26575e-008,0.000441946
,,,-3.22575e-008,0.000441946
,,,-3.18575e-008,-0.000220973
,,,-3.14575e-008,0
,,,-3.10575e-008,0.000220973
,,,-3.06575e-008,0.000220973
,,,-3.02575e-008,-0.000662919
,,,-2.98575e-008,-0.000441946
,,,-2.94575e-008,0.000883892
,,,-2.90575e-008,0.000220973
,,,-2.86575e-008,0.000662919
,,,-2.82575e-008,-0.000662919
,,,-2.78575e-008,0.000662919
,,,-2.74575e-008,-0.000441946
,,,-2.70575e-008,0
,,,-2.66575e-008,0.000220973
,,,-2.62575e-008,0.000220973
,,,-2.58575e-008,0
,,,-2.54575e-008,0.000220973
,,,-2.50575e-008,0.000441946
,,,-2.46575e-008,0.000662919
,,,-2.42575e-008,-0.000441946
,,,-2.38575e-008,0.000220973
,,,-2.34575e-008,0.000220973
,,,-2.30575e-008,0.000662919
,,,-2.26575e-008,-0.000220973
,,,-2.22575e-008,0.000662919
,,,-2.18575e-008,0.000220973
,,,-2.14575e-008,-0.000441946
,,,-2.10575e-008,0.000220973
,,,-2.06575e-008,-0.000441946
,,,-2.02575e-008,0.000220973
,,,-1.98575e-008,0.000662919
,,,-1.94575e-008,0.000441946
,,,-1.90575e-008,0.000662919
,,,-1.86575e-008,-0.000883892
,,,-1.82575e-008,-0.000441946
,,,-1.78575e-008,0.00110486
,,,-1.74575e-008,0.00132584
,,,-1.70575e-008,0.000441946
,,,-1.66575e-008,0.000220973
,,,-1.62575e-008,0.000662919
,,,-1.58575e-008,0
,,,-1.54575e-008,0.000662919
,,,-1.50575e-008,0.000220973
,,,-1.46575e-008,-0.000220973
,,,-1.42575e-008,0.000662919
,,,-1.38575e-008,0.000441946
,,,-1.34575e-008,0.000220973
,,,-1.30575e-008,0.000220973
,,,-1.26575e-008,0
,,,-1.22575e-008,0.000220973
,,,-1.18575e-008,0.000441946
,,,-1.14575e-008,0.000883892
,,,-1.10575e-008,-0.000220973
,,,-1.06575e-008,0
,,,-1.02575e-008,0.000441946
,,,-9.85753e-009,0.000220973
,,,-9.45753e-009,0.000441946
,,,-9.05753e-009,0.000220973
,,,-8.65753e-009,0.000441946
,,,-8.25753e-009,-0.000220973
,,,-7.85753e-009,-0.000441946
,,,-7.45753e-009,0.000220973
,,,-7.05753e-009,0
,,,-6.65753e-009,0.000220973
,,,-6.25753e-009,0.000220973
,,,-5.85753e-009,-0.000441946
,,,-5.45753e-009,0.000441946
,,,-5.05753e-009,0.000441946
,,,-4.65753e-009,-0.000220973
,,,-4.25753e-009,0.000220973
,,,-3.85753e-009,0.000883892
,,,-3.45753e-009,0.000441946
,,,-3.05753e-009,0.000662919
,,,-2.65753e-009,0
,,,-2.25753e-009,0.000441946
,,,-1.85753e-009,0.000662919
,,,-1.45753e-009,0.000220973
,,,-1.05753e-009,0
,,,-6.57532e-010,-0.000220973
,,,-2.57532e-010,0.000441946
,,,1.42468e-010,0.000220973
,,,5.42468e-010,0.00110486
,,,9.42468e-010,0
,,,1.34247e-009,0
,,,1.74247e-009,0.000220973
,,,2.14247e-009,0.000220973
,,,2.54247e-009,0.000662919
,,,2.94247e-009,0.000220973
,,,3.34247e-009,0.000883892
,,,3.74247e-009,0
,,,4.14247e-009,0.000441946
,,,4.54247e-009,-0.000441946
,,,4.94247e-009,0
,,,5.34247e-009,0.000441946
,,,5.74247e-009,0.000662919
,,,6.14247e-009,0.000220973
,,,6.54247e-009,0.000441946
,,,6.94247e-009,-0.000220973
,,,7.34247e-009,0.000220973
,,,7.74247e-009,-0.000220973
,,,8.14247e-009,0.000220973
,,,8.54247e-009,0
,,,8.94247e-009,-0.000441946
,,,9.34247e-009,0
,,,9.74247e-009,0.000441946
,,,1.01425e-008,-0.000220973
,,,1.05425e-008,-0.000220973
,,,1.09425e-008,0.000441946
,,,1.13425e-008,0.000662919
,,,1.17425e-008,-0.000220973
,,,1.21425e-008,0.000441946
,,,1.25425e-008,0
,,,1.29425e-008,0.000662919
,,,1.33425e-008,0.000662919
,,,1.37425e-008,0.000220973
,,,1.41425e-008,0.000220973
,,,1.45425e-008,0.000220973
,,,1.49425e-008,0.000441946
,,,1.53425e-008,0.000441946
,,,1.57425e-008,0.000662919
,,,1.61425e-008,0.00110486
,,,1.65425e-008,-0.000220973
,,,1.69425e-008,-0.000220973
,,,1.73425e-008,0.000662919
,,,1.77425e-008,0.000662919
,,,1.81425e-008,0.000220973
,,,1.85425e-008,0.000220973
,,,1.89425e-008,0.000220973
,,,1.93425e-008,0
,,,1.97425e-008,0.000220973
,,,2.01425e-008,0.000220973
,,,2.05425e-008,0.000220973
,,,2.09425e-008,0
,,,2.13425e-008,0.000441946
,,,2.17425e-008,0.000441946
,,,2.21425e-008,0.000662919
,,,2.25425e-008,0.000441946
,,,2.29425e-008,-0.000220973
,,,2.33425e-008,-0.000441946
,,,2.37425e-008,0.000220973
,,,2.41425e-008,-0.000220973
,,,2.45425e-008,0.000220973
,,,2.49425e-008,0.000220973
,,,2.53425e-008,0.000441946
,,,2.57425e-008,0.000662919
,,,2.61425e-008,0.000220973
,,,2.65425e-008,0.000220973
,,,2.69425e-008,0.000883892
,,,2.73425e-008,0.000441946
,,,2.77425e-008,0.000441946
,,,2.81425e-008,0.00154681
,,,2.85425e-008,0
,,,2.89425e-008,-0.000220973
,,,2.93425e-008,0.000662919
,,,2.97425e-008,0
,,,3.01425e-008,0.000662919
,,,3.05425e-008,0.000662919
,,,3.09425e-008,0.000441946
,,,3.13425e-008,0.000220973
,,,3.17425e-008,0.000441946
,,,3.21425e-008,-0.000441946
,,,3.25425e-008,-0.000441946
,,,3.29425e-008,0.000220973
,,,3.33425e-008,-0.000441946
,,,3.37425e-008,-0.000220973
,,,3.41425e-008,0.000441946
,,,3.45425e-008,0.000662919
,,,3.49425e-008,0.000441946
,,,3.53425e-008,0
,,,3.57425e-008,0
,,,3.61425e-008,0.000662919
,,,3.65425e-008,0.000441946
,,,3.69425e-008,0
,,,3.73425e-008,0
,,,3.77425e-008,0.000441946
,,,3.81425e-008,0.000220973
,,,3.85425e-008,0
,,,3.89425e-008,0.000220973
,,,3.93425e-008,0
,,,3.97425e-008,0
,,,4.01425e-008,-0.000220973
,,,4.05425e-008,-0.000441946
,,,4.09425e-008,0
,,,4.13425e-008,0.000220973
,,,4.17425e-008,0
,,,4.21425e-008,-0.000441946
,,,4.25425e-008,0
,,,4.29425e-008,0.000441946
,,,4.33425e-008,0.000220973
,,,4.37425e-008,0.000662919
,,,4.41425e-008,0.000662919
,,,4.45425e-008,0
,,,4.49425e-008,0.000662919
,,,4.53425e-008,0.000883892
,,,4.57425e-008,-0.000220973
,,,4.61425e-008,-0.000220973
,,,4.65425e-008,0.000220973
,,,4.69425e-008,-0.000220973
,,,4.73425e-008,0
,,,4.77425e-008,0.000441946
,,,4.81425e-008,0.000662919
,,,4.85425e-008,0.000220973
,,,4.89425e-008,0.000441946
,,,4.93425e-008,-0.000441946
,,,4.97425e-008,-0.000220973
,,,5.01425e-008,-0.000220973
,,,5.05425e-008,0
,,,5.09425e-008,0.000220973
,,,5.13425e-008,0.000220973
,,,5.17425e-008,0.000441946
,,,5.21425e-008,0.000441946
,,,5.25425e-008,-0.000441946
,,,5.29425e-008,0.000441946
,,,5.33425e-008,0.000220973
,,,5.37425e-008,0.000662919
,,,5.41425e-008,0
,,,5.45425e-008,0.00132584
,,,5.49425e-008,0
,,,5.53425e-008,0.000441946
,,,5.57425e-008,0.000220973
,,,5.61425e-008,-0.000441946
,,,5.65425e-008,0
,,,5.69425e-008,-0.000220973
,,,5.73425e-008,-0.000441946
,,,5.77425e-008,0
,,,5.81425e-008,0.000441946
,,,5.85425e-008,-0.000441946
,,,5.89425e-008,-0.000220973
,,,5.93425e-008,0.000883892
,,,5.97425e-008,0
,,,6.01425e-008,0.000662919
,,,6.05425e-008,0.000441946
,,,6.09425e-008,0
,,,6.13425e-008,0.000441946
,,,6.17425e-008,0.000441946
,,,6.21425e-008,0.000441946
,,,6.25425e-008,0.000441946
,,,6.29425e-008,0.000220973
,,,6.33425e-008,-0.000220973
,,,6.37425e-008,0
,,,6.41425e-008,0.000220973
,,,6.45425e-008,-0.000220973
,,,6.49425e-008,-0.000662919
,,,6.53425e-008,0.000441946
,,,6.57425e-008,0.000662919
,,,6.61425e-008,0
,,,6.65425e-008,0.000883892
,,,6.69425e-008,0
,,,6.73425e-008,0.000662919
,,,6.77425e-008,0.000441946
,,,6.81425e-008,0
,,,6.85425e-008,0.000441946
,,,6.89425e-008,-0.000220973
,,,6.93425e-008,0.000441946
,,,6.97425e-008,0.000220973
,,,7.01425e-008,0.000441946
,,,7.05425e-008,-0.000220973
,,,7.09425e-008,0.000220973
,,,7.13425e-008,0.000883892
,,,7.17425e-008,0.000662919
,,,7.21425e-008,-0.000220973
,,,7.25425e-008,0
,,,7.29425e-008,0.000220973
,,,7.33425e-008,0
,,,7.37425e-008,0
,,,7.41425e-008,0
,,,7.45425e-008,-0.000441946
,,,7.49425e-008,-0.000220973
,,,7.53425e-008,0.000662919
,,,7.57425e-008,0.000220973
,,,7.61425e-008,-0.000220973
,,,7.65425e-008,-0.000662919
,,,7.69425e-008,0
,,,7.73425e-008,0.000883892
,,,7.77425e-008,-0.000220973
,,,7.81425e-008,0.000441946
,,,7.85425e-008,0.00110486
,,,7.89425e-008,0.00110486
,,,7.93425e-008,0.000441946
,,,7.97425e-008,-0.000662919
,,,8.01425e-008,-0.000441946
,,,8.05425e-008,0.000441946
,,,8.09425e-008,0
,,,8.13425e-008,0.000441946
,,,8.17425e-008,-0.000220973
,,,8.21425e-008,0.000220973
,,,8.25425e-008,0.000220973
,,,8.29425e-008,0.000220973
,,,8.33425e-008,0
,,,8.37425e-008,0.000220973
,,,8.41425e-008,0.000662919
,,,8.45425e-008,0.000220973
,,,8.49425e-008,0
,,,8.53425e-008,0.000662919
,,,8.57425e-008,0.000662919
,,,8.61425e-008,-0.000220973
,,,8.65425e-008,0.000220973
,,,8.69425e-008,0.000220973
,,,8.73425e-008,0.000662919
,,,8.77425e-008,-0.000441946
,,,8.81425e-008,0.000441946
,,,8.85425e-008,0.000662919
,,,8.89425e-008,0.000220973
,,,8.93425e-008,0.000441946
,,,8.97425e-008,-0.000220973
,,,9.01425e-008,0.000441946
,,,9.05425e-008,0.000441946
,,,9.09425e-008,0.000662919
,,,9.13425e-008,0.000220973
,,,9.17425e-008,-0.000662919
,,,9.21425e-008,0.000220973
,,,9.25425e-008,0.000662919
,,,9.29425e-008,0.000662919
,,,9.33425e-008,0.000883892
,,,9.37425e-008,0.000883892
,,,9.41425e-008,0.00176778
,,,9.45425e-008,0.00110486
,,,9.49425e-008,0.00154681
,,,9.53425e-008,0.00309362
,,,9.57425e-008,0.00375654
,,,9.61425e-008,0.00486141
,,,9.65425e-008,0.00596627
,,,9.69425e-008,0.00685016
,,,9.73425e-008,0.00795503
,,,9.77425e-008,0.00950184
,,,9.81425e-008,0.0101648
,,,9.85425e-008,0.0123745
,,,9.89425e-008,0.0128164
,,,9.93425e-008,0.0137003
,,,9.97425e-008,0.0141423
,,,1.00142e-007,0.0154681
,,,1.00542e-007,0.0159101
,,,1.00942e-007,0.0150262
,,,1.01342e-007,0.016131
,,,1.01742e-007,0.016573
,,,1.02142e-007,0.0174569
,,,1.02542e-007,0.016573
,,,1.02942e-007,0.0167939
,,,1.03342e-007,0.0170149
,,,1.03742e-007,0.0170149
,,,1.04142e-007,0.0174569
,,,1.04542e-007,0.0174569
,,,1.04942e-007,0.0174569
,,,1.05342e-007,0.0174569
,,,1.05742e-007,0.0174569
,,,1.06142e-007,0.0174569
,,,1.06542e-007,0.0174569
,,,1.06942e-007,0.0178988
,,,1.07342e-007,0.0174569
,,,1.07742e-007,0.0170149
,,,1.08142e-007,0.0174569
,,,1.08542e-007,0.0178988
,,,1.08942e-007,0.0181198
,,,1.09342e-007,0.0172359
,,,1.09742e-007,0.0174569
,,,1.10142e-007,0.0181198
,,,1.10542e-007,0.0178988
,,,1.10942e-007,0.0183408
,,,1.11342e-007,0.0181198
,,,1.11742e-007,0.0185617
,,,1.12142e-007,0.0183408
,,,1.12542e-007,0.0172359
,,,1.12942e-007,0.0178988
,,,1.13342e-007,0.016573
,,,1.13742e-007,0.0174569
,,,1.14142e-007,0.0183408
,,,1.14542e-007,0.0190037
,,,1.14942e-007,0.0187827
,,,1.15342e-007,0.0176778
,,,1.15742e-007,0.0172359
,,,1.16142e-007,0.0176778
,,,1.16542e-007,0.0181198
,,,1.16942e-007,0.0183408
,,,1.17342e-007,0.0178988
,,,1.17742e-007,0.0183408
,,,1.18142e-007,0.0172359
,,,1.18542e-007,0.0174569
,,,1.18942e-007,0.0178988
,,,1.19342e-007,0.0185617
,,,1.19742e-007,0.0174569
,,,1.20142e-007,0.0170149
,,,1.20542e-007,0.0181198
,,,1.20942e-007,0.0178988
,,,1.21342e-007,0.0181198
,,,1.21742e-007,0.0181198
,,,1.22142e-007,0.0178988
,,,1.22542e-007,0.0194456
,,,1.22942e-007,0.0198876
,,,1.23342e-007,0.0194456
,,,1.23742e-007,0.0190037
,,,1.24142e-007,0.0196666
,,,1.24542e-007,0.0198876
,,,1.24942e-007,0.0198876
,,,1.25342e-007,0.0214344
,,,1.25742e-007,0.0212134
,,,1.26142e-007,0.0212134
,,,1.26542e-007,0.0209924
,,,1.26942e-007,0.0205505
,,,1.27342e-007,0.0209924
,,,1.27742e-007,0.0209924
,,,1.28142e-007,0.0201085
,,,1.28542e-007,0.0194456
,,,1.28942e-007,0.0190037
,,,1.29342e-007,0.0187827
,,,1.29742e-007,0.0187827
,,,1.30142e-007,0.0183408
,,,1.30542e-007,0.0187827
,,,1.30942e-007,0.0183408
,,,1.31342e-007,0.0181198
,,,1.31742e-007,0.0176778
,,,1.32142e-007,0.0187827
,,,1.32542e-007,0.0176778
,,,1.32942e-007,0.0170149
,,,1.33342e-007,0.0178988
,,,1.33742e-007,0.0178988
,,,1.34142e-007,0.0176778
,,,1.34542e-007,0.0170149
,,,1.34942e-007,0.0167939
,,,1.35342e-007,0.016352
,,,1.35742e-007,0.0172359
,,,1.36142e-007,0.016352
,,,1.36542e-007,0.016352
,,,1.36942e-007,0.016352
,,,1.37342e-007,0.016352
,,,1.37742e-007,0.016131
,,,1.38142e-007,0.016131
,,,1.38542e-007,0.016573
,,,1.38942e-007,0.016131
,,,1.39342e-007,0.016131
,,,1.39742e-007,0.016352
,,,1.40142e-007,0.016573
,,,1.40542e-007,0.0156891
,,,1.40942e-007,0.016352
,,,1.41342e-007,0.0159101
,,,1.41742e-007,0.0154681
,,,1.42142e-007,0.0159101
,,,1.42542e-007,0.0159101
,,,1.42942e-007,0.0156891
,,,1.43342e-007,0.0152471
,,,1.43742e-007,0.0148052
,,,1.44142e-007,0.0152471
,,,1.44542e-007,0.0154681
,,,1.44942e-007,0.0154681
,,,1.45342e-007,0.0150262
,,,1.45742e-007,0.0150262
,,,1.46142e-007,0.0145842
,,,1.46542e-007,0.0150262
,,,1.46942e-007,0.0154681
,,,1.47342e-007,0.0150262
,,,1.47742e-007,0.0143632
,,,1.48142e-007,0.0148052
,,,1.48542e-007,0.0145842
,,,1.48942e-007,0.0141423
,,,1.49342e-007,0.0145842
,,,1.49742e-007,0.0145842
,,,1.50142e-007,0.0141423
,,,1.50542e-007,0.0148052
,,,1.50942e-007,0.0145842
,,,1.51342e-007,0.0152471
,,,1.51742e-007,0.0143632
,,,1.52142e-007,0.0141423
,,,1.52542e-007,0.0145842
,,,1.52942e-007,0.0132584
,,,1.53342e-007,0.0137003
,,,1.53742e-007,0.0141423
,,,1.54142e-007,0.0134794
,,,1.54542e-007,0.0132584
,,,1.54942e-007,0.0134794
,,,1.55342e-007,0.0134794
,,,1.55742e-007,0.0137003
,,,1.56142e-007,0.0134794
,,,1.56542e-007,0.0130374
,,,1.56942e-007,0.0119325
,,,1.57342e-007,0.0114906
,,,1.57742e-007,0.0128164
,,,1.58142e-007,0.0125955
,,,1.58542e-007,0.0119325
,,,1.58942e-007,0.0123745
,,,1.59342e-007,0.0114906
,,,1.59742e-007,0.0125955
,,,1.60142e-007,0.0128164
,,,1.60542e-007,0.0128164
,,,1.60942e-007,0.0123745
,,,1.61342e-007,0.0117116
,,,1.61742e-007,0.0123745
,,,1.62142e-007,0.0119325
,,,1.62542e-007,0.0121535
,,,1.62942e-007,0.0123745
,,,1.63342e-007,0.0119325
,,,1.63742e-007,0.0125955
,,,1.64142e-007,0.0130374
,,,1.64542e-007,0.0110486
,,,1.64942e-007,0.0119325
,,,1.65342e-007,0.0130374
,,,1.65742e-007,0.0128164
,,,1.66142e-007,0.0125955
,,,1.66542e-007,0.0123745
,,,1.66942e-007,0.0117116
,,,1.67342e-007,0.0125955
,,,1.67742e-007,0.0119325
,,,1.68142e-007,0.0114906
,,,1.68542e-007,0.0119325
,,,1.68942e-007,0.0121535
,,,1.69342e-007,0.0128164
,,,1.69742e-007,0.0121535
,,,1.70142e-007,0.0112696
,,,1.70542e-007,0.0121535
,,,1.70942e-007,0.0125955
,,,1.71342e-007,0.0125955
,,,1.71742e-007,0.0123745
,,,1.72142e-007,0.0114906
,,,1.72542e-007,0.0114906
,,,1.72942e-007,0.0114906
,,,1.73342e-007,0.0125955
,,,1.73742e-007,0.0128164
,,,1.74142e-007,0.0128164
,,,1.74542e-007,0.0125955
,,,1.74942e-007,0.0123745
,,,1.75342e-007,0.0114906
,,,1.75742e-007,0.0117116
,,,1.76142e-007,0.0119325
,,,1.76542e-007,0.0121535
,,,1.76942e-007,0.0114906
,,,1.77342e-007,0.0121535
,,,1.77742e-007,0.0121535
,,,1.78142e-007,0.0130374
,,,1.78542e-007,0.0130374
,,,1.78942e-007,0.0119325
,,,1.79342e-007,0.0128164
,,,1.79742e-007,0.0125955
,,,1.80142e-007,0.0125955
,,,1.80542e-007,0.0123745
,,,1.80942e-007,0.0130374
,,,1.81342e-007,0.0125955
,,,1.81742e-007,0.0123745
,,,1.82142e-007,0.0123745
,,,1.82542e-007,0.0119325
,,,1.82942e-007,0.0128164
,,,1.83342e-007,0.0128164
,,,1.83742e-007,0.0121535
,,,1.84142e-007,0.0119325
,,,1.84542e-007,0.0121535
,,,1.84942e-007,0.0114906
,,,1.85342e-007,0.0123745
,,,1.85742e-007,0.0123745
,,,1.86142e-007,0.0117116
,,,1.86542e-007,0.0125955
,,,1.86942e-007,0.0132584
,,,1.87342e-007,0.0130374
,,,1.87742e-007,0.0128164
,,,1.88142e-007,0.0134794
,,,1.88542e-007,0.0132584
,,,1.88942e-007,0.0130374
,,,1.89342e-007,0.0141423
,,,1.89742e-007,0.0132584
,,,1.90142e-007,0.0125955
,,,1.90542e-007,0.0134794
,,,1.90942e-007,0.0137003
,,,1.91342e-007,0.0132584
,,,1.91742e-007,0.0132584
,,,1.92142e-007,0.0130374
,,,1.92542e-007,0.0132584
,,,1.92942e-007,0.0128164
,,,1.93342e-007,0.0132584
,,,1.93742e-007,0.0132584
,,,1.94142e-007,0.0134794
,,,1.94542e-007,0.0139213
,,,1.94942e-007,0.0130374
,,,1.95342e-007,0.0134794
,,,1.95742e-007,0.0132584
,,,1.96142e-007,0.0143632
,,,1.96542e-007,0.0130374
,,,1.96942e-007,0.0134794
,,,1.97342e-007,0.0130374
,,,1.97742e-007,0.0134794
,,,1.98142e-007,0.0139213
,,,1.98542e-007,0.0132584
,,,1.98942e-007,0.0130374
,,,1.99342e-007,0.0130374
,,,1.99742e-007,0.0130374
,,,2.00142e-007,0.0121535
,,,2.00542e-007,0.0123745
,,,2.00942e-007,0.0123745
,,,2.01342e-007,0.0119325
,,,2.01742e-007,0.0128164
,,,2.02142e-007,0.0121535
,,,2.02542e-007,0.0121535
,,,2.02942e-007,0.0117116
,,,2.03342e-007,0.0117116
,,,2.03742e-007,0.0119325
,,,2.04142e-007,0.0123745
,,,2.04542e-007,0.0112696
,,,2.04942e-007,0.0108277
,,,2.05342e-007,0.0114906
,,,2.05742e-007,0.0103857
,,,2.06142e-007,0.0112696
,,,2.06542e-007,0.0103857
,,,2.06942e-007,0.0101648
,,,2.07342e-007,0.0101648
,,,2.07742e-007,0.00994378
,,,2.08142e-007,0.00950184
,,,2.08542e-007,0.00861795
,,,2.08942e-007,0.00839697
,,,2.09342e-007,0.00905989
,,,2.09742e-007,0.00861795
,,,2.10142e-007,0.00795503
,,,2.10542e-007,0.00839697
,,,2.10942e-007,0.00685016
,,,2.11342e-007,0.00707114
,,,2.11742e-007,0.00751308
,,,2.12142e-007,0.00685016
,,,2.12542e-007,0.0057453
,,,2.12942e-007,0.00552432
,,,2.13342e-007,0.00486141
,,,2.13742e-007,0.00530335
,,,2.14142e-007,0.00464043
,,,2.14542e-007,0.00464043
,,,2.14942e-007,0.00441946
,,,2.15342e-007,0.00419849
,,,2.15742e-007,0.00397751
,,,2.16142e-007,0.00287265
,,,2.16542e-007,0.00375654
,,,2.16942e-007,0.00309362
,,,2.17342e-007,0.0024307
,,,2.17742e-007,0.00220973
,,,2.18142e-007,0.00220973
,,,2.18542e-007,0.00265168
,,,2.18942e-007,0.00331459
,,,2.19342e-007,0.00220973
,,,2.19742e-007,0.00198876
,,,2.20142e-007,0.0024307
,,,2.20542e-007,0.00198876
,,,2.20942e-007,0.00176778
,,,2.21342e-007,0.00132584
,,,2.21742e-007,0.00198876
,,,2.22142e-007,0.00132584
,,,2.22542e-007,0.0024307
,,,2.22942e-007,0.00154681
,,,2.23342e-007,0.00154681
,,,2.23742e-007,0.00198876
,,,2.24142e-007,0.000441946
,,,2.24542e-007,0.00132584
,,,2.24942e-007,0.000883892
,,,2.25342e-007,0.000662919
,,,2.25742e-007,0.000883892
,,,2.26142e-007,0.000883892
,,,2.26542e-007,0.00154681
,,,2.26942e-007,0.00154681
,,,2.27342e-007,0.00110486
,,,2.27742e-007,0.000883892
,,,2.28142e-007,0.00132584
,,,2.28542e-007,0.000662919
,,,2.28942e-007,0.000220973
,,,2.29342e-007,0.000220973
,,,2.29742e-007,0.000441946
,,,2.30142e-007,0.000220973
,,,2.30542e-007,-0.000441946
,,,2.30942e-007,0.000441946
,,,2.31342e-007,0.000441946
,,,2.31742e-007,0.000441946
,,,2.32142e-007,0.00110486
,,,2.32542e-007,0.000441946
,,,2.32942e-007,0.000441946
,,,2.33342e-007,0.00110486
,,,2.33742e-007,0.000662919
,,,2.34142e-007,0
,,,2.34542e-007,0.000441946
,,,2.34942e-007,0.000220973
,,,2.35342e-007,-0.000441946
,,,2.35742e-007,-0.000220973
,,,2.36142e-007,0.000662919
,,,2.36542e-007,0.000220973
,,,2.36942e-007,0.000220973
,,,2.37342e-007,0.000220973
,,,2.37742e-007,-0.000662919
,,,2.38142e-007,0.000220973
,,,2.38542e-007,-0.000883892
,,,2.38942e-007,-0.000441946
,,,2.39342e-007,-0.000662919
,,,2.39742e-007,-0.000883892
,,,2.40142e-007,-0.00110486
,,,2.40542e-007,-0.000441946
,,,2.40942e-007,-0.000883892
,,,2.41342e-007,-0.00110486
,,,2.41742e-007,-0.000662919
,,,2.42142e-007,-0.000220973
,,,2.42542e-007,0
,,,2.42942e-007,-0.000220973
,,,2.43342e-007,-0.000441946
,,,2.43742e-007,-0.000220973
,,,2.44142e-007,-0.000662919
,,,2.44542e-007,-0.000220973
,,,2.44942e-007,-0.000662919
,,,2.45342e-007,0.000220973
,,,2.45742e-007,0
,,,2.46142e-007,0
,,,2.46542e-007,0.000662919
,,,2.46942e-007,-0.000441946
,,,2.47342e-007,0
,,,2.47742e-007,-0.000441946
,,,2.48142e-007,-0.000220973
,,,2.48542e-007,0
,,,2.48942e-007,0.000441946
,,,2.49342e-007,0
,,,2.49742e-007,0.000441946
,,,2.50142e-007,0.000662919
