"Record Length",1252,"Points",-2.50135e-007,0.000220973
"Sample Interval",4e-010,s,-2.49735e-007,0
"Trigger Point",625,"Samples",-2.49335e-007,0.000220973
"Trigger Time",0.337973,s,-2.48935e-007,0.000662919
,,,-2.48535e-007,-0.000441946
"Horizontal Offset",-2.50135e-007,s,-2.48135e-007,-0.000883892
,,,-2.47735e-007,0
,,,-2.47335e-007,0.000220973
,,,-2.46935e-007,0
,,,-2.46535e-007,-0.000441946
,,,-2.46135e-007,0.000220973
,,,-2.45735e-007,0.000220973
,,,-2.45335e-007,0.000441946
,,,-2.44935e-007,0.000441946
,,,-2.44535e-007,0.000220973
,,,-2.44135e-007,0
,,,-2.43735e-007,0
,,,-2.43335e-007,-0.000662919
,,,-2.42935e-007,-0.000441946
,,,-2.42535e-007,-0.000220973
,,,-2.42135e-007,-0.000220973
,,,-2.41735e-007,0
,,,-2.41335e-007,-0.000441946
,,,-2.40935e-007,0.000441946
,,,-2.40535e-007,0.000662919
,,,-2.40135e-007,0.000220973
,,,-2.39735e-007,-0.00110486
,,,-2.39335e-007,0.000441946
,,,-2.38935e-007,0.000220973
,,,-2.38535e-007,-0.000220973
,,,-2.38135e-007,0.000441946
,,,-2.37735e-007,0.000662919
,,,-2.37335e-007,-0.000220973
,,,-2.36935e-007,0.000441946
,,,-2.36535e-007,-0.000441946
,,,-2.36135e-007,0.000220973
,,,-2.35735e-007,-0.000662919
,,,-2.35335e-007,0
,,,-2.34935e-007,-0.000220973
,,,-2.34535e-007,0.000441946
,,,-2.34135e-007,-0.000220973
,,,-2.33735e-007,-0.000441946
,,,-2.33335e-007,0.000441946
,,,-2.32935e-007,-0.000220973
,,,-2.32535e-007,-0.000441946
,,,-2.32135e-007,0.000883892
,,,-2.31735e-007,-0.000220973
,,,-2.31335e-007,-0.000220973
,,,-2.30935e-007,0.000883892
,,,-2.30535e-007,0.000441946
,,,-2.30135e-007,0.000662919
,,,-2.29735e-007,0.000220973
,,,-2.29335e-007,0.000662919
,,,-2.28935e-007,0.000662919
,,,-2.28535e-007,-0.000441946
,,,-2.28135e-007,0.000220973
,,,-2.27735e-007,-0.000220973
,,,-2.27335e-007,0.000220973
,,,-2.26935e-007,-0.000883892
,,,-2.26535e-007,-0.000220973
,,,-2.26135e-007,-0.000220973
,,,-2.25735e-007,0
,,,-2.25335e-007,-0.000441946
,,,-2.24935e-007,0
,,,-2.24535e-007,-0.000441946
,,,-2.24135e-007,0.000441946
,,,-2.23735e-007,0
,,,-2.23335e-007,0.000220973
,,,-2.22935e-007,-0.000883892
,,,-2.22535e-007,0.000220973
,,,-2.22135e-007,0.000220973
,,,-2.21735e-007,-0.000220973
,,,-2.21335e-007,0.000441946
,,,-2.20935e-007,-0.000441946
,,,-2.20535e-007,-0.000220973
,,,-2.20135e-007,-0.000220973
,,,-2.19735e-007,0
,,,-2.19335e-007,-0.000220973
,,,-2.18935e-007,0
,,,-2.18535e-007,0.000220973
,,,-2.18135e-007,0
,,,-2.17735e-007,0.000883892
,,,-2.17335e-007,0
,,,-2.16935e-007,0
,,,-2.16535e-007,0.000220973
,,,-2.16135e-007,0.000220973
,,,-2.15735e-007,0
,,,-2.15335e-007,0.000662919
,,,-2.14935e-007,0.000662919
,,,-2.14535e-007,-0.000441946
,,,-2.14135e-007,0.000883892
,,,-2.13735e-007,0
,,,-2.13335e-007,0.000662919
,,,-2.12935e-007,0.000441946
,,,-2.12535e-007,0.000220973
,,,-2.12135e-007,-0.000662919
,,,-2.11735e-007,0.000220973
,,,-2.11335e-007,0.000441946
,,,-2.10935e-007,0.000220973
,,,-2.10535e-007,-0.000662919
,,,-2.10135e-007,-0.000441946
,,,-2.09735e-007,0
,,,-2.09335e-007,-0.000220973
,,,-2.08935e-007,-0.000441946
,,,-2.08535e-007,0
,,,-2.08135e-007,0.00110486
,,,-2.07735e-007,-0.000220973
,,,-2.07335e-007,0.000662919
,,,-2.06935e-007,0.000441946
,,,-2.06535e-007,0
,,,-2.06135e-007,0
,,,-2.05735e-007,0.000662919
,,,-2.05335e-007,0.000441946
,,,-2.04935e-007,0
,,,-2.04535e-007,0.000441946
,,,-2.04135e-007,0
,,,-2.03735e-007,0.000441946
,,,-2.03335e-007,0.000441946
,,,-2.02935e-007,0.000441946
,,,-2.02535e-007,0.000441946
,,,-2.02135e-007,-0.000220973
,,,-2.01735e-007,0.000441946
,,,-2.01335e-007,0.000220973
,,,-2.00935e-007,0.000662919
,,,-2.00535e-007,0.000662919
,,,-2.00135e-007,0.000441946
,,,-1.99735e-007,-0.000220973
,,,-1.99335e-007,0.000220973
,,,-1.98935e-007,0.000220973
,,,-1.98535e-007,-0.000441946
,,,-1.98135e-007,0.000220973
,,,-1.97735e-007,0.000220973
,,,-1.97335e-007,0.000662919
,,,-1.96935e-007,0.000883892
,,,-1.96535e-007,0.000220973
,,,-1.96135e-007,-0.000220973
,,,-1.95735e-007,0
,,,-1.95335e-007,-0.000441946
,,,-1.94935e-007,0.000441946
,,,-1.94535e-007,-0.000220973
,,,-1.94135e-007,-0.000662919
,,,-1.93735e-007,-0.000220973
,,,-1.93335e-007,-0.000662919
,,,-1.92935e-007,0.000441946
,,,-1.92535e-007,0.000441946
,,,-1.92135e-007,0.000220973
,,,-1.91735e-007,0
,,,-1.91335e-007,0.000662919
,,,-1.90935e-007,0.000220973
,,,-1.90535e-007,0.000441946
,,,-1.90135e-007,0
,,,-1.89735e-007,0.000441946
,,,-1.89335e-007,0.000220973
,,,-1.88935e-007,0.000220973
,,,-1.88535e-007,0
,,,-1.88135e-007,-0.000662919
,,,-1.87735e-007,0
,,,-1.87335e-007,0.000220973
,,,-1.86935e-007,0
,,,-1.86535e-007,0.000441946
,,,-1.86135e-007,0.000441946
,,,-1.85735e-007,-0.000220973
,,,-1.85335e-007,-0.000441946
,,,-1.84935e-007,0.000441946
,,,-1.84535e-007,0.000441946
,,,-1.84135e-007,0.000220973
,,,-1.83735e-007,0.000220973
,,,-1.83335e-007,0.000662919
,,,-1.82935e-007,-0.000220973
,,,-1.82535e-007,-0.000220973
,,,-1.82135e-007,0
,,,-1.81735e-007,0.000220973
,,,-1.81335e-007,0
,,,-1.80935e-007,0.000883892
,,,-1.80535e-007,0.000662919
,,,-1.80135e-007,0.000220973
,,,-1.79735e-007,0.000441946
,,,-1.79335e-007,0
,,,-1.78935e-007,0
,,,-1.78535e-007,0.000220973
,,,-1.78135e-007,0.000441946
,,,-1.77735e-007,0.000220973
,,,-1.77335e-007,-0.000220973
,,,-1.76935e-007,0.000220973
,,,-1.76535e-007,0.000220973
,,,-1.76135e-007,0
,,,-1.75735e-007,-0.000220973
,,,-1.75335e-007,0.000441946
,,,-1.74935e-007,0.000220973
,,,-1.74535e-007,0.000220973
,,,-1.74135e-007,0.000220973
,,,-1.73735e-007,-0.000220973
,,,-1.73335e-007,0.000883892
,,,-1.72935e-007,0.00110486
,,,-1.72535e-007,-0.000441946
,,,-1.72135e-007,-0.000441946
,,,-1.71735e-007,0
,,,-1.71335e-007,-0.000883892
,,,-1.70935e-007,-0.000220973
,,,-1.70535e-007,0.000220973
,,,-1.70135e-007,0.000441946
,,,-1.69735e-007,0
,,,-1.69335e-007,-0.000662919
,,,-1.68935e-007,0.000441946
,,,-1.68535e-007,0.000662919
,,,-1.68135e-007,0.000220973
,,,-1.67735e-007,-0.000441946
,,,-1.67335e-007,0.000441946
,,,-1.66935e-007,-0.000441946
,,,-1.66535e-007,0.000662919
,,,-1.66135e-007,0.000441946
,,,-1.65735e-007,0
,,,-1.65335e-007,0
,,,-1.64935e-007,0.000441946
,,,-1.64535e-007,0.000220973
,,,-1.64135e-007,0.000220973
,,,-1.63735e-007,0.000883892
,,,-1.63335e-007,0
,,,-1.62935e-007,0.000441946
,,,-1.62535e-007,-0.000441946
,,,-1.62135e-007,-0.000441946
,,,-1.61735e-007,-0.000441946
,,,-1.61335e-007,0.000220973
,,,-1.60935e-007,-0.000441946
,,,-1.60535e-007,0.000220973
,,,-1.60135e-007,0.000220973
,,,-1.59735e-007,0
,,,-1.59335e-007,0
,,,-1.58935e-007,0.000441946
,,,-1.58535e-007,-0.000220973
,,,-1.58135e-007,0.000441946
,,,-1.57735e-007,0.000441946
,,,-1.57335e-007,-0.000220973
,,,-1.56935e-007,0.000220973
,,,-1.56535e-007,0
,,,-1.56135e-007,-0.000441946
,,,-1.55735e-007,-0.000220973
,,,-1.55335e-007,-0.000883892
,,,-1.54935e-007,-0.000441946
,,,-1.54535e-007,0.000220973
,,,-1.54135e-007,-0.000662919
,,,-1.53735e-007,0.000220973
,,,-1.53335e-007,0
,,,-1.52935e-007,0.000441946
,,,-1.52535e-007,0
,,,-1.52135e-007,0
,,,-1.51735e-007,0.000441946
,,,-1.51335e-007,-0.000441946
,,,-1.50935e-007,0.000220973
,,,-1.50535e-007,-0.000441946
,,,-1.50135e-007,0.000220973
,,,-1.49735e-007,0.000220973
,,,-1.49335e-007,0.000441946
,,,-1.48935e-007,0.000662919
,,,-1.48535e-007,-0.000441946
,,,-1.48135e-007,0
,,,-1.47735e-007,-0.000441946
,,,-1.47335e-007,-0.000220973
,,,-1.46935e-007,0.000441946
,,,-1.46535e-007,0.000220973
,,,-1.46135e-007,0.000220973
,,,-1.45735e-007,-0.000220973
,,,-1.45335e-007,-0.000662919
,,,-1.44935e-007,0.000220973
,,,-1.44535e-007,-0.000220973
,,,-1.44135e-007,0
,,,-1.43735e-007,-0.000883892
,,,-1.43335e-007,-0.000662919
,,,-1.42935e-007,-0.000441946
,,,-1.42535e-007,0
,,,-1.42135e-007,0.000220973
,,,-1.41735e-007,-0.000441946
,,,-1.41335e-007,-0.000220973
,,,-1.40935e-007,-0.000220973
,,,-1.40535e-007,-0.000220973
,,,-1.40135e-007,0
,,,-1.39735e-007,-0.000220973
,,,-1.39335e-007,-0.000441946
,,,-1.38935e-007,-0.000441946
,,,-1.38535e-007,0
,,,-1.38135e-007,-0.000441946
,,,-1.37735e-007,-0.000662919
,,,-1.37335e-007,-0.000441946
,,,-1.36935e-007,0
,,,-1.36535e-007,0.000220973
,,,-1.36135e-007,0.000220973
,,,-1.35735e-007,0
,,,-1.35335e-007,0
,,,-1.34935e-007,0
,,,-1.34535e-007,0
,,,-1.34135e-007,-0.000220973
,,,-1.33735e-007,0
,,,-1.33335e-007,-0.000220973
,,,-1.32935e-007,-0.000220973
,,,-1.32535e-007,-0.000220973
,,,-1.32135e-007,0
,,,-1.31735e-007,0
,,,-1.31335e-007,0.000220973
,,,-1.30935e-007,0.000220973
,,,-1.30535e-007,-0.000662919
,,,-1.30135e-007,-0.000220973
,,,-1.29735e-007,0
,,,-1.29335e-007,0.000220973
,,,-1.28935e-007,0.000662919
,,,-1.28535e-007,-0.000220973
,,,-1.28135e-007,0
,,,-1.27735e-007,0.000441946
,,,-1.27335e-007,0
,,,-1.26935e-007,0
,,,-1.26535e-007,-0.000220973
,,,-1.26135e-007,-0.000220973
,,,-1.25735e-007,0.000883892
,,,-1.25335e-007,0.000441946
,,,-1.24935e-007,0.000441946
,,,-1.24535e-007,-0.000441946
,,,-1.24135e-007,0.000220973
,,,-1.23735e-007,0
,,,-1.23335e-007,0
,,,-1.22935e-007,0
,,,-1.22535e-007,-0.000220973
,,,-1.22135e-007,-0.000220973
,,,-1.21735e-007,0.000662919
,,,-1.21335e-007,0.000220973
,,,-1.20935e-007,0
,,,-1.20535e-007,0.000220973
,,,-1.20135e-007,-0.000441946
,,,-1.19735e-007,0.000220973
,,,-1.19335e-007,0.00110486
,,,-1.18935e-007,-0.000220973
,,,-1.18535e-007,0.000441946
,,,-1.18135e-007,0.000662919
,,,-1.17735e-007,0
,,,-1.17335e-007,-0.000220973
,,,-1.16935e-007,0.000220973
,,,-1.16535e-007,0
,,,-1.16135e-007,0
,,,-1.15735e-007,0.000441946
,,,-1.15335e-007,0
,,,-1.14935e-007,-0.000441946
,,,-1.14535e-007,-0.000220973
,,,-1.14135e-007,0
,,,-1.13735e-007,0.000220973
,,,-1.13335e-007,-0.000220973
,,,-1.12935e-007,0.000441946
,,,-1.12535e-007,0.000441946
,,,-1.12135e-007,0.000662919
,,,-1.11735e-007,-0.000220973
,,,-1.11335e-007,0
,,,-1.10935e-007,0.000220973
,,,-1.10535e-007,0.000220973
,,,-1.10135e-007,0.000662919
,,,-1.09735e-007,0
,,,-1.09335e-007,-0.000220973
,,,-1.08935e-007,-0.000441946
,,,-1.08535e-007,0.000441946
,,,-1.08135e-007,0.000441946
,,,-1.07735e-007,-0.000441946
,,,-1.07335e-007,0.000441946
,,,-1.06935e-007,0.000220973
,,,-1.06535e-007,0.000220973
,,,-1.06135e-007,0.000662919
,,,-1.05735e-007,-0.000220973
,,,-1.05335e-007,-0.000441946
,,,-1.04935e-007,0.000441946
,,,-1.04535e-007,0.000220973
,,,-1.04135e-007,0
,,,-1.03735e-007,-0.000662919
,,,-1.03335e-007,0.000662919
,,,-1.02935e-007,0.000883892
,,,-1.02535e-007,0
,,,-1.02135e-007,0.000220973
,,,-1.01735e-007,0.000220973
,,,-1.01335e-007,0.000441946
,,,-1.00935e-007,0.000883892
,,,-1.00535e-007,0
,,,-1.00135e-007,0.000441946
,,,-9.97352e-008,0.000441946
,,,-9.93352e-008,-0.000220973
,,,-9.89352e-008,0.000220973
,,,-9.85352e-008,-0.000220973
,,,-9.81352e-008,-0.000883892
,,,-9.77352e-008,-0.000441946
,,,-9.73352e-008,0
,,,-9.69352e-008,0.000220973
,,,-9.65352e-008,0.000441946
,,,-9.61352e-008,0.000220973
,,,-9.57352e-008,-0.000441946
,,,-9.53352e-008,0.000441946
,,,-9.49352e-008,0.000441946
,,,-9.45352e-008,-0.000220973
,,,-9.41352e-008,0.000220973
,,,-9.37352e-008,0.000441946
,,,-9.33352e-008,0
,,,-9.29352e-008,0.000662919
,,,-9.25352e-008,0.000220973
,,,-9.21352e-008,0.000441946
,,,-9.17352e-008,-0.000220973
,,,-9.13352e-008,-0.000441946
,,,-9.09352e-008,-0.000441946
,,,-9.05352e-008,0
,,,-9.01352e-008,-0.000662919
,,,-8.97352e-008,0.000220973
,,,-8.93352e-008,0.000220973
,,,-8.89352e-008,0.000220973
,,,-8.85352e-008,0
,,,-8.81352e-008,-0.000441946
,,,-8.77352e-008,-0.000220973
,,,-8.73352e-008,0.000662919
,,,-8.69352e-008,0.000220973
,,,-8.65352e-008,-0.000441946
,,,-8.61352e-008,0
,,,-8.57352e-008,0.000662919
,,,-8.53352e-008,0.000441946
,,,-8.49352e-008,0.000441946
,,,-8.45352e-008,0.000441946
,,,-8.41352e-008,0.000441946
,,,-8.37352e-008,-0.000220973
,,,-8.33352e-008,0.000441946
,,,-8.29352e-008,-0.000220973
,,,-8.25352e-008,-0.000441946
,,,-8.21352e-008,0
,,,-8.17352e-008,0
,,,-8.13352e-008,-0.000662919
,,,-8.09352e-008,-0.000441946
,,,-8.05352e-008,0.000220973
,,,-8.01352e-008,0
,,,-7.97352e-008,-0.000220973
,,,-7.93352e-008,0.000662919
,,,-7.89352e-008,0.000220973
,,,-7.85352e-008,-0.000441946
,,,-7.81352e-008,0
,,,-7.77352e-008,-0.000220973
,,,-7.73352e-008,0
,,,-7.69352e-008,-0.000220973
,,,-7.65352e-008,0.000662919
,,,-7.61352e-008,0.000662919
,,,-7.57352e-008,-0.000441946
,,,-7.53352e-008,-0.000441946
,,,-7.49352e-008,0.000220973
,,,-7.45352e-008,-0.000220973
,,,-7.41352e-008,0
,,,-7.37352e-008,0.000441946
,,,-7.33352e-008,0.000220973
,,,-7.29352e-008,0.000662919
,,,-7.25352e-008,0
,,,-7.21352e-008,-0.000441946
,,,-7.17352e-008,-0.000441946
,,,-7.13352e-008,0
,,,-7.09352e-008,0
,,,-7.05352e-008,0
,,,-7.01352e-008,0.000220973
,,,-6.97352e-008,-0.000662919
,,,-6.93352e-008,-0.000220973
,,,-6.89352e-008,-0.000441946
,,,-6.85352e-008,0.000662919
,,,-6.81352e-008,0.000220973
,,,-6.77352e-008,0
,,,-6.73352e-008,0
,,,-6.69352e-008,-0.000220973
,,,-6.65352e-008,-0.000441946
,,,-6.61352e-008,0
,,,-6.57352e-008,0.000220973
,,,-6.53352e-008,0.000220973
,,,-6.49352e-008,0.000220973
,,,-6.45352e-008,0.000220973
,,,-6.41352e-008,0.000220973
,,,-6.37352e-008,0.000220973
,,,-6.33352e-008,0.000662919
,,,-6.29352e-008,0.000441946
,,,-6.25352e-008,-0.000441946
,,,-6.21352e-008,0.000441946
,,,-6.17352e-008,0.000662919
,,,-6.13352e-008,-0.000441946
,,,-6.09352e-008,-0.000220973
,,,-6.05352e-008,-0.000662919
,,,-6.01352e-008,-0.000441946
,,,-5.97352e-008,-0.000220973
,,,-5.93352e-008,0.000441946
,,,-5.89352e-008,0.000441946
,,,-5.85352e-008,-0.000441946
,,,-5.81352e-008,-0.000662919
,,,-5.77352e-008,0
,,,-5.73352e-008,0
,,,-5.69352e-008,0
,,,-5.65352e-008,0
,,,-5.61352e-008,0.000220973
,,,-5.57352e-008,0.000441946
,,,-5.53352e-008,0.000220973
,,,-5.49352e-008,0.000220973
,,,-5.45352e-008,0.000662919
,,,-5.41352e-008,0
,,,-5.37352e-008,0.000220973
,,,-5.33352e-008,-0.000220973
,,,-5.29352e-008,-0.000441946
,,,-5.25352e-008,0.000441946
,,,-5.21352e-008,-0.000662919
,,,-5.17352e-008,-0.000662919
,,,-5.13352e-008,-0.000441946
,,,-5.09352e-008,0.000220973
,,,-5.05352e-008,-0.000441946
,,,-5.01352e-008,0
,,,-4.97352e-008,-0.000662919
,,,-4.93352e-008,0
,,,-4.89352e-008,0.000441946
,,,-4.85352e-008,-0.000441946
,,,-4.81352e-008,0.000441946
,,,-4.77352e-008,0
,,,-4.73352e-008,0.000441946
,,,-4.69352e-008,0.000220973
,,,-4.65352e-008,0.000220973
,,,-4.61352e-008,0.000662919
,,,-4.57352e-008,0.000441946
,,,-4.53352e-008,0.000662919
,,,-4.49352e-008,0.000662919
,,,-4.45352e-008,-0.000441946
,,,-4.41352e-008,0.000220973
,,,-4.37352e-008,0.000220973
,,,-4.33352e-008,-0.000662919
,,,-4.29352e-008,-0.000662919
,,,-4.25352e-008,-0.000220973
,,,-4.21352e-008,0
,,,-4.17352e-008,-0.000441946
,,,-4.13352e-008,0.000441946
,,,-4.09352e-008,0.000220973
,,,-4.05352e-008,0.000441946
,,,-4.01352e-008,0
,,,-3.97352e-008,0
,,,-3.93352e-008,0.000441946
,,,-3.89352e-008,-0.000220973
,,,-3.85352e-008,0.000220973
,,,-3.81352e-008,-0.000220973
,,,-3.77352e-008,0.000220973
,,,-3.73352e-008,0.000220973
,,,-3.69352e-008,-0.000662919
,,,-3.65352e-008,0.000662919
,,,-3.61352e-008,0
,,,-3.57352e-008,0.000441946
,,,-3.53352e-008,0.000220973
,,,-3.49352e-008,0
,,,-3.45352e-008,-0.000662919
,,,-3.41352e-008,-0.000220973
,,,-3.37352e-008,0.000220973
,,,-3.33352e-008,-0.000220973
,,,-3.29352e-008,0.000662919
,,,-3.25352e-008,0.000220973
,,,-3.21352e-008,0
,,,-3.17352e-008,0.000220973
,,,-3.13352e-008,0.000220973
,,,-3.09352e-008,-0.000662919
,,,-3.05352e-008,0.000662919
,,,-3.01352e-008,-0.000220973
,,,-2.97352e-008,0.000220973
,,,-2.93352e-008,0.000441946
,,,-2.89352e-008,-0.000220973
,,,-2.85352e-008,-0.000220973
,,,-2.81352e-008,-0.000220973
,,,-2.77352e-008,-0.000441946
,,,-2.73352e-008,-0.000662919
,,,-2.69352e-008,-0.000220973
,,,-2.65352e-008,-0.000220973
,,,-2.61352e-008,-0.000662919
,,,-2.57352e-008,-0.000220973
,,,-2.53352e-008,-0.00154681
,,,-2.49352e-008,-0.000662919
,,,-2.45352e-008,0
,,,-2.41352e-008,-0.000441946
,,,-2.37352e-008,-0.000441946
,,,-2.33352e-008,-0.000220973
,,,-2.29352e-008,-0.000220973
,,,-2.25352e-008,-0.000220973
,,,-2.21352e-008,0.000441946
,,,-2.17352e-008,-0.000220973
,,,-2.13352e-008,-0.000220973
,,,-2.09352e-008,-0.000220973
,,,-2.05352e-008,0.000441946
,,,-2.01352e-008,0.000441946
,,,-1.97352e-008,0
,,,-1.93352e-008,-0.000441946
,,,-1.89352e-008,0
,,,-1.85352e-008,0
,,,-1.81352e-008,-0.000662919
,,,-1.77352e-008,0
,,,-1.73352e-008,0.000662919
,,,-1.69352e-008,-0.000220973
,,,-1.65352e-008,-0.000220973
,,,-1.61352e-008,-0.000220973
,,,-1.57352e-008,-0.000441946
,,,-1.53352e-008,0
,,,-1.49352e-008,0
,,,-1.45352e-008,-0.000220973
,,,-1.41352e-008,0
,,,-1.37352e-008,0.000662919
,,,-1.33352e-008,0.000662919
,,,-1.29352e-008,0
,,,-1.25352e-008,-0.000220973
,,,-1.21352e-008,-0.000441946
,,,-1.17352e-008,0
,,,-1.13352e-008,-0.000883892
,,,-1.09352e-008,-0.000662919
,,,-1.05352e-008,-0.000220973
,,,-1.01352e-008,-0.000220973
,,,-9.73519e-009,0.000441946
,,,-9.33519e-009,0
,,,-8.93519e-009,0.000220973
,,,-8.53519e-009,0
,,,-8.13519e-009,-0.000220973
,,,-7.73519e-009,0.000220973
,,,-7.33519e-009,-0.000220973
,,,-6.93519e-009,0
,,,-6.53519e-009,-0.000220973
,,,-6.13519e-009,-0.000220973
,,,-5.73519e-009,0.000441946
,,,-5.33519e-009,0.000220973
,,,-4.93519e-009,-0.000441946
,,,-4.53519e-009,-0.000220973
,,,-4.13519e-009,0.000441946
,,,-3.73519e-009,-0.000220973
,,,-3.33519e-009,-0.000883892
,,,-2.93519e-009,0.000220973
,,,-2.53519e-009,0
,,,-2.13519e-009,0
,,,-1.73519e-009,-0.000441946
,,,-1.33519e-009,-0.000441946
,,,-9.35189e-010,-0.000220973
,,,-5.35189e-010,-0.000220973
,,,-1.35189e-010,0
,,,2.64811e-010,-0.000662919
,,,6.64811e-010,0
,,,1.06481e-009,-0.000220973
,,,1.46481e-009,-0.000220973
,,,1.86481e-009,0.000220973
,,,2.26481e-009,0.000220973
,,,2.66481e-009,-0.000441946
,,,3.06481e-009,0
,,,3.46481e-009,-0.000220973
,,,3.86481e-009,0
,,,4.26481e-009,-0.000883892
,,,4.66481e-009,0
,,,5.06481e-009,0
,,,5.46481e-009,-0.000441946
,,,5.86481e-009,-0.000662919
,,,6.26481e-009,0.000220973
,,,6.66481e-009,0.000662919
,,,7.06481e-009,0
,,,7.46481e-009,0.000220973
,,,7.86481e-009,0.000220973
,,,8.26481e-009,0.000220973
,,,8.66481e-009,0
,,,9.06481e-009,0.000220973
,,,9.46481e-009,0
,,,9.86481e-009,0.000662919
,,,1.02648e-008,0
,,,1.06648e-008,0.000220973
,,,1.10648e-008,-0.000441946
,,,1.14648e-008,0.000220973
,,,1.18648e-008,-0.000441946
,,,1.22648e-008,0.000220973
,,,1.26648e-008,0.000220973
,,,1.30648e-008,0.000220973
,,,1.34648e-008,0
,,,1.38648e-008,-0.000220973
,,,1.42648e-008,0.000220973
,,,1.46648e-008,0.000220973
,,,1.50648e-008,0.000883892
,,,1.54648e-008,-0.000220973
,,,1.58648e-008,0.000220973
,,,1.62648e-008,-0.000662919
,,,1.66648e-008,0
,,,1.70648e-008,-0.000441946
,,,1.74648e-008,0.000220973
,,,1.78648e-008,-0.000220973
,,,1.82648e-008,-0.000662919
,,,1.86648e-008,0
,,,1.90648e-008,0.000220973
,,,1.94648e-008,0
,,,1.98648e-008,-0.000441946
,,,2.02648e-008,0.000220973
,,,2.06648e-008,-0.000220973
,,,2.10648e-008,0
,,,2.14648e-008,-0.000662919
,,,2.18648e-008,0
,,,2.22648e-008,-0.000441946
,,,2.26648e-008,-0.000441946
,,,2.30648e-008,0
,,,2.34648e-008,0.000441946
,,,2.38648e-008,0.000220973
,,,2.42648e-008,-0.000220973
,,,2.46648e-008,0
,,,2.50648e-008,-0.000220973
,,,2.54648e-008,-0.000662919
,,,2.58648e-008,0.000441946
,,,2.62648e-008,0
,,,2.66648e-008,0
,,,2.70648e-008,0.000441946
,,,2.74648e-008,-0.000220973
,,,2.78648e-008,-0.000883892
,,,2.82648e-008,-0.000883892
,,,2.86648e-008,-0.000883892
,,,2.90648e-008,-0.000441946
,,,2.94648e-008,0
,,,2.98648e-008,-0.000220973
,,,3.02648e-008,0
,,,3.06648e-008,-0.000220973
,,,3.10648e-008,0
,,,3.14648e-008,-0.000220973
,,,3.18648e-008,0
,,,3.22648e-008,0
,,,3.26648e-008,0.000441946
,,,3.30648e-008,0
,,,3.34648e-008,0
,,,3.38648e-008,0.000441946
,,,3.42648e-008,0.000220973
,,,3.46648e-008,0
,,,3.50648e-008,0
,,,3.54648e-008,-0.000883892
,,,3.58648e-008,-0.000441946
,,,3.62648e-008,-0.000441946
,,,3.66648e-008,-0.000662919
,,,3.70648e-008,-0.000441946
,,,3.74648e-008,-0.000220973
,,,3.78648e-008,-0.000220973
,,,3.82648e-008,0
,,,3.86648e-008,0
,,,3.90648e-008,0.000662919
,,,3.94648e-008,0
,,,3.98648e-008,0.000220973
,,,4.02648e-008,0.000220973
,,,4.06648e-008,0
,,,4.10648e-008,-0.000220973
,,,4.14648e-008,0.000441946
,,,4.18648e-008,0
,,,4.22648e-008,0
,,,4.26648e-008,0
,,,4.30648e-008,-0.000441946
,,,4.34648e-008,-0.000441946
,,,4.38648e-008,0.000662919
,,,4.42648e-008,0
,,,4.46648e-008,-0.000220973
,,,4.50648e-008,0
,,,4.54648e-008,-0.000220973
,,,4.58648e-008,0.000220973
,,,4.62648e-008,0.000662919
,,,4.66648e-008,0
,,,4.70648e-008,0.000220973
,,,4.74648e-008,0
,,,4.78648e-008,0.000220973
,,,4.82648e-008,-0.000441946
,,,4.86648e-008,0.000662919
,,,4.90648e-008,0.000662919
,,,4.94648e-008,-0.000662919
,,,4.98648e-008,0.000441946
,,,5.02648e-008,0.000662919
,,,5.06648e-008,0.000220973
,,,5.10648e-008,-0.000220973
,,,5.14648e-008,0
,,,5.18648e-008,0.000220973
,,,5.22648e-008,0
,,,5.26648e-008,-0.000220973
,,,5.30648e-008,0
,,,5.34648e-008,-0.000220973
,,,5.38648e-008,0.000220973
,,,5.42648e-008,0.000441946
,,,5.46648e-008,-0.000662919
,,,5.50648e-008,-0.000441946
,,,5.54648e-008,0.000220973
,,,5.58648e-008,-0.000220973
,,,5.62648e-008,0.000441946
,,,5.66648e-008,-0.000220973
,,,5.70648e-008,0.000220973
,,,5.74648e-008,0
,,,5.78648e-008,0.000220973
,,,5.82648e-008,0
,,,5.86648e-008,0.000441946
,,,5.90648e-008,0.000220973
,,,5.94648e-008,0.000441946
,,,5.98648e-008,-0.000220973
,,,6.02648e-008,0
,,,6.06648e-008,-0.000662919
,,,6.10648e-008,-0.000441946
,,,6.14648e-008,-0.000220973
,,,6.18648e-008,-0.000441946
,,,6.22648e-008,0
,,,6.26648e-008,-0.000662919
,,,6.30648e-008,0.000220973
,,,6.34648e-008,-0.000441946
,,,6.38648e-008,-0.000883892
,,,6.42648e-008,0.000441946
,,,6.46648e-008,-0.000220973
,,,6.50648e-008,-0.000441946
,,,6.54648e-008,-0.000220973
,,,6.58648e-008,0
,,,6.62648e-008,0
,,,6.66648e-008,0.000220973
,,,6.70648e-008,0.000220973
,,,6.74648e-008,0.000220973
,,,6.78648e-008,0.000441946
,,,6.82648e-008,0.000220973
,,,6.86648e-008,-0.000441946
,,,6.90648e-008,-0.000662919
,,,6.94648e-008,0.000441946
,,,6.98648e-008,-0.000220973
,,,7.02648e-008,0.000441946
,,,7.06648e-008,0
,,,7.10648e-008,-0.000220973
,,,7.14648e-008,-0.000220973
,,,7.18648e-008,0.000220973
,,,7.22648e-008,0.000662919
,,,7.26648e-008,-0.000220973
,,,7.30648e-008,0.000441946
,,,7.34648e-008,-0.000220973
,,,7.38648e-008,0.000441946
,,,7.42648e-008,0
,,,7.46648e-008,0
,,,7.50648e-008,0
,,,7.54648e-008,0
,,,7.58648e-008,0.000441946
,,,7.62648e-008,0.000441946
,,,7.66648e-008,0.000220973
,,,7.70648e-008,0
,,,7.74648e-008,0
,,,7.78648e-008,-0.000220973
,,,7.82648e-008,0
,,,7.86648e-008,-0.000220973
,,,7.90648e-008,0.000441946
,,,7.94648e-008,-0.000441946
,,,7.98648e-008,-0.000220973
,,,8.02648e-008,-0.000441946
,,,8.06648e-008,0.000662919
,,,8.10648e-008,0.000220973
,,,8.14648e-008,0.000220973
,,,8.18648e-008,0.000220973
,,,8.22648e-008,0.000220973
,,,8.26648e-008,0.000441946
,,,8.30648e-008,0.000441946
,,,8.34648e-008,-0.000662919
,,,8.38648e-008,0
,,,8.42648e-008,0.000220973
,,,8.46648e-008,-0.000220973
,,,8.50648e-008,0
,,,8.54648e-008,0
,,,8.58648e-008,-0.000441946
,,,8.62648e-008,0.000220973
,,,8.66648e-008,0
,,,8.70648e-008,-0.000662919
,,,8.74648e-008,-0.000220973
,,,8.78648e-008,0.000220973
,,,8.82648e-008,-0.000220973
,,,8.86648e-008,-0.000220973
,,,8.90648e-008,0
,,,8.94648e-008,0.000220973
,,,8.98648e-008,0.000441946
,,,9.02648e-008,0
,,,9.06648e-008,0.000441946
,,,9.10648e-008,0.000662919
,,,9.14648e-008,0.000220973
,,,9.18648e-008,-0.000220973
,,,9.22648e-008,0.000220973
,,,9.26648e-008,0
,,,9.30648e-008,0.000441946
,,,9.34648e-008,0.000662919
,,,9.38648e-008,0.000662919
,,,9.42648e-008,0.00132584
,,,9.46648e-008,0.00198876
,,,9.50648e-008,0.00220973
,,,9.54648e-008,0.00441946
,,,9.58648e-008,0.00441946
,,,9.62648e-008,0.0057453
,,,9.66648e-008,0.00685016
,,,9.70648e-008,0.00839697
,,,9.74648e-008,0.00905989
,,,9.78648e-008,0.00972281
,,,9.82648e-008,0.0125955
,,,9.86648e-008,0.0130374
,,,9.90648e-008,0.0134794
,,,9.94648e-008,0.0139213
,,,9.98648e-008,0.0145842
,,,1.00265e-007,0.0150262
,,,1.00665e-007,0.0150262
,,,1.01065e-007,0.0148052
,,,1.01465e-007,0.0159101
,,,1.01865e-007,0.016352
,,,1.02265e-007,0.0170149
,,,1.02665e-007,0.016573
,,,1.03065e-007,0.0176778
,,,1.03465e-007,0.0183408
,,,1.03865e-007,0.0172359
,,,1.04265e-007,0.0174569
,,,1.04665e-007,0.0178988
,,,1.05065e-007,0.0172359
,,,1.05465e-007,0.0174569
,,,1.05865e-007,0.0178988
,,,1.06265e-007,0.0176778
,,,1.06665e-007,0.0172359
,,,1.07065e-007,0.0181198
,,,1.07465e-007,0.0170149
,,,1.07865e-007,0.016573
,,,1.08265e-007,0.0176778
,,,1.08665e-007,0.0170149
,,,1.09065e-007,0.0174569
,,,1.09465e-007,0.0176778
,,,1.09865e-007,0.016573
,,,1.10265e-007,0.0174569
,,,1.10665e-007,0.0176778
,,,1.11065e-007,0.0181198
,,,1.11465e-007,0.0174569
,,,1.11865e-007,0.0181198
,,,1.12265e-007,0.0170149
,,,1.12665e-007,0.0181198
,,,1.13065e-007,0.0176778
,,,1.13465e-007,0.0174569
,,,1.13865e-007,0.0174569
,,,1.14265e-007,0.0185617
,,,1.14665e-007,0.0174569
,,,1.15065e-007,0.0172359
,,,1.15465e-007,0.0178988
,,,1.15865e-007,0.0172359
,,,1.16265e-007,0.0172359
,,,1.16665e-007,0.0174569
,,,1.17065e-007,0.0170149
,,,1.17465e-007,0.0172359
,,,1.17865e-007,0.0170149
,,,1.18265e-007,0.0170149
,,,1.18665e-007,0.0174569
,,,1.19065e-007,0.0181198
,,,1.19465e-007,0.0185617
,,,1.19865e-007,0.0176778
,,,1.20265e-007,0.0176778
,,,1.20665e-007,0.0181198
,,,1.21065e-007,0.0174569
,,,1.21465e-007,0.0181198
,,,1.21865e-007,0.0181198
,,,1.22265e-007,0.0181198
,,,1.22665e-007,0.0181198
,,,1.23065e-007,0.0187827
,,,1.23465e-007,0.0187827
,,,1.23865e-007,0.0203295
,,,1.24265e-007,0.0201085
,,,1.24665e-007,0.0198876
,,,1.25065e-007,0.0196666
,,,1.25465e-007,0.0198876
,,,1.25865e-007,0.0203295
,,,1.26265e-007,0.0205505
,,,1.26665e-007,0.0201085
,,,1.27065e-007,0.0205505
,,,1.27465e-007,0.0205505
,,,1.27865e-007,0.0203295
,,,1.28265e-007,0.0196666
,,,1.28665e-007,0.0201085
,,,1.29065e-007,0.0192246
,,,1.29465e-007,0.0190037
,,,1.29865e-007,0.0181198
,,,1.30265e-007,0.0174569
,,,1.30665e-007,0.0176778
,,,1.31065e-007,0.0187827
,,,1.31465e-007,0.0174569
,,,1.31865e-007,0.0174569
,,,1.32265e-007,0.0174569
,,,1.32665e-007,0.0167939
,,,1.33065e-007,0.0172359
,,,1.33465e-007,0.0170149
,,,1.33865e-007,0.016573
,,,1.34265e-007,0.0167939
,,,1.34665e-007,0.0176778
,,,1.35065e-007,0.0172359
,,,1.35465e-007,0.0167939
,,,1.35865e-007,0.0170149
,,,1.36265e-007,0.016352
,,,1.36665e-007,0.0167939
,,,1.37065e-007,0.016573
,,,1.37465e-007,0.016573
,,,1.37865e-007,0.016352
,,,1.38265e-007,0.016352
,,,1.38665e-007,0.0159101
,,,1.39065e-007,0.016573
,,,1.39465e-007,0.0154681
,,,1.39865e-007,0.0154681
,,,1.40265e-007,0.0150262
,,,1.40665e-007,0.0150262
,,,1.41065e-007,0.0152471
,,,1.41465e-007,0.0152471
,,,1.41865e-007,0.0152471
,,,1.42265e-007,0.016131
,,,1.42665e-007,0.0154681
,,,1.43065e-007,0.0159101
,,,1.43465e-007,0.0152471
,,,1.43865e-007,0.0150262
,,,1.44265e-007,0.0141423
,,,1.44665e-007,0.0152471
,,,1.45065e-007,0.0154681
,,,1.45465e-007,0.0150262
,,,1.45865e-007,0.0148052
,,,1.46265e-007,0.0145842
,,,1.46665e-007,0.0145842
,,,1.47065e-007,0.0139213
,,,1.47465e-007,0.0145842
,,,1.47865e-007,0.0150262
,,,1.48265e-007,0.0145842
,,,1.48665e-007,0.0139213
,,,1.49065e-007,0.0134794
,,,1.49465e-007,0.0139213
,,,1.49865e-007,0.0141423
,,,1.50265e-007,0.0141423
,,,1.50665e-007,0.0139213
,,,1.51065e-007,0.0141423
,,,1.51465e-007,0.0148052
,,,1.51865e-007,0.0139213
,,,1.52265e-007,0.0141423
,,,1.52665e-007,0.0134794
,,,1.53065e-007,0.0145842
,,,1.53465e-007,0.0139213
,,,1.53865e-007,0.0139213
,,,1.54265e-007,0.0134794
,,,1.54665e-007,0.0134794
,,,1.55065e-007,0.0132584
,,,1.55465e-007,0.0130374
,,,1.55865e-007,0.0125955
,,,1.56265e-007,0.0125955
,,,1.56665e-007,0.0121535
,,,1.57065e-007,0.0119325
,,,1.57465e-007,0.0117116
,,,1.57865e-007,0.0114906
,,,1.58265e-007,0.0119325
,,,1.58665e-007,0.0119325
,,,1.59065e-007,0.0121535
,,,1.59465e-007,0.0114906
,,,1.59865e-007,0.0117116
,,,1.60265e-007,0.0121535
,,,1.60665e-007,0.0121535
,,,1.61065e-007,0.0119325
,,,1.61465e-007,0.0117116
,,,1.61865e-007,0.0123745
,,,1.62265e-007,0.0114906
,,,1.62665e-007,0.0125955
,,,1.63065e-007,0.0123745
,,,1.63465e-007,0.0117116
,,,1.63865e-007,0.0119325
,,,1.64265e-007,0.0125955
,,,1.64665e-007,0.0123745
,,,1.65065e-007,0.0123745
,,,1.65465e-007,0.0112696
,,,1.65865e-007,0.0114906
,,,1.66265e-007,0.0125955
,,,1.66665e-007,0.0125955
,,,1.67065e-007,0.0119325
,,,1.67465e-007,0.0125955
,,,1.67865e-007,0.0114906
,,,1.68265e-007,0.0119325
,,,1.68665e-007,0.0123745
,,,1.69065e-007,0.0119325
,,,1.69465e-007,0.0121535
,,,1.69865e-007,0.0130374
,,,1.70265e-007,0.0123745
,,,1.70665e-007,0.0121535
,,,1.71065e-007,0.0123745
,,,1.71465e-007,0.0128164
,,,1.71865e-007,0.0119325
,,,1.72265e-007,0.0121535
,,,1.72665e-007,0.0119325
,,,1.73065e-007,0.0121535
,,,1.73465e-007,0.0123745
,,,1.73865e-007,0.0121535
,,,1.74265e-007,0.0119325
,,,1.74665e-007,0.0123745
,,,1.75065e-007,0.0125955
,,,1.75465e-007,0.0123745
,,,1.75865e-007,0.0128164
,,,1.76265e-007,0.0114906
,,,1.76665e-007,0.0121535
,,,1.77065e-007,0.0119325
,,,1.77465e-007,0.0119325
,,,1.77865e-007,0.0123745
,,,1.78265e-007,0.0123745
,,,1.78665e-007,0.0125955
,,,1.79065e-007,0.0119325
,,,1.79465e-007,0.0121535
,,,1.79865e-007,0.0125955
,,,1.80265e-007,0.0125955
,,,1.80665e-007,0.0117116
,,,1.81065e-007,0.0114906
,,,1.81465e-007,0.0117116
,,,1.81865e-007,0.0121535
,,,1.82265e-007,0.0117116
,,,1.82665e-007,0.0114906
,,,1.83065e-007,0.0121535
,,,1.83465e-007,0.0123745
,,,1.83865e-007,0.0117116
,,,1.84265e-007,0.0114906
,,,1.84665e-007,0.0114906
,,,1.85065e-007,0.0117116
,,,1.85465e-007,0.0123745
,,,1.85865e-007,0.0130374
,,,1.86265e-007,0.0132584
,,,1.86665e-007,0.0130374
,,,1.87065e-007,0.0125955
,,,1.87465e-007,0.0123745
,,,1.87865e-007,0.0123745
,,,1.88265e-007,0.0123745
,,,1.88665e-007,0.0130374
,,,1.89065e-007,0.0123745
,,,1.89465e-007,0.0130374
,,,1.89865e-007,0.0128164
,,,1.90265e-007,0.0125955
,,,1.90665e-007,0.0125955
,,,1.91065e-007,0.0125955
,,,1.91465e-007,0.0132584
,,,1.91865e-007,0.0141423
,,,1.92265e-007,0.0134794
,,,1.92665e-007,0.0132584
,,,1.93065e-007,0.0139213
,,,1.93465e-007,0.0132584
,,,1.93865e-007,0.0130374
,,,1.94265e-007,0.0132584
,,,1.94665e-007,0.0134794
,,,1.95065e-007,0.0132584
,,,1.95465e-007,0.0132584
,,,1.95865e-007,0.0134794
,,,1.96265e-007,0.0132584
,,,1.96665e-007,0.0128164
,,,1.97065e-007,0.0123745
,,,1.97465e-007,0.0125955
,,,1.97865e-007,0.0128164
,,,1.98265e-007,0.0132584
,,,1.98665e-007,0.0128164
,,,1.99065e-007,0.0128164
,,,1.99465e-007,0.0121535
,,,1.99865e-007,0.0123745
,,,2.00265e-007,0.0119325
,,,2.00665e-007,0.0134794
,,,2.01065e-007,0.0121535
,,,2.01465e-007,0.0114906
,,,2.01865e-007,0.0123745
,,,2.02265e-007,0.0121535
,,,2.02665e-007,0.0121535
,,,2.03065e-007,0.0119325
,,,2.03465e-007,0.0112696
,,,2.03865e-007,0.0117116
,,,2.04265e-007,0.0106067
,,,2.04665e-007,0.0108277
,,,2.05065e-007,0.0108277
,,,2.05465e-007,0.0114906
,,,2.05865e-007,0.0112696
,,,2.06265e-007,0.0112696
,,,2.06665e-007,0.00994378
,,,2.07065e-007,0.0103857
,,,2.07465e-007,0.0101648
,,,2.07865e-007,0.00994378
,,,2.08265e-007,0.00950184
,,,2.08665e-007,0.00994378
,,,2.09065e-007,0.00905989
,,,2.09465e-007,0.00861795
,,,2.09865e-007,0.00905989
,,,2.10265e-007,0.008176
,,,2.10665e-007,0.008176
,,,2.11065e-007,0.00773405
,,,2.11465e-007,0.00662919
,,,2.11865e-007,0.00618724
,,,2.12265e-007,0.00640822
,,,2.12665e-007,0.0057453
,,,2.13065e-007,0.0057453
,,,2.13465e-007,0.00530335
,,,2.13865e-007,0.00530335
,,,2.14265e-007,0.00441946
,,,2.14665e-007,0.00419849
,,,2.15065e-007,0.00375654
,,,2.15465e-007,0.00441946
,,,2.15865e-007,0.00464043
,,,2.16265e-007,0.00353557
,,,2.16665e-007,0.00375654
,,,2.17065e-007,0.00287265
,,,2.17465e-007,0.00287265
,,,2.17865e-007,0.00265168
,,,2.18265e-007,0.00265168
,,,2.18665e-007,0.00198876
,,,2.19065e-007,0.00220973
,,,2.19465e-007,0.00220973
,,,2.19865e-007,0.00154681
,,,2.20265e-007,0.00198876
,,,2.20665e-007,0.00132584
,,,2.21065e-007,0.00132584
,,,2.21465e-007,0.00154681
,,,2.21865e-007,0.00132584
,,,2.22265e-007,0.00132584
,,,2.22665e-007,0.00110486
,,,2.23065e-007,0.00198876
,,,2.23465e-007,0.000441946
,,,2.23865e-007,0.00176778
,,,2.24265e-007,0.00154681
,,,2.24665e-007,0.00176778
,,,2.25065e-007,0.00132584
,,,2.25465e-007,0.00132584
,,,2.25865e-007,0
,,,2.26265e-007,0.000441946
,,,2.26665e-007,0.000441946
,,,2.27065e-007,0.000883892
,,,2.27465e-007,0.000883892
,,,2.27865e-007,0.000441946
,,,2.28265e-007,0.000662919
,,,2.28665e-007,0.000662919
,,,2.29065e-007,0
,,,2.29465e-007,0.000441946
,,,2.29865e-007,0.000883892
,,,2.30265e-007,0.000441946
,,,2.30665e-007,0.000662919
,,,2.31065e-007,0.000883892
,,,2.31465e-007,0.000662919
,,,2.31865e-007,0.000441946
,,,2.32265e-007,0
,,,2.32665e-007,0.000220973
,,,2.33065e-007,0.000441946
,,,2.33465e-007,0.000883892
,,,2.33865e-007,0.00110486
,,,2.34265e-007,0
,,,2.34665e-007,0.000883892
,,,2.35065e-007,-0.000220973
,,,2.35465e-007,0.000220973
,,,2.35865e-007,0.000662919
,,,2.36265e-007,0.000220973
,,,2.36665e-007,-0.000883892
,,,2.37065e-007,0.000220973
,,,2.37465e-007,-0.000441946
,,,2.37865e-007,-0.000883892
,,,2.38265e-007,-0.000441946
,,,2.38665e-007,-0.000883892
,,,2.39065e-007,0
,,,2.39465e-007,-0.000662919
,,,2.39865e-007,-0.000441946
,,,2.40265e-007,-0.000662919
,,,2.40665e-007,-0.000662919
,,,2.41065e-007,-0.000662919
,,,2.41465e-007,-0.000883892
,,,2.41865e-007,-0.000220973
,,,2.42265e-007,-0.000441946
,,,2.42665e-007,-0.000441946
,,,2.43065e-007,-0.000220973
,,,2.43465e-007,-0.000662919
,,,2.43865e-007,-0.000441946
,,,2.44265e-007,-0.000441946
,,,2.44665e-007,-0.000441946
,,,2.45065e-007,0
,,,2.45465e-007,-0.000883892
,,,2.45865e-007,-0.00110486
,,,2.46265e-007,-0.000220973
,,,2.46665e-007,0.000220973
,,,2.47065e-007,-0.000220973
,,,2.47465e-007,-0.000220973
,,,2.47865e-007,0.000441946
,,,2.48265e-007,0.000220973
,,,2.48665e-007,-0.000441946
,,,2.49065e-007,0
,,,2.49465e-007,0.000220973
,,,2.49865e-007,-0.000441946
,,,2.50265e-007,0
