"Record Length",1252,"Points",-2.50358e-007,-0.000441946
"Sample Interval",4e-010,s,-2.49958e-007,-0.000220973
"Trigger Point",625,"Samples",-2.49558e-007,0.000220973
"Trigger Time",0.89618,s,-2.49158e-007,-0.000220973
,,,-2.48758e-007,-0.000441946
"Horizontal Offset",-2.50358e-007,s,-2.48358e-007,0.000220973
,,,-2.47958e-007,-0.000441946
,,,-2.47558e-007,0.000220973
,,,-2.47158e-007,0
,,,-2.46758e-007,0.000220973
,,,-2.46358e-007,-0.000220973
,,,-2.45958e-007,-0.000220973
,,,-2.45558e-007,-0.000220973
,,,-2.45158e-007,0
,,,-2.44758e-007,0.000220973
,,,-2.44358e-007,-0.000220973
,,,-2.43958e-007,0.000220973
,,,-2.43558e-007,0.000883892
,,,-2.43158e-007,-0.000441946
,,,-2.42758e-007,0
,,,-2.42358e-007,0.000220973
,,,-2.41958e-007,0.000220973
,,,-2.41558e-007,-0.000662919
,,,-2.41158e-007,-0.000441946
,,,-2.40758e-007,-0.000441946
,,,-2.40358e-007,0.000220973
,,,-2.39958e-007,-0.000220973
,,,-2.39558e-007,0.000662919
,,,-2.39158e-007,0.00110486
,,,-2.38758e-007,0.000220973
,,,-2.38358e-007,0
,,,-2.37958e-007,0.000662919
,,,-2.37558e-007,0.00110486
,,,-2.37158e-007,0.000220973
,,,-2.36758e-007,0.000441946
,,,-2.36358e-007,0.000662919
,,,-2.35958e-007,-0.000220973
,,,-2.35558e-007,0
,,,-2.35158e-007,0
,,,-2.34758e-007,-0.000220973
,,,-2.34358e-007,0.000662919
,,,-2.33958e-007,0.000441946
,,,-2.33558e-007,-0.000220973
,,,-2.33158e-007,-0.000441946
,,,-2.32758e-007,-0.000441946
,,,-2.32358e-007,-0.000441946
,,,-2.31958e-007,0
,,,-2.31558e-007,0.000662919
,,,-2.31158e-007,0.000441946
,,,-2.30758e-007,0
,,,-2.30358e-007,0
,,,-2.29958e-007,0.000220973
,,,-2.29558e-007,-0.000441946
,,,-2.29158e-007,-0.000220973
,,,-2.28758e-007,0.000220973
,,,-2.28358e-007,0.000441946
,,,-2.27958e-007,0.000441946
,,,-2.27558e-007,0.000441946
,,,-2.27158e-007,0.000441946
,,,-2.26758e-007,0.000220973
,,,-2.26358e-007,0
,,,-2.25958e-007,-0.000220973
,,,-2.25558e-007,0.000220973
,,,-2.25158e-007,0.000220973
,,,-2.24758e-007,0
,,,-2.24358e-007,0.000441946
,,,-2.23958e-007,-0.000220973
,,,-2.23558e-007,0
,,,-2.23158e-007,-0.000220973
,,,-2.22758e-007,-0.000441946
,,,-2.22358e-007,0
,,,-2.21958e-007,-0.000220973
,,,-2.21558e-007,-0.000220973
,,,-2.21158e-007,-0.000220973
,,,-2.20758e-007,0.000441946
,,,-2.20358e-007,0.000441946
,,,-2.19958e-007,0
,,,-2.19558e-007,0
,,,-2.19158e-007,0.000441946
,,,-2.18758e-007,0.000220973
,,,-2.18358e-007,0.000441946
,,,-2.17958e-007,-0.000220973
,,,-2.17558e-007,0
,,,-2.17158e-007,0.000662919
,,,-2.16758e-007,0
,,,-2.16358e-007,0
,,,-2.15958e-007,0.000441946
,,,-2.15558e-007,0.000662919
,,,-2.15158e-007,0
,,,-2.14758e-007,0.000662919
,,,-2.14358e-007,-0.000441946
,,,-2.13958e-007,-0.000441946
,,,-2.13558e-007,0
,,,-2.13158e-007,0.000220973
,,,-2.12758e-007,0
,,,-2.12358e-007,-0.000220973
,,,-2.11958e-007,0.000441946
,,,-2.11558e-007,0.000441946
,,,-2.11158e-007,-0.000220973
,,,-2.10758e-007,0.000220973
,,,-2.10358e-007,-0.000220973
,,,-2.09958e-007,-0.000220973
,,,-2.09558e-007,-0.000220973
,,,-2.09158e-007,0.000220973
,,,-2.08758e-007,0.000441946
,,,-2.08358e-007,-0.000220973
,,,-2.07958e-007,0.000220973
,,,-2.07558e-007,0.000662919
,,,-2.07158e-007,-0.000220973
,,,-2.06758e-007,0
,,,-2.06358e-007,0
,,,-2.05958e-007,0.000220973
,,,-2.05558e-007,-0.000883892
,,,-2.05158e-007,0
,,,-2.04758e-007,0.000220973
,,,-2.04358e-007,0
,,,-2.03958e-007,0
,,,-2.03558e-007,0
,,,-2.03158e-007,0
,,,-2.02758e-007,-0.000441946
,,,-2.02358e-007,0
,,,-2.01958e-007,-0.000220973
,,,-2.01558e-007,-0.000662919
,,,-2.01158e-007,-0.000220973
,,,-2.00758e-007,-0.000441946
,,,-2.00358e-007,0.000220973
,,,-1.99958e-007,0
,,,-1.99558e-007,-0.000220973
,,,-1.99158e-007,0.000441946
,,,-1.98758e-007,0
,,,-1.98358e-007,0.000441946
,,,-1.97958e-007,0
,,,-1.97558e-007,0.000441946
,,,-1.97158e-007,-0.000220973
,,,-1.96758e-007,0.000220973
,,,-1.96358e-007,0.000220973
,,,-1.95958e-007,0.000220973
,,,-1.95558e-007,-0.000220973
,,,-1.95158e-007,-0.000220973
,,,-1.94758e-007,-0.000220973
,,,-1.94358e-007,0.000662919
,,,-1.93958e-007,-0.000220973
,,,-1.93558e-007,-0.000220973
,,,-1.93158e-007,0.000220973
,,,-1.92758e-007,-0.000441946
,,,-1.92358e-007,0
,,,-1.91958e-007,0
,,,-1.91558e-007,-0.000441946
,,,-1.91158e-007,0
,,,-1.90758e-007,-0.000220973
,,,-1.90358e-007,0.000220973
,,,-1.89958e-007,0.000662919
,,,-1.89558e-007,0.000883892
,,,-1.89158e-007,0.000220973
,,,-1.88758e-007,0.000662919
,,,-1.88358e-007,0.000662919
,,,-1.87958e-007,0
,,,-1.87558e-007,-0.000220973
,,,-1.87158e-007,-0.000220973
,,,-1.86758e-007,-0.000441946
,,,-1.86358e-007,-0.000220973
,,,-1.85958e-007,0.000220973
,,,-1.85558e-007,0
,,,-1.85158e-007,0.000220973
,,,-1.84758e-007,0
,,,-1.84358e-007,0.000220973
,,,-1.83958e-007,-0.000220973
,,,-1.83558e-007,0.000441946
,,,-1.83158e-007,-0.000883892
,,,-1.82758e-007,-0.000441946
,,,-1.82358e-007,0.000220973
,,,-1.81958e-007,0.000883892
,,,-1.81558e-007,0.000220973
,,,-1.81158e-007,0.000883892
,,,-1.80758e-007,-0.000220973
,,,-1.80358e-007,0.000441946
,,,-1.79958e-007,0.000441946
,,,-1.79558e-007,0
,,,-1.79158e-007,-0.000441946
,,,-1.78758e-007,0.000441946
,,,-1.78358e-007,0.000220973
,,,-1.77958e-007,-0.000441946
,,,-1.77558e-007,-0.000441946
,,,-1.77158e-007,-0.000662919
,,,-1.76758e-007,0.000441946
,,,-1.76358e-007,0.000441946
,,,-1.75958e-007,0.000220973
,,,-1.75558e-007,-0.000220973
,,,-1.75158e-007,0.000662919
,,,-1.74758e-007,0.000220973
,,,-1.74358e-007,0.000220973
,,,-1.73958e-007,-0.000220973
,,,-1.73558e-007,0.000441946
,,,-1.73158e-007,0.000662919
,,,-1.72758e-007,0.000441946
,,,-1.72358e-007,0
,,,-1.71958e-007,0.000662919
,,,-1.71558e-007,0.000883892
,,,-1.71158e-007,-0.000220973
,,,-1.70758e-007,0.000220973
,,,-1.70358e-007,0.000220973
,,,-1.69958e-007,0
,,,-1.69558e-007,0.000662919
,,,-1.69158e-007,0
,,,-1.68758e-007,-0.000220973
,,,-1.68358e-007,0
,,,-1.67958e-007,0.000441946
,,,-1.67558e-007,0
,,,-1.67158e-007,0
,,,-1.66758e-007,-0.000220973
,,,-1.66358e-007,0
,,,-1.65958e-007,0
,,,-1.65558e-007,0.000883892
,,,-1.65158e-007,0.000220973
,,,-1.64758e-007,0.000662919
,,,-1.64358e-007,0.000662919
,,,-1.63958e-007,0.000441946
,,,-1.63558e-007,0.000220973
,,,-1.63158e-007,-0.000662919
,,,-1.62758e-007,0
,,,-1.62358e-007,0.000220973
,,,-1.61958e-007,0.000441946
,,,-1.61558e-007,0.000662919
,,,-1.61158e-007,-0.000441946
,,,-1.60758e-007,-0.000220973
,,,-1.60358e-007,-0.000441946
,,,-1.59958e-007,-0.000220973
,,,-1.59558e-007,-0.000220973
,,,-1.59158e-007,0
,,,-1.58758e-007,0
,,,-1.58358e-007,-0.000220973
,,,-1.57958e-007,0
,,,-1.57558e-007,-0.000662919
,,,-1.57158e-007,0
,,,-1.56758e-007,-0.000441946
,,,-1.56358e-007,0.000662919
,,,-1.55958e-007,0.000662919
,,,-1.55558e-007,0.000220973
,,,-1.55158e-007,0
,,,-1.54758e-007,0.00154681
,,,-1.54358e-007,0.000441946
,,,-1.53958e-007,-0.000441946
,,,-1.53558e-007,-0.000441946
,,,-1.53158e-007,0
,,,-1.52758e-007,-0.000220973
,,,-1.52358e-007,0
,,,-1.51958e-007,0.000441946
,,,-1.51558e-007,0.000441946
,,,-1.51158e-007,0
,,,-1.50758e-007,0.000441946
,,,-1.50358e-007,-0.000220973
,,,-1.49958e-007,0.000662919
,,,-1.49558e-007,-0.000662919
,,,-1.49158e-007,-0.000662919
,,,-1.48758e-007,0.000441946
,,,-1.48358e-007,0.000662919
,,,-1.47958e-007,-0.000441946
,,,-1.47558e-007,0.000441946
,,,-1.47158e-007,0.000220973
,,,-1.46758e-007,0.000662919
,,,-1.46358e-007,-0.000220973
,,,-1.45958e-007,0.000220973
,,,-1.45558e-007,-0.000441946
,,,-1.45158e-007,0.000220973
,,,-1.44758e-007,0
,,,-1.44358e-007,0
,,,-1.43958e-007,0
,,,-1.43558e-007,0
,,,-1.43158e-007,-0.000220973
,,,-1.42758e-007,-0.000220973
,,,-1.42358e-007,-0.000220973
,,,-1.41958e-007,0.000441946
,,,-1.41558e-007,0.000441946
,,,-1.41158e-007,0
,,,-1.40758e-007,0.000220973
,,,-1.40358e-007,0.000220973
,,,-1.39958e-007,-0.000220973
,,,-1.39558e-007,0
,,,-1.39158e-007,0.000441946
,,,-1.38758e-007,0.000441946
,,,-1.38358e-007,-0.000441946
,,,-1.37958e-007,-0.000220973
,,,-1.37558e-007,0
,,,-1.37158e-007,0
,,,-1.36758e-007,0
,,,-1.36358e-007,-0.000220973
,,,-1.35958e-007,-0.000220973
,,,-1.35558e-007,0.000220973
,,,-1.35158e-007,0.000662919
,,,-1.34758e-007,0.000441946
,,,-1.34358e-007,0.000662919
,,,-1.33958e-007,0.000220973
,,,-1.33558e-007,-0.000220973
,,,-1.33158e-007,0.000220973
,,,-1.32758e-007,0.000662919
,,,-1.32358e-007,0.000220973
,,,-1.31958e-007,-0.000441946
,,,-1.31558e-007,0
,,,-1.31158e-007,-0.000220973
,,,-1.30758e-007,-0.000220973
,,,-1.30358e-007,0.000220973
,,,-1.29958e-007,-0.000220973
,,,-1.29558e-007,-0.000220973
,,,-1.29158e-007,-0.000441946
,,,-1.28758e-007,-0.000662919
,,,-1.28358e-007,0.000441946
,,,-1.27958e-007,-0.000220973
,,,-1.27558e-007,0
,,,-1.27158e-007,0.000220973
,,,-1.26758e-007,0.000220973
,,,-1.26358e-007,0
,,,-1.25958e-007,0.000441946
,,,-1.25558e-007,0
,,,-1.25158e-007,0.000441946
,,,-1.24758e-007,0.000441946
,,,-1.24358e-007,-0.000441946
,,,-1.23958e-007,0
,,,-1.23558e-007,-0.000220973
,,,-1.23158e-007,0
,,,-1.22758e-007,-0.000220973
,,,-1.22358e-007,-0.000220973
,,,-1.21958e-007,0
,,,-1.21558e-007,-0.000220973
,,,-1.21158e-007,0.000220973
,,,-1.20758e-007,0.000220973
,,,-1.20358e-007,-0.000220973
,,,-1.19958e-007,0
,,,-1.19558e-007,0
,,,-1.19158e-007,0.000220973
,,,-1.18758e-007,0.000220973
,,,-1.18358e-007,-0.000662919
,,,-1.17958e-007,0.000220973
,,,-1.17558e-007,0
,,,-1.17158e-007,0.000220973
,,,-1.16758e-007,0
,,,-1.16358e-007,0
,,,-1.15958e-007,-0.000441946
,,,-1.15558e-007,0.000441946
,,,-1.15158e-007,0.000662919
,,,-1.14758e-007,0.000220973
,,,-1.14358e-007,0.000441946
,,,-1.13958e-007,0.000441946
,,,-1.13558e-007,-0.000220973
,,,-1.13158e-007,0.000220973
,,,-1.12758e-007,0.000441946
,,,-1.12358e-007,0.000662919
,,,-1.11958e-007,0.000441946
,,,-1.11558e-007,0
,,,-1.11158e-007,0.000220973
,,,-1.10758e-007,0
,,,-1.10358e-007,-0.000220973
,,,-1.09958e-007,0.000220973
,,,-1.09558e-007,0
,,,-1.09158e-007,0.000220973
,,,-1.08758e-007,-0.000220973
,,,-1.08358e-007,-0.000441946
,,,-1.07958e-007,0.000662919
,,,-1.07558e-007,0
,,,-1.07158e-007,-0.000662919
,,,-1.06758e-007,-0.000220973
,,,-1.06358e-007,0.000220973
,,,-1.05958e-007,0
,,,-1.05558e-007,0
,,,-1.05158e-007,0.000220973
,,,-1.04758e-007,-0.000220973
,,,-1.04358e-007,0.000220973
,,,-1.03958e-007,0.000441946
,,,-1.03558e-007,0.000662919
,,,-1.03158e-007,0
,,,-1.02758e-007,0.000883892
,,,-1.02358e-007,0.000220973
,,,-1.01958e-007,-0.000441946
,,,-1.01558e-007,0.000220973
,,,-1.01158e-007,-0.000220973
,,,-1.00758e-007,-0.000220973
,,,-1.00358e-007,0.000220973
,,,-9.99585e-008,-0.000441946
,,,-9.95585e-008,0.000220973
,,,-9.91585e-008,0
,,,-9.87585e-008,-0.000220973
,,,-9.83585e-008,0.000220973
,,,-9.79585e-008,-0.000441946
,,,-9.75585e-008,0.000220973
,,,-9.71585e-008,0.000441946
,,,-9.67585e-008,-0.000883892
,,,-9.63585e-008,0
,,,-9.59585e-008,0.000220973
,,,-9.55585e-008,0.000441946
,,,-9.51585e-008,0.000441946
,,,-9.47585e-008,0.000662919
,,,-9.43585e-008,0.000662919
,,,-9.39585e-008,0.000220973
,,,-9.35585e-008,0
,,,-9.31585e-008,0
,,,-9.27585e-008,0.000220973
,,,-9.23585e-008,0
,,,-9.19585e-008,0.000441946
,,,-9.15585e-008,0.000220973
,,,-9.11585e-008,-0.000220973
,,,-9.07585e-008,0.000883892
,,,-9.03585e-008,0.000220973
,,,-8.99585e-008,-0.000220973
,,,-8.95585e-008,0
,,,-8.91585e-008,0
,,,-8.87585e-008,0
,,,-8.83585e-008,0.000220973
,,,-8.79585e-008,0
,,,-8.75585e-008,0.000441946
,,,-8.71585e-008,-0.000441946
,,,-8.67585e-008,-0.000441946
,,,-8.63585e-008,0.000441946
,,,-8.59585e-008,0.000883892
,,,-8.55585e-008,-0.000441946
,,,-8.51585e-008,-0.000662919
,,,-8.47585e-008,-0.000220973
,,,-8.43585e-008,0
,,,-8.39585e-008,0
,,,-8.35585e-008,0.000220973
,,,-8.31585e-008,-0.000662919
,,,-8.27585e-008,0.000220973
,,,-8.23585e-008,-0.000220973
,,,-8.19585e-008,-0.000220973
,,,-8.15585e-008,-0.000441946
,,,-8.11585e-008,-0.000220973
,,,-8.07585e-008,0.000220973
,,,-8.03585e-008,-0.000220973
,,,-7.99585e-008,0.000220973
,,,-7.95585e-008,0.000220973
,,,-7.91585e-008,0.000220973
,,,-7.87585e-008,-0.000220973
,,,-7.83585e-008,0
,,,-7.79585e-008,0.000662919
,,,-7.75585e-008,0.000220973
,,,-7.71585e-008,0.000220973
,,,-7.67585e-008,0.000441946
,,,-7.63585e-008,-0.000220973
,,,-7.59585e-008,0
,,,-7.55585e-008,0.000441946
,,,-7.51585e-008,-0.000220973
,,,-7.47585e-008,0.000220973
,,,-7.43585e-008,0
,,,-7.39585e-008,0
,,,-7.35585e-008,0.000220973
,,,-7.31585e-008,0
,,,-7.27585e-008,-0.000220973
,,,-7.23585e-008,0.000220973
,,,-7.19585e-008,0.000441946
,,,-7.15585e-008,-0.000441946
,,,-7.11585e-008,0.000220973
,,,-7.07585e-008,0.000662919
,,,-7.03585e-008,0.000220973
,,,-6.99585e-008,0.000220973
,,,-6.95585e-008,0.000220973
,,,-6.91585e-008,0.000441946
,,,-6.87585e-008,0.000441946
,,,-6.83585e-008,0.000220973
,,,-6.79585e-008,0.000220973
,,,-6.75585e-008,0
,,,-6.71585e-008,-0.000441946
,,,-6.67585e-008,-0.000220973
,,,-6.63585e-008,0.000441946
,,,-6.59585e-008,0.000220973
,,,-6.55585e-008,-0.000441946
,,,-6.51585e-008,-0.000441946
,,,-6.47585e-008,-0.000662919
,,,-6.43585e-008,0.000220973
,,,-6.39585e-008,-0.000220973
,,,-6.35585e-008,0
,,,-6.31585e-008,0
,,,-6.27585e-008,0.000220973
,,,-6.23585e-008,0.000662919
,,,-6.19585e-008,0.000220973
,,,-6.15585e-008,0.000441946
,,,-6.11585e-008,0.000220973
,,,-6.07585e-008,0.000220973
,,,-6.03585e-008,0.000441946
,,,-5.99585e-008,-0.000220973
,,,-5.95585e-008,0
,,,-5.91585e-008,0
,,,-5.87585e-008,0.000220973
,,,-5.83585e-008,-0.000220973
,,,-5.79585e-008,0.000220973
,,,-5.75585e-008,0
,,,-5.71585e-008,0
,,,-5.67585e-008,0.000220973
,,,-5.63585e-008,-0.000662919
,,,-5.59585e-008,-0.000220973
,,,-5.55585e-008,0.000220973
,,,-5.51585e-008,-0.000220973
,,,-5.47585e-008,0.000220973
,,,-5.43585e-008,-0.000441946
,,,-5.39585e-008,0
,,,-5.35585e-008,0
,,,-5.31585e-008,0.000220973
,,,-5.27585e-008,0.00110486
,,,-5.23585e-008,0
,,,-5.19585e-008,0.000220973
,,,-5.15585e-008,-0.000220973
,,,-5.11585e-008,-0.000220973
,,,-5.07585e-008,0
,,,-5.03585e-008,0.000441946
,,,-4.99585e-008,-0.000662919
,,,-4.95585e-008,-0.000441946
,,,-4.91585e-008,0.000441946
,,,-4.87585e-008,-0.000662919
,,,-4.83585e-008,-0.000220973
,,,-4.79585e-008,-0.000220973
,,,-4.75585e-008,0
,,,-4.71585e-008,-0.000220973
,,,-4.67585e-008,-0.000220973
,,,-4.63585e-008,0
,,,-4.59585e-008,0
,,,-4.55585e-008,0.000220973
,,,-4.51585e-008,0
,,,-4.47585e-008,-0.000220973
,,,-4.43585e-008,-0.000441946
,,,-4.39585e-008,-0.000220973
,,,-4.35585e-008,0.000220973
,,,-4.31585e-008,0.000441946
,,,-4.27585e-008,-0.000220973
,,,-4.23585e-008,-0.000220973
,,,-4.19585e-008,0
,,,-4.15585e-008,0
,,,-4.11585e-008,-0.000662919
,,,-4.07585e-008,0
,,,-4.03585e-008,-0.000441946
,,,-3.99585e-008,-0.000441946
,,,-3.95585e-008,0
,,,-3.91585e-008,0
,,,-3.87585e-008,0.000441946
,,,-3.83585e-008,0.000441946
,,,-3.79585e-008,0
,,,-3.75585e-008,0.000220973
,,,-3.71585e-008,0.000441946
,,,-3.67585e-008,0
,,,-3.63585e-008,0.000220973
,,,-3.59585e-008,0.000662919
,,,-3.55585e-008,0
,,,-3.51585e-008,0
,,,-3.47585e-008,0.000441946
,,,-3.43585e-008,-0.000441946
,,,-3.39585e-008,0
,,,-3.35585e-008,0.000441946
,,,-3.31585e-008,0
,,,-3.27585e-008,-0.000441946
,,,-3.23585e-008,0.000220973
,,,-3.19585e-008,0
,,,-3.15585e-008,0
,,,-3.11585e-008,0.000662919
,,,-3.07585e-008,0
,,,-3.03585e-008,0.000220973
,,,-2.99585e-008,0.000662919
,,,-2.95585e-008,0
,,,-2.91585e-008,0.000220973
,,,-2.87585e-008,0.000441946
,,,-2.83585e-008,0.000441946
,,,-2.79585e-008,0.000220973
,,,-2.75585e-008,0.000220973
,,,-2.71585e-008,0
,,,-2.67585e-008,0
,,,-2.63585e-008,-0.000441946
,,,-2.59585e-008,0
,,,-2.55585e-008,0.000220973
,,,-2.51585e-008,0.000441946
,,,-2.47585e-008,0
,,,-2.43585e-008,0.000220973
,,,-2.39585e-008,0
,,,-2.35585e-008,0.000220973
,,,-2.31585e-008,0
,,,-2.27585e-008,-0.000220973
,,,-2.23585e-008,-0.000441946
,,,-2.19585e-008,0.000662919
,,,-2.15585e-008,-0.000220973
,,,-2.11585e-008,-0.000220973
,,,-2.07585e-008,-0.000220973
,,,-2.03585e-008,0.000662919
,,,-1.99585e-008,-0.000662919
,,,-1.95585e-008,0
,,,-1.91585e-008,-0.000662919
,,,-1.87585e-008,-0.000662919
,,,-1.83585e-008,0
,,,-1.79585e-008,0
,,,-1.75585e-008,0.000220973
,,,-1.71585e-008,0.000220973
,,,-1.67585e-008,-0.000220973
,,,-1.63585e-008,0.000220973
,,,-1.59585e-008,-0.000220973
,,,-1.55585e-008,0.000441946
,,,-1.51585e-008,0
,,,-1.47585e-008,-0.000220973
,,,-1.43585e-008,-0.000220973
,,,-1.39585e-008,-0.000220973
,,,-1.35585e-008,-0.000220973
,,,-1.31585e-008,0.000441946
,,,-1.27585e-008,0.000441946
,,,-1.23585e-008,-0.000220973
,,,-1.19585e-008,0
,,,-1.15585e-008,0.000441946
,,,-1.11585e-008,0
,,,-1.07585e-008,-0.000441946
,,,-1.03585e-008,0
,,,-9.95847e-009,-0.000220973
,,,-9.55847e-009,0.000441946
,,,-9.15847e-009,-0.000220973
,,,-8.75847e-009,-0.000220973
,,,-8.35847e-009,-0.000220973
,,,-7.95847e-009,0.000220973
,,,-7.55847e-009,0.000441946
,,,-7.15847e-009,0.000441946
,,,-6.75847e-009,0
,,,-6.35847e-009,-0.000441946
,,,-5.95847e-009,0.000883892
,,,-5.55847e-009,0.000220973
,,,-5.15847e-009,-0.000220973
,,,-4.75847e-009,0.00110486
,,,-4.35847e-009,-0.000441946
,,,-3.95847e-009,0.000220973
,,,-3.55847e-009,0.000441946
,,,-3.15847e-009,-0.000220973
,,,-2.75847e-009,0
,,,-2.35847e-009,-0.000220973
,,,-1.95847e-009,0
,,,-1.55847e-009,0.000441946
,,,-1.15847e-009,-0.000220973
,,,-7.58472e-010,-0.000220973
,,,-3.58472e-010,0
,,,4.15281e-011,0.000220973
,,,4.41528e-010,-0.000220973
,,,8.41528e-010,0
,,,1.24153e-009,0.000662919
,,,1.64153e-009,0.000220973
,,,2.04153e-009,0.000220973
,,,2.44153e-009,0.000441946
,,,2.84153e-009,-0.000220973
,,,3.24153e-009,0
,,,3.64153e-009,0.000662919
,,,4.04153e-009,0.000220973
,,,4.44153e-009,0.000220973
,,,4.84153e-009,0.000220973
,,,5.24153e-009,0.000220973
,,,5.64153e-009,0
,,,6.04153e-009,0.000662919
,,,6.44153e-009,0
,,,6.84153e-009,-0.00110486
,,,7.24153e-009,0.000220973
,,,7.64153e-009,0
,,,8.04153e-009,-0.000441946
,,,8.44153e-009,0.000662919
,,,8.84153e-009,0
,,,9.24153e-009,-0.000441946
,,,9.64153e-009,-0.000220973
,,,1.00415e-008,0.000883892
,,,1.04415e-008,0.000220973
,,,1.08415e-008,0
,,,1.12415e-008,0.000662919
,,,1.16415e-008,0.000220973
,,,1.20415e-008,0.000441946
,,,1.24415e-008,-0.000220973
,,,1.28415e-008,0
,,,1.32415e-008,0
,,,1.36415e-008,-0.000441946
,,,1.40415e-008,0
,,,1.44415e-008,0.000441946
,,,1.48415e-008,0.000220973
,,,1.52415e-008,-0.000220973
,,,1.56415e-008,-0.000220973
,,,1.60415e-008,0.000220973
,,,1.64415e-008,-0.000220973
,,,1.68415e-008,0.000441946
,,,1.72415e-008,0.000441946
,,,1.76415e-008,-0.000220973
,,,1.80415e-008,0.00110486
,,,1.84415e-008,0.000220973
,,,1.88415e-008,0.000220973
,,,1.92415e-008,0.000441946
,,,1.96415e-008,0.000220973
,,,2.00415e-008,-0.000441946
,,,2.04415e-008,-0.000220973
,,,2.08415e-008,-0.000220973
,,,2.12415e-008,-0.000441946
,,,2.16415e-008,0
,,,2.20415e-008,0
,,,2.24415e-008,0.000220973
,,,2.28415e-008,0
,,,2.32415e-008,0.000220973
,,,2.36415e-008,0.000441946
,,,2.40415e-008,0.000220973
,,,2.44415e-008,0.000220973
,,,2.48415e-008,0
,,,2.52415e-008,0.000220973
,,,2.56415e-008,0.000220973
,,,2.60415e-008,0.000441946
,,,2.64415e-008,0.000220973
,,,2.68415e-008,0
,,,2.72415e-008,0.000220973
,,,2.76415e-008,0.000662919
,,,2.80415e-008,-0.000441946
,,,2.84415e-008,0
,,,2.88415e-008,-0.000441946
,,,2.92415e-008,0.000220973
,,,2.96415e-008,0
,,,3.00415e-008,0
,,,3.04415e-008,0.000441946
,,,3.08415e-008,-0.000441946
,,,3.12415e-008,0.000220973
,,,3.16415e-008,0
,,,3.20415e-008,-0.000441946
,,,3.24415e-008,0.000662919
,,,3.28415e-008,0.000883892
,,,3.32415e-008,0.000441946
,,,3.36415e-008,0.000662919
,,,3.40415e-008,0.000220973
,,,3.44415e-008,-0.000220973
,,,3.48415e-008,0.000220973
,,,3.52415e-008,0
,,,3.56415e-008,0.000220973
,,,3.60415e-008,0.000662919
,,,3.64415e-008,0.000220973
,,,3.68415e-008,0.000220973
,,,3.72415e-008,0.000662919
,,,3.76415e-008,0.000883892
,,,3.80415e-008,0
,,,3.84415e-008,0.000441946
,,,3.88415e-008,-0.000441946
,,,3.92415e-008,-0.000220973
,,,3.96415e-008,-0.000220973
,,,4.00415e-008,0.000220973
,,,4.04415e-008,0.000441946
,,,4.08415e-008,0.000220973
,,,4.12415e-008,-0.000441946
,,,4.16415e-008,-0.000220973
,,,4.20415e-008,0.000662919
,,,4.24415e-008,-0.000441946
,,,4.28415e-008,-0.000441946
,,,4.32415e-008,0.000662919
,,,4.36415e-008,0.000662919
,,,4.40415e-008,0.000220973
,,,4.44415e-008,0.000662919
,,,4.48415e-008,0
,,,4.52415e-008,-0.000662919
,,,4.56415e-008,-0.000220973
,,,4.60415e-008,-0.000220973
,,,4.64415e-008,-0.000441946
,,,4.68415e-008,0.000220973
,,,4.72415e-008,-0.000441946
,,,4.76415e-008,0
,,,4.80415e-008,0
,,,4.84415e-008,-0.000441946
,,,4.88415e-008,0.000220973
,,,4.92415e-008,0.000220973
,,,4.96415e-008,-0.000220973
,,,5.00415e-008,0
,,,5.04415e-008,0.000662919
,,,5.08415e-008,-0.000220973
,,,5.12415e-008,0.000662919
,,,5.16415e-008,0.000220973
,,,5.20415e-008,0.000220973
,,,5.24415e-008,-0.000883892
,,,5.28415e-008,0
,,,5.32415e-008,-0.000220973
,,,5.36415e-008,0
,,,5.40415e-008,0.000220973
,,,5.44415e-008,0.000220973
,,,5.48415e-008,-0.000220973
,,,5.52415e-008,-0.000441946
,,,5.56415e-008,-0.000441946
,,,5.60415e-008,0.000441946
,,,5.64415e-008,0.000883892
,,,5.68415e-008,0.000441946
,,,5.72415e-008,-0.000441946
,,,5.76415e-008,0
,,,5.80415e-008,0.000220973
,,,5.84415e-008,0.000883892
,,,5.88415e-008,0.000441946
,,,5.92415e-008,0.000441946
,,,5.96415e-008,0
,,,6.00415e-008,-0.000883892
,,,6.04415e-008,-0.000220973
,,,6.08415e-008,-0.000662919
,,,6.12415e-008,0
,,,6.16415e-008,-0.000441946
,,,6.20415e-008,-0.000220973
,,,6.24415e-008,0
,,,6.28415e-008,0
,,,6.32415e-008,-0.000662919
,,,6.36415e-008,0
,,,6.40415e-008,0.000220973
,,,6.44415e-008,0
,,,6.48415e-008,0.000441946
,,,6.52415e-008,-0.000220973
,,,6.56415e-008,-0.000883892
,,,6.60415e-008,0
,,,6.64415e-008,-0.000220973
,,,6.68415e-008,-0.000220973
,,,6.72415e-008,-0.000220973
,,,6.76415e-008,0.000220973
,,,6.80415e-008,0.000662919
,,,6.84415e-008,0.00132584
,,,6.88415e-008,0.000662919
,,,6.92415e-008,-0.000220973
,,,6.96415e-008,0
,,,7.00415e-008,-0.000441946
,,,7.04415e-008,-0.000441946
,,,7.08415e-008,0.000441946
,,,7.12415e-008,0
,,,7.16415e-008,0.000220973
,,,7.20415e-008,0
,,,7.24415e-008,0.000441946
,,,7.28415e-008,0.000441946
,,,7.32415e-008,0.000220973
,,,7.36415e-008,0
,,,7.40415e-008,0.000441946
,,,7.44415e-008,-0.000441946
,,,7.48415e-008,0.000220973
,,,7.52415e-008,0.000662919
,,,7.56415e-008,0.00132584
,,,7.60415e-008,-0.000220973
,,,7.64415e-008,0
,,,7.68415e-008,0.000220973
,,,7.72415e-008,-0.000662919
,,,7.76415e-008,-0.000441946
,,,7.80415e-008,-0.000220973
,,,7.84415e-008,0
,,,7.88415e-008,0
,,,7.92415e-008,0.000883892
,,,7.96415e-008,0
,,,8.00415e-008,-0.000883892
,,,8.04415e-008,0.000662919
,,,8.08415e-008,0.000883892
,,,8.12415e-008,0
,,,8.16415e-008,0.000220973
,,,8.20415e-008,0
,,,8.24415e-008,0
,,,8.28415e-008,0.000220973
,,,8.32415e-008,0
,,,8.36415e-008,0.000662919
,,,8.40415e-008,0.000662919
,,,8.44415e-008,0
,,,8.48415e-008,-0.000220973
,,,8.52415e-008,0.000220973
,,,8.56415e-008,-0.000441946
,,,8.60415e-008,-0.000441946
,,,8.64415e-008,0
,,,8.68415e-008,-0.000441946
,,,8.72415e-008,0.000441946
,,,8.76415e-008,0.000662919
,,,8.80415e-008,0.000441946
,,,8.84415e-008,0.000441946
,,,8.88415e-008,0.000220973
,,,8.92415e-008,0.000220973
,,,8.96415e-008,0.000441946
,,,9.00415e-008,0.000441946
,,,9.04415e-008,0.000220973
,,,9.08415e-008,0.000441946
,,,9.12415e-008,0.000441946
,,,9.16415e-008,0.000220973
,,,9.20415e-008,0.000220973
,,,9.24415e-008,0.00110486
,,,9.28415e-008,0
,,,9.32415e-008,0.000662919
,,,9.36415e-008,0.00110486
,,,9.40415e-008,0.00132584
,,,9.44415e-008,0.00110486
,,,9.48415e-008,0.00265168
,,,9.52415e-008,0.00220973
,,,9.56415e-008,0.00419849
,,,9.60415e-008,0.00441946
,,,9.64415e-008,0.0057453
,,,9.68415e-008,0.00707114
,,,9.72415e-008,0.00839697
,,,9.76415e-008,0.00905989
,,,9.80415e-008,0.0108277
,,,9.84415e-008,0.0119325
,,,9.88415e-008,0.0125955
,,,9.92415e-008,0.0137003
,,,9.96415e-008,0.0152471
,,,1.00042e-007,0.0154681
,,,1.00442e-007,0.0152471
,,,1.00842e-007,0.0152471
,,,1.01242e-007,0.016131
,,,1.01642e-007,0.016352
,,,1.02042e-007,0.016573
,,,1.02442e-007,0.0174569
,,,1.02842e-007,0.0167939
,,,1.03242e-007,0.016573
,,,1.03642e-007,0.0172359
,,,1.04042e-007,0.0172359
,,,1.04442e-007,0.0181198
,,,1.04842e-007,0.0170149
,,,1.05242e-007,0.0178988
,,,1.05642e-007,0.0176778
,,,1.06042e-007,0.0181198
,,,1.06442e-007,0.0172359
,,,1.06842e-007,0.0170149
,,,1.07242e-007,0.0181198
,,,1.07642e-007,0.0187827
,,,1.08042e-007,0.0167939
,,,1.08442e-007,0.0172359
,,,1.08842e-007,0.0172359
,,,1.09242e-007,0.0172359
,,,1.09642e-007,0.0176778
,,,1.10042e-007,0.0183408
,,,1.10442e-007,0.0176778
,,,1.10842e-007,0.0178988
,,,1.11242e-007,0.0178988
,,,1.11642e-007,0.0178988
,,,1.12042e-007,0.0178988
,,,1.12442e-007,0.0187827
,,,1.12842e-007,0.0178988
,,,1.13242e-007,0.0176778
,,,1.13642e-007,0.0172359
,,,1.14042e-007,0.0174569
,,,1.14442e-007,0.0170149
,,,1.14842e-007,0.0178988
,,,1.15242e-007,0.0181198
,,,1.15642e-007,0.0176778
,,,1.16042e-007,0.0176778
,,,1.16442e-007,0.0176778
,,,1.16842e-007,0.0178988
,,,1.17242e-007,0.0176778
,,,1.17642e-007,0.0174569
,,,1.18042e-007,0.0167939
,,,1.18442e-007,0.0181198
,,,1.18842e-007,0.0167939
,,,1.19242e-007,0.0172359
,,,1.19642e-007,0.0178988
,,,1.20042e-007,0.0183408
,,,1.20442e-007,0.0176778
,,,1.20842e-007,0.0187827
,,,1.21242e-007,0.0181198
,,,1.21642e-007,0.0183408
,,,1.22042e-007,0.0187827
,,,1.22442e-007,0.0185617
,,,1.22842e-007,0.0185617
,,,1.23242e-007,0.0194456
,,,1.23642e-007,0.0194456
,,,1.24042e-007,0.0187827
,,,1.24442e-007,0.0203295
,,,1.24842e-007,0.0203295
,,,1.25242e-007,0.0203295
,,,1.25642e-007,0.0203295
,,,1.26042e-007,0.0205505
,,,1.26442e-007,0.0203295
,,,1.26842e-007,0.0209924
,,,1.27242e-007,0.0203295
,,,1.27642e-007,0.0198876
,,,1.28042e-007,0.0201085
,,,1.28442e-007,0.0201085
,,,1.28842e-007,0.0194456
,,,1.29242e-007,0.0190037
,,,1.29642e-007,0.0185617
,,,1.30042e-007,0.0187827
,,,1.30442e-007,0.0185617
,,,1.30842e-007,0.0183408
,,,1.31242e-007,0.0183408
,,,1.31642e-007,0.0185617
,,,1.32042e-007,0.0181198
,,,1.32442e-007,0.0178988
,,,1.32842e-007,0.0176778
,,,1.33242e-007,0.0167939
,,,1.33642e-007,0.0174569
,,,1.34042e-007,0.016573
,,,1.34442e-007,0.016573
,,,1.34842e-007,0.0167939
,,,1.35242e-007,0.016573
,,,1.35642e-007,0.016573
,,,1.36042e-007,0.016352
,,,1.36442e-007,0.0167939
,,,1.36842e-007,0.0170149
,,,1.37242e-007,0.016573
,,,1.37642e-007,0.016573
,,,1.38042e-007,0.0167939
,,,1.38442e-007,0.016352
,,,1.38842e-007,0.0159101
,,,1.39242e-007,0.016131
,,,1.39642e-007,0.016131
,,,1.40042e-007,0.0156891
,,,1.40442e-007,0.016131
,,,1.40842e-007,0.0154681
,,,1.41242e-007,0.0156891
,,,1.41642e-007,0.016131
,,,1.42042e-007,0.0156891
,,,1.42442e-007,0.0152471
,,,1.42842e-007,0.0154681
,,,1.43242e-007,0.0156891
,,,1.43642e-007,0.0150262
,,,1.44042e-007,0.0148052
,,,1.44442e-007,0.0150262
,,,1.44842e-007,0.0148052
,,,1.45242e-007,0.0152471
,,,1.45642e-007,0.0152471
,,,1.46042e-007,0.0150262
,,,1.46442e-007,0.0145842
,,,1.46842e-007,0.0143632
,,,1.47242e-007,0.0150262
,,,1.47642e-007,0.0143632
,,,1.48042e-007,0.0150262
,,,1.48442e-007,0.0141423
,,,1.48842e-007,0.0141423
,,,1.49242e-007,0.0137003
,,,1.49642e-007,0.0145842
,,,1.50042e-007,0.0139213
,,,1.50442e-007,0.0143632
,,,1.50842e-007,0.0143632
,,,1.51242e-007,0.0137003
,,,1.51642e-007,0.0141423
,,,1.52042e-007,0.0143632
,,,1.52442e-007,0.0143632
,,,1.52842e-007,0.0145842
,,,1.53242e-007,0.0145842
,,,1.53642e-007,0.0141423
,,,1.54042e-007,0.0141423
,,,1.54442e-007,0.0141423
,,,1.54842e-007,0.0132584
,,,1.55242e-007,0.0132584
,,,1.55642e-007,0.0128164
,,,1.56042e-007,0.0119325
,,,1.56442e-007,0.0125955
,,,1.56842e-007,0.0114906
,,,1.57242e-007,0.0121535
,,,1.57642e-007,0.0119325
,,,1.58042e-007,0.0110486
,,,1.58442e-007,0.0117116
,,,1.58842e-007,0.0119325
,,,1.59242e-007,0.0117116
,,,1.59642e-007,0.0121535
,,,1.60042e-007,0.0121535
,,,1.60442e-007,0.0123745
,,,1.60842e-007,0.0123745
,,,1.61242e-007,0.0125955
,,,1.61642e-007,0.0114906
,,,1.62042e-007,0.0125955
,,,1.62442e-007,0.0121535
,,,1.62842e-007,0.0112696
,,,1.63242e-007,0.0112696
,,,1.63642e-007,0.0125955
,,,1.64042e-007,0.0121535
,,,1.64442e-007,0.0121535
,,,1.64842e-007,0.0121535
,,,1.65242e-007,0.0121535
,,,1.65642e-007,0.0123745
,,,1.66042e-007,0.0112696
,,,1.66442e-007,0.0112696
,,,1.66842e-007,0.0114906
,,,1.67242e-007,0.0114906
,,,1.67642e-007,0.0121535
,,,1.68042e-007,0.0123745
,,,1.68442e-007,0.0128164
,,,1.68842e-007,0.0117116
,,,1.69242e-007,0.0123745
,,,1.69642e-007,0.0114906
,,,1.70042e-007,0.0121535
,,,1.70442e-007,0.0125955
,,,1.70842e-007,0.0130374
,,,1.71242e-007,0.0123745
,,,1.71642e-007,0.0123745
,,,1.72042e-007,0.0123745
,,,1.72442e-007,0.0121535
,,,1.72842e-007,0.0123745
,,,1.73242e-007,0.0128164
,,,1.73642e-007,0.0114906
,,,1.74042e-007,0.0121535
,,,1.74442e-007,0.0125955
,,,1.74842e-007,0.0117116
,,,1.75242e-007,0.0112696
,,,1.75642e-007,0.0123745
,,,1.76042e-007,0.0123745
,,,1.76442e-007,0.0125955
,,,1.76842e-007,0.0125955
,,,1.77242e-007,0.0119325
,,,1.77642e-007,0.0121535
,,,1.78042e-007,0.0128164
,,,1.78442e-007,0.0121535
,,,1.78842e-007,0.0125955
,,,1.79242e-007,0.0128164
,,,1.79642e-007,0.0128164
,,,1.80042e-007,0.0132584
,,,1.80442e-007,0.0132584
,,,1.80842e-007,0.0123745
,,,1.81242e-007,0.0123745
,,,1.81642e-007,0.0123745
,,,1.82042e-007,0.0121535
,,,1.82442e-007,0.0125955
,,,1.82842e-007,0.0125955
,,,1.83242e-007,0.0114906
,,,1.83642e-007,0.0121535
,,,1.84042e-007,0.0123745
,,,1.84442e-007,0.0128164
,,,1.84842e-007,0.0125955
,,,1.85242e-007,0.0123745
,,,1.85642e-007,0.0117116
,,,1.86042e-007,0.0123745
,,,1.86442e-007,0.0128164
,,,1.86842e-007,0.0125955
,,,1.87242e-007,0.0125955
,,,1.87642e-007,0.0132584
,,,1.88042e-007,0.0134794
,,,1.88442e-007,0.0130374
,,,1.88842e-007,0.0134794
,,,1.89242e-007,0.0137003
,,,1.89642e-007,0.0137003
,,,1.90042e-007,0.0125955
,,,1.90442e-007,0.0123745
,,,1.90842e-007,0.0125955
,,,1.91242e-007,0.0128164
,,,1.91642e-007,0.0134794
,,,1.92042e-007,0.0130374
,,,1.92442e-007,0.0130374
,,,1.92842e-007,0.0134794
,,,1.93242e-007,0.0141423
,,,1.93642e-007,0.0137003
,,,1.94042e-007,0.0139213
,,,1.94442e-007,0.0132584
,,,1.94842e-007,0.0132584
,,,1.95242e-007,0.0137003
,,,1.95642e-007,0.0137003
,,,1.96042e-007,0.0137003
,,,1.96442e-007,0.0134794
,,,1.96842e-007,0.0130374
,,,1.97242e-007,0.0128164
,,,1.97642e-007,0.0141423
,,,1.98042e-007,0.0125955
,,,1.98442e-007,0.0132584
,,,1.98842e-007,0.0123745
,,,1.99242e-007,0.0128164
,,,1.99642e-007,0.0130374
,,,2.00042e-007,0.0123745
,,,2.00442e-007,0.0128164
,,,2.00842e-007,0.0117116
,,,2.01242e-007,0.0123745
,,,2.01642e-007,0.0130374
,,,2.02042e-007,0.0132584
,,,2.02442e-007,0.0117116
,,,2.02842e-007,0.0123745
,,,2.03242e-007,0.0121535
,,,2.03642e-007,0.0117116
,,,2.04042e-007,0.0121535
,,,2.04442e-007,0.0110486
,,,2.04842e-007,0.0112696
,,,2.05242e-007,0.0112696
,,,2.05642e-007,0.0108277
,,,2.06042e-007,0.0108277
,,,2.06442e-007,0.0106067
,,,2.06842e-007,0.0108277
,,,2.07242e-007,0.0106067
,,,2.07642e-007,0.0101648
,,,2.08042e-007,0.00994378
,,,2.08442e-007,0.00972281
,,,2.08842e-007,0.00928087
,,,2.09242e-007,0.00905989
,,,2.09642e-007,0.008176
,,,2.10042e-007,0.00928087
,,,2.10442e-007,0.00773405
,,,2.10842e-007,0.00729211
,,,2.11242e-007,0.00640822
,,,2.11642e-007,0.00640822
,,,2.12042e-007,0.00618724
,,,2.12442e-007,0.00685016
,,,2.12842e-007,0.0057453
,,,2.13242e-007,0.00508238
,,,2.13642e-007,0.00508238
,,,2.14042e-007,0.00530335
,,,2.14442e-007,0.00419849
,,,2.14842e-007,0.00419849
,,,2.15242e-007,0.00331459
,,,2.15642e-007,0.00353557
,,,2.16042e-007,0.00265168
,,,2.16442e-007,0.00265168
,,,2.16842e-007,0.00309362
,,,2.17242e-007,0.00309362
,,,2.17642e-007,0.00287265
,,,2.18042e-007,0.00353557
,,,2.18442e-007,0.00331459
,,,2.18842e-007,0.00220973
,,,2.19242e-007,0.00220973
,,,2.19642e-007,0.00287265
,,,2.20042e-007,0.00198876
,,,2.20442e-007,0.00220973
,,,2.20842e-007,0.00154681
,,,2.21242e-007,0.00132584
,,,2.21642e-007,0.000883892
,,,2.22042e-007,0.000662919
,,,2.22442e-007,0.00110486
,,,2.22842e-007,0.00132584
,,,2.23242e-007,0.00154681
,,,2.23642e-007,0.000883892
,,,2.24042e-007,0.000441946
,,,2.24442e-007,0.000883892
,,,2.24842e-007,0.00132584
,,,2.25242e-007,0.00132584
,,,2.25642e-007,0.00132584
,,,2.26042e-007,0.00110486
,,,2.26442e-007,0.000883892
,,,2.26842e-007,-0.000220973
,,,2.27242e-007,0.000662919
,,,2.27642e-007,0.00110486
,,,2.28042e-007,0.000883892
,,,2.28442e-007,0
,,,2.28842e-007,0.000441946
,,,2.29242e-007,0.00132584
,,,2.29642e-007,0.000883892
,,,2.30042e-007,-0.000220973
,,,2.30442e-007,0.00110486
,,,2.30842e-007,0.00110486
,,,2.31242e-007,0.000220973
,,,2.31642e-007,0.00132584
,,,2.32042e-007,0
,,,2.32442e-007,0.000662919
,,,2.32842e-007,0.000662919
,,,2.33242e-007,0.000220973
,,,2.33642e-007,0.000220973
,,,2.34042e-007,0.000883892
,,,2.34442e-007,0
,,,2.34842e-007,0.000441946
,,,2.35242e-007,0.000662919
,,,2.35642e-007,0
,,,2.36042e-007,0.000220973
,,,2.36442e-007,0.000441946
,,,2.36842e-007,-0.000220973
,,,2.37242e-007,0.000220973
,,,2.37642e-007,0
,,,2.38042e-007,0
,,,2.38442e-007,-0.000441946
,,,2.38842e-007,0
,,,2.39242e-007,-0.000662919
,,,2.39642e-007,-0.000883892
,,,2.40042e-007,-0.000441946
,,,2.40442e-007,-0.000220973
,,,2.40842e-007,-0.000662919
,,,2.41242e-007,-0.000662919
,,,2.41642e-007,-0.000883892
,,,2.42042e-007,-0.000662919
,,,2.42442e-007,-0.000662919
,,,2.42842e-007,-0.000662919
,,,2.43242e-007,-0.000220973
,,,2.43642e-007,0.000441946
,,,2.44042e-007,0.000220973
,,,2.44442e-007,0
,,,2.44842e-007,-0.000220973
,,,2.45242e-007,-0.000883892
,,,2.45642e-007,-0.000441946
,,,2.46042e-007,-0.000441946
,,,2.46442e-007,0
,,,2.46842e-007,-0.000662919
,,,2.47242e-007,-0.00132584
,,,2.47642e-007,-0.000220973
,,,2.48042e-007,0.000441946
,,,2.48442e-007,0.000220973
,,,2.48842e-007,0
,,,2.49242e-007,-0.000220973
,,,2.49642e-007,-0.000220973
,,,2.50042e-007,0.000220973
