"Record Length",1252,"Points",-2.50335e-007,0.000441946
"Sample Interval",4e-010,s,-2.49935e-007,0.000662919
"Trigger Point",625,"Samples",-2.49535e-007,0.000662919
"Trigger Time",0.836888,s,-2.49135e-007,0
,,,-2.48735e-007,0.000220973
"Horizontal Offset",-2.50335e-007,s,-2.48335e-007,0.000220973
,,,-2.47935e-007,0
,,,-2.47535e-007,-0.000662919
,,,-2.47135e-007,-0.000220973
,,,-2.46735e-007,-0.000220973
,,,-2.46335e-007,0.000220973
,,,-2.45935e-007,-0.000220973
,,,-2.45535e-007,0
,,,-2.45135e-007,0.000662919
,,,-2.44735e-007,0.000441946
,,,-2.44335e-007,0.000441946
,,,-2.43935e-007,0.000662919
,,,-2.43535e-007,0.000441946
,,,-2.43135e-007,0.000220973
,,,-2.42735e-007,-0.000220973
,,,-2.42335e-007,0.000220973
,,,-2.41935e-007,0.000883892
,,,-2.41535e-007,0.000220973
,,,-2.41135e-007,0.000662919
,,,-2.40735e-007,-0.000441946
,,,-2.40335e-007,0.000662919
,,,-2.39935e-007,0.000883892
,,,-2.39535e-007,0.000441946
,,,-2.39135e-007,0
,,,-2.38735e-007,-0.000441946
,,,-2.38335e-007,-0.000220973
,,,-2.37935e-007,0.000662919
,,,-2.37535e-007,0.000662919
,,,-2.37135e-007,0.000441946
,,,-2.36735e-007,0.000220973
,,,-2.36335e-007,0
,,,-2.35935e-007,0.000220973
,,,-2.35535e-007,0.000441946
,,,-2.35135e-007,0.000220973
,,,-2.34735e-007,0.000220973
,,,-2.34335e-007,0.000662919
,,,-2.33935e-007,0.000883892
,,,-2.33535e-007,0.000662919
,,,-2.33135e-007,0.000441946
,,,-2.32735e-007,0
,,,-2.32335e-007,0.000220973
,,,-2.31935e-007,0.000441946
,,,-2.31535e-007,0.000883892
,,,-2.31135e-007,0.00110486
,,,-2.30735e-007,0.000220973
,,,-2.30335e-007,0
,,,-2.29935e-007,0
,,,-2.29535e-007,0
,,,-2.29135e-007,0
,,,-2.28735e-007,0.00110486
,,,-2.28335e-007,0.000883892
,,,-2.27935e-007,-0.000441946
,,,-2.27535e-007,0.000220973
,,,-2.27135e-007,0.000220973
,,,-2.26735e-007,0
,,,-2.26335e-007,-0.000220973
,,,-2.25935e-007,0.000662919
,,,-2.25535e-007,0.000220973
,,,-2.25135e-007,0.000441946
,,,-2.24735e-007,0.000662919
,,,-2.24335e-007,0.000220973
,,,-2.23935e-007,0
,,,-2.23535e-007,0.000441946
,,,-2.23135e-007,0
,,,-2.22735e-007,-0.000662919
,,,-2.22335e-007,0.000441946
,,,-2.21935e-007,0
,,,-2.21535e-007,0.000220973
,,,-2.21135e-007,0.000662919
,,,-2.20735e-007,0.000441946
,,,-2.20335e-007,0.000662919
,,,-2.19935e-007,0.000662919
,,,-2.19535e-007,0.000220973
,,,-2.19135e-007,0.000441946
,,,-2.18735e-007,0.000662919
,,,-2.18335e-007,-0.000441946
,,,-2.17935e-007,0.000662919
,,,-2.17535e-007,0.000441946
,,,-2.17135e-007,0.000220973
,,,-2.16735e-007,0.000220973
,,,-2.16335e-007,0
,,,-2.15935e-007,-0.000220973
,,,-2.15535e-007,0.000441946
,,,-2.15135e-007,0.000441946
,,,-2.14735e-007,0.000441946
,,,-2.14335e-007,0.000220973
,,,-2.13935e-007,0.000220973
,,,-2.13535e-007,0
,,,-2.13135e-007,0.000662919
,,,-2.12735e-007,0.000662919
,,,-2.12335e-007,0.000441946
,,,-2.11935e-007,0.000220973
,,,-2.11535e-007,0.000883892
,,,-2.11135e-007,0
,,,-2.10735e-007,0
,,,-2.10335e-007,0.000662919
,,,-2.09935e-007,0.000220973
,,,-2.09535e-007,0.000220973
,,,-2.09135e-007,0.000441946
,,,-2.08735e-007,-0.000220973
,,,-2.08335e-007,0.000220973
,,,-2.07935e-007,0.000662919
,,,-2.07535e-007,0.000220973
,,,-2.07135e-007,0.000441946
,,,-2.06735e-007,0.000220973
,,,-2.06335e-007,0
,,,-2.05935e-007,-0.000220973
,,,-2.05535e-007,0.000662919
,,,-2.05135e-007,0.000441946
,,,-2.04735e-007,0.000441946
,,,-2.04335e-007,0.000662919
,,,-2.03935e-007,0
,,,-2.03535e-007,0.00110486
,,,-2.03135e-007,0.000662919
,,,-2.02735e-007,0
,,,-2.02335e-007,0.000220973
,,,-2.01935e-007,0.000662919
,,,-2.01535e-007,0.000883892
,,,-2.01135e-007,0.000662919
,,,-2.00735e-007,0.000220973
,,,-2.00335e-007,-0.000220973
,,,-1.99935e-007,0
,,,-1.99535e-007,-0.000441946
,,,-1.99135e-007,0.000441946
,,,-1.98735e-007,0.000220973
,,,-1.98335e-007,0
,,,-1.97935e-007,0.000220973
,,,-1.97535e-007,0.000220973
,,,-1.97135e-007,0.000662919
,,,-1.96735e-007,0.000220973
,,,-1.96335e-007,-0.000441946
,,,-1.95935e-007,-0.000441946
,,,-1.95535e-007,0.00132584
,,,-1.95135e-007,0.000220973
,,,-1.94735e-007,0.000662919
,,,-1.94335e-007,-0.000441946
,,,-1.93935e-007,-0.000220973
,,,-1.93535e-007,-0.000441946
,,,-1.93135e-007,0.000220973
,,,-1.92735e-007,0.000220973
,,,-1.92335e-007,0.000220973
,,,-1.91935e-007,0
,,,-1.91535e-007,0.000441946
,,,-1.91135e-007,0.000441946
,,,-1.90735e-007,0.000220973
,,,-1.90335e-007,-0.000441946
,,,-1.89935e-007,0.000220973
,,,-1.89535e-007,0.000441946
,,,-1.89135e-007,0.000441946
,,,-1.88735e-007,0.000441946
,,,-1.88335e-007,0.000220973
,,,-1.87935e-007,0
,,,-1.87535e-007,0.000883892
,,,-1.87135e-007,0.000220973
,,,-1.86735e-007,0
,,,-1.86335e-007,0.000662919
,,,-1.85935e-007,-0.000441946
,,,-1.85535e-007,0.000441946
,,,-1.85135e-007,0.000441946
,,,-1.84735e-007,0.000441946
,,,-1.84335e-007,0.000441946
,,,-1.83935e-007,0.000662919
,,,-1.83535e-007,0
,,,-1.83135e-007,-0.000220973
,,,-1.82735e-007,0
,,,-1.82335e-007,0
,,,-1.81935e-007,-0.000220973
,,,-1.81535e-007,0
,,,-1.81135e-007,0.000220973
,,,-1.80735e-007,0.000441946
,,,-1.80335e-007,0.000441946
,,,-1.79935e-007,0.000441946
,,,-1.79535e-007,0
,,,-1.79135e-007,0.000441946
,,,-1.78735e-007,-0.000220973
,,,-1.78335e-007,0.000662919
,,,-1.77935e-007,0.00110486
,,,-1.77535e-007,0.000220973
,,,-1.77135e-007,0.000441946
,,,-1.76735e-007,0.000883892
,,,-1.76335e-007,0.000883892
,,,-1.75935e-007,0.000662919
,,,-1.75535e-007,0.000883892
,,,-1.75135e-007,0.000441946
,,,-1.74735e-007,0
,,,-1.74335e-007,0.000441946
,,,-1.73935e-007,0
,,,-1.73535e-007,0
,,,-1.73135e-007,0
,,,-1.72735e-007,0.000883892
,,,-1.72335e-007,0
,,,-1.71935e-007,0.000441946
,,,-1.71535e-007,0.00110486
,,,-1.71135e-007,0.000662919
,,,-1.70735e-007,0.000441946
,,,-1.70335e-007,0.000220973
,,,-1.69935e-007,0
,,,-1.69535e-007,0.000883892
,,,-1.69135e-007,0.000220973
,,,-1.68735e-007,-0.000220973
,,,-1.68335e-007,0.000441946
,,,-1.67935e-007,0
,,,-1.67535e-007,-0.000220973
,,,-1.67135e-007,0.000662919
,,,-1.66735e-007,-0.000441946
,,,-1.66335e-007,-0.000441946
,,,-1.65935e-007,0.000662919
,,,-1.65535e-007,0.000662919
,,,-1.65135e-007,0.000441946
,,,-1.64735e-007,-0.000441946
,,,-1.64335e-007,0.000662919
,,,-1.63935e-007,0.000220973
,,,-1.63535e-007,0.000662919
,,,-1.63135e-007,-0.000441946
,,,-1.62735e-007,0.000662919
,,,-1.62335e-007,0.000220973
,,,-1.61935e-007,0.000441946
,,,-1.61535e-007,0.000441946
,,,-1.61135e-007,0.000662919
,,,-1.60735e-007,0.000662919
,,,-1.60335e-007,0.000441946
,,,-1.59935e-007,0.000441946
,,,-1.59535e-007,-0.000220973
,,,-1.59135e-007,0.000220973
,,,-1.58735e-007,0
,,,-1.58335e-007,-0.000220973
,,,-1.57935e-007,-0.000220973
,,,-1.57535e-007,-0.000441946
,,,-1.57135e-007,0
,,,-1.56735e-007,-0.000220973
,,,-1.56335e-007,0.000662919
,,,-1.55935e-007,0
,,,-1.55535e-007,0.000220973
,,,-1.55135e-007,0.000662919
,,,-1.54735e-007,0
,,,-1.54335e-007,0.000441946
,,,-1.53935e-007,0
,,,-1.53535e-007,0
,,,-1.53135e-007,0.000441946
,,,-1.52735e-007,-0.000220973
,,,-1.52335e-007,0.000220973
,,,-1.51935e-007,0
,,,-1.51535e-007,-0.000441946
,,,-1.51135e-007,0.000441946
,,,-1.50735e-007,0
,,,-1.50335e-007,0
,,,-1.49935e-007,-0.000220973
,,,-1.49535e-007,-0.000220973
,,,-1.49135e-007,0.000662919
,,,-1.48735e-007,0.000441946
,,,-1.48335e-007,0.000220973
,,,-1.47935e-007,0.000220973
,,,-1.47535e-007,0.000220973
,,,-1.47135e-007,0.000220973
,,,-1.46735e-007,0.000220973
,,,-1.46335e-007,-0.000441946
,,,-1.45935e-007,0.000441946
,,,-1.45535e-007,0.000220973
,,,-1.45135e-007,0.000220973
,,,-1.44735e-007,0
,,,-1.44335e-007,0.000220973
,,,-1.43935e-007,0.000662919
,,,-1.43535e-007,0.000220973
,,,-1.43135e-007,0.000220973
,,,-1.42735e-007,-0.000441946
,,,-1.42335e-007,0.000220973
,,,-1.41935e-007,0.000220973
,,,-1.41535e-007,-0.000220973
,,,-1.41135e-007,0.000441946
,,,-1.40735e-007,0.000441946
,,,-1.40335e-007,0.000441946
,,,-1.39935e-007,0.000662919
,,,-1.39535e-007,0.000662919
,,,-1.39135e-007,0
,,,-1.38735e-007,0
,,,-1.38335e-007,0.000441946
,,,-1.37935e-007,0.000441946
,,,-1.37535e-007,0.000662919
,,,-1.37135e-007,0.000662919
,,,-1.36735e-007,0
,,,-1.36335e-007,0.000220973
,,,-1.35935e-007,0.000662919
,,,-1.35535e-007,0.000662919
,,,-1.35135e-007,0.000441946
,,,-1.34735e-007,0.000662919
,,,-1.34335e-007,0.000662919
,,,-1.33935e-007,0
,,,-1.33535e-007,0
,,,-1.33135e-007,0.000220973
,,,-1.32735e-007,0.000220973
,,,-1.32335e-007,0.000662919
,,,-1.31935e-007,0.000662919
,,,-1.31535e-007,0.000220973
,,,-1.31135e-007,0
,,,-1.30735e-007,-0.000441946
,,,-1.30335e-007,0
,,,-1.29935e-007,0.000662919
,,,-1.29535e-007,0.000441946
,,,-1.29135e-007,0.00110486
,,,-1.28735e-007,0.000441946
,,,-1.28335e-007,0.000441946
,,,-1.27935e-007,0
,,,-1.27535e-007,0.000220973
,,,-1.27135e-007,-0.000662919
,,,-1.26735e-007,-0.000441946
,,,-1.26335e-007,0.000220973
,,,-1.25935e-007,0.000883892
,,,-1.25535e-007,0.000662919
,,,-1.25135e-007,0.000662919
,,,-1.24735e-007,0.000220973
,,,-1.24335e-007,0.000662919
,,,-1.23935e-007,-0.000220973
,,,-1.23535e-007,0
,,,-1.23135e-007,0
,,,-1.22735e-007,0.000220973
,,,-1.22335e-007,0.000441946
,,,-1.21935e-007,0.000220973
,,,-1.21535e-007,0.000441946
,,,-1.21135e-007,0.000883892
,,,-1.20735e-007,0.000220973
,,,-1.20335e-007,-0.000220973
,,,-1.19935e-007,-0.000220973
,,,-1.19535e-007,-0.000441946
,,,-1.19135e-007,-0.000220973
,,,-1.18735e-007,0.000441946
,,,-1.18335e-007,0
,,,-1.17935e-007,0.000220973
,,,-1.17535e-007,0.000220973
,,,-1.17135e-007,-0.000441946
,,,-1.16735e-007,0
,,,-1.16335e-007,-0.000441946
,,,-1.15935e-007,-0.000220973
,,,-1.15535e-007,0.000883892
,,,-1.15135e-007,-0.000220973
,,,-1.14735e-007,-0.000441946
,,,-1.14335e-007,0.000662919
,,,-1.13935e-007,0.000220973
,,,-1.13535e-007,-0.000220973
,,,-1.13135e-007,0.000662919
,,,-1.12735e-007,-0.000441946
,,,-1.12335e-007,0.000220973
,,,-1.11935e-007,0.000662919
,,,-1.11535e-007,0.000220973
,,,-1.11135e-007,0.000441946
,,,-1.10735e-007,-0.000220973
,,,-1.10335e-007,0.000220973
,,,-1.09935e-007,0.000441946
,,,-1.09535e-007,0.000220973
,,,-1.09135e-007,0.000662919
,,,-1.08735e-007,0
,,,-1.08335e-007,0.000883892
,,,-1.07935e-007,0.000220973
,,,-1.07535e-007,0.000662919
,,,-1.07135e-007,0.000220973
,,,-1.06735e-007,-0.000220973
,,,-1.06335e-007,-0.000220973
,,,-1.05935e-007,0.000441946
,,,-1.05535e-007,0.000220973
,,,-1.05135e-007,0
,,,-1.04735e-007,-0.000441946
,,,-1.04335e-007,0.00132584
,,,-1.03935e-007,0.000220973
,,,-1.03535e-007,-0.000220973
,,,-1.03135e-007,0
,,,-1.02735e-007,-0.000220973
,,,-1.02335e-007,0.000220973
,,,-1.01935e-007,0.000220973
,,,-1.01535e-007,-0.000220973
,,,-1.01135e-007,0.00110486
,,,-1.00735e-007,0
,,,-1.00335e-007,0.000441946
,,,-9.99348e-008,0
,,,-9.95348e-008,-0.000220973
,,,-9.91348e-008,0.000220973
,,,-9.87348e-008,0.000662919
,,,-9.83348e-008,0
,,,-9.79348e-008,0.000441946
,,,-9.75348e-008,0.000441946
,,,-9.71348e-008,0
,,,-9.67348e-008,0
,,,-9.63348e-008,0
,,,-9.59348e-008,-0.000441946
,,,-9.55348e-008,0
,,,-9.51348e-008,-0.000441946
,,,-9.47348e-008,-0.000220973
,,,-9.43348e-008,0
,,,-9.39348e-008,0.000662919
,,,-9.35348e-008,0.000441946
,,,-9.31348e-008,-0.000441946
,,,-9.27348e-008,0
,,,-9.23348e-008,0.000662919
,,,-9.19348e-008,0.000220973
,,,-9.15348e-008,0.000662919
,,,-9.11348e-008,0.000662919
,,,-9.07348e-008,0.000220973
,,,-9.03348e-008,0.000441946
,,,-8.99348e-008,0.000441946
,,,-8.95348e-008,0.000441946
,,,-8.91348e-008,0
,,,-8.87348e-008,0.000220973
,,,-8.83348e-008,0.000883892
,,,-8.79348e-008,0.000220973
,,,-8.75348e-008,-0.000220973
,,,-8.71348e-008,0
,,,-8.67348e-008,0.000662919
,,,-8.63348e-008,0.000220973
,,,-8.59348e-008,0.000662919
,,,-8.55348e-008,0.000220973
,,,-8.51348e-008,0.000220973
,,,-8.47348e-008,-0.000441946
,,,-8.43348e-008,0
,,,-8.39348e-008,0.000220973
,,,-8.35348e-008,0.000883892
,,,-8.31348e-008,0.000220973
,,,-8.27348e-008,-0.000441946
,,,-8.23348e-008,0.000441946
,,,-8.19348e-008,0.00110486
,,,-8.15348e-008,0
,,,-8.11348e-008,-0.000220973
,,,-8.07348e-008,0.000441946
,,,-8.03348e-008,0.000441946
,,,-7.99348e-008,0
,,,-7.95348e-008,0.000883892
,,,-7.91348e-008,-0.000220973
,,,-7.87348e-008,-0.000220973
,,,-7.83348e-008,0
,,,-7.79348e-008,0.00110486
,,,-7.75348e-008,0.000220973
,,,-7.71348e-008,0.000883892
,,,-7.67348e-008,0
,,,-7.63348e-008,-0.000220973
,,,-7.59348e-008,-0.000441946
,,,-7.55348e-008,0.000220973
,,,-7.51348e-008,-0.000220973
,,,-7.47348e-008,0.000220973
,,,-7.43348e-008,0.000220973
,,,-7.39348e-008,0
,,,-7.35348e-008,0.000662919
,,,-7.31348e-008,0.000220973
,,,-7.27348e-008,0.000441946
,,,-7.23348e-008,-0.000441946
,,,-7.19348e-008,0.000883892
,,,-7.15348e-008,0.000220973
,,,-7.11348e-008,0.000883892
,,,-7.07348e-008,-0.000220973
,,,-7.03348e-008,0.000220973
,,,-6.99348e-008,-0.000441946
,,,-6.95348e-008,0
,,,-6.91348e-008,0.000883892
,,,-6.87348e-008,0.000441946
,,,-6.83348e-008,0.000220973
,,,-6.79348e-008,0
,,,-6.75348e-008,0.00154681
,,,-6.71348e-008,0.000220973
,,,-6.67348e-008,0
,,,-6.63348e-008,-0.000441946
,,,-6.59348e-008,-0.000220973
,,,-6.55348e-008,0.000220973
,,,-6.51348e-008,0.000883892
,,,-6.47348e-008,0.000662919
,,,-6.43348e-008,0
,,,-6.39348e-008,0.000220973
,,,-6.35348e-008,0.000220973
,,,-6.31348e-008,0.000441946
,,,-6.27348e-008,0.000441946
,,,-6.23348e-008,-0.000220973
,,,-6.19348e-008,0.000220973
,,,-6.15348e-008,0.000220973
,,,-6.11348e-008,0
,,,-6.07348e-008,0
,,,-6.03348e-008,0.00110486
,,,-5.99348e-008,0.000441946
,,,-5.95348e-008,0.000883892
,,,-5.91348e-008,0.000220973
,,,-5.87348e-008,0.000220973
,,,-5.83348e-008,0.000883892
,,,-5.79348e-008,0.000441946
,,,-5.75348e-008,-0.000220973
,,,-5.71348e-008,0.000220973
,,,-5.67348e-008,-0.000441946
,,,-5.63348e-008,0
,,,-5.59348e-008,-0.000220973
,,,-5.55348e-008,0.000220973
,,,-5.51348e-008,0
,,,-5.47348e-008,0
,,,-5.43348e-008,0.000220973
,,,-5.39348e-008,-0.000220973
,,,-5.35348e-008,0
,,,-5.31348e-008,0.000883892
,,,-5.27348e-008,0.000441946
,,,-5.23348e-008,0.000220973
,,,-5.19348e-008,0.000220973
,,,-5.15348e-008,0
,,,-5.11348e-008,0.000662919
,,,-5.07348e-008,0.000662919
,,,-5.03348e-008,0.000220973
,,,-4.99348e-008,0.000441946
,,,-4.95348e-008,0.000441946
,,,-4.91348e-008,-0.000441946
,,,-4.87348e-008,-0.000441946
,,,-4.83348e-008,0.000662919
,,,-4.79348e-008,0.000220973
,,,-4.75348e-008,0
,,,-4.71348e-008,0.000220973
,,,-4.67348e-008,0
,,,-4.63348e-008,0.000441946
,,,-4.59348e-008,0.000220973
,,,-4.55348e-008,-0.000220973
,,,-4.51348e-008,-0.000662919
,,,-4.47348e-008,0.000662919
,,,-4.43348e-008,0.000883892
,,,-4.39348e-008,-0.000441946
,,,-4.35348e-008,0.00110486
,,,-4.31348e-008,0
,,,-4.27348e-008,-0.000883892
,,,-4.23348e-008,0.000662919
,,,-4.19348e-008,0.000220973
,,,-4.15348e-008,0.000441946
,,,-4.11348e-008,0.000441946
,,,-4.07348e-008,-0.000441946
,,,-4.03348e-008,0.000220973
,,,-3.99348e-008,0.000220973
,,,-3.95348e-008,0.000220973
,,,-3.91348e-008,0.000220973
,,,-3.87348e-008,0
,,,-3.83348e-008,-0.000220973
,,,-3.79348e-008,0.000220973
,,,-3.75348e-008,-0.000441946
,,,-3.71348e-008,0
,,,-3.67348e-008,0.000441946
,,,-3.63348e-008,0.000220973
,,,-3.59348e-008,0.000220973
,,,-3.55348e-008,-0.000441946
,,,-3.51348e-008,0.000220973
,,,-3.47348e-008,-0.000220973
,,,-3.43348e-008,0.000662919
,,,-3.39348e-008,0
,,,-3.35348e-008,0.000441946
,,,-3.31348e-008,0.000441946
,,,-3.27348e-008,-0.000662919
,,,-3.23348e-008,0
,,,-3.19348e-008,0
,,,-3.15348e-008,0.000220973
,,,-3.11348e-008,-0.000220973
,,,-3.07348e-008,0.000220973
,,,-3.03348e-008,0.000220973
,,,-2.99348e-008,0
,,,-2.95348e-008,0.000441946
,,,-2.91348e-008,0.000883892
,,,-2.87348e-008,0
,,,-2.83348e-008,0
,,,-2.79348e-008,0.000441946
,,,-2.75348e-008,0
,,,-2.71348e-008,0.000441946
,,,-2.67348e-008,0.000220973
,,,-2.63348e-008,-0.000220973
,,,-2.59348e-008,0.000441946
,,,-2.55348e-008,0.000662919
,,,-2.51348e-008,0.000441946
,,,-2.47348e-008,0.000220973
,,,-2.43348e-008,0.000220973
,,,-2.39348e-008,-0.000662919
,,,-2.35348e-008,0.000441946
,,,-2.31348e-008,0.000220973
,,,-2.27348e-008,0.000220973
,,,-2.23348e-008,0
,,,-2.19348e-008,-0.000220973
,,,-2.15348e-008,-0.000220973
,,,-2.11348e-008,0.000220973
,,,-2.07348e-008,0.000662919
,,,-2.03348e-008,0.000220973
,,,-1.99348e-008,-0.000441946
,,,-1.95348e-008,0.000441946
,,,-1.91348e-008,0.000220973
,,,-1.87348e-008,0.000220973
,,,-1.83348e-008,0
,,,-1.79348e-008,0.000883892
,,,-1.75348e-008,0
,,,-1.71348e-008,0.000220973
,,,-1.67348e-008,0.000441946
,,,-1.63348e-008,0.000220973
,,,-1.59348e-008,0.000662919
,,,-1.55348e-008,0
,,,-1.51348e-008,0
,,,-1.47348e-008,0
,,,-1.43348e-008,-0.000220973
,,,-1.39348e-008,0.000441946
,,,-1.35348e-008,0.000441946
,,,-1.31348e-008,0
,,,-1.27348e-008,0.000662919
,,,-1.23348e-008,0.000441946
,,,-1.19348e-008,-0.000441946
,,,-1.15348e-008,0.000662919
,,,-1.11348e-008,0.000220973
,,,-1.07348e-008,0.000220973
,,,-1.03348e-008,0.000220973
,,,-9.93476e-009,0.000441946
,,,-9.53476e-009,0
,,,-9.13476e-009,0.000662919
,,,-8.73476e-009,-0.000220973
,,,-8.33476e-009,0
,,,-7.93476e-009,0.000441946
,,,-7.53476e-009,0.000220973
,,,-7.13476e-009,0
,,,-6.73476e-009,0.000220973
,,,-6.33476e-009,-0.000220973
,,,-5.93476e-009,0.000220973
,,,-5.53476e-009,0.000220973
,,,-5.13476e-009,0.00132584
,,,-4.73476e-009,0
,,,-4.33476e-009,0
,,,-3.93476e-009,0.000441946
,,,-3.53476e-009,0.000662919
,,,-3.13476e-009,0
,,,-2.73476e-009,0.000220973
,,,-2.33476e-009,0.000220973
,,,-1.93476e-009,0
,,,-1.53476e-009,0.000662919
,,,-1.13476e-009,-0.000220973
,,,-7.34755e-010,0.000441946
,,,-3.34755e-010,0
,,,6.52447e-011,-0.000220973
,,,4.65245e-010,0
,,,8.65245e-010,0.000441946
,,,1.26524e-009,0
,,,1.66524e-009,0.000220973
,,,2.06524e-009,0.000441946
,,,2.46524e-009,0.000441946
,,,2.86524e-009,0.000662919
,,,3.26524e-009,0.000662919
,,,3.66524e-009,0
,,,4.06524e-009,-0.000220973
,,,4.46524e-009,0.000662919
,,,4.86524e-009,0
,,,5.26524e-009,0.000220973
,,,5.66524e-009,0.000883892
,,,6.06524e-009,0.000441946
,,,6.46524e-009,0.000220973
,,,6.86524e-009,0.000441946
,,,7.26524e-009,0
,,,7.66524e-009,0.000441946
,,,8.06524e-009,0.000441946
,,,8.46524e-009,0.000441946
,,,8.86524e-009,-0.000220973
,,,9.26524e-009,0.000220973
,,,9.66524e-009,0.000220973
,,,1.00652e-008,0
,,,1.04652e-008,0.000220973
,,,1.08652e-008,0.000220973
,,,1.12652e-008,0.000220973
,,,1.16652e-008,0.00132584
,,,1.20652e-008,0
,,,1.24652e-008,0.000662919
,,,1.28652e-008,0.000220973
,,,1.32652e-008,-0.000220973
,,,1.36652e-008,0
,,,1.40652e-008,0.000883892
,,,1.44652e-008,0.000220973
,,,1.48652e-008,0
,,,1.52652e-008,0.000220973
,,,1.56652e-008,0.000220973
,,,1.60652e-008,0.000441946
,,,1.64652e-008,0.000220973
,,,1.68652e-008,0.000220973
,,,1.72652e-008,0
,,,1.76652e-008,0.000220973
,,,1.80652e-008,0.000883892
,,,1.84652e-008,0.000441946
,,,1.88652e-008,0.000662919
,,,1.92652e-008,0
,,,1.96652e-008,0.000220973
,,,2.00652e-008,0.000220973
,,,2.04652e-008,0.000220973
,,,2.08652e-008,-0.000220973
,,,2.12652e-008,0.000662919
,,,2.16652e-008,0.000441946
,,,2.20652e-008,0.000441946
,,,2.24652e-008,0
,,,2.28652e-008,0.000220973
,,,2.32652e-008,-0.000441946
,,,2.36652e-008,0.000220973
,,,2.40652e-008,0.000220973
,,,2.44652e-008,0
,,,2.48652e-008,0.000441946
,,,2.52652e-008,0.000220973
,,,2.56652e-008,-0.000220973
,,,2.60652e-008,0.00132584
,,,2.64652e-008,0.000662919
,,,2.68652e-008,0
,,,2.72652e-008,0.000220973
,,,2.76652e-008,0
,,,2.80652e-008,0.000441946
,,,2.84652e-008,0.000883892
,,,2.88652e-008,0.000220973
,,,2.92652e-008,0
,,,2.96652e-008,0.000883892
,,,3.00652e-008,0.000662919
,,,3.04652e-008,0.000883892
,,,3.08652e-008,0.00110486
,,,3.12652e-008,0.000220973
,,,3.16652e-008,-0.000441946
,,,3.20652e-008,0
,,,3.24652e-008,0.000220973
,,,3.28652e-008,0
,,,3.32652e-008,0.000220973
,,,3.36652e-008,0.000441946
,,,3.40652e-008,0.000662919
,,,3.44652e-008,0.000883892
,,,3.48652e-008,-0.000220973
,,,3.52652e-008,0.000662919
,,,3.56652e-008,0.000441946
,,,3.60652e-008,0.000441946
,,,3.64652e-008,0.000441946
,,,3.68652e-008,0.000662919
,,,3.72652e-008,0.000883892
,,,3.76652e-008,0.000220973
,,,3.80652e-008,0.00110486
,,,3.84652e-008,0.000441946
,,,3.88652e-008,0.000220973
,,,3.92652e-008,0.000220973
,,,3.96652e-008,0.000220973
,,,4.00652e-008,0
,,,4.04652e-008,-0.000220973
,,,4.08652e-008,0.000441946
,,,4.12652e-008,0.000441946
,,,4.16652e-008,-0.000220973
,,,4.20652e-008,0
,,,4.24652e-008,0.000441946
,,,4.28652e-008,0.000883892
,,,4.32652e-008,0.000441946
,,,4.36652e-008,0
,,,4.40652e-008,-0.000220973
,,,4.44652e-008,-0.000220973
,,,4.48652e-008,0.000441946
,,,4.52652e-008,0
,,,4.56652e-008,0.000220973
,,,4.60652e-008,0.000662919
,,,4.64652e-008,0.000441946
,,,4.68652e-008,0
,,,4.72652e-008,0
,,,4.76652e-008,-0.000220973
,,,4.80652e-008,0
,,,4.84652e-008,0.000220973
,,,4.88652e-008,-0.000441946
,,,4.92652e-008,0.000220973
,,,4.96652e-008,0
,,,5.00652e-008,0.000220973
,,,5.04652e-008,0
,,,5.08652e-008,0.000662919
,,,5.12652e-008,0.000662919
,,,5.16652e-008,0.000662919
,,,5.20652e-008,0.000441946
,,,5.24652e-008,0.000883892
,,,5.28652e-008,0.000220973
,,,5.32652e-008,-0.000220973
,,,5.36652e-008,0.000662919
,,,5.40652e-008,0.000441946
,,,5.44652e-008,0.000441946
,,,5.48652e-008,0.000441946
,,,5.52652e-008,0.000220973
,,,5.56652e-008,0.000662919
,,,5.60652e-008,0.000220973
,,,5.64652e-008,0
,,,5.68652e-008,-0.000220973
,,,5.72652e-008,0.000441946
,,,5.76652e-008,0.000220973
,,,5.80652e-008,0.000220973
,,,5.84652e-008,0.000883892
,,,5.88652e-008,0.000220973
,,,5.92652e-008,0.000220973
,,,5.96652e-008,0.000220973
,,,6.00652e-008,0
,,,6.04652e-008,0.000220973
,,,6.08652e-008,0.000220973
,,,6.12652e-008,-0.000220973
,,,6.16652e-008,0.000220973
,,,6.20652e-008,0
,,,6.24652e-008,-0.000441946
,,,6.28652e-008,0.000441946
,,,6.32652e-008,0.000662919
,,,6.36652e-008,0.000441946
,,,6.40652e-008,0.000220973
,,,6.44652e-008,0.000662919
,,,6.48652e-008,-0.000220973
,,,6.52652e-008,0.000441946
,,,6.56652e-008,0.000441946
,,,6.60652e-008,0.000220973
,,,6.64652e-008,-0.000441946
,,,6.68652e-008,0.000220973
,,,6.72652e-008,0.000220973
,,,6.76652e-008,0.000220973
,,,6.80652e-008,0.000220973
,,,6.84652e-008,0
,,,6.88652e-008,0
,,,6.92652e-008,0.000883892
,,,6.96652e-008,-0.000220973
,,,7.00652e-008,0.000220973
,,,7.04652e-008,0.00110486
,,,7.08652e-008,0.00110486
,,,7.12652e-008,0
,,,7.16652e-008,0.000220973
,,,7.20652e-008,0.000883892
,,,7.24652e-008,0.000441946
,,,7.28652e-008,0.000220973
,,,7.32652e-008,-0.000220973
,,,7.36652e-008,0.000662919
,,,7.40652e-008,0.000662919
,,,7.44652e-008,-0.000220973
,,,7.48652e-008,0.000220973
,,,7.52652e-008,0.00132584
,,,7.56652e-008,0.000441946
,,,7.60652e-008,0.000220973
,,,7.64652e-008,0.000662919
,,,7.68652e-008,0
,,,7.72652e-008,0.000441946
,,,7.76652e-008,0.000662919
,,,7.80652e-008,0.000883892
,,,7.84652e-008,0.000441946
,,,7.88652e-008,0.000220973
,,,7.92652e-008,0
,,,7.96652e-008,0.000220973
,,,8.00652e-008,0.000441946
,,,8.04652e-008,0.000220973
,,,8.08652e-008,-0.000441946
,,,8.12652e-008,-0.000220973
,,,8.16652e-008,0.000220973
,,,8.20652e-008,0
,,,8.24652e-008,-0.000441946
,,,8.28652e-008,0
,,,8.32652e-008,-0.000662919
,,,8.36652e-008,0
,,,8.40652e-008,0
,,,8.44652e-008,0.000662919
,,,8.48652e-008,-0.000220973
,,,8.52652e-008,0.000220973
,,,8.56652e-008,0.000220973
,,,8.60652e-008,0
,,,8.64652e-008,0.000441946
,,,8.68652e-008,0.000220973
,,,8.72652e-008,-0.000220973
,,,8.76652e-008,0.000441946
,,,8.80652e-008,0.000220973
,,,8.84652e-008,0.000441946
,,,8.88652e-008,0.000662919
,,,8.92652e-008,0.000441946
,,,8.96652e-008,0.000441946
,,,9.00652e-008,-0.000441946
,,,9.04652e-008,-0.000441946
,,,9.08652e-008,0
,,,9.12652e-008,0.000662919
,,,9.16652e-008,0.000441946
,,,9.20652e-008,0.000662919
,,,9.24652e-008,0.000662919
,,,9.28652e-008,0.000662919
,,,9.32652e-008,0.00110486
,,,9.36652e-008,0.00110486
,,,9.40652e-008,0.000662919
,,,9.44652e-008,0.0024307
,,,9.48652e-008,0.00265168
,,,9.52652e-008,0.00331459
,,,9.56652e-008,0.00397751
,,,9.60652e-008,0.00508238
,,,9.64652e-008,0.00596627
,,,9.68652e-008,0.00707114
,,,9.72652e-008,0.00751308
,,,9.76652e-008,0.00883892
,,,9.80652e-008,0.0101648
,,,9.84652e-008,0.0110486
,,,9.88652e-008,0.0123745
,,,9.92652e-008,0.0134794
,,,9.96652e-008,0.0143632
,,,1.00065e-007,0.0145842
,,,1.00465e-007,0.0152471
,,,1.00865e-007,0.016352
,,,1.01265e-007,0.0156891
,,,1.01665e-007,0.0167939
,,,1.02065e-007,0.0170149
,,,1.02465e-007,0.0172359
,,,1.02865e-007,0.0172359
,,,1.03265e-007,0.0170149
,,,1.03665e-007,0.0172359
,,,1.04065e-007,0.0170149
,,,1.04465e-007,0.0176778
,,,1.04865e-007,0.0181198
,,,1.05265e-007,0.0176778
,,,1.05665e-007,0.0170149
,,,1.06065e-007,0.0172359
,,,1.06465e-007,0.0172359
,,,1.06865e-007,0.0176778
,,,1.07265e-007,0.0178988
,,,1.07665e-007,0.0181198
,,,1.08065e-007,0.0172359
,,,1.08465e-007,0.0174569
,,,1.08865e-007,0.0181198
,,,1.09265e-007,0.0176778
,,,1.09665e-007,0.0181198
,,,1.10065e-007,0.0178988
,,,1.10465e-007,0.0178988
,,,1.10865e-007,0.0176778
,,,1.11265e-007,0.0178988
,,,1.11665e-007,0.0178988
,,,1.12065e-007,0.0176778
,,,1.12465e-007,0.0181198
,,,1.12865e-007,0.0174569
,,,1.13265e-007,0.0176778
,,,1.13665e-007,0.0167939
,,,1.14065e-007,0.0176778
,,,1.14465e-007,0.0176778
,,,1.14865e-007,0.0183408
,,,1.15265e-007,0.0181198
,,,1.15665e-007,0.0181198
,,,1.16065e-007,0.0174569
,,,1.16465e-007,0.0183408
,,,1.16865e-007,0.0174569
,,,1.17265e-007,0.0174569
,,,1.17665e-007,0.0178988
,,,1.18065e-007,0.0181198
,,,1.18465e-007,0.0178988
,,,1.18865e-007,0.0178988
,,,1.19265e-007,0.0187827
,,,1.19665e-007,0.0181198
,,,1.20065e-007,0.0176778
,,,1.20465e-007,0.0187827
,,,1.20865e-007,0.0185617
,,,1.21265e-007,0.0176778
,,,1.21665e-007,0.0176778
,,,1.22065e-007,0.0185617
,,,1.22465e-007,0.0192246
,,,1.22865e-007,0.0192246
,,,1.23265e-007,0.0190037
,,,1.23665e-007,0.0196666
,,,1.24065e-007,0.0192246
,,,1.24465e-007,0.0201085
,,,1.24865e-007,0.0198876
,,,1.25265e-007,0.0207715
,,,1.25665e-007,0.0205505
,,,1.26065e-007,0.0212134
,,,1.26465e-007,0.0214344
,,,1.26865e-007,0.0214344
,,,1.27265e-007,0.0209924
,,,1.27665e-007,0.0205505
,,,1.28065e-007,0.0207715
,,,1.28465e-007,0.0198876
,,,1.28865e-007,0.0192246
,,,1.29265e-007,0.0190037
,,,1.29665e-007,0.0183408
,,,1.30065e-007,0.0190037
,,,1.30465e-007,0.0185617
,,,1.30865e-007,0.0183408
,,,1.31265e-007,0.0187827
,,,1.31665e-007,0.0183408
,,,1.32065e-007,0.0185617
,,,1.32465e-007,0.0185617
,,,1.32865e-007,0.0181198
,,,1.33265e-007,0.0170149
,,,1.33665e-007,0.0178988
,,,1.34065e-007,0.0174569
,,,1.34465e-007,0.0172359
,,,1.34865e-007,0.0178988
,,,1.35265e-007,0.0172359
,,,1.35665e-007,0.0167939
,,,1.36065e-007,0.016131
,,,1.36465e-007,0.0159101
,,,1.36865e-007,0.016352
,,,1.37265e-007,0.016352
,,,1.37665e-007,0.016352
,,,1.38065e-007,0.0172359
,,,1.38465e-007,0.0156891
,,,1.38865e-007,0.016573
,,,1.39265e-007,0.0167939
,,,1.39665e-007,0.016131
,,,1.40065e-007,0.0159101
,,,1.40465e-007,0.0154681
,,,1.40865e-007,0.0159101
,,,1.41265e-007,0.016131
,,,1.41665e-007,0.0159101
,,,1.42065e-007,0.0154681
,,,1.42465e-007,0.0156891
,,,1.42865e-007,0.0159101
,,,1.43265e-007,0.0150262
,,,1.43665e-007,0.0154681
,,,1.44065e-007,0.0159101
,,,1.44465e-007,0.0154681
,,,1.44865e-007,0.0154681
,,,1.45265e-007,0.0148052
,,,1.45665e-007,0.0148052
,,,1.46065e-007,0.0150262
,,,1.46465e-007,0.0154681
,,,1.46865e-007,0.0156891
,,,1.47265e-007,0.0148052
,,,1.47665e-007,0.0152471
,,,1.48065e-007,0.0148052
,,,1.48465e-007,0.0150262
,,,1.48865e-007,0.0152471
,,,1.49265e-007,0.0148052
,,,1.49665e-007,0.0143632
,,,1.50065e-007,0.0148052
,,,1.50465e-007,0.0148052
,,,1.50865e-007,0.0143632
,,,1.51265e-007,0.0143632
,,,1.51665e-007,0.0141423
,,,1.52065e-007,0.0139213
,,,1.52465e-007,0.0139213
,,,1.52865e-007,0.0145842
,,,1.53265e-007,0.0134794
,,,1.53665e-007,0.0141423
,,,1.54065e-007,0.0137003
,,,1.54465e-007,0.0134794
,,,1.54865e-007,0.0141423
,,,1.55265e-007,0.0141423
,,,1.55665e-007,0.0134794
,,,1.56065e-007,0.0128164
,,,1.56465e-007,0.0130374
,,,1.56865e-007,0.0125955
,,,1.57265e-007,0.0130374
,,,1.57665e-007,0.0117116
,,,1.58065e-007,0.0117116
,,,1.58465e-007,0.0123745
,,,1.58865e-007,0.0123745
,,,1.59265e-007,0.0125955
,,,1.59665e-007,0.0128164
,,,1.60065e-007,0.0114906
,,,1.60465e-007,0.0117116
,,,1.60865e-007,0.0121535
,,,1.61265e-007,0.0121535
,,,1.61665e-007,0.0117116
,,,1.62065e-007,0.0121535
,,,1.62465e-007,0.0121535
,,,1.62865e-007,0.0130374
,,,1.63265e-007,0.0130374
,,,1.63665e-007,0.0121535
,,,1.64065e-007,0.0123745
,,,1.64465e-007,0.0119325
,,,1.64865e-007,0.0123745
,,,1.65265e-007,0.0128164
,,,1.65665e-007,0.0125955
,,,1.66065e-007,0.0132584
,,,1.66465e-007,0.0128164
,,,1.66865e-007,0.0121535
,,,1.67265e-007,0.0117116
,,,1.67665e-007,0.0125955
,,,1.68065e-007,0.0132584
,,,1.68465e-007,0.0121535
,,,1.68865e-007,0.0125955
,,,1.69265e-007,0.0125955
,,,1.69665e-007,0.0117116
,,,1.70065e-007,0.0125955
,,,1.70465e-007,0.0119325
,,,1.70865e-007,0.0125955
,,,1.71265e-007,0.0123745
,,,1.71665e-007,0.0123745
,,,1.72065e-007,0.0117116
,,,1.72465e-007,0.0119325
,,,1.72865e-007,0.0121535
,,,1.73265e-007,0.0119325
,,,1.73665e-007,0.0130374
,,,1.74065e-007,0.0125955
,,,1.74465e-007,0.0117116
,,,1.74865e-007,0.0119325
,,,1.75265e-007,0.0123745
,,,1.75665e-007,0.0128164
,,,1.76065e-007,0.0128164
,,,1.76465e-007,0.0123745
,,,1.76865e-007,0.0123745
,,,1.77265e-007,0.0125955
,,,1.77665e-007,0.0123745
,,,1.78065e-007,0.0114906
,,,1.78465e-007,0.0119325
,,,1.78865e-007,0.0132584
,,,1.79265e-007,0.0130374
,,,1.79665e-007,0.0121535
,,,1.80065e-007,0.0128164
,,,1.80465e-007,0.0125955
,,,1.80865e-007,0.0128164
,,,1.81265e-007,0.0128164
,,,1.81665e-007,0.0128164
,,,1.82065e-007,0.0123745
,,,1.82465e-007,0.0128164
,,,1.82865e-007,0.0123745
,,,1.83265e-007,0.0117116
,,,1.83665e-007,0.0121535
,,,1.84065e-007,0.0128164
,,,1.84465e-007,0.0121535
,,,1.84865e-007,0.0125955
,,,1.85265e-007,0.0121535
,,,1.85665e-007,0.0121535
,,,1.86065e-007,0.0125955
,,,1.86465e-007,0.0128164
,,,1.86865e-007,0.0130374
,,,1.87265e-007,0.0137003
,,,1.87665e-007,0.0130374
,,,1.88065e-007,0.0128164
,,,1.88465e-007,0.0132584
,,,1.88865e-007,0.0139213
,,,1.89265e-007,0.0132584
,,,1.89665e-007,0.0134794
,,,1.90065e-007,0.0130374
,,,1.90465e-007,0.0132584
,,,1.90865e-007,0.0132584
,,,1.91265e-007,0.0132584
,,,1.91665e-007,0.0132584
,,,1.92065e-007,0.0141423
,,,1.92465e-007,0.0134794
,,,1.92865e-007,0.0132584
,,,1.93265e-007,0.0134794
,,,1.93665e-007,0.0132584
,,,1.94065e-007,0.0137003
,,,1.94465e-007,0.0139213
,,,1.94865e-007,0.0134794
,,,1.95265e-007,0.0134794
,,,1.95665e-007,0.0134794
,,,1.96065e-007,0.0134794
,,,1.96465e-007,0.0134794
,,,1.96865e-007,0.0134794
,,,1.97265e-007,0.0139213
,,,1.97665e-007,0.0132584
,,,1.98065e-007,0.0132584
,,,1.98465e-007,0.0132584
,,,1.98865e-007,0.0132584
,,,1.99265e-007,0.0128164
,,,1.99665e-007,0.0125955
,,,2.00065e-007,0.0130374
,,,2.00465e-007,0.0128164
,,,2.00865e-007,0.0130374
,,,2.01265e-007,0.0125955
,,,2.01665e-007,0.0125955
,,,2.02065e-007,0.0121535
,,,2.02465e-007,0.0125955
,,,2.02865e-007,0.0128164
,,,2.03265e-007,0.0123745
,,,2.03665e-007,0.0123745
,,,2.04065e-007,0.0123745
,,,2.04465e-007,0.0121535
,,,2.04865e-007,0.0114906
,,,2.05265e-007,0.0112696
,,,2.05665e-007,0.0114906
,,,2.06065e-007,0.0112696
,,,2.06465e-007,0.0108277
,,,2.06865e-007,0.0110486
,,,2.07265e-007,0.0106067
,,,2.07665e-007,0.00972281
,,,2.08065e-007,0.00905989
,,,2.08465e-007,0.00950184
,,,2.08865e-007,0.00972281
,,,2.09265e-007,0.00883892
,,,2.09665e-007,0.00839697
,,,2.10065e-007,0.00861795
,,,2.10465e-007,0.00773405
,,,2.10865e-007,0.00773405
,,,2.11265e-007,0.00751308
,,,2.11665e-007,0.00773405
,,,2.12065e-007,0.00773405
,,,2.12465e-007,0.00707114
,,,2.12865e-007,0.00662919
,,,2.13265e-007,0.00662919
,,,2.13665e-007,0.0057453
,,,2.14065e-007,0.00508238
,,,2.14465e-007,0.00464043
,,,2.14865e-007,0.00441946
,,,2.15265e-007,0.00397751
,,,2.15665e-007,0.00464043
,,,2.16065e-007,0.00353557
,,,2.16465e-007,0.00287265
,,,2.16865e-007,0.00287265
,,,2.17265e-007,0.00287265
,,,2.17665e-007,0.0024307
,,,2.18065e-007,0.00265168
,,,2.18465e-007,0.00154681
,,,2.18865e-007,0.00265168
,,,2.19265e-007,0.00265168
,,,2.19665e-007,0.00176778
,,,2.20065e-007,0.00176778
,,,2.20465e-007,0.0024307
,,,2.20865e-007,0.00198876
,,,2.21265e-007,0.00132584
,,,2.21665e-007,0.0024307
,,,2.22065e-007,0.00176778
,,,2.22465e-007,0.00132584
,,,2.22865e-007,0.00265168
,,,2.23265e-007,0.00154681
,,,2.23665e-007,0.00110486
,,,2.24065e-007,0.00132584
,,,2.24465e-007,0.000441946
,,,2.24865e-007,0.000441946
,,,2.25265e-007,0.000883892
,,,2.25665e-007,0.000883892
,,,2.26065e-007,0.00110486
,,,2.26465e-007,0.00154681
,,,2.26865e-007,0.00154681
,,,2.27265e-007,0.00110486
,,,2.27665e-007,0.00154681
,,,2.28065e-007,0.000662919
,,,2.28465e-007,0.000220973
,,,2.28865e-007,0.000662919
,,,2.29265e-007,0.000220973
,,,2.29665e-007,0.000662919
,,,2.30065e-007,0.00154681
,,,2.30465e-007,0.000441946
,,,2.30865e-007,0.000662919
,,,2.31265e-007,-0.000220973
,,,2.31665e-007,0
,,,2.32065e-007,0.000220973
,,,2.32465e-007,-0.000662919
,,,2.32865e-007,0
,,,2.33265e-007,0.000883892
,,,2.33665e-007,0.00110486
,,,2.34065e-007,-0.000220973
,,,2.34465e-007,0.000662919
,,,2.34865e-007,0.000220973
,,,2.35265e-007,-0.000441946
,,,2.35665e-007,-0.000441946
,,,2.36065e-007,0
,,,2.36465e-007,0.000662919
,,,2.36865e-007,-0.000220973
,,,2.37265e-007,-0.00110486
,,,2.37665e-007,-0.000662919
,,,2.38065e-007,0.000441946
,,,2.38465e-007,0.000441946
,,,2.38865e-007,0.000220973
,,,2.39265e-007,-0.000220973
,,,2.39665e-007,0.000220973
,,,2.40065e-007,-0.000220973
,,,2.40465e-007,-0.000441946
,,,2.40865e-007,-0.000441946
,,,2.41265e-007,-0.000441946
,,,2.41665e-007,-0.00110486
,,,2.42065e-007,-0.000441946
,,,2.42465e-007,-0.000220973
,,,2.42865e-007,0
,,,2.43265e-007,-0.000441946
,,,2.43665e-007,-0.000441946
,,,2.44065e-007,-0.00132584
,,,2.44465e-007,0.000220973
,,,2.44865e-007,-0.000220973
,,,2.45265e-007,-0.000441946
,,,2.45665e-007,0.000220973
,,,2.46065e-007,-0.000662919
,,,2.46465e-007,-0.000662919
,,,2.46865e-007,0
,,,2.47265e-007,-0.000441946
,,,2.47665e-007,-0.000441946
,,,2.48065e-007,-0.000220973
,,,2.48465e-007,-0.000441946
,,,2.48865e-007,-0.000441946
,,,2.49265e-007,0.000220973
,,,2.49665e-007,-0.000441946
,,,2.50065e-007,0.000220973
