"Record Length",1252,"Points",-2.50205e-007,0.000220973
"Sample Interval",4e-010,s,-2.49805e-007,0.000220973
"Trigger Point",625,"Samples",-2.49405e-007,0.000220973
"Trigger Time",0.512232,s,-2.49005e-007,0.000220973
,,,-2.48605e-007,-0.000883892
"Horizontal Offset",-2.50205e-007,s,-2.48205e-007,-0.000441946
,,,-2.47805e-007,-0.000441946
,,,-2.47405e-007,0
,,,-2.47005e-007,0.000441946
,,,-2.46605e-007,0
,,,-2.46205e-007,0.000662919
,,,-2.45805e-007,0.000220973
,,,-2.45405e-007,0.000220973
,,,-2.45005e-007,0.000220973
,,,-2.44605e-007,0.000220973
,,,-2.44205e-007,-0.000220973
,,,-2.43805e-007,0
,,,-2.43405e-007,0
,,,-2.43005e-007,-0.000220973
,,,-2.42605e-007,0.000220973
,,,-2.42205e-007,0
,,,-2.41805e-007,-0.000220973
,,,-2.41405e-007,0.000441946
,,,-2.41005e-007,0
,,,-2.40605e-007,-0.000441946
,,,-2.40205e-007,-0.000441946
,,,-2.39805e-007,-0.000883892
,,,-2.39405e-007,-0.000883892
,,,-2.39005e-007,-0.000441946
,,,-2.38605e-007,0.000220973
,,,-2.38205e-007,0.000441946
,,,-2.37805e-007,-0.000441946
,,,-2.37405e-007,-0.000220973
,,,-2.37005e-007,0
,,,-2.36605e-007,0.000220973
,,,-2.36205e-007,0
,,,-2.35805e-007,0.000220973
,,,-2.35405e-007,0.000662919
,,,-2.35005e-007,0
,,,-2.34605e-007,0.000662919
,,,-2.34205e-007,0.000220973
,,,-2.33805e-007,0
,,,-2.33405e-007,0.000441946
,,,-2.33005e-007,-0.000662919
,,,-2.32605e-007,-0.000220973
,,,-2.32205e-007,-0.000441946
,,,-2.31805e-007,-0.000220973
,,,-2.31405e-007,-0.000441946
,,,-2.31005e-007,-0.000220973
,,,-2.30605e-007,-0.000662919
,,,-2.30205e-007,0.000220973
,,,-2.29805e-007,0.000662919
,,,-2.29405e-007,0.000441946
,,,-2.29005e-007,0
,,,-2.28605e-007,0.000662919
,,,-2.28205e-007,0.000220973
,,,-2.27805e-007,-0.000441946
,,,-2.27405e-007,0.00110486
,,,-2.27005e-007,0.000220973
,,,-2.26605e-007,0
,,,-2.26205e-007,0.000441946
,,,-2.25805e-007,0.000220973
,,,-2.25405e-007,0.000662919
,,,-2.25005e-007,0.000220973
,,,-2.24605e-007,-0.000441946
,,,-2.24205e-007,0
,,,-2.23805e-007,0
,,,-2.23405e-007,-0.000220973
,,,-2.23005e-007,0.000220973
,,,-2.22605e-007,0.000220973
,,,-2.22205e-007,0.000220973
,,,-2.21805e-007,0.000441946
,,,-2.21405e-007,0.000662919
,,,-2.21005e-007,0
,,,-2.20605e-007,0.000220973
,,,-2.20205e-007,-0.000220973
,,,-2.19805e-007,-0.000441946
,,,-2.19405e-007,0.000220973
,,,-2.19005e-007,0.000883892
,,,-2.18605e-007,-0.000220973
,,,-2.18205e-007,-0.000662919
,,,-2.17805e-007,-0.000662919
,,,-2.17405e-007,-0.000441946
,,,-2.17005e-007,0
,,,-2.16605e-007,-0.000662919
,,,-2.16205e-007,-0.000441946
,,,-2.15805e-007,-0.000220973
,,,-2.15405e-007,-0.000220973
,,,-2.15005e-007,0.000220973
,,,-2.14605e-007,-0.000220973
,,,-2.14205e-007,0.000441946
,,,-2.13805e-007,0.000220973
,,,-2.13405e-007,0
,,,-2.13005e-007,-0.000220973
,,,-2.12605e-007,0
,,,-2.12205e-007,0
,,,-2.11805e-007,-0.000662919
,,,-2.11405e-007,0
,,,-2.11005e-007,0.000441946
,,,-2.10605e-007,-0.000220973
,,,-2.10205e-007,0
,,,-2.09805e-007,-0.000662919
,,,-2.09405e-007,0.000662919
,,,-2.09005e-007,0
,,,-2.08605e-007,0
,,,-2.08205e-007,-0.000441946
,,,-2.07805e-007,-0.000220973
,,,-2.07405e-007,-0.000441946
,,,-2.07005e-007,0.000662919
,,,-2.06605e-007,-0.000220973
,,,-2.06205e-007,0.000220973
,,,-2.05805e-007,0.00110486
,,,-2.05405e-007,0.000220973
,,,-2.05005e-007,-0.000220973
,,,-2.04605e-007,0.000441946
,,,-2.04205e-007,0.000220973
,,,-2.03805e-007,0.000441946
,,,-2.03405e-007,0.000441946
,,,-2.03005e-007,-0.000220973
,,,-2.02605e-007,0.000662919
,,,-2.02205e-007,-0.000220973
,,,-2.01805e-007,0
,,,-2.01405e-007,-0.000441946
,,,-2.01005e-007,0
,,,-2.00605e-007,-0.000441946
,,,-2.00205e-007,0
,,,-1.99805e-007,-0.000220973
,,,-1.99405e-007,-0.000662919
,,,-1.99005e-007,0
,,,-1.98605e-007,0.000220973
,,,-1.98205e-007,0
,,,-1.97805e-007,0.000220973
,,,-1.97405e-007,0
,,,-1.97005e-007,0
,,,-1.96605e-007,0.000883892
,,,-1.96205e-007,0.000662919
,,,-1.95805e-007,0.000441946
,,,-1.95405e-007,-0.000220973
,,,-1.95005e-007,0.000220973
,,,-1.94605e-007,-0.000220973
,,,-1.94205e-007,0
,,,-1.93805e-007,0.000220973
,,,-1.93405e-007,0
,,,-1.93005e-007,-0.000441946
,,,-1.92605e-007,0
,,,-1.92205e-007,0.000220973
,,,-1.91805e-007,0.000441946
,,,-1.91405e-007,-0.000662919
,,,-1.91005e-007,0.000220973
,,,-1.90605e-007,-0.000441946
,,,-1.90205e-007,-0.000441946
,,,-1.89805e-007,0.000220973
,,,-1.89405e-007,-0.000220973
,,,-1.89005e-007,0
,,,-1.88605e-007,0.000220973
,,,-1.88205e-007,0
,,,-1.87805e-007,0
,,,-1.87405e-007,0
,,,-1.87005e-007,0.000220973
,,,-1.86605e-007,0.000220973
,,,-1.86205e-007,0.000441946
,,,-1.85805e-007,0.000220973
,,,-1.85405e-007,-0.000441946
,,,-1.85005e-007,-0.000220973
,,,-1.84605e-007,0
,,,-1.84205e-007,0.000441946
,,,-1.83805e-007,-0.000220973
,,,-1.83405e-007,-0.000441946
,,,-1.83005e-007,0
,,,-1.82605e-007,0.000220973
,,,-1.82205e-007,0
,,,-1.81805e-007,0.000441946
,,,-1.81405e-007,0.000662919
,,,-1.81005e-007,0
,,,-1.80605e-007,0.00110486
,,,-1.80205e-007,0
,,,-1.79805e-007,0.000220973
,,,-1.79405e-007,-0.000220973
,,,-1.79005e-007,0.000441946
,,,-1.78605e-007,0.000220973
,,,-1.78205e-007,0.000441946
,,,-1.77805e-007,0
,,,-1.77405e-007,0.000220973
,,,-1.77005e-007,-0.000220973
,,,-1.76605e-007,-0.000220973
,,,-1.76205e-007,-0.000662919
,,,-1.75805e-007,-0.000220973
,,,-1.75405e-007,-0.000662919
,,,-1.75005e-007,0
,,,-1.74605e-007,0
,,,-1.74205e-007,0.000220973
,,,-1.73805e-007,-0.000220973
,,,-1.73405e-007,0.000220973
,,,-1.73005e-007,0.000662919
,,,-1.72605e-007,0.000441946
,,,-1.72205e-007,0
,,,-1.71805e-007,-0.000883892
,,,-1.71405e-007,-0.000220973
,,,-1.71005e-007,-0.000220973
,,,-1.70605e-007,0.000220973
,,,-1.70205e-007,0
,,,-1.69805e-007,0.000441946
,,,-1.69405e-007,0
,,,-1.69005e-007,-0.000441946
,,,-1.68605e-007,-0.000220973
,,,-1.68205e-007,0
,,,-1.67805e-007,-0.000220973
,,,-1.67405e-007,-0.000662919
,,,-1.67005e-007,-0.000662919
,,,-1.66605e-007,0.000441946
,,,-1.66205e-007,0.00132584
,,,-1.65805e-007,0
,,,-1.65405e-007,0.000220973
,,,-1.65005e-007,0
,,,-1.64605e-007,0.000220973
,,,-1.64205e-007,-0.000220973
,,,-1.63805e-007,-0.000220973
,,,-1.63405e-007,0.000220973
,,,-1.63005e-007,0
,,,-1.62605e-007,-0.000662919
,,,-1.62205e-007,-0.000220973
,,,-1.61805e-007,-0.000220973
,,,-1.61405e-007,0.000220973
,,,-1.61005e-007,-0.000220973
,,,-1.60605e-007,-0.000662919
,,,-1.60205e-007,-0.000220973
,,,-1.59805e-007,0.000220973
,,,-1.59405e-007,-0.000441946
,,,-1.59005e-007,-0.000220973
,,,-1.58605e-007,0.000220973
,,,-1.58205e-007,0.000220973
,,,-1.57805e-007,0
,,,-1.57405e-007,0.000220973
,,,-1.57005e-007,0
,,,-1.56605e-007,0.000662919
,,,-1.56205e-007,0
,,,-1.55805e-007,0.000441946
,,,-1.55405e-007,-0.000220973
,,,-1.55005e-007,-0.000220973
,,,-1.54605e-007,0.000441946
,,,-1.54205e-007,0.000441946
,,,-1.53805e-007,-0.000220973
,,,-1.53405e-007,-0.000441946
,,,-1.53005e-007,-0.00110486
,,,-1.52605e-007,-0.000441946
,,,-1.52205e-007,-0.000662919
,,,-1.51805e-007,-0.000220973
,,,-1.51405e-007,-0.00132584
,,,-1.51005e-007,0.000220973
,,,-1.50605e-007,-0.000220973
,,,-1.50205e-007,0.000662919
,,,-1.49805e-007,0.000220973
,,,-1.49405e-007,-0.000220973
,,,-1.49005e-007,-0.000220973
,,,-1.48605e-007,0.000662919
,,,-1.48205e-007,0.000441946
,,,-1.47805e-007,0.000441946
,,,-1.47405e-007,-0.000441946
,,,-1.47005e-007,-0.000441946
,,,-1.46605e-007,-0.000220973
,,,-1.46205e-007,0.000441946
,,,-1.45805e-007,-0.000220973
,,,-1.45405e-007,0.000220973
,,,-1.45005e-007,-0.000220973
,,,-1.44605e-007,0
,,,-1.44205e-007,0
,,,-1.43805e-007,0.000441946
,,,-1.43405e-007,0
,,,-1.43005e-007,0
,,,-1.42605e-007,-0.000441946
,,,-1.42205e-007,0.00110486
,,,-1.41805e-007,0.000441946
,,,-1.41405e-007,0
,,,-1.41005e-007,-0.000220973
,,,-1.40605e-007,-0.000220973
,,,-1.40205e-007,-0.000220973
,,,-1.39805e-007,-0.000441946
,,,-1.39405e-007,-0.000220973
,,,-1.39005e-007,-0.000220973
,,,-1.38605e-007,-0.000441946
,,,-1.38205e-007,0
,,,-1.37805e-007,0
,,,-1.37405e-007,-0.000220973
,,,-1.37005e-007,-0.000441946
,,,-1.36605e-007,-0.000220973
,,,-1.36205e-007,-0.000441946
,,,-1.35805e-007,-0.000441946
,,,-1.35405e-007,-0.000441946
,,,-1.35005e-007,-0.000441946
,,,-1.34605e-007,0.000220973
,,,-1.34205e-007,0.000662919
,,,-1.33805e-007,0.000662919
,,,-1.33405e-007,0.000220973
,,,-1.33005e-007,0
,,,-1.32605e-007,0
,,,-1.32205e-007,-0.000441946
,,,-1.31805e-007,-0.000662919
,,,-1.31405e-007,0
,,,-1.31005e-007,-0.000441946
,,,-1.30605e-007,-0.000883892
,,,-1.30205e-007,-0.000883892
,,,-1.29805e-007,0.000220973
,,,-1.29405e-007,0
,,,-1.29005e-007,0
,,,-1.28605e-007,-0.000441946
,,,-1.28205e-007,-0.000441946
,,,-1.27805e-007,-0.000220973
,,,-1.27405e-007,-0.00154681
,,,-1.27005e-007,-0.000662919
,,,-1.26605e-007,-0.000441946
,,,-1.26205e-007,-0.000441946
,,,-1.25805e-007,-0.000220973
,,,-1.25405e-007,0.000662919
,,,-1.25005e-007,-0.000441946
,,,-1.24605e-007,-0.000220973
,,,-1.24205e-007,0
,,,-1.23805e-007,-0.000220973
,,,-1.23405e-007,0.000220973
,,,-1.23005e-007,0
,,,-1.22605e-007,-0.000441946
,,,-1.22205e-007,-0.000662919
,,,-1.21805e-007,-0.000441946
,,,-1.21405e-007,0
,,,-1.21005e-007,0
,,,-1.20605e-007,-0.000220973
,,,-1.20205e-007,-0.000220973
,,,-1.19805e-007,0
,,,-1.19405e-007,-0.00110486
,,,-1.19005e-007,0
,,,-1.18605e-007,0.000220973
,,,-1.18205e-007,0.000441946
,,,-1.17805e-007,0
,,,-1.17405e-007,0
,,,-1.17005e-007,0
,,,-1.16605e-007,0.000220973
,,,-1.16205e-007,0.000220973
,,,-1.15805e-007,0.000441946
,,,-1.15405e-007,0.000883892
,,,-1.15005e-007,0.000220973
,,,-1.14605e-007,0.000883892
,,,-1.14205e-007,0.000441946
,,,-1.13805e-007,0
,,,-1.13405e-007,0
,,,-1.13005e-007,-0.000883892
,,,-1.12605e-007,-0.000883892
,,,-1.12205e-007,0
,,,-1.11805e-007,0
,,,-1.11405e-007,0.000441946
,,,-1.11005e-007,0
,,,-1.10605e-007,0.000220973
,,,-1.10205e-007,0
,,,-1.09805e-007,0.000220973
,,,-1.09405e-007,-0.000441946
,,,-1.09005e-007,-0.000441946
,,,-1.08605e-007,0.000220973
,,,-1.08205e-007,-0.000220973
,,,-1.07805e-007,0.000441946
,,,-1.07405e-007,-0.000220973
,,,-1.07005e-007,-0.000220973
,,,-1.06605e-007,0.000220973
,,,-1.06205e-007,0.000883892
,,,-1.05805e-007,-0.000220973
,,,-1.05405e-007,-0.000441946
,,,-1.05005e-007,0
,,,-1.04605e-007,-0.000220973
,,,-1.04205e-007,-0.000662919
,,,-1.03805e-007,0.000220973
,,,-1.03405e-007,-0.000441946
,,,-1.03005e-007,0
,,,-1.02605e-007,-0.000662919
,,,-1.02205e-007,0.000220973
,,,-1.01805e-007,0.000883892
,,,-1.01405e-007,0.000883892
,,,-1.01005e-007,-0.000220973
,,,-1.00605e-007,0
,,,-1.00205e-007,0
,,,-9.98049e-008,-0.000220973
,,,-9.94049e-008,0
,,,-9.90049e-008,0.000662919
,,,-9.86049e-008,-0.000220973
,,,-9.82049e-008,-0.000220973
,,,-9.78049e-008,-0.000220973
,,,-9.74049e-008,0
,,,-9.70049e-008,0.000220973
,,,-9.66049e-008,-0.000883892
,,,-9.62049e-008,-0.000220973
,,,-9.58049e-008,-0.000441946
,,,-9.54049e-008,-0.000220973
,,,-9.50049e-008,0.000441946
,,,-9.46049e-008,0.000662919
,,,-9.42049e-008,0.000441946
,,,-9.38049e-008,0
,,,-9.34049e-008,0
,,,-9.30049e-008,-0.000441946
,,,-9.26049e-008,0
,,,-9.22049e-008,0
,,,-9.18049e-008,0.000883892
,,,-9.14049e-008,0
,,,-9.10049e-008,0.000220973
,,,-9.06049e-008,0.000441946
,,,-9.02049e-008,0.000220973
,,,-8.98049e-008,0.000220973
,,,-8.94049e-008,0.000441946
,,,-8.90049e-008,-0.000441946
,,,-8.86049e-008,0
,,,-8.82049e-008,0.000220973
,,,-8.78049e-008,-0.000441946
,,,-8.74049e-008,-0.000662919
,,,-8.70049e-008,0
,,,-8.66049e-008,-0.000441946
,,,-8.62049e-008,0
,,,-8.58049e-008,-0.000220973
,,,-8.54049e-008,0.000220973
,,,-8.50049e-008,-0.000441946
,,,-8.46049e-008,0.000441946
,,,-8.42049e-008,0.000220973
,,,-8.38049e-008,0.000220973
,,,-8.34049e-008,0.000441946
,,,-8.30049e-008,-0.000220973
,,,-8.26049e-008,0
,,,-8.22049e-008,0
,,,-8.18049e-008,0
,,,-8.14049e-008,0.000220973
,,,-8.10049e-008,-0.000441946
,,,-8.06049e-008,0
,,,-8.02049e-008,-0.000220973
,,,-7.98049e-008,-0.000220973
,,,-7.94049e-008,-0.000220973
,,,-7.90049e-008,-0.000220973
,,,-7.86049e-008,-0.000441946
,,,-7.82049e-008,-0.000220973
,,,-7.78049e-008,0
,,,-7.74049e-008,0.000883892
,,,-7.70049e-008,-0.000220973
,,,-7.66049e-008,0.000220973
,,,-7.62049e-008,-0.000441946
,,,-7.58049e-008,-0.000662919
,,,-7.54049e-008,0
,,,-7.50049e-008,0.000441946
,,,-7.46049e-008,0.000441946
,,,-7.42049e-008,0
,,,-7.38049e-008,-0.000220973
,,,-7.34049e-008,-0.000220973
,,,-7.30049e-008,-0.000220973
,,,-7.26049e-008,-0.000441946
,,,-7.22049e-008,0
,,,-7.18049e-008,0.000441946
,,,-7.14049e-008,-0.000441946
,,,-7.10049e-008,-0.000662919
,,,-7.06049e-008,0
,,,-7.02049e-008,0.000883892
,,,-6.98049e-008,0
,,,-6.94049e-008,-0.000441946
,,,-6.90049e-008,0.000220973
,,,-6.86049e-008,0.000220973
,,,-6.82049e-008,0.000662919
,,,-6.78049e-008,0
,,,-6.74049e-008,-0.000441946
,,,-6.70049e-008,0.000441946
,,,-6.66049e-008,0
,,,-6.62049e-008,-0.000220973
,,,-6.58049e-008,0
,,,-6.54049e-008,0
,,,-6.50049e-008,-0.000441946
,,,-6.46049e-008,-0.000662919
,,,-6.42049e-008,0.000441946
,,,-6.38049e-008,0
,,,-6.34049e-008,-0.000662919
,,,-6.30049e-008,0.000220973
,,,-6.26049e-008,-0.000220973
,,,-6.22049e-008,-0.000220973
,,,-6.18049e-008,0
,,,-6.14049e-008,0
,,,-6.10049e-008,-0.000220973
,,,-6.06049e-008,0.000441946
,,,-6.02049e-008,-0.000441946
,,,-5.98049e-008,0
,,,-5.94049e-008,0
,,,-5.90049e-008,0
,,,-5.86049e-008,0.000441946
,,,-5.82049e-008,0
,,,-5.78049e-008,-0.000441946
,,,-5.74049e-008,0.000220973
,,,-5.70049e-008,0
,,,-5.66049e-008,-0.000220973
,,,-5.62049e-008,0.000441946
,,,-5.58049e-008,0.000220973
,,,-5.54049e-008,0
,,,-5.50049e-008,0.000441946
,,,-5.46049e-008,-0.000441946
,,,-5.42049e-008,0
,,,-5.38049e-008,-0.000220973
,,,-5.34049e-008,0.00110486
,,,-5.30049e-008,0.000220973
,,,-5.26049e-008,0.000662919
,,,-5.22049e-008,-0.000883892
,,,-5.18049e-008,0
,,,-5.14049e-008,0.000441946
,,,-5.10049e-008,0.000441946
,,,-5.06049e-008,0
,,,-5.02049e-008,0.000220973
,,,-4.98049e-008,0.000441946
,,,-4.94049e-008,0.000441946
,,,-4.90049e-008,0
,,,-4.86049e-008,0.000220973
,,,-4.82049e-008,-0.000441946
,,,-4.78049e-008,-0.000662919
,,,-4.74049e-008,-0.000883892
,,,-4.70049e-008,0.000441946
,,,-4.66049e-008,0.000220973
,,,-4.62049e-008,0.000220973
,,,-4.58049e-008,-0.000441946
,,,-4.54049e-008,-0.000220973
,,,-4.50049e-008,0
,,,-4.46049e-008,-0.000220973
,,,-4.42049e-008,0
,,,-4.38049e-008,0.000883892
,,,-4.34049e-008,-0.000220973
,,,-4.30049e-008,0.000441946
,,,-4.26049e-008,0.000883892
,,,-4.22049e-008,0.000441946
,,,-4.18049e-008,0
,,,-4.14049e-008,0
,,,-4.10049e-008,0
,,,-4.06049e-008,0
,,,-4.02049e-008,-0.000441946
,,,-3.98049e-008,0
,,,-3.94049e-008,-0.000662919
,,,-3.90049e-008,0.000220973
,,,-3.86049e-008,-0.000220973
,,,-3.82049e-008,0
,,,-3.78049e-008,0.000220973
,,,-3.74049e-008,0
,,,-3.70049e-008,0.000220973
,,,-3.66049e-008,-0.000220973
,,,-3.62049e-008,0
,,,-3.58049e-008,0
,,,-3.54049e-008,0.000441946
,,,-3.50049e-008,0.000441946
,,,-3.46049e-008,-0.000220973
,,,-3.42049e-008,-0.000441946
,,,-3.38049e-008,0
,,,-3.34049e-008,0.000441946
,,,-3.30049e-008,-0.000441946
,,,-3.26049e-008,-0.000883892
,,,-3.22049e-008,-0.000441946
,,,-3.18049e-008,0.000662919
,,,-3.14049e-008,0.000220973
,,,-3.10049e-008,0.000220973
,,,-3.06049e-008,0.000441946
,,,-3.02049e-008,0
,,,-2.98049e-008,0
,,,-2.94049e-008,-0.000220973
,,,-2.90049e-008,0.000220973
,,,-2.86049e-008,0.000662919
,,,-2.82049e-008,0.000220973
,,,-2.78049e-008,0
,,,-2.74049e-008,0.000220973
,,,-2.70049e-008,0.000220973
,,,-2.66049e-008,0.000220973
,,,-2.62049e-008,0.000220973
,,,-2.58049e-008,0
,,,-2.54049e-008,-0.000220973
,,,-2.50049e-008,0
,,,-2.46049e-008,0
,,,-2.42049e-008,-0.000441946
,,,-2.38049e-008,0
,,,-2.34049e-008,-0.000662919
,,,-2.30049e-008,0.000220973
,,,-2.26049e-008,-0.000441946
,,,-2.22049e-008,0.000441946
,,,-2.18049e-008,-0.000220973
,,,-2.14049e-008,-0.000220973
,,,-2.10049e-008,-0.000220973
,,,-2.06049e-008,0.000441946
,,,-2.02049e-008,-0.000220973
,,,-1.98049e-008,0
,,,-1.94049e-008,0
,,,-1.90049e-008,0
,,,-1.86049e-008,-0.000662919
,,,-1.82049e-008,-0.000220973
,,,-1.78049e-008,-0.000441946
,,,-1.74049e-008,-0.000220973
,,,-1.70049e-008,-0.000441946
,,,-1.66049e-008,0
,,,-1.62049e-008,-0.000662919
,,,-1.58049e-008,-0.000883892
,,,-1.54049e-008,0.000441946
,,,-1.50049e-008,0.000662919
,,,-1.46049e-008,0
,,,-1.42049e-008,-0.000220973
,,,-1.38049e-008,-0.000220973
,,,-1.34049e-008,0.000441946
,,,-1.30049e-008,0
,,,-1.26049e-008,0.000220973
,,,-1.22049e-008,0
,,,-1.18049e-008,0
,,,-1.14049e-008,0.000662919
,,,-1.10049e-008,-0.000220973
,,,-1.06049e-008,0.000220973
,,,-1.02049e-008,0.000220973
,,,-9.80489e-009,-0.000662919
,,,-9.40489e-009,-0.000220973
,,,-9.00489e-009,0
,,,-8.60489e-009,0
,,,-8.20489e-009,0
,,,-7.80489e-009,0.000662919
,,,-7.40489e-009,0
,,,-7.00489e-009,-0.000220973
,,,-6.60489e-009,0
,,,-6.20489e-009,0.00110486
,,,-5.80489e-009,0.000220973
,,,-5.40489e-009,-0.000441946
,,,-5.00489e-009,-0.000441946
,,,-4.60489e-009,0
,,,-4.20489e-009,0
,,,-3.80489e-009,-0.000220973
,,,-3.40489e-009,0
,,,-3.00489e-009,-0.000220973
,,,-2.60489e-009,-0.000441946
,,,-2.20489e-009,0.000220973
,,,-1.80489e-009,0
,,,-1.40489e-009,0
,,,-1.00489e-009,-0.000220973
,,,-6.04893e-010,-0.000441946
,,,-2.04893e-010,-0.000220973
,,,1.95107e-010,-0.000220973
,,,5.95107e-010,-0.000220973
,,,9.95107e-010,-0.000220973
,,,1.39511e-009,-0.000441946
,,,1.79511e-009,0.000441946
,,,2.19511e-009,0
,,,2.59511e-009,0.000662919
,,,2.99511e-009,0.000220973
,,,3.39511e-009,0.000220973
,,,3.79511e-009,0
,,,4.19511e-009,0
,,,4.59511e-009,-0.000662919
,,,4.99511e-009,0.000441946
,,,5.39511e-009,0
,,,5.79511e-009,0.000220973
,,,6.19511e-009,-0.000441946
,,,6.59511e-009,0.000220973
,,,6.99511e-009,0.000883892
,,,7.39511e-009,0
,,,7.79511e-009,0.000441946
,,,8.19511e-009,-0.000220973
,,,8.59511e-009,0.000441946
,,,8.99511e-009,0
,,,9.39511e-009,-0.000441946
,,,9.79511e-009,0
,,,1.01951e-008,0.000662919
,,,1.05951e-008,0.000220973
,,,1.09951e-008,-0.000883892
,,,1.13951e-008,0.000220973
,,,1.17951e-008,-0.000220973
,,,1.21951e-008,-0.000441946
,,,1.25951e-008,-0.000662919
,,,1.29951e-008,0.000662919
,,,1.33951e-008,0.000220973
,,,1.37951e-008,0.000220973
,,,1.41951e-008,-0.000441946
,,,1.45951e-008,0.000220973
,,,1.49951e-008,-0.000220973
,,,1.53951e-008,-0.000441946
,,,1.57951e-008,-0.000441946
,,,1.61951e-008,-0.000662919
,,,1.65951e-008,0
,,,1.69951e-008,0.000220973
,,,1.73951e-008,0.000220973
,,,1.77951e-008,0
,,,1.81951e-008,0.000441946
,,,1.85951e-008,0.000662919
,,,1.89951e-008,0.000662919
,,,1.93951e-008,0.000441946
,,,1.97951e-008,0.000220973
,,,2.01951e-008,0
,,,2.05951e-008,-0.000220973
,,,2.09951e-008,0.000883892
,,,2.13951e-008,0
,,,2.17951e-008,0.000441946
,,,2.21951e-008,-0.000220973
,,,2.25951e-008,0
,,,2.29951e-008,0
,,,2.33951e-008,0.000220973
,,,2.37951e-008,0
,,,2.41951e-008,0.000220973
,,,2.45951e-008,-0.000662919
,,,2.49951e-008,-0.000662919
,,,2.53951e-008,0.000220973
,,,2.57951e-008,0.00110486
,,,2.61951e-008,0
,,,2.65951e-008,0
,,,2.69951e-008,0.000220973
,,,2.73951e-008,0.000220973
,,,2.77951e-008,0
,,,2.81951e-008,0
,,,2.85951e-008,0.000220973
,,,2.89951e-008,0.000220973
,,,2.93951e-008,0
,,,2.97951e-008,0.000220973
,,,3.01951e-008,-0.000883892
,,,3.05951e-008,0.000441946
,,,3.09951e-008,0.000220973
,,,3.13951e-008,-0.000220973
,,,3.17951e-008,0
,,,3.21951e-008,-0.000220973
,,,3.25951e-008,-0.000441946
,,,3.29951e-008,-0.000220973
,,,3.33951e-008,0
,,,3.37951e-008,-0.000220973
,,,3.41951e-008,0.000220973
,,,3.45951e-008,0
,,,3.49951e-008,-0.000220973
,,,3.53951e-008,0.000883892
,,,3.57951e-008,0
,,,3.61951e-008,-0.000441946
,,,3.65951e-008,0
,,,3.69951e-008,0.000220973
,,,3.73951e-008,0.000662919
,,,3.77951e-008,0.000220973
,,,3.81951e-008,-0.000441946
,,,3.85951e-008,0
,,,3.89951e-008,0.000441946
,,,3.93951e-008,-0.000662919
,,,3.97951e-008,0
,,,4.01951e-008,0.000220973
,,,4.05951e-008,-0.000441946
,,,4.09951e-008,0.000220973
,,,4.13951e-008,-0.000441946
,,,4.17951e-008,0.000441946
,,,4.21951e-008,0.000220973
,,,4.25951e-008,0.000220973
,,,4.29951e-008,-0.000220973
,,,4.33951e-008,0.000220973
,,,4.37951e-008,-0.000220973
,,,4.41951e-008,0
,,,4.45951e-008,0
,,,4.49951e-008,0.000441946
,,,4.53951e-008,0.000441946
,,,4.57951e-008,0.000220973
,,,4.61951e-008,0
,,,4.65951e-008,-0.000662919
,,,4.69951e-008,0.000220973
,,,4.73951e-008,0.000220973
,,,4.77951e-008,-0.000220973
,,,4.81951e-008,-0.000662919
,,,4.85951e-008,-0.000441946
,,,4.89951e-008,-0.000662919
,,,4.93951e-008,-0.000441946
,,,4.97951e-008,0.000220973
,,,5.01951e-008,0.000441946
,,,5.05951e-008,0.000220973
,,,5.09951e-008,0.000220973
,,,5.13951e-008,0
,,,5.17951e-008,0.000220973
,,,5.21951e-008,0.000220973
,,,5.25951e-008,0
,,,5.29951e-008,0.000441946
,,,5.33951e-008,0.000220973
,,,5.37951e-008,0
,,,5.41951e-008,0
,,,5.45951e-008,0.000220973
,,,5.49951e-008,-0.000220973
,,,5.53951e-008,-0.000220973
,,,5.57951e-008,0.000220973
,,,5.61951e-008,-0.000220973
,,,5.65951e-008,-0.000662919
,,,5.69951e-008,0
,,,5.73951e-008,0.000441946
,,,5.77951e-008,0.000441946
,,,5.81951e-008,0.000220973
,,,5.85951e-008,-0.000220973
,,,5.89951e-008,0
,,,5.93951e-008,-0.000220973
,,,5.97951e-008,0.000662919
,,,6.01951e-008,0.000220973
,,,6.05951e-008,-0.000441946
,,,6.09951e-008,0
,,,6.13951e-008,0.000220973
,,,6.17951e-008,-0.000220973
,,,6.21951e-008,0.000220973
,,,6.25951e-008,-0.000220973
,,,6.29951e-008,-0.000441946
,,,6.33951e-008,-0.000220973
,,,6.37951e-008,-0.000441946
,,,6.41951e-008,0.000441946
,,,6.45951e-008,-0.000441946
,,,6.49951e-008,-0.000441946
,,,6.53951e-008,-0.000220973
,,,6.57951e-008,0.000441946
,,,6.61951e-008,0.000441946
,,,6.65951e-008,0.000662919
,,,6.69951e-008,-0.000441946
,,,6.73951e-008,0.000441946
,,,6.77951e-008,-0.000220973
,,,6.81951e-008,0.000441946
,,,6.85951e-008,0.000441946
,,,6.89951e-008,0.00110486
,,,6.93951e-008,0
,,,6.97951e-008,0.000441946
,,,7.01951e-008,0.000220973
,,,7.05951e-008,0.000220973
,,,7.09951e-008,0
,,,7.13951e-008,0.000220973
,,,7.17951e-008,0
,,,7.21951e-008,0.000220973
,,,7.25951e-008,-0.000441946
,,,7.29951e-008,0
,,,7.33951e-008,0.000220973
,,,7.37951e-008,0.000441946
,,,7.41951e-008,0
,,,7.45951e-008,0.000441946
,,,7.49951e-008,-0.000220973
,,,7.53951e-008,0
,,,7.57951e-008,-0.000220973
,,,7.61951e-008,-0.000220973
,,,7.65951e-008,-0.000441946
,,,7.69951e-008,0
,,,7.73951e-008,-0.000220973
,,,7.77951e-008,-0.000220973
,,,7.81951e-008,-0.000441946
,,,7.85951e-008,0
,,,7.89951e-008,0.000441946
,,,7.93951e-008,-0.000441946
,,,7.97951e-008,0.000220973
,,,8.01951e-008,-0.000220973
,,,8.05951e-008,0
,,,8.09951e-008,0.000441946
,,,8.13951e-008,0.000441946
,,,8.17951e-008,0.000220973
,,,8.21951e-008,0.000220973
,,,8.25951e-008,0.000220973
,,,8.29951e-008,0
,,,8.33951e-008,0.000220973
,,,8.37951e-008,0.000220973
,,,8.41951e-008,0.000441946
,,,8.45951e-008,0
,,,8.49951e-008,-0.000220973
,,,8.53951e-008,0
,,,8.57951e-008,-0.000441946
,,,8.61951e-008,0.000441946
,,,8.65951e-008,0
,,,8.69951e-008,-0.000220973
,,,8.73951e-008,-0.000662919
,,,8.77951e-008,0.000220973
,,,8.81951e-008,0.000662919
,,,8.85951e-008,0
,,,8.89951e-008,-0.000662919
,,,8.93951e-008,0.000220973
,,,8.97951e-008,0
,,,9.01951e-008,0
,,,9.05951e-008,0.000220973
,,,9.09951e-008,-0.000220973
,,,9.13951e-008,0.000662919
,,,9.17951e-008,0.000441946
,,,9.21951e-008,-0.000441946
,,,9.25951e-008,0.000220973
,,,9.29951e-008,0.000883892
,,,9.33951e-008,0
,,,9.37951e-008,0.000441946
,,,9.41951e-008,0.00132584
,,,9.45951e-008,0.00110486
,,,9.49951e-008,0.00198876
,,,9.53951e-008,0.00265168
,,,9.57951e-008,0.00309362
,,,9.61951e-008,0.00508238
,,,9.65951e-008,0.0057453
,,,9.69951e-008,0.00729211
,,,9.73951e-008,0.00795503
,,,9.77951e-008,0.00905989
,,,9.81951e-008,0.0106067
,,,9.85951e-008,0.0114906
,,,9.89951e-008,0.0125955
,,,9.93951e-008,0.0139213
,,,9.97951e-008,0.0141423
,,,1.00195e-007,0.0148052
,,,1.00595e-007,0.0152471
,,,1.00995e-007,0.0154681
,,,1.01395e-007,0.016131
,,,1.01795e-007,0.016573
,,,1.02195e-007,0.016352
,,,1.02595e-007,0.016573
,,,1.02995e-007,0.0172359
,,,1.03395e-007,0.0167939
,,,1.03795e-007,0.0172359
,,,1.04195e-007,0.0174569
,,,1.04595e-007,0.016573
,,,1.04995e-007,0.0176778
,,,1.05395e-007,0.0172359
,,,1.05795e-007,0.0174569
,,,1.06195e-007,0.0174569
,,,1.06595e-007,0.0181198
,,,1.06995e-007,0.0174569
,,,1.07395e-007,0.0183408
,,,1.07795e-007,0.0170149
,,,1.08195e-007,0.0174569
,,,1.08595e-007,0.0178988
,,,1.08995e-007,0.0174569
,,,1.09395e-007,0.0176778
,,,1.09795e-007,0.0170149
,,,1.10195e-007,0.0178988
,,,1.10595e-007,0.0178988
,,,1.10995e-007,0.0172359
,,,1.11395e-007,0.0176778
,,,1.11795e-007,0.0176778
,,,1.12195e-007,0.0178988
,,,1.12595e-007,0.0176778
,,,1.12995e-007,0.0181198
,,,1.13395e-007,0.0174569
,,,1.13795e-007,0.0176778
,,,1.14195e-007,0.0178988
,,,1.14595e-007,0.0176778
,,,1.14995e-007,0.0176778
,,,1.15395e-007,0.0176778
,,,1.15795e-007,0.0176778
,,,1.16195e-007,0.0172359
,,,1.16595e-007,0.0172359
,,,1.16995e-007,0.0176778
,,,1.17395e-007,0.0174569
,,,1.17795e-007,0.0170149
,,,1.18195e-007,0.0176778
,,,1.18595e-007,0.0174569
,,,1.18995e-007,0.0174569
,,,1.19395e-007,0.0167939
,,,1.19795e-007,0.0174569
,,,1.20195e-007,0.0183408
,,,1.20595e-007,0.0170149
,,,1.20995e-007,0.0178988
,,,1.21395e-007,0.0178988
,,,1.21795e-007,0.0190037
,,,1.22195e-007,0.0183408
,,,1.22595e-007,0.0190037
,,,1.22995e-007,0.0190037
,,,1.23395e-007,0.0192246
,,,1.23795e-007,0.0192246
,,,1.24195e-007,0.0203295
,,,1.24595e-007,0.0201085
,,,1.24995e-007,0.0201085
,,,1.25395e-007,0.0203295
,,,1.25795e-007,0.0209924
,,,1.26195e-007,0.0207715
,,,1.26595e-007,0.0205505
,,,1.26995e-007,0.0203295
,,,1.27395e-007,0.0203295
,,,1.27795e-007,0.0201085
,,,1.28195e-007,0.0196666
,,,1.28595e-007,0.0198876
,,,1.28995e-007,0.0201085
,,,1.29395e-007,0.0190037
,,,1.29795e-007,0.0190037
,,,1.30195e-007,0.0185617
,,,1.30595e-007,0.0185617
,,,1.30995e-007,0.0178988
,,,1.31395e-007,0.0185617
,,,1.31795e-007,0.0176778
,,,1.32195e-007,0.0176778
,,,1.32595e-007,0.0167939
,,,1.32995e-007,0.0172359
,,,1.33395e-007,0.0172359
,,,1.33795e-007,0.0172359
,,,1.34195e-007,0.0172359
,,,1.34595e-007,0.016573
,,,1.34995e-007,0.016573
,,,1.35395e-007,0.016573
,,,1.35795e-007,0.0170149
,,,1.36195e-007,0.016352
,,,1.36595e-007,0.0156891
,,,1.36995e-007,0.0156891
,,,1.37395e-007,0.0159101
,,,1.37795e-007,0.016573
,,,1.38195e-007,0.0159101
,,,1.38595e-007,0.016573
,,,1.38995e-007,0.016352
,,,1.39395e-007,0.0167939
,,,1.39795e-007,0.016131
,,,1.40195e-007,0.016131
,,,1.40595e-007,0.0159101
,,,1.40995e-007,0.016352
,,,1.41395e-007,0.016573
,,,1.41795e-007,0.0159101
,,,1.42195e-007,0.0145842
,,,1.42595e-007,0.0148052
,,,1.42995e-007,0.0156891
,,,1.43395e-007,0.0154681
,,,1.43795e-007,0.0143632
,,,1.44195e-007,0.0152471
,,,1.44595e-007,0.0145842
,,,1.44995e-007,0.0148052
,,,1.45395e-007,0.0150262
,,,1.45795e-007,0.0150262
,,,1.46195e-007,0.0145842
,,,1.46595e-007,0.0150262
,,,1.46995e-007,0.0148052
,,,1.47395e-007,0.0150262
,,,1.47795e-007,0.0143632
,,,1.48195e-007,0.0150262
,,,1.48595e-007,0.0148052
,,,1.48995e-007,0.0143632
,,,1.49395e-007,0.0145842
,,,1.49795e-007,0.0150262
,,,1.50195e-007,0.0148052
,,,1.50595e-007,0.0141423
,,,1.50995e-007,0.0141423
,,,1.51395e-007,0.0141423
,,,1.51795e-007,0.0139213
,,,1.52195e-007,0.0139213
,,,1.52595e-007,0.0139213
,,,1.52995e-007,0.0139213
,,,1.53395e-007,0.0141423
,,,1.53795e-007,0.0141423
,,,1.54195e-007,0.0141423
,,,1.54595e-007,0.0139213
,,,1.54995e-007,0.0123745
,,,1.55395e-007,0.0137003
,,,1.55795e-007,0.0134794
,,,1.56195e-007,0.0121535
,,,1.56595e-007,0.0121535
,,,1.56995e-007,0.0125955
,,,1.57395e-007,0.0123745
,,,1.57795e-007,0.0123745
,,,1.58195e-007,0.0123745
,,,1.58595e-007,0.0114906
,,,1.58995e-007,0.0117116
,,,1.59395e-007,0.0112696
,,,1.59795e-007,0.0117116
,,,1.60195e-007,0.0117116
,,,1.60595e-007,0.0121535
,,,1.60995e-007,0.0117116
,,,1.61395e-007,0.0114906
,,,1.61795e-007,0.0117116
,,,1.62195e-007,0.0121535
,,,1.62595e-007,0.0123745
,,,1.62995e-007,0.0121535
,,,1.63395e-007,0.0121535
,,,1.63795e-007,0.0123745
,,,1.64195e-007,0.0117116
,,,1.64595e-007,0.0110486
,,,1.64995e-007,0.0125955
,,,1.65395e-007,0.0125955
,,,1.65795e-007,0.0123745
,,,1.66195e-007,0.0117116
,,,1.66595e-007,0.0119325
,,,1.66995e-007,0.0123745
,,,1.67395e-007,0.0128164
,,,1.67795e-007,0.0119325
,,,1.68195e-007,0.0123745
,,,1.68595e-007,0.0121535
,,,1.68995e-007,0.0128164
,,,1.69395e-007,0.0123745
,,,1.69795e-007,0.0130374
,,,1.70195e-007,0.0123745
,,,1.70595e-007,0.0121535
,,,1.70995e-007,0.0119325
,,,1.71395e-007,0.0117116
,,,1.71795e-007,0.0110486
,,,1.72195e-007,0.0121535
,,,1.72595e-007,0.0119325
,,,1.72995e-007,0.0128164
,,,1.73395e-007,0.0128164
,,,1.73795e-007,0.0130374
,,,1.74195e-007,0.0117116
,,,1.74595e-007,0.0119325
,,,1.74995e-007,0.0114906
,,,1.75395e-007,0.0125955
,,,1.75795e-007,0.0123745
,,,1.76195e-007,0.0121535
,,,1.76595e-007,0.0117116
,,,1.76995e-007,0.0123745
,,,1.77395e-007,0.0123745
,,,1.77795e-007,0.0123745
,,,1.78195e-007,0.0125955
,,,1.78595e-007,0.0128164
,,,1.78995e-007,0.0121535
,,,1.79395e-007,0.0130374
,,,1.79795e-007,0.0125955
,,,1.80195e-007,0.0123745
,,,1.80595e-007,0.0119325
,,,1.80995e-007,0.0121535
,,,1.81395e-007,0.0130374
,,,1.81795e-007,0.0123745
,,,1.82195e-007,0.0119325
,,,1.82595e-007,0.0121535
,,,1.82995e-007,0.0121535
,,,1.83395e-007,0.0130374
,,,1.83795e-007,0.0117116
,,,1.84195e-007,0.0119325
,,,1.84595e-007,0.0123745
,,,1.84995e-007,0.0114906
,,,1.85395e-007,0.0117116
,,,1.85795e-007,0.0121535
,,,1.86195e-007,0.0128164
,,,1.86595e-007,0.0125955
,,,1.86995e-007,0.0125955
,,,1.87395e-007,0.0132584
,,,1.87795e-007,0.0125955
,,,1.88195e-007,0.0130374
,,,1.88595e-007,0.0134794
,,,1.88995e-007,0.0139213
,,,1.89395e-007,0.0132584
,,,1.89795e-007,0.0134794
,,,1.90195e-007,0.0134794
,,,1.90595e-007,0.0132584
,,,1.90995e-007,0.0130374
,,,1.91395e-007,0.0125955
,,,1.91795e-007,0.0132584
,,,1.92195e-007,0.0132584
,,,1.92595e-007,0.0130374
,,,1.92995e-007,0.0137003
,,,1.93395e-007,0.0139213
,,,1.93795e-007,0.0141423
,,,1.94195e-007,0.0143632
,,,1.94595e-007,0.0143632
,,,1.94995e-007,0.0132584
,,,1.95395e-007,0.0134794
,,,1.95795e-007,0.0128164
,,,1.96195e-007,0.0130374
,,,1.96595e-007,0.0139213
,,,1.96995e-007,0.0141423
,,,1.97395e-007,0.0128164
,,,1.97795e-007,0.0137003
,,,1.98195e-007,0.0134794
,,,1.98595e-007,0.0134794
,,,1.98995e-007,0.0132584
,,,1.99395e-007,0.0128164
,,,1.99795e-007,0.0130374
,,,2.00195e-007,0.0125955
,,,2.00595e-007,0.0119325
,,,2.00995e-007,0.0123745
,,,2.01395e-007,0.0119325
,,,2.01795e-007,0.0119325
,,,2.02195e-007,0.0123745
,,,2.02595e-007,0.0123745
,,,2.02995e-007,0.0121535
,,,2.03395e-007,0.0125955
,,,2.03795e-007,0.0130374
,,,2.04195e-007,0.0117116
,,,2.04595e-007,0.0121535
,,,2.04995e-007,0.0112696
,,,2.05395e-007,0.0119325
,,,2.05795e-007,0.0123745
,,,2.06195e-007,0.0110486
,,,2.06595e-007,0.0106067
,,,2.06995e-007,0.0103857
,,,2.07395e-007,0.0112696
,,,2.07795e-007,0.00950184
,,,2.08195e-007,0.00950184
,,,2.08595e-007,0.00950184
,,,2.08995e-007,0.00883892
,,,2.09395e-007,0.00883892
,,,2.09795e-007,0.00905989
,,,2.10195e-007,0.00928087
,,,2.10595e-007,0.00795503
,,,2.10995e-007,0.00773405
,,,2.11395e-007,0.00707114
,,,2.11795e-007,0.00685016
,,,2.12195e-007,0.00662919
,,,2.12595e-007,0.00596627
,,,2.12995e-007,0.00662919
,,,2.13395e-007,0.00596627
,,,2.13795e-007,0.00552432
,,,2.14195e-007,0.00530335
,,,2.14595e-007,0.00530335
,,,2.14995e-007,0.00441946
,,,2.15395e-007,0.00419849
,,,2.15795e-007,0.00486141
,,,2.16195e-007,0.00353557
,,,2.16595e-007,0.00375654
,,,2.16995e-007,0.00287265
,,,2.17395e-007,0.00287265
,,,2.17795e-007,0.00397751
,,,2.18195e-007,0.00309362
,,,2.18595e-007,0.00265168
,,,2.18995e-007,0.0024307
,,,2.19395e-007,0.00176778
,,,2.19795e-007,0.00198876
,,,2.20195e-007,0.00220973
,,,2.20595e-007,0.00220973
,,,2.20995e-007,0.00132584
,,,2.21395e-007,0.00198876
,,,2.21795e-007,0.00176778
,,,2.22195e-007,0.00154681
,,,2.22595e-007,0.00154681
,,,2.22995e-007,0.00176778
,,,2.23395e-007,0.00154681
,,,2.23795e-007,0.00198876
,,,2.24195e-007,0.000662919
,,,2.24595e-007,0.000662919
,,,2.24995e-007,0.00154681
,,,2.25395e-007,0.00110486
,,,2.25795e-007,0.000883892
,,,2.26195e-007,0.00154681
,,,2.26595e-007,0.000662919
,,,2.26995e-007,0.00110486
,,,2.27395e-007,0.00110486
,,,2.27795e-007,0
,,,2.28195e-007,0.000441946
,,,2.28595e-007,0.000662919
,,,2.28995e-007,0.000883892
,,,2.29395e-007,0.000883892
,,,2.29795e-007,0.000220973
,,,2.30195e-007,0
,,,2.30595e-007,0.000441946
,,,2.30995e-007,0.000441946
,,,2.31395e-007,0
,,,2.31795e-007,-0.000662919
,,,2.32195e-007,0.000220973
,,,2.32595e-007,-0.000662919
,,,2.32995e-007,0.000441946
,,,2.33395e-007,0.000441946
,,,2.33795e-007,0.000441946
,,,2.34195e-007,-0.000441946
,,,2.34595e-007,0.000662919
,,,2.34995e-007,-0.000220973
,,,2.35395e-007,0
,,,2.35795e-007,-0.000662919
,,,2.36195e-007,-0.000220973
,,,2.36595e-007,-0.000441946
,,,2.36995e-007,0
,,,2.37395e-007,-0.000883892
,,,2.37795e-007,-0.000441946
,,,2.38195e-007,-0.000883892
,,,2.38595e-007,-0.000441946
,,,2.38995e-007,-0.000662919
,,,2.39395e-007,-0.000220973
,,,2.39795e-007,-0.000441946
,,,2.40195e-007,-0.000441946
,,,2.40595e-007,0.000662919
,,,2.40995e-007,-0.000441946
,,,2.41395e-007,-0.000441946
,,,2.41795e-007,0.000220973
,,,2.42195e-007,0
,,,2.42595e-007,0
,,,2.42995e-007,-0.000220973
,,,2.43395e-007,0
,,,2.43795e-007,-0.000883892
,,,2.44195e-007,-0.000220973
,,,2.44595e-007,-0.000441946
,,,2.44995e-007,-0.000441946
,,,2.45395e-007,-0.000441946
,,,2.45795e-007,-0.000441946
,,,2.46195e-007,-0.000662919
,,,2.46595e-007,-0.000662919
,,,2.46995e-007,-0.000220973
,,,2.47395e-007,-0.000220973
,,,2.47795e-007,-0.000441946
,,,2.48195e-007,0
,,,2.48595e-007,-0.000441946
,,,2.48995e-007,-0.000441946
,,,2.49395e-007,-0.000662919
,,,2.49795e-007,0
,,,2.50195e-007,0.000883892
