"Record Length",1252,"Points",-2.50089e-007,0.000220973
"Sample Interval",4e-010,s,-2.49689e-007,0.000220973
"Trigger Point",625,"Samples",-2.49289e-007,0
"Trigger Time",0.222282,s,-2.48889e-007,-0.000441946
,,,-2.48489e-007,-0.000220973
"Horizontal Offset",-2.50089e-007,s,-2.48089e-007,-0.000220973
,,,-2.47689e-007,0
,,,-2.47289e-007,0
,,,-2.46889e-007,0.000662919
,,,-2.46489e-007,0.000662919
,,,-2.46089e-007,-0.000441946
,,,-2.45689e-007,0
,,,-2.45289e-007,0.000441946
,,,-2.44889e-007,0.000220973
,,,-2.44489e-007,-0.000220973
,,,-2.44089e-007,0.000220973
,,,-2.43689e-007,0.000220973
,,,-2.43289e-007,0.000220973
,,,-2.42889e-007,0.000883892
,,,-2.42489e-007,0.000220973
,,,-2.42089e-007,-0.000220973
,,,-2.41689e-007,0
,,,-2.41289e-007,0.000220973
,,,-2.40889e-007,0
,,,-2.40489e-007,0.000220973
,,,-2.40089e-007,-0.000662919
,,,-2.39689e-007,0.000220973
,,,-2.39289e-007,0.000662919
,,,-2.38889e-007,0
,,,-2.38489e-007,0.000662919
,,,-2.38089e-007,0.000220973
,,,-2.37689e-007,0.000883892
,,,-2.37289e-007,0.000662919
,,,-2.36889e-007,0.000662919
,,,-2.36489e-007,0.000220973
,,,-2.36089e-007,0.000441946
,,,-2.35689e-007,0.000441946
,,,-2.35289e-007,0
,,,-2.34889e-007,0.000662919
,,,-2.34489e-007,0
,,,-2.34089e-007,-0.000441946
,,,-2.33689e-007,0.000220973
,,,-2.33289e-007,0.000662919
,,,-2.32889e-007,0.000220973
,,,-2.32489e-007,0.000441946
,,,-2.32089e-007,0.000441946
,,,-2.31689e-007,0
,,,-2.31289e-007,-0.000441946
,,,-2.30889e-007,-0.000220973
,,,-2.30489e-007,0
,,,-2.30089e-007,0.000220973
,,,-2.29689e-007,0.000883892
,,,-2.29289e-007,0
,,,-2.28889e-007,-0.000662919
,,,-2.28489e-007,-0.000220973
,,,-2.28089e-007,0
,,,-2.27689e-007,0.000220973
,,,-2.27289e-007,0
,,,-2.26889e-007,0.000220973
,,,-2.26489e-007,0.000441946
,,,-2.26089e-007,0.000220973
,,,-2.25689e-007,0.000441946
,,,-2.25289e-007,0
,,,-2.24889e-007,0.00110486
,,,-2.24489e-007,-0.000220973
,,,-2.24089e-007,0
,,,-2.23689e-007,0.000441946
,,,-2.23289e-007,0.000220973
,,,-2.22889e-007,-0.000220973
,,,-2.22489e-007,0.000220973
,,,-2.22089e-007,0.000662919
,,,-2.21689e-007,0.000220973
,,,-2.21289e-007,0.000220973
,,,-2.20889e-007,0
,,,-2.20489e-007,0.000662919
,,,-2.20089e-007,0.000662919
,,,-2.19689e-007,0.000662919
,,,-2.19289e-007,0.000441946
,,,-2.18889e-007,0
,,,-2.18489e-007,0.000220973
,,,-2.18089e-007,0.000662919
,,,-2.17689e-007,0.00110486
,,,-2.17289e-007,-0.000220973
,,,-2.16889e-007,0.000220973
,,,-2.16489e-007,0.000883892
,,,-2.16089e-007,-0.000441946
,,,-2.15689e-007,0
,,,-2.15289e-007,0.000883892
,,,-2.14889e-007,0
,,,-2.14489e-007,0.000220973
,,,-2.14089e-007,0.000441946
,,,-2.13689e-007,0
,,,-2.13289e-007,0.000220973
,,,-2.12889e-007,0.00110486
,,,-2.12489e-007,0.000441946
,,,-2.12089e-007,0.000883892
,,,-2.11689e-007,0.000662919
,,,-2.11289e-007,-0.000220973
,,,-2.10889e-007,0.000883892
,,,-2.10489e-007,0.000883892
,,,-2.10089e-007,0.000883892
,,,-2.09689e-007,0.000220973
,,,-2.09289e-007,0.000441946
,,,-2.08889e-007,0.000441946
,,,-2.08489e-007,0.000662919
,,,-2.08089e-007,0.000441946
,,,-2.07689e-007,-0.000220973
,,,-2.07289e-007,-0.000441946
,,,-2.06889e-007,0.000220973
,,,-2.06489e-007,0.000441946
,,,-2.06089e-007,-0.000220973
,,,-2.05689e-007,0.000883892
,,,-2.05289e-007,0.000883892
,,,-2.04889e-007,0.000662919
,,,-2.04489e-007,0.00110486
,,,-2.04089e-007,0.000662919
,,,-2.03689e-007,0.000662919
,,,-2.03289e-007,0.000883892
,,,-2.02889e-007,0.000220973
,,,-2.02489e-007,0.000662919
,,,-2.02089e-007,0.00132584
,,,-2.01689e-007,0.000662919
,,,-2.01289e-007,0.000441946
,,,-2.00889e-007,0.000883892
,,,-2.00489e-007,0.000220973
,,,-2.00089e-007,0.000441946
,,,-1.99689e-007,0
,,,-1.99289e-007,0.000220973
,,,-1.98889e-007,0.000441946
,,,-1.98489e-007,0.000220973
,,,-1.98089e-007,0.000441946
,,,-1.97689e-007,0.000662919
,,,-1.97289e-007,0.000883892
,,,-1.96889e-007,-0.000220973
,,,-1.96489e-007,0
,,,-1.96089e-007,0.000883892
,,,-1.95689e-007,0.000220973
,,,-1.95289e-007,0.000441946
,,,-1.94889e-007,0.000883892
,,,-1.94489e-007,0.00132584
,,,-1.94089e-007,0.000441946
,,,-1.93689e-007,0.000441946
,,,-1.93289e-007,0
,,,-1.92889e-007,0.000220973
,,,-1.92489e-007,0.000441946
,,,-1.92089e-007,0.000662919
,,,-1.91689e-007,0.000220973
,,,-1.91289e-007,0.000441946
,,,-1.90889e-007,0.000220973
,,,-1.90489e-007,0
,,,-1.90089e-007,0.000662919
,,,-1.89689e-007,0.000441946
,,,-1.89289e-007,0
,,,-1.88889e-007,-0.000220973
,,,-1.88489e-007,0.000441946
,,,-1.88089e-007,0.000441946
,,,-1.87689e-007,0.000662919
,,,-1.87289e-007,0.000441946
,,,-1.86889e-007,0.000441946
,,,-1.86489e-007,0.000441946
,,,-1.86089e-007,0
,,,-1.85689e-007,0
,,,-1.85289e-007,0
,,,-1.84889e-007,0
,,,-1.84489e-007,0.000220973
,,,-1.84089e-007,0.000662919
,,,-1.83689e-007,0.000220973
,,,-1.83289e-007,0
,,,-1.82889e-007,0.000220973
,,,-1.82489e-007,0.000220973
,,,-1.82089e-007,0.000220973
,,,-1.81689e-007,0.000883892
,,,-1.81289e-007,0
,,,-1.80889e-007,0.000220973
,,,-1.80489e-007,0.000441946
,,,-1.80089e-007,0.000662919
,,,-1.79689e-007,0.000662919
,,,-1.79289e-007,-0.000662919
,,,-1.78889e-007,0.000441946
,,,-1.78489e-007,0.000441946
,,,-1.78089e-007,0.000662919
,,,-1.77689e-007,0
,,,-1.77289e-007,0.000220973
,,,-1.76889e-007,0.000220973
,,,-1.76489e-007,0.000220973
,,,-1.76089e-007,-0.000662919
,,,-1.75689e-007,-0.000662919
,,,-1.75289e-007,0.000883892
,,,-1.74889e-007,0
,,,-1.74489e-007,0.000883892
,,,-1.74089e-007,0.000883892
,,,-1.73689e-007,0.00110486
,,,-1.73289e-007,0.00132584
,,,-1.72889e-007,0
,,,-1.72489e-007,0.000220973
,,,-1.72089e-007,0.000441946
,,,-1.71689e-007,0.000441946
,,,-1.71289e-007,0
,,,-1.70889e-007,0.000220973
,,,-1.70489e-007,0.000220973
,,,-1.70089e-007,0.000220973
,,,-1.69689e-007,0.00132584
,,,-1.69289e-007,0.000220973
,,,-1.68889e-007,0.000441946
,,,-1.68489e-007,0.000220973
,,,-1.68089e-007,0.000441946
,,,-1.67689e-007,0
,,,-1.67289e-007,0
,,,-1.66889e-007,-0.000441946
,,,-1.66489e-007,0.000662919
,,,-1.66089e-007,0.000441946
,,,-1.65689e-007,0.000441946
,,,-1.65289e-007,0.000662919
,,,-1.64889e-007,0.000662919
,,,-1.64489e-007,0.000220973
,,,-1.64089e-007,-0.000220973
,,,-1.63689e-007,0.000441946
,,,-1.63289e-007,-0.000220973
,,,-1.62889e-007,0.000220973
,,,-1.62489e-007,0.000220973
,,,-1.62089e-007,0.000220973
,,,-1.61689e-007,0.000441946
,,,-1.61289e-007,-0.000220973
,,,-1.60889e-007,0.000441946
,,,-1.60489e-007,0.000441946
,,,-1.60089e-007,0.000662919
,,,-1.59689e-007,0.000220973
,,,-1.59289e-007,0.000220973
,,,-1.58889e-007,0.000883892
,,,-1.58489e-007,0.000662919
,,,-1.58089e-007,0.000220973
,,,-1.57689e-007,0.000883892
,,,-1.57289e-007,0.000441946
,,,-1.56889e-007,0.000441946
,,,-1.56489e-007,0
,,,-1.56089e-007,0.000662919
,,,-1.55689e-007,0
,,,-1.55289e-007,0.000441946
,,,-1.54889e-007,0.000662919
,,,-1.54489e-007,0.000883892
,,,-1.54089e-007,0.00110486
,,,-1.53689e-007,0.000220973
,,,-1.53289e-007,0.000220973
,,,-1.52889e-007,-0.000220973
,,,-1.52489e-007,0.000441946
,,,-1.52089e-007,0.000441946
,,,-1.51689e-007,0.000662919
,,,-1.51289e-007,0.000220973
,,,-1.50889e-007,0
,,,-1.50489e-007,0
,,,-1.50089e-007,-0.000220973
,,,-1.49689e-007,0.000883892
,,,-1.49289e-007,0.000662919
,,,-1.48889e-007,0.000220973
,,,-1.48489e-007,0.000220973
,,,-1.48089e-007,0.000662919
,,,-1.47689e-007,0
,,,-1.47289e-007,-0.000220973
,,,-1.46889e-007,0.000662919
,,,-1.46489e-007,0.000883892
,,,-1.46089e-007,0.000662919
,,,-1.45689e-007,0.000662919
,,,-1.45289e-007,0.000662919
,,,-1.44889e-007,0.000220973
,,,-1.44489e-007,0.000441946
,,,-1.44089e-007,0
,,,-1.43689e-007,0.000220973
,,,-1.43289e-007,-0.000220973
,,,-1.42889e-007,0
,,,-1.42489e-007,0
,,,-1.42089e-007,0
,,,-1.41689e-007,0
,,,-1.41289e-007,0.000441946
,,,-1.40889e-007,0.000662919
,,,-1.40489e-007,-0.000441946
,,,-1.40089e-007,0.000441946
,,,-1.39689e-007,0.000662919
,,,-1.39289e-007,0.000441946
,,,-1.38889e-007,0.000220973
,,,-1.38489e-007,0.000441946
,,,-1.38089e-007,0
,,,-1.37689e-007,0.000441946
,,,-1.37289e-007,0.000441946
,,,-1.36889e-007,0.000441946
,,,-1.36489e-007,0.000441946
,,,-1.36089e-007,0.000441946
,,,-1.35689e-007,0.000220973
,,,-1.35289e-007,0.000220973
,,,-1.34889e-007,0.000441946
,,,-1.34489e-007,0.000441946
,,,-1.34089e-007,0
,,,-1.33689e-007,0
,,,-1.33289e-007,0
,,,-1.32889e-007,0.000220973
,,,-1.32489e-007,0.000883892
,,,-1.32089e-007,0.000441946
,,,-1.31689e-007,0.000441946
,,,-1.31289e-007,0.000441946
,,,-1.30889e-007,0.000662919
,,,-1.30489e-007,0.000662919
,,,-1.30089e-007,0.000441946
,,,-1.29689e-007,0.000220973
,,,-1.29289e-007,0.000220973
,,,-1.28889e-007,0.00132584
,,,-1.28489e-007,0.000662919
,,,-1.28089e-007,0.000441946
,,,-1.27689e-007,0.000662919
,,,-1.27289e-007,0.000441946
,,,-1.26889e-007,0
,,,-1.26489e-007,-0.000220973
,,,-1.26089e-007,0
,,,-1.25689e-007,0.000441946
,,,-1.25289e-007,0.000441946
,,,-1.24889e-007,0.000441946
,,,-1.24489e-007,-0.000662919
,,,-1.24089e-007,0.000220973
,,,-1.23689e-007,0.000662919
,,,-1.23289e-007,0
,,,-1.22889e-007,0.000441946
,,,-1.22489e-007,0
,,,-1.22089e-007,-0.000220973
,,,-1.21689e-007,0.000441946
,,,-1.21289e-007,0.000441946
,,,-1.20889e-007,0.000220973
,,,-1.20489e-007,0.000441946
,,,-1.20089e-007,0
,,,-1.19689e-007,0.000662919
,,,-1.19289e-007,0.000220973
,,,-1.18889e-007,0
,,,-1.18489e-007,0.000220973
,,,-1.18089e-007,0.000441946
,,,-1.17689e-007,0
,,,-1.17289e-007,0
,,,-1.16889e-007,0.000220973
,,,-1.16489e-007,-0.000220973
,,,-1.16089e-007,0.000441946
,,,-1.15689e-007,0.000662919
,,,-1.15289e-007,0.000441946
,,,-1.14889e-007,0.000220973
,,,-1.14489e-007,0.000662919
,,,-1.14089e-007,0.000441946
,,,-1.13689e-007,0
,,,-1.13289e-007,-0.000220973
,,,-1.12889e-007,0.000441946
,,,-1.12489e-007,0.000220973
,,,-1.12089e-007,0.000220973
,,,-1.11689e-007,0.000662919
,,,-1.11289e-007,0
,,,-1.10889e-007,0.000883892
,,,-1.10489e-007,0.000883892
,,,-1.10089e-007,0.000220973
,,,-1.09689e-007,0.000883892
,,,-1.09289e-007,0.00110486
,,,-1.08889e-007,0.000441946
,,,-1.08489e-007,-0.000441946
,,,-1.08089e-007,0.000441946
,,,-1.07689e-007,0.000220973
,,,-1.07289e-007,0.00110486
,,,-1.06889e-007,0.000662919
,,,-1.06489e-007,0.000662919
,,,-1.06089e-007,-0.000220973
,,,-1.05689e-007,0
,,,-1.05289e-007,0.000441946
,,,-1.04889e-007,-0.000220973
,,,-1.04489e-007,0.000441946
,,,-1.04089e-007,0.000662919
,,,-1.03689e-007,0.000220973
,,,-1.03289e-007,-0.000220973
,,,-1.02889e-007,-0.000220973
,,,-1.02489e-007,-0.000441946
,,,-1.02089e-007,-0.000441946
,,,-1.01689e-007,0.000883892
,,,-1.01289e-007,0.000220973
,,,-1.00889e-007,-0.000220973
,,,-1.00489e-007,0
,,,-1.00089e-007,0
,,,-9.96889e-008,0.000662919
,,,-9.92889e-008,0.000662919
,,,-9.88889e-008,0.000883892
,,,-9.84889e-008,0.000220973
,,,-9.80889e-008,0.000441946
,,,-9.76889e-008,0.000883892
,,,-9.72889e-008,-0.000220973
,,,-9.68889e-008,0.000441946
,,,-9.64889e-008,0.000220973
,,,-9.60889e-008,0.000220973
,,,-9.56889e-008,0.000220973
,,,-9.52889e-008,0.000220973
,,,-9.48889e-008,0.000441946
,,,-9.44889e-008,0.000441946
,,,-9.40889e-008,0.000662919
,,,-9.36889e-008,0.000220973
,,,-9.32889e-008,0
,,,-9.28889e-008,0.000662919
,,,-9.24889e-008,-0.000662919
,,,-9.20889e-008,0.000662919
,,,-9.16889e-008,0.000220973
,,,-9.12889e-008,0
,,,-9.08889e-008,0.000662919
,,,-9.04889e-008,0.000883892
,,,-9.00889e-008,0.000220973
,,,-8.96889e-008,0.000441946
,,,-8.92889e-008,0.000662919
,,,-8.88889e-008,-0.000220973
,,,-8.84889e-008,0.000220973
,,,-8.80889e-008,0.000883892
,,,-8.76889e-008,0.000220973
,,,-8.72889e-008,-0.000441946
,,,-8.68889e-008,-0.000883892
,,,-8.64889e-008,0.000441946
,,,-8.60889e-008,-0.000220973
,,,-8.56889e-008,0.000662919
,,,-8.52889e-008,0.000441946
,,,-8.48889e-008,0.000883892
,,,-8.44889e-008,0.000662919
,,,-8.40889e-008,0.000220973
,,,-8.36889e-008,-0.000220973
,,,-8.32889e-008,-0.000220973
,,,-8.28889e-008,-0.000220973
,,,-8.24889e-008,0.000220973
,,,-8.20889e-008,0
,,,-8.16889e-008,0.000441946
,,,-8.12889e-008,0
,,,-8.08889e-008,0.000441946
,,,-8.04889e-008,0.000220973
,,,-8.00889e-008,0.000220973
,,,-7.96889e-008,0.000662919
,,,-7.92889e-008,0.000883892
,,,-7.88889e-008,0.000441946
,,,-7.84889e-008,0.000220973
,,,-7.80889e-008,0.000441946
,,,-7.76889e-008,0.000662919
,,,-7.72889e-008,0.000662919
,,,-7.68889e-008,0.000220973
,,,-7.64889e-008,0.000220973
,,,-7.60889e-008,0.000220973
,,,-7.56889e-008,0.000441946
,,,-7.52889e-008,0.000220973
,,,-7.48889e-008,0.000662919
,,,-7.44889e-008,-0.000220973
,,,-7.40889e-008,0.000220973
,,,-7.36889e-008,0
,,,-7.32889e-008,0.000220973
,,,-7.28889e-008,0
,,,-7.24889e-008,0.000662919
,,,-7.20889e-008,0
,,,-7.16889e-008,0
,,,-7.12889e-008,0.000220973
,,,-7.08889e-008,0
,,,-7.04889e-008,0.000662919
,,,-7.00889e-008,0.000883892
,,,-6.96889e-008,0.00132584
,,,-6.92889e-008,0.000662919
,,,-6.88889e-008,0.000441946
,,,-6.84889e-008,0.00132584
,,,-6.80889e-008,0.000883892
,,,-6.76889e-008,0.00132584
,,,-6.72889e-008,0
,,,-6.68889e-008,-0.000441946
,,,-6.64889e-008,0.000220973
,,,-6.60889e-008,0.000220973
,,,-6.56889e-008,0.000441946
,,,-6.52889e-008,-0.000220973
,,,-6.48889e-008,0.000220973
,,,-6.44889e-008,0.000441946
,,,-6.40889e-008,-0.000220973
,,,-6.36889e-008,0.000220973
,,,-6.32889e-008,0.000662919
,,,-6.28889e-008,0.000441946
,,,-6.24889e-008,0.000441946
,,,-6.20889e-008,0.000220973
,,,-6.16889e-008,0.00110486
,,,-6.12889e-008,0.000441946
,,,-6.08889e-008,0.000441946
,,,-6.04889e-008,0.000662919
,,,-6.00889e-008,0.000662919
,,,-5.96889e-008,0
,,,-5.92889e-008,0.000220973
,,,-5.88889e-008,0
,,,-5.84889e-008,0.000883892
,,,-5.80889e-008,0.000662919
,,,-5.76889e-008,0.000662919
,,,-5.72889e-008,0.000220973
,,,-5.68889e-008,0.000441946
,,,-5.64889e-008,0.00110486
,,,-5.60889e-008,0.000220973
,,,-5.56889e-008,0.000441946
,,,-5.52889e-008,-0.000220973
,,,-5.48889e-008,0.000441946
,,,-5.44889e-008,0.000883892
,,,-5.40889e-008,0.000662919
,,,-5.36889e-008,0.000220973
,,,-5.32889e-008,0.000220973
,,,-5.28889e-008,0.000883892
,,,-5.24889e-008,0.000441946
,,,-5.20889e-008,0.00154681
,,,-5.16889e-008,0
,,,-5.12889e-008,0.000220973
,,,-5.08889e-008,0.000662919
,,,-5.04889e-008,0.000441946
,,,-5.00889e-008,0.000662919
,,,-4.96889e-008,0.000883892
,,,-4.92889e-008,0
,,,-4.88889e-008,0.000220973
,,,-4.84889e-008,0.000662919
,,,-4.80889e-008,0.000220973
,,,-4.76889e-008,0
,,,-4.72889e-008,0
,,,-4.68889e-008,-0.000220973
,,,-4.64889e-008,-0.000441946
,,,-4.60889e-008,0.000662919
,,,-4.56889e-008,0.00132584
,,,-4.52889e-008,0.000441946
,,,-4.48889e-008,0.000220973
,,,-4.44889e-008,-0.000220973
,,,-4.40889e-008,0.000220973
,,,-4.36889e-008,-0.000220973
,,,-4.32889e-008,-0.000220973
,,,-4.28889e-008,0.000441946
,,,-4.24889e-008,0.000441946
,,,-4.20889e-008,0.000662919
,,,-4.16889e-008,0
,,,-4.12889e-008,0.000662919
,,,-4.08889e-008,0
,,,-4.04889e-008,0.000220973
,,,-4.00889e-008,0.000220973
,,,-3.96889e-008,0.000220973
,,,-3.92889e-008,0.000220973
,,,-3.88889e-008,0.000220973
,,,-3.84889e-008,0.000220973
,,,-3.80889e-008,-0.000220973
,,,-3.76889e-008,0.000662919
,,,-3.72889e-008,0.000220973
,,,-3.68889e-008,0.000662919
,,,-3.64889e-008,0.000883892
,,,-3.60889e-008,0.000220973
,,,-3.56889e-008,0.000220973
,,,-3.52889e-008,0.000441946
,,,-3.48889e-008,0.000662919
,,,-3.44889e-008,0.00110486
,,,-3.40889e-008,0.000662919
,,,-3.36889e-008,0.000441946
,,,-3.32889e-008,0.000220973
,,,-3.28889e-008,0.000441946
,,,-3.24889e-008,0.000220973
,,,-3.20889e-008,-0.000220973
,,,-3.16889e-008,0.000662919
,,,-3.12889e-008,0.000441946
,,,-3.08889e-008,0
,,,-3.04889e-008,-0.000220973
,,,-3.00889e-008,0
,,,-2.96889e-008,0
,,,-2.92889e-008,0
,,,-2.88889e-008,0.000883892
,,,-2.84889e-008,0.000220973
,,,-2.80889e-008,0.000662919
,,,-2.76889e-008,0.000220973
,,,-2.72889e-008,0
,,,-2.68889e-008,0.000441946
,,,-2.64889e-008,0.000883892
,,,-2.60889e-008,0.00110486
,,,-2.56889e-008,0.000662919
,,,-2.52889e-008,0
,,,-2.48889e-008,0.000441946
,,,-2.44889e-008,0.000441946
,,,-2.40889e-008,0.000441946
,,,-2.36889e-008,0.000662919
,,,-2.32889e-008,0.000883892
,,,-2.28889e-008,-0.000220973
,,,-2.24889e-008,0.000662919
,,,-2.20889e-008,0.000883892
,,,-2.16889e-008,0
,,,-2.12889e-008,0.000662919
,,,-2.08889e-008,0.000441946
,,,-2.04889e-008,-0.000441946
,,,-2.00889e-008,0.000220973
,,,-1.96889e-008,0.000662919
,,,-1.92889e-008,0
,,,-1.88889e-008,0.000441946
,,,-1.84889e-008,0.000220973
,,,-1.80889e-008,0.000441946
,,,-1.76889e-008,0.000220973
,,,-1.72889e-008,0
,,,-1.68889e-008,0.000662919
,,,-1.64889e-008,0
,,,-1.60889e-008,-0.000220973
,,,-1.56889e-008,0.000220973
,,,-1.52889e-008,0.000220973
,,,-1.48889e-008,0.000441946
,,,-1.44889e-008,0.000220973
,,,-1.40889e-008,0.000441946
,,,-1.36889e-008,0.000441946
,,,-1.32889e-008,0.000441946
,,,-1.28889e-008,0.000441946
,,,-1.24889e-008,0.000220973
,,,-1.20889e-008,0.000441946
,,,-1.16889e-008,0.000441946
,,,-1.12889e-008,0.000662919
,,,-1.08889e-008,0.000441946
,,,-1.04889e-008,0
,,,-1.00889e-008,0.000662919
,,,-9.68891e-009,0.000662919
,,,-9.28891e-009,0.000220973
,,,-8.88891e-009,0
,,,-8.48891e-009,0.000220973
,,,-8.08891e-009,0.000220973
,,,-7.68891e-009,0
,,,-7.28891e-009,0
,,,-6.88891e-009,0
,,,-6.48891e-009,-0.000220973
,,,-6.08891e-009,0
,,,-5.68891e-009,0.000883892
,,,-5.28891e-009,0.000220973
,,,-4.88891e-009,0.000220973
,,,-4.48891e-009,0.000441946
,,,-4.08891e-009,0.00110486
,,,-3.68891e-009,0.000220973
,,,-3.28891e-009,0.000441946
,,,-2.88891e-009,0.000883892
,,,-2.48891e-009,0.000662919
,,,-2.08891e-009,0.000220973
,,,-1.68891e-009,0.000883892
,,,-1.28891e-009,0.000220973
,,,-8.88913e-010,0.000441946
,,,-4.88913e-010,0.000220973
,,,-8.89129e-011,0.000441946
,,,3.11087e-010,0.000662919
,,,7.11087e-010,0.000220973
,,,1.11109e-009,-0.000220973
,,,1.51109e-009,0.000441946
,,,1.91109e-009,-0.000220973
,,,2.31109e-009,0.000883892
,,,2.71109e-009,0.000441946
,,,3.11109e-009,0.000662919
,,,3.51109e-009,0.000220973
,,,3.91109e-009,0
,,,4.31109e-009,0.000441946
,,,4.71109e-009,0.000220973
,,,5.11109e-009,0.000883892
,,,5.51109e-009,0.000662919
,,,5.91109e-009,0.000441946
,,,6.31109e-009,0.000441946
,,,6.71109e-009,-0.000662919
,,,7.11109e-009,-0.000220973
,,,7.51109e-009,0
,,,7.91109e-009,-0.000441946
,,,8.31109e-009,0.000220973
,,,8.71109e-009,0
,,,9.11109e-009,0.000662919
,,,9.51109e-009,0.000662919
,,,9.91109e-009,0.000220973
,,,1.03111e-008,0.00110486
,,,1.07111e-008,0.000441946
,,,1.11111e-008,0.000220973
,,,1.15111e-008,0.000441946
,,,1.19111e-008,0.000441946
,,,1.23111e-008,0.000883892
,,,1.27111e-008,-0.000220973
,,,1.31111e-008,0
,,,1.35111e-008,0.000441946
,,,1.39111e-008,0.00132584
,,,1.43111e-008,0.000883892
,,,1.47111e-008,0.000662919
,,,1.51111e-008,0.000220973
,,,1.55111e-008,-0.000662919
,,,1.59111e-008,0.000220973
,,,1.63111e-008,0.000220973
,,,1.67111e-008,0
,,,1.71111e-008,0.000220973
,,,1.75111e-008,0.000662919
,,,1.79111e-008,0
,,,1.83111e-008,0.000662919
,,,1.87111e-008,0.000883892
,,,1.91111e-008,0.000441946
,,,1.95111e-008,0.000883892
,,,1.99111e-008,0.00110486
,,,2.03111e-008,0
,,,2.07111e-008,0.000220973
,,,2.11111e-008,0.000441946
,,,2.15111e-008,0.000441946
,,,2.19111e-008,0.000441946
,,,2.23111e-008,0.000441946
,,,2.27111e-008,0
,,,2.31111e-008,0.000441946
,,,2.35111e-008,0
,,,2.39111e-008,0.000220973
,,,2.43111e-008,0
,,,2.47111e-008,0.000441946
,,,2.51111e-008,-0.000220973
,,,2.55111e-008,0.000220973
,,,2.59111e-008,0.000883892
,,,2.63111e-008,0.00110486
,,,2.67111e-008,0
,,,2.71111e-008,0.000883892
,,,2.75111e-008,0.000441946
,,,2.79111e-008,0.000441946
,,,2.83111e-008,0
,,,2.87111e-008,0.000220973
,,,2.91111e-008,0.000441946
,,,2.95111e-008,0.000662919
,,,2.99111e-008,0.000441946
,,,3.03111e-008,0.000441946
,,,3.07111e-008,0.000220973
,,,3.11111e-008,0.000441946
,,,3.15111e-008,0
,,,3.19111e-008,0.000220973
,,,3.23111e-008,0.000220973
,,,3.27111e-008,0.000220973
,,,3.31111e-008,-0.000220973
,,,3.35111e-008,0.00110486
,,,3.39111e-008,0.000220973
,,,3.43111e-008,0.000441946
,,,3.47111e-008,0.000662919
,,,3.51111e-008,0.000441946
,,,3.55111e-008,0.000220973
,,,3.59111e-008,0.000441946
,,,3.63111e-008,0
,,,3.67111e-008,0
,,,3.71111e-008,0.000220973
,,,3.75111e-008,0.000662919
,,,3.79111e-008,0
,,,3.83111e-008,0.000662919
,,,3.87111e-008,0.000220973
,,,3.91111e-008,0.000220973
,,,3.95111e-008,0.000220973
,,,3.99111e-008,0.000220973
,,,4.03111e-008,0.000441946
,,,4.07111e-008,-0.000220973
,,,4.11111e-008,0
,,,4.15111e-008,0.000441946
,,,4.19111e-008,0
,,,4.23111e-008,0
,,,4.27111e-008,0.000662919
,,,4.31111e-008,0.000441946
,,,4.35111e-008,-0.000220973
,,,4.39111e-008,0.000220973
,,,4.43111e-008,0.000220973
,,,4.47111e-008,-0.000220973
,,,4.51111e-008,0.000662919
,,,4.55111e-008,0.000662919
,,,4.59111e-008,0.000662919
,,,4.63111e-008,0.000883892
,,,4.67111e-008,0.000441946
,,,4.71111e-008,0.000883892
,,,4.75111e-008,0.000883892
,,,4.79111e-008,0.000441946
,,,4.83111e-008,0
,,,4.87111e-008,-0.000220973
,,,4.91111e-008,0.000441946
,,,4.95111e-008,0.000441946
,,,4.99111e-008,0
,,,5.03111e-008,-0.000662919
,,,5.07111e-008,0.000441946
,,,5.11111e-008,0.000662919
,,,5.15111e-008,0
,,,5.19111e-008,-0.000220973
,,,5.23111e-008,0
,,,5.27111e-008,0.000662919
,,,5.31111e-008,0
,,,5.35111e-008,0.000441946
,,,5.39111e-008,0.000220973
,,,5.43111e-008,0.000441946
,,,5.47111e-008,0.000441946
,,,5.51111e-008,0
,,,5.55111e-008,-0.000441946
,,,5.59111e-008,0
,,,5.63111e-008,0.000662919
,,,5.67111e-008,-0.000220973
,,,5.71111e-008,-0.000441946
,,,5.75111e-008,0.000662919
,,,5.79111e-008,0.000662919
,,,5.83111e-008,0
,,,5.87111e-008,-0.000220973
,,,5.91111e-008,0.000441946
,,,5.95111e-008,0.000441946
,,,5.99111e-008,0
,,,6.03111e-008,-0.000220973
,,,6.07111e-008,0
,,,6.11111e-008,0
,,,6.15111e-008,0
,,,6.19111e-008,0.00110486
,,,6.23111e-008,-0.000220973
,,,6.27111e-008,0
,,,6.31111e-008,0.000441946
,,,6.35111e-008,0.000662919
,,,6.39111e-008,0.000220973
,,,6.43111e-008,-0.000220973
,,,6.47111e-008,0.000662919
,,,6.51111e-008,0
,,,6.55111e-008,0.000220973
,,,6.59111e-008,0
,,,6.63111e-008,0.000220973
,,,6.67111e-008,0.000220973
,,,6.71111e-008,0.000883892
,,,6.75111e-008,0.000220973
,,,6.79111e-008,0.00132584
,,,6.83111e-008,0.000662919
,,,6.87111e-008,-0.000220973
,,,6.91111e-008,0.000662919
,,,6.95111e-008,0.000220973
,,,6.99111e-008,0.000441946
,,,7.03111e-008,0.000441946
,,,7.07111e-008,0.000220973
,,,7.11111e-008,0.000220973
,,,7.15111e-008,0.000220973
,,,7.19111e-008,0.000441946
,,,7.23111e-008,0.000220973
,,,7.27111e-008,0.000662919
,,,7.31111e-008,-0.000220973
,,,7.35111e-008,0
,,,7.39111e-008,0.000883892
,,,7.43111e-008,0.000883892
,,,7.47111e-008,0.000441946
,,,7.51111e-008,0.000883892
,,,7.55111e-008,0.000441946
,,,7.59111e-008,0.000883892
,,,7.63111e-008,0.000441946
,,,7.67111e-008,-0.000220973
,,,7.71111e-008,0.000662919
,,,7.75111e-008,-0.000220973
,,,7.79111e-008,0.000662919
,,,7.83111e-008,0.000441946
,,,7.87111e-008,0.000220973
,,,7.91111e-008,0.000220973
,,,7.95111e-008,-0.000220973
,,,7.99111e-008,0
,,,8.03111e-008,0.000441946
,,,8.07111e-008,0
,,,8.11111e-008,0.000220973
,,,8.15111e-008,0
,,,8.19111e-008,0.000441946
,,,8.23111e-008,0.000441946
,,,8.27111e-008,0.000220973
,,,8.31111e-008,0.000441946
,,,8.35111e-008,-0.000662919
,,,8.39111e-008,-0.000220973
,,,8.43111e-008,0.000220973
,,,8.47111e-008,0.000662919
,,,8.51111e-008,0.000220973
,,,8.55111e-008,0.000220973
,,,8.59111e-008,0.000662919
,,,8.63111e-008,0.000441946
,,,8.67111e-008,0.000662919
,,,8.71111e-008,0.000220973
,,,8.75111e-008,0
,,,8.79111e-008,0.000441946
,,,8.83111e-008,0.000662919
,,,8.87111e-008,0.000883892
,,,8.91111e-008,0.000220973
,,,8.95111e-008,0.000441946
,,,8.99111e-008,0
,,,9.03111e-008,0.000441946
,,,9.07111e-008,0.000441946
,,,9.11111e-008,0.000220973
,,,9.15111e-008,0.000662919
,,,9.19111e-008,0.000662919
,,,9.23111e-008,0.000662919
,,,9.27111e-008,0.000220973
,,,9.31111e-008,0.00110486
,,,9.35111e-008,0.00110486
,,,9.39111e-008,0.000662919
,,,9.43111e-008,0.00154681
,,,9.47111e-008,0.00132584
,,,9.51111e-008,0.00220973
,,,9.55111e-008,0.00331459
,,,9.59111e-008,0.00375654
,,,9.63111e-008,0.00464043
,,,9.67111e-008,0.00552432
,,,9.71111e-008,0.00707114
,,,9.75111e-008,0.008176
,,,9.79111e-008,0.00950184
,,,9.83111e-008,0.0108277
,,,9.87111e-008,0.0117116
,,,9.91111e-008,0.0130374
,,,9.95111e-008,0.0139213
,,,9.99111e-008,0.0148052
,,,1.00311e-007,0.0154681
,,,1.00711e-007,0.0154681
,,,1.01111e-007,0.0152471
,,,1.01511e-007,0.0167939
,,,1.01911e-007,0.0170149
,,,1.02311e-007,0.0170149
,,,1.02711e-007,0.0172359
,,,1.03111e-007,0.0172359
,,,1.03511e-007,0.0174569
,,,1.03911e-007,0.0174569
,,,1.04311e-007,0.0174569
,,,1.04711e-007,0.0174569
,,,1.05111e-007,0.0176778
,,,1.05511e-007,0.0176778
,,,1.05911e-007,0.0181198
,,,1.06311e-007,0.0174569
,,,1.06711e-007,0.0174569
,,,1.07111e-007,0.0181198
,,,1.07511e-007,0.0174569
,,,1.07911e-007,0.0178988
,,,1.08311e-007,0.0170149
,,,1.08711e-007,0.0178988
,,,1.09111e-007,0.0187827
,,,1.09511e-007,0.0178988
,,,1.09911e-007,0.0174569
,,,1.10311e-007,0.0170149
,,,1.10711e-007,0.0181198
,,,1.11111e-007,0.0181198
,,,1.11511e-007,0.0172359
,,,1.11911e-007,0.0178988
,,,1.12311e-007,0.0178988
,,,1.12711e-007,0.0170149
,,,1.13111e-007,0.0176778
,,,1.13511e-007,0.0181198
,,,1.13911e-007,0.0176778
,,,1.14311e-007,0.0176778
,,,1.14711e-007,0.0176778
,,,1.15111e-007,0.0176778
,,,1.15511e-007,0.0174569
,,,1.15911e-007,0.0181198
,,,1.16311e-007,0.0178988
,,,1.16711e-007,0.0181198
,,,1.17111e-007,0.0181198
,,,1.17511e-007,0.0176778
,,,1.17911e-007,0.0176778
,,,1.18311e-007,0.0178988
,,,1.18711e-007,0.0176778
,,,1.19111e-007,0.0185617
,,,1.19511e-007,0.0185617
,,,1.19911e-007,0.0181198
,,,1.20311e-007,0.0183408
,,,1.20711e-007,0.0183408
,,,1.21111e-007,0.0174569
,,,1.21511e-007,0.0181198
,,,1.21911e-007,0.0183408
,,,1.22311e-007,0.0185617
,,,1.22711e-007,0.0190037
,,,1.23111e-007,0.0194456
,,,1.23511e-007,0.0198876
,,,1.23911e-007,0.0203295
,,,1.24311e-007,0.0198876
,,,1.24711e-007,0.0196666
,,,1.25111e-007,0.0218763
,,,1.25511e-007,0.0214344
,,,1.25911e-007,0.0207715
,,,1.26311e-007,0.0212134
,,,1.26711e-007,0.0209924
,,,1.27111e-007,0.0214344
,,,1.27511e-007,0.0201085
,,,1.27911e-007,0.0203295
,,,1.28311e-007,0.0203295
,,,1.28711e-007,0.0203295
,,,1.29111e-007,0.0194456
,,,1.29511e-007,0.0187827
,,,1.29911e-007,0.0192246
,,,1.30311e-007,0.0183408
,,,1.30711e-007,0.0183408
,,,1.31111e-007,0.0185617
,,,1.31511e-007,0.0187827
,,,1.31911e-007,0.0185617
,,,1.32311e-007,0.0183408
,,,1.32711e-007,0.0176778
,,,1.33111e-007,0.0176778
,,,1.33511e-007,0.0174569
,,,1.33911e-007,0.016573
,,,1.34311e-007,0.0172359
,,,1.34711e-007,0.0176778
,,,1.35111e-007,0.0167939
,,,1.35511e-007,0.016573
,,,1.35911e-007,0.0159101
,,,1.36311e-007,0.0172359
,,,1.36711e-007,0.0172359
,,,1.37111e-007,0.016131
,,,1.37511e-007,0.016573
,,,1.37911e-007,0.016573
,,,1.38311e-007,0.016352
,,,1.38711e-007,0.0156891
,,,1.39111e-007,0.016352
,,,1.39511e-007,0.0156891
,,,1.39911e-007,0.0167939
,,,1.40311e-007,0.0167939
,,,1.40711e-007,0.016352
,,,1.41111e-007,0.016573
,,,1.41511e-007,0.016131
,,,1.41911e-007,0.016131
,,,1.42311e-007,0.0159101
,,,1.42711e-007,0.016131
,,,1.43111e-007,0.0156891
,,,1.43511e-007,0.0159101
,,,1.43911e-007,0.0154681
,,,1.44311e-007,0.0154681
,,,1.44711e-007,0.0152471
,,,1.45111e-007,0.0156891
,,,1.45511e-007,0.0150262
,,,1.45911e-007,0.0150262
,,,1.46311e-007,0.0148052
,,,1.46711e-007,0.0148052
,,,1.47111e-007,0.0150262
,,,1.47511e-007,0.0152471
,,,1.47911e-007,0.0148052
,,,1.48311e-007,0.0145842
,,,1.48711e-007,0.0148052
,,,1.49111e-007,0.0137003
,,,1.49511e-007,0.0137003
,,,1.49911e-007,0.0143632
,,,1.50311e-007,0.0145842
,,,1.50711e-007,0.0143632
,,,1.51111e-007,0.0143632
,,,1.51511e-007,0.0148052
,,,1.51911e-007,0.0150262
,,,1.52311e-007,0.0143632
,,,1.52711e-007,0.0141423
,,,1.53111e-007,0.0141423
,,,1.53511e-007,0.0141423
,,,1.53911e-007,0.0137003
,,,1.54311e-007,0.0137003
,,,1.54711e-007,0.0141423
,,,1.55111e-007,0.0139213
,,,1.55511e-007,0.0130374
,,,1.55911e-007,0.0137003
,,,1.56311e-007,0.0132584
,,,1.56711e-007,0.0128164
,,,1.57111e-007,0.0123745
,,,1.57511e-007,0.0125955
,,,1.57911e-007,0.0121535
,,,1.58311e-007,0.0125955
,,,1.58711e-007,0.0119325
,,,1.59111e-007,0.0119325
,,,1.59511e-007,0.0123745
,,,1.59911e-007,0.0114906
,,,1.60311e-007,0.0125955
,,,1.60711e-007,0.0123745
,,,1.61111e-007,0.0123745
,,,1.61511e-007,0.0119325
,,,1.61911e-007,0.0128164
,,,1.62311e-007,0.0119325
,,,1.62711e-007,0.0119325
,,,1.63111e-007,0.0119325
,,,1.63511e-007,0.0119325
,,,1.63911e-007,0.0132584
,,,1.64311e-007,0.0121535
,,,1.64711e-007,0.0117116
,,,1.65111e-007,0.0123745
,,,1.65511e-007,0.0128164
,,,1.65911e-007,0.0134794
,,,1.66311e-007,0.0128164
,,,1.66711e-007,0.0128164
,,,1.67111e-007,0.0121535
,,,1.67511e-007,0.0128164
,,,1.67911e-007,0.0123745
,,,1.68311e-007,0.0119325
,,,1.68711e-007,0.0128164
,,,1.69111e-007,0.0130374
,,,1.69511e-007,0.0123745
,,,1.69911e-007,0.0121535
,,,1.70311e-007,0.0125955
,,,1.70711e-007,0.0117116
,,,1.71111e-007,0.0125955
,,,1.71511e-007,0.0125955
,,,1.71911e-007,0.0121535
,,,1.72311e-007,0.0123745
,,,1.72711e-007,0.0130374
,,,1.73111e-007,0.0137003
,,,1.73511e-007,0.0125955
,,,1.73911e-007,0.0125955
,,,1.74311e-007,0.0125955
,,,1.74711e-007,0.0128164
,,,1.75111e-007,0.0128164
,,,1.75511e-007,0.0128164
,,,1.75911e-007,0.0123745
,,,1.76311e-007,0.0123745
,,,1.76711e-007,0.0119325
,,,1.77111e-007,0.0123745
,,,1.77511e-007,0.0132584
,,,1.77911e-007,0.0125955
,,,1.78311e-007,0.0130374
,,,1.78711e-007,0.0128164
,,,1.79111e-007,0.0125955
,,,1.79511e-007,0.0123745
,,,1.79911e-007,0.0130374
,,,1.80311e-007,0.0128164
,,,1.80711e-007,0.0125955
,,,1.81111e-007,0.0132584
,,,1.81511e-007,0.0125955
,,,1.81911e-007,0.0125955
,,,1.82311e-007,0.0125955
,,,1.82711e-007,0.0121535
,,,1.83111e-007,0.0128164
,,,1.83511e-007,0.0130374
,,,1.83911e-007,0.0123745
,,,1.84311e-007,0.0121535
,,,1.84711e-007,0.0128164
,,,1.85111e-007,0.0123745
,,,1.85511e-007,0.0123745
,,,1.85911e-007,0.0123745
,,,1.86311e-007,0.0125955
,,,1.86711e-007,0.0130374
,,,1.87111e-007,0.0125955
,,,1.87511e-007,0.0128164
,,,1.87911e-007,0.0132584
,,,1.88311e-007,0.0134794
,,,1.88711e-007,0.0134794
,,,1.89111e-007,0.0123745
,,,1.89511e-007,0.0132584
,,,1.89911e-007,0.0141423
,,,1.90311e-007,0.0137003
,,,1.90711e-007,0.0137003
,,,1.91111e-007,0.0134794
,,,1.91511e-007,0.0130374
,,,1.91911e-007,0.0137003
,,,1.92311e-007,0.0134794
,,,1.92711e-007,0.0130374
,,,1.93111e-007,0.0134794
,,,1.93511e-007,0.0134794
,,,1.93911e-007,0.0137003
,,,1.94311e-007,0.0137003
,,,1.94711e-007,0.0137003
,,,1.95111e-007,0.0134794
,,,1.95511e-007,0.0141423
,,,1.95911e-007,0.0139213
,,,1.96311e-007,0.0130374
,,,1.96711e-007,0.0130374
,,,1.97111e-007,0.0134794
,,,1.97511e-007,0.0132584
,,,1.97911e-007,0.0137003
,,,1.98311e-007,0.0132584
,,,1.98711e-007,0.0128164
,,,1.99111e-007,0.0128164
,,,1.99511e-007,0.0128164
,,,1.99911e-007,0.0128164
,,,2.00311e-007,0.0130374
,,,2.00711e-007,0.0130374
,,,2.01111e-007,0.0130374
,,,2.01511e-007,0.0130374
,,,2.01911e-007,0.0130374
,,,2.02311e-007,0.0130374
,,,2.02711e-007,0.0130374
,,,2.03111e-007,0.0121535
,,,2.03511e-007,0.0119325
,,,2.03911e-007,0.0119325
,,,2.04311e-007,0.0117116
,,,2.04711e-007,0.0121535
,,,2.05111e-007,0.0123745
,,,2.05511e-007,0.0114906
,,,2.05911e-007,0.0117116
,,,2.06311e-007,0.0112696
,,,2.06711e-007,0.0106067
,,,2.07111e-007,0.0108277
,,,2.07511e-007,0.0106067
,,,2.07911e-007,0.0106067
,,,2.08311e-007,0.0101648
,,,2.08711e-007,0.0101648
,,,2.09111e-007,0.00950184
,,,2.09511e-007,0.00972281
,,,2.09911e-007,0.00928087
,,,2.10311e-007,0.00972281
,,,2.10711e-007,0.00905989
,,,2.11111e-007,0.00795503
,,,2.11511e-007,0.00729211
,,,2.11911e-007,0.00795503
,,,2.12311e-007,0.00729211
,,,2.12711e-007,0.00640822
,,,2.13111e-007,0.00640822
,,,2.13511e-007,0.00618724
,,,2.13911e-007,0.00552432
,,,2.14311e-007,0.00552432
,,,2.14711e-007,0.00552432
,,,2.15111e-007,0.00441946
,,,2.15511e-007,0.00464043
,,,2.15911e-007,0.00397751
,,,2.16311e-007,0.00397751
,,,2.16711e-007,0.00397751
,,,2.17111e-007,0.00309362
,,,2.17511e-007,0.00397751
,,,2.17911e-007,0.00331459
,,,2.18311e-007,0.00287265
,,,2.18711e-007,0.00287265
,,,2.19111e-007,0.00287265
,,,2.19511e-007,0.00265168
,,,2.19911e-007,0.00265168
,,,2.20311e-007,0.00265168
,,,2.20711e-007,0.00220973
,,,2.21111e-007,0.00198876
,,,2.21511e-007,0.0024307
,,,2.21911e-007,0.00220973
,,,2.22311e-007,0.00220973
,,,2.22711e-007,0.0024307
,,,2.23111e-007,0.00176778
,,,2.23511e-007,0.00154681
,,,2.23911e-007,0.00198876
,,,2.24311e-007,0.00154681
,,,2.24711e-007,0.000883892
,,,2.25111e-007,0.000883892
,,,2.25511e-007,0.00154681
,,,2.25911e-007,0.00110486
,,,2.26311e-007,0.00110486
,,,2.26711e-007,0.00176778
,,,2.27111e-007,0.000220973
,,,2.27511e-007,0.000883892
,,,2.27911e-007,0.000883892
,,,2.28311e-007,0.00132584
,,,2.28711e-007,0.00110486
,,,2.29111e-007,0.00110486
,,,2.29511e-007,0.000441946
,,,2.29911e-007,0.00154681
,,,2.30311e-007,0.00132584
,,,2.30711e-007,0.000441946
,,,2.31111e-007,0.000883892
,,,2.31511e-007,0.000220973
,,,2.31911e-007,0.000220973
,,,2.32311e-007,0.00132584
,,,2.32711e-007,0.000662919
,,,2.33111e-007,0.000220973
,,,2.33511e-007,0.000441946
,,,2.33911e-007,0.000441946
,,,2.34311e-007,0.000220973
,,,2.34711e-007,0.000883892
,,,2.35111e-007,0.000662919
,,,2.35511e-007,0.000220973
,,,2.35911e-007,0.000441946
,,,2.36311e-007,-0.000220973
,,,2.36711e-007,-0.000441946
,,,2.37111e-007,-0.000441946
,,,2.37511e-007,-0.000883892
,,,2.37911e-007,-0.000441946
,,,2.38311e-007,0.000441946
,,,2.38711e-007,0.000220973
,,,2.39111e-007,0
,,,2.39511e-007,-0.000441946
,,,2.39911e-007,-0.00154681
,,,2.40311e-007,-0.000883892
,,,2.40711e-007,-0.000662919
,,,2.41111e-007,-0.000441946
,,,2.41511e-007,0
,,,2.41911e-007,0.000220973
,,,2.42311e-007,0.000220973
,,,2.42711e-007,-0.000662919
,,,2.43111e-007,-0.000883892
,,,2.43511e-007,-0.000441946
,,,2.43911e-007,-0.000220973
,,,2.44311e-007,-0.000220973
,,,2.44711e-007,0
,,,2.45111e-007,0
,,,2.45511e-007,0
,,,2.45911e-007,0.000662919
,,,2.46311e-007,0
,,,2.46711e-007,0.000441946
,,,2.47111e-007,0.000220973
,,,2.47511e-007,0.000441946
,,,2.47911e-007,0
,,,2.48311e-007,-0.000220973
,,,2.48711e-007,-0.000883892
,,,2.49111e-007,0.000220973
,,,2.49511e-007,-0.000441946
,,,2.49911e-007,0.000662919
,,,2.50311e-007,0.00110486
