"Record Length",1252,"Points",-2.50203e-007,0
"Sample Interval",4e-010,s,-2.49803e-007,0.000662919
"Trigger Point",625,"Samples",-2.49403e-007,0
"Trigger Time",0.50717,s,-2.49003e-007,0.000220973
,,,-2.48603e-007,0.000220973
"Horizontal Offset",-2.50203e-007,s,-2.48203e-007,0.000220973
,,,-2.47803e-007,0
,,,-2.47403e-007,-0.000662919
,,,-2.47003e-007,-0.000662919
,,,-2.46603e-007,0.000220973
,,,-2.46203e-007,0.000220973
,,,-2.45803e-007,0
,,,-2.45403e-007,-0.000220973
,,,-2.45003e-007,0
,,,-2.44603e-007,-0.000662919
,,,-2.44203e-007,-0.000220973
,,,-2.43803e-007,-0.000662919
,,,-2.43403e-007,-0.000220973
,,,-2.43003e-007,-0.000441946
,,,-2.42603e-007,0.000441946
,,,-2.42203e-007,-0.000441946
,,,-2.41803e-007,0.000883892
,,,-2.41403e-007,0.000441946
,,,-2.41003e-007,0.000441946
,,,-2.40603e-007,-0.000662919
,,,-2.40203e-007,-0.00110486
,,,-2.39803e-007,0.000220973
,,,-2.39403e-007,-0.000220973
,,,-2.39003e-007,-0.000441946
,,,-2.38603e-007,0.000220973
,,,-2.38203e-007,-0.000662919
,,,-2.37803e-007,0.000662919
,,,-2.37403e-007,0.000220973
,,,-2.37003e-007,0.000883892
,,,-2.36603e-007,0.000220973
,,,-2.36203e-007,0.000441946
,,,-2.35803e-007,0.000662919
,,,-2.35403e-007,0.000883892
,,,-2.35003e-007,-0.000220973
,,,-2.34603e-007,0
,,,-2.34203e-007,0.000220973
,,,-2.33803e-007,-0.000220973
,,,-2.33403e-007,0.000441946
,,,-2.33003e-007,0.00110486
,,,-2.32603e-007,0.000220973
,,,-2.32203e-007,0.000220973
,,,-2.31803e-007,0.000220973
,,,-2.31403e-007,0.000220973
,,,-2.31003e-007,-0.00110486
,,,-2.30603e-007,0
,,,-2.30203e-007,0.000220973
,,,-2.29803e-007,0.000441946
,,,-2.29403e-007,0.000883892
,,,-2.29003e-007,0.000441946
,,,-2.28603e-007,0
,,,-2.28203e-007,-0.000220973
,,,-2.27803e-007,0.000441946
,,,-2.27403e-007,-0.000220973
,,,-2.27003e-007,-0.000441946
,,,-2.26603e-007,0
,,,-2.26203e-007,0.000441946
,,,-2.25803e-007,0
,,,-2.25403e-007,0.000441946
,,,-2.25003e-007,0
,,,-2.24603e-007,-0.000220973
,,,-2.24203e-007,0
,,,-2.23803e-007,0.000441946
,,,-2.23403e-007,-0.000220973
,,,-2.23003e-007,-0.000220973
,,,-2.22603e-007,0.000441946
,,,-2.22203e-007,0.000441946
,,,-2.21803e-007,0.000441946
,,,-2.21403e-007,-0.000441946
,,,-2.21003e-007,0
,,,-2.20603e-007,0.000220973
,,,-2.20203e-007,0
,,,-2.19803e-007,-0.000220973
,,,-2.19403e-007,0
,,,-2.19003e-007,0
,,,-2.18603e-007,0.000220973
,,,-2.18203e-007,0
,,,-2.17803e-007,0.000220973
,,,-2.17403e-007,-0.000441946
,,,-2.17003e-007,0
,,,-2.16603e-007,0
,,,-2.16203e-007,0.000441946
,,,-2.15803e-007,-0.000662919
,,,-2.15403e-007,0
,,,-2.15003e-007,-0.000220973
,,,-2.14603e-007,0
,,,-2.14203e-007,-0.000662919
,,,-2.13803e-007,0.000441946
,,,-2.13403e-007,-0.000220973
,,,-2.13003e-007,-0.000441946
,,,-2.12603e-007,-0.000441946
,,,-2.12203e-007,-0.000220973
,,,-2.11803e-007,0
,,,-2.11403e-007,0.000220973
,,,-2.11003e-007,0
,,,-2.10603e-007,0.000220973
,,,-2.10203e-007,0.00132584
,,,-2.09803e-007,0.000662919
,,,-2.09403e-007,0
,,,-2.09003e-007,-0.000220973
,,,-2.08603e-007,0
,,,-2.08203e-007,0
,,,-2.07803e-007,-0.000220973
,,,-2.07403e-007,0
,,,-2.07003e-007,-0.000220973
,,,-2.06603e-007,-0.000441946
,,,-2.06203e-007,0
,,,-2.05803e-007,0.000220973
,,,-2.05403e-007,0
,,,-2.05003e-007,0.000441946
,,,-2.04603e-007,0.000662919
,,,-2.04203e-007,0.000662919
,,,-2.03803e-007,-0.000220973
,,,-2.03403e-007,0.000220973
,,,-2.03003e-007,-0.000220973
,,,-2.02603e-007,-0.000441946
,,,-2.02203e-007,0.000220973
,,,-2.01803e-007,0.000662919
,,,-2.01403e-007,-0.000441946
,,,-2.01003e-007,0
,,,-2.00603e-007,-0.000441946
,,,-2.00203e-007,0.000220973
,,,-1.99803e-007,-0.000220973
,,,-1.99403e-007,0.000220973
,,,-1.99003e-007,0.000220973
,,,-1.98603e-007,0
,,,-1.98203e-007,-0.000220973
,,,-1.97803e-007,0.000220973
,,,-1.97403e-007,-0.000441946
,,,-1.97003e-007,0.00110486
,,,-1.96603e-007,0.000441946
,,,-1.96203e-007,0.000220973
,,,-1.95803e-007,-0.000441946
,,,-1.95403e-007,0.000441946
,,,-1.95003e-007,0.000220973
,,,-1.94603e-007,0
,,,-1.94203e-007,-0.000441946
,,,-1.93803e-007,-0.000220973
,,,-1.93403e-007,-0.000220973
,,,-1.93003e-007,-0.000220973
,,,-1.92603e-007,0
,,,-1.92203e-007,-0.000220973
,,,-1.91803e-007,0
,,,-1.91403e-007,0
,,,-1.91003e-007,0
,,,-1.90603e-007,-0.00110486
,,,-1.90203e-007,-0.000662919
,,,-1.89803e-007,-0.000220973
,,,-1.89403e-007,0.000220973
,,,-1.89003e-007,0.000220973
,,,-1.88603e-007,0.000441946
,,,-1.88203e-007,-0.000441946
,,,-1.87803e-007,-0.000220973
,,,-1.87403e-007,-0.000220973
,,,-1.87003e-007,0.000220973
,,,-1.86603e-007,0
,,,-1.86203e-007,0.00110486
,,,-1.85803e-007,0
,,,-1.85403e-007,0
,,,-1.85003e-007,0
,,,-1.84603e-007,0
,,,-1.84203e-007,0.000441946
,,,-1.83803e-007,0
,,,-1.83403e-007,-0.000662919
,,,-1.83003e-007,-0.000441946
,,,-1.82603e-007,0.000220973
,,,-1.82203e-007,-0.000883892
,,,-1.81803e-007,0.000220973
,,,-1.81403e-007,-0.000220973
,,,-1.81003e-007,-0.000662919
,,,-1.80603e-007,0
,,,-1.80203e-007,0.000662919
,,,-1.79803e-007,-0.000662919
,,,-1.79403e-007,-0.000220973
,,,-1.79003e-007,-0.000220973
,,,-1.78603e-007,-0.000220973
,,,-1.78203e-007,0
,,,-1.77803e-007,0.000220973
,,,-1.77403e-007,0.000220973
,,,-1.77003e-007,0
,,,-1.76603e-007,0.000220973
,,,-1.76203e-007,0.000441946
,,,-1.75803e-007,0.000441946
,,,-1.75403e-007,0.000220973
,,,-1.75003e-007,-0.000441946
,,,-1.74603e-007,0
,,,-1.74203e-007,0.000220973
,,,-1.73803e-007,-0.000220973
,,,-1.73403e-007,0
,,,-1.73003e-007,0.000441946
,,,-1.72603e-007,-0.000220973
,,,-1.72203e-007,-0.000883892
,,,-1.71803e-007,-0.00110486
,,,-1.71403e-007,-0.000220973
,,,-1.71003e-007,0
,,,-1.70603e-007,0
,,,-1.70203e-007,0.000220973
,,,-1.69803e-007,0.000220973
,,,-1.69403e-007,-0.000220973
,,,-1.69003e-007,0.000441946
,,,-1.68603e-007,0
,,,-1.68203e-007,0.00110486
,,,-1.67803e-007,0
,,,-1.67403e-007,0
,,,-1.67003e-007,0.000220973
,,,-1.66603e-007,0
,,,-1.66203e-007,0
,,,-1.65803e-007,0
,,,-1.65403e-007,0.000220973
,,,-1.65003e-007,0.000220973
,,,-1.64603e-007,-0.000441946
,,,-1.64203e-007,0
,,,-1.63803e-007,-0.000441946
,,,-1.63403e-007,0.000883892
,,,-1.63003e-007,-0.000441946
,,,-1.62603e-007,0
,,,-1.62203e-007,0.000441946
,,,-1.61803e-007,0.000220973
,,,-1.61403e-007,0.000441946
,,,-1.61003e-007,-0.000662919
,,,-1.60603e-007,0
,,,-1.60203e-007,0.000441946
,,,-1.59803e-007,-0.000441946
,,,-1.59403e-007,-0.000220973
,,,-1.59003e-007,-0.000662919
,,,-1.58603e-007,-0.000441946
,,,-1.58203e-007,0.000441946
,,,-1.57803e-007,0.000220973
,,,-1.57403e-007,-0.000441946
,,,-1.57003e-007,0.000220973
,,,-1.56603e-007,0.000441946
,,,-1.56203e-007,-0.000662919
,,,-1.55803e-007,0
,,,-1.55403e-007,0.000441946
,,,-1.55003e-007,0.000441946
,,,-1.54603e-007,0.000220973
,,,-1.54203e-007,0.000441946
,,,-1.53803e-007,0.000441946
,,,-1.53403e-007,-0.000441946
,,,-1.53003e-007,0
,,,-1.52603e-007,0.000220973
,,,-1.52203e-007,0.000220973
,,,-1.51803e-007,0
,,,-1.51403e-007,-0.000220973
,,,-1.51003e-007,0.000441946
,,,-1.50603e-007,0.000220973
,,,-1.50203e-007,-0.00110486
,,,-1.49803e-007,0.000220973
,,,-1.49403e-007,0.000662919
,,,-1.49003e-007,0.000220973
,,,-1.48603e-007,0
,,,-1.48203e-007,-0.000441946
,,,-1.47803e-007,0.000220973
,,,-1.47403e-007,0.000883892
,,,-1.47003e-007,-0.000441946
,,,-1.46603e-007,0
,,,-1.46203e-007,0
,,,-1.45803e-007,0
,,,-1.45403e-007,0.000220973
,,,-1.45003e-007,-0.000220973
,,,-1.44603e-007,-0.000441946
,,,-1.44203e-007,-0.000441946
,,,-1.43803e-007,-0.000220973
,,,-1.43403e-007,0.000662919
,,,-1.43003e-007,0.000220973
,,,-1.42603e-007,-0.000220973
,,,-1.42203e-007,0
,,,-1.41803e-007,0.000883892
,,,-1.41403e-007,0.000220973
,,,-1.41003e-007,0.000220973
,,,-1.40603e-007,0
,,,-1.40203e-007,0.000220973
,,,-1.39803e-007,0
,,,-1.39403e-007,0.000220973
,,,-1.39003e-007,0
,,,-1.38603e-007,0.000883892
,,,-1.38203e-007,0.000662919
,,,-1.37803e-007,0.000662919
,,,-1.37403e-007,-0.000441946
,,,-1.37003e-007,0.000883892
,,,-1.36603e-007,0.000220973
,,,-1.36203e-007,0.000220973
,,,-1.35803e-007,0
,,,-1.35403e-007,-0.000441946
,,,-1.35003e-007,-0.000220973
,,,-1.34603e-007,0.000662919
,,,-1.34203e-007,0
,,,-1.33803e-007,-0.000441946
,,,-1.33403e-007,0.000441946
,,,-1.33003e-007,0.000441946
,,,-1.32603e-007,0
,,,-1.32203e-007,0.000220973
,,,-1.31803e-007,0
,,,-1.31403e-007,0
,,,-1.31003e-007,0.000883892
,,,-1.30603e-007,-0.000441946
,,,-1.30203e-007,0.000441946
,,,-1.29803e-007,0.000662919
,,,-1.29403e-007,0
,,,-1.29003e-007,-0.000220973
,,,-1.28603e-007,-0.000441946
,,,-1.28203e-007,-0.000441946
,,,-1.27803e-007,0
,,,-1.27403e-007,-0.000441946
,,,-1.27003e-007,-0.000220973
,,,-1.26603e-007,0
,,,-1.26203e-007,0
,,,-1.25803e-007,-0.000662919
,,,-1.25403e-007,-0.000662919
,,,-1.25003e-007,0.000662919
,,,-1.24603e-007,0.000662919
,,,-1.24203e-007,0.000220973
,,,-1.23803e-007,-0.000441946
,,,-1.23403e-007,-0.000441946
,,,-1.23003e-007,0.000662919
,,,-1.22603e-007,0.000220973
,,,-1.22203e-007,-0.000220973
,,,-1.21803e-007,0.000220973
,,,-1.21403e-007,0.000441946
,,,-1.21003e-007,-0.000441946
,,,-1.20603e-007,-0.000220973
,,,-1.20203e-007,-0.000662919
,,,-1.19803e-007,-0.000441946
,,,-1.19403e-007,-0.000441946
,,,-1.19003e-007,-0.000220973
,,,-1.18603e-007,-0.000441946
,,,-1.18203e-007,0
,,,-1.17803e-007,0.000220973
,,,-1.17403e-007,0.000220973
,,,-1.17003e-007,0.000441946
,,,-1.16603e-007,0.000441946
,,,-1.16203e-007,-0.000441946
,,,-1.15803e-007,0.000441946
,,,-1.15403e-007,0.000662919
,,,-1.15003e-007,-0.000220973
,,,-1.14603e-007,0
,,,-1.14203e-007,0.000220973
,,,-1.13803e-007,0.000220973
,,,-1.13403e-007,0
,,,-1.13003e-007,0
,,,-1.12603e-007,0.000220973
,,,-1.12203e-007,0
,,,-1.11803e-007,-0.000220973
,,,-1.11403e-007,0
,,,-1.11003e-007,-0.000662919
,,,-1.10603e-007,0.000220973
,,,-1.10203e-007,-0.000662919
,,,-1.09803e-007,0
,,,-1.09403e-007,-0.000220973
,,,-1.09003e-007,0.000220973
,,,-1.08603e-007,0
,,,-1.08203e-007,0.000441946
,,,-1.07803e-007,-0.000662919
,,,-1.07403e-007,-0.000441946
,,,-1.07003e-007,-0.000220973
,,,-1.06603e-007,-0.000220973
,,,-1.06203e-007,0
,,,-1.05803e-007,-0.000441946
,,,-1.05403e-007,0.000220973
,,,-1.05003e-007,0
,,,-1.04603e-007,-0.000441946
,,,-1.04203e-007,0
,,,-1.03803e-007,-0.000220973
,,,-1.03403e-007,-0.000441946
,,,-1.03003e-007,-0.000220973
,,,-1.02603e-007,0.000220973
,,,-1.02203e-007,0.000883892
,,,-1.01803e-007,0
,,,-1.01403e-007,0
,,,-1.01003e-007,0.000662919
,,,-1.00603e-007,0
,,,-1.00203e-007,0.000220973
,,,-9.98029e-008,-0.000441946
,,,-9.94029e-008,-0.000220973
,,,-9.90029e-008,0
,,,-9.86029e-008,-0.000441946
,,,-9.82029e-008,-0.000220973
,,,-9.78029e-008,0
,,,-9.74029e-008,-0.000220973
,,,-9.70029e-008,0
,,,-9.66029e-008,0.000220973
,,,-9.62029e-008,0
,,,-9.58029e-008,0
,,,-9.54029e-008,0.000441946
,,,-9.50029e-008,0.000220973
,,,-9.46029e-008,-0.000441946
,,,-9.42029e-008,-0.000662919
,,,-9.38029e-008,-0.000441946
,,,-9.34029e-008,-0.000220973
,,,-9.30029e-008,0.000220973
,,,-9.26029e-008,0.000220973
,,,-9.22029e-008,0.000220973
,,,-9.18029e-008,0.000220973
,,,-9.14029e-008,0.00132584
,,,-9.10029e-008,0.000220973
,,,-9.06029e-008,0
,,,-9.02029e-008,0.000220973
,,,-8.98029e-008,0.000441946
,,,-8.94029e-008,0.000441946
,,,-8.90029e-008,0
,,,-8.86029e-008,0
,,,-8.82029e-008,0.000441946
,,,-8.78029e-008,0.000220973
,,,-8.74029e-008,-0.000883892
,,,-8.70029e-008,0
,,,-8.66029e-008,0.000441946
,,,-8.62029e-008,-0.000441946
,,,-8.58029e-008,-0.000220973
,,,-8.54029e-008,0.000220973
,,,-8.50029e-008,0.000662919
,,,-8.46029e-008,0
,,,-8.42029e-008,0.000662919
,,,-8.38029e-008,0.000662919
,,,-8.34029e-008,0
,,,-8.30029e-008,-0.000220973
,,,-8.26029e-008,0.000220973
,,,-8.22029e-008,-0.000220973
,,,-8.18029e-008,-0.000220973
,,,-8.14029e-008,0
,,,-8.10029e-008,0
,,,-8.06029e-008,0
,,,-8.02029e-008,0
,,,-7.98029e-008,0
,,,-7.94029e-008,0.000662919
,,,-7.90029e-008,0
,,,-7.86029e-008,0
,,,-7.82029e-008,-0.000662919
,,,-7.78029e-008,0
,,,-7.74029e-008,0
,,,-7.70029e-008,0.000441946
,,,-7.66029e-008,0.000220973
,,,-7.62029e-008,0.000220973
,,,-7.58029e-008,-0.000441946
,,,-7.54029e-008,0.000220973
,,,-7.50029e-008,-0.000441946
,,,-7.46029e-008,0.000220973
,,,-7.42029e-008,-0.000662919
,,,-7.38029e-008,0.000220973
,,,-7.34029e-008,-0.000220973
,,,-7.30029e-008,-0.000220973
,,,-7.26029e-008,-0.000662919
,,,-7.22029e-008,0.000662919
,,,-7.18029e-008,0.000220973
,,,-7.14029e-008,-0.000441946
,,,-7.10029e-008,-0.000441946
,,,-7.06029e-008,-0.000662919
,,,-7.02029e-008,0.000220973
,,,-6.98029e-008,0.000220973
,,,-6.94029e-008,-0.000220973
,,,-6.90029e-008,0
,,,-6.86029e-008,0.000220973
,,,-6.82029e-008,0.000220973
,,,-6.78029e-008,-0.000220973
,,,-6.74029e-008,-0.000441946
,,,-6.70029e-008,0
,,,-6.66029e-008,-0.000662919
,,,-6.62029e-008,0.000220973
,,,-6.58029e-008,0
,,,-6.54029e-008,-0.000220973
,,,-6.50029e-008,0.000883892
,,,-6.46029e-008,0
,,,-6.42029e-008,0
,,,-6.38029e-008,0
,,,-6.34029e-008,-0.000220973
,,,-6.30029e-008,0.000220973
,,,-6.26029e-008,-0.000220973
,,,-6.22029e-008,-0.000662919
,,,-6.18029e-008,-0.00110486
,,,-6.14029e-008,-0.000883892
,,,-6.10029e-008,-0.000883892
,,,-6.06029e-008,-0.000220973
,,,-6.02029e-008,0.000883892
,,,-5.98029e-008,-0.000441946
,,,-5.94029e-008,0
,,,-5.90029e-008,0.000220973
,,,-5.86029e-008,-0.000220973
,,,-5.82029e-008,0
,,,-5.78029e-008,0.000220973
,,,-5.74029e-008,-0.000441946
,,,-5.70029e-008,-0.000441946
,,,-5.66029e-008,-0.000220973
,,,-5.62029e-008,0
,,,-5.58029e-008,-0.000441946
,,,-5.54029e-008,0.000220973
,,,-5.50029e-008,-0.000441946
,,,-5.46029e-008,0.000220973
,,,-5.42029e-008,0
,,,-5.38029e-008,0.000883892
,,,-5.34029e-008,0
,,,-5.30029e-008,0.000220973
,,,-5.26029e-008,0
,,,-5.22029e-008,0.000220973
,,,-5.18029e-008,0
,,,-5.14029e-008,0.000441946
,,,-5.10029e-008,-0.000441946
,,,-5.06029e-008,-0.000220973
,,,-5.02029e-008,0
,,,-4.98029e-008,0.000220973
,,,-4.94029e-008,0.000441946
,,,-4.90029e-008,-0.000220973
,,,-4.86029e-008,-0.000441946
,,,-4.82029e-008,0.000220973
,,,-4.78029e-008,-0.000220973
,,,-4.74029e-008,0
,,,-4.70029e-008,0
,,,-4.66029e-008,-0.000220973
,,,-4.62029e-008,-0.000662919
,,,-4.58029e-008,0.000662919
,,,-4.54029e-008,0
,,,-4.50029e-008,0.000220973
,,,-4.46029e-008,0.000662919
,,,-4.42029e-008,0.000220973
,,,-4.38029e-008,0
,,,-4.34029e-008,0
,,,-4.30029e-008,0.000220973
,,,-4.26029e-008,0
,,,-4.22029e-008,-0.000220973
,,,-4.18029e-008,0.000220973
,,,-4.14029e-008,0
,,,-4.10029e-008,0.000441946
,,,-4.06029e-008,0.000220973
,,,-4.02029e-008,0.000662919
,,,-3.98029e-008,0.000441946
,,,-3.94029e-008,0
,,,-3.90029e-008,-0.000220973
,,,-3.86029e-008,-0.000662919
,,,-3.82029e-008,-0.000220973
,,,-3.78029e-008,0.000220973
,,,-3.74029e-008,0
,,,-3.70029e-008,0.000441946
,,,-3.66029e-008,0
,,,-3.62029e-008,0.000220973
,,,-3.58029e-008,0.000220973
,,,-3.54029e-008,-0.000441946
,,,-3.50029e-008,-0.000441946
,,,-3.46029e-008,0
,,,-3.42029e-008,0.000220973
,,,-3.38029e-008,0.000662919
,,,-3.34029e-008,0
,,,-3.30029e-008,-0.000220973
,,,-3.26029e-008,-0.000441946
,,,-3.22029e-008,-0.000441946
,,,-3.18029e-008,0.000220973
,,,-3.14029e-008,0.000220973
,,,-3.10029e-008,-0.000441946
,,,-3.06029e-008,-0.000662919
,,,-3.02029e-008,0
,,,-2.98029e-008,0
,,,-2.94029e-008,-0.000220973
,,,-2.90029e-008,0.000220973
,,,-2.86029e-008,0.000220973
,,,-2.82029e-008,-0.000441946
,,,-2.78029e-008,-0.000441946
,,,-2.74029e-008,0.000220973
,,,-2.70029e-008,-0.000441946
,,,-2.66029e-008,-0.000883892
,,,-2.62029e-008,-0.000441946
,,,-2.58029e-008,-0.000441946
,,,-2.54029e-008,0
,,,-2.50029e-008,0.000441946
,,,-2.46029e-008,-0.000220973
,,,-2.42029e-008,0.000441946
,,,-2.38029e-008,0
,,,-2.34029e-008,-0.000662919
,,,-2.30029e-008,0
,,,-2.26029e-008,-0.000441946
,,,-2.22029e-008,0
,,,-2.18029e-008,0
,,,-2.14029e-008,-0.000220973
,,,-2.10029e-008,0.000220973
,,,-2.06029e-008,-0.000883892
,,,-2.02029e-008,-0.000220973
,,,-1.98029e-008,0
,,,-1.94029e-008,0.000220973
,,,-1.90029e-008,0
,,,-1.86029e-008,-0.000662919
,,,-1.82029e-008,-0.000220973
,,,-1.78029e-008,0
,,,-1.74029e-008,0
,,,-1.70029e-008,0.000220973
,,,-1.66029e-008,-0.000220973
,,,-1.62029e-008,-0.000220973
,,,-1.58029e-008,0
,,,-1.54029e-008,-0.000220973
,,,-1.50029e-008,0.000220973
,,,-1.46029e-008,-0.000441946
,,,-1.42029e-008,-0.000441946
,,,-1.38029e-008,0.000883892
,,,-1.34029e-008,0
,,,-1.30029e-008,0.000220973
,,,-1.26029e-008,0.000220973
,,,-1.22029e-008,0.000662919
,,,-1.18029e-008,-0.000220973
,,,-1.14029e-008,0.000220973
,,,-1.10029e-008,0.000441946
,,,-1.06029e-008,0
,,,-1.02029e-008,-0.000220973
,,,-9.80287e-009,0.000441946
,,,-9.40287e-009,-0.000220973
,,,-9.00287e-009,-0.000220973
,,,-8.60287e-009,-0.000441946
,,,-8.20287e-009,0
,,,-7.80287e-009,0
,,,-7.40287e-009,0.000662919
,,,-7.00287e-009,-0.000220973
,,,-6.60287e-009,-0.000441946
,,,-6.20287e-009,0
,,,-5.80287e-009,-0.000220973
,,,-5.40287e-009,-0.000220973
,,,-5.00287e-009,0.000220973
,,,-4.60287e-009,0.000220973
,,,-4.20287e-009,-0.000220973
,,,-3.80287e-009,-0.000662919
,,,-3.40287e-009,0
,,,-3.00287e-009,0.000220973
,,,-2.60287e-009,0.000662919
,,,-2.20287e-009,-0.000220973
,,,-1.80287e-009,-0.000220973
,,,-1.40287e-009,-0.000220973
,,,-1.00287e-009,0
,,,-6.02868e-010,0
,,,-2.02868e-010,0.000662919
,,,1.97132e-010,-0.000441946
,,,5.97132e-010,-0.000220973
,,,9.97132e-010,-0.000662919
,,,1.39713e-009,-0.000662919
,,,1.79713e-009,-0.000220973
,,,2.19713e-009,-0.000441946
,,,2.59713e-009,-0.000220973
,,,2.99713e-009,0
,,,3.39713e-009,0.000662919
,,,3.79713e-009,0
,,,4.19713e-009,-0.000220973
,,,4.59713e-009,0.000441946
,,,4.99713e-009,0
,,,5.39713e-009,0.000220973
,,,5.79713e-009,-0.000220973
,,,6.19713e-009,0
,,,6.59713e-009,-0.000441946
,,,6.99713e-009,0.000883892
,,,7.39713e-009,-0.000441946
,,,7.79713e-009,0.000220973
,,,8.19713e-009,0.000441946
,,,8.59713e-009,-0.000220973
,,,8.99713e-009,0.000220973
,,,9.39713e-009,0.000220973
,,,9.79713e-009,-0.000441946
,,,1.01971e-008,0
,,,1.05971e-008,-0.000441946
,,,1.09971e-008,-0.000220973
,,,1.13971e-008,-0.000441946
,,,1.17971e-008,-0.000220973
,,,1.21971e-008,-0.000441946
,,,1.25971e-008,-0.000220973
,,,1.29971e-008,-0.000220973
,,,1.33971e-008,-0.000220973
,,,1.37971e-008,0.000220973
,,,1.41971e-008,0
,,,1.45971e-008,0
,,,1.49971e-008,-0.000441946
,,,1.53971e-008,-0.000220973
,,,1.57971e-008,0
,,,1.61971e-008,0
,,,1.65971e-008,0
,,,1.69971e-008,0
,,,1.73971e-008,0
,,,1.77971e-008,-0.000662919
,,,1.81971e-008,0
,,,1.85971e-008,-0.000220973
,,,1.89971e-008,0.000441946
,,,1.93971e-008,0
,,,1.97971e-008,0.000220973
,,,2.01971e-008,0
,,,2.05971e-008,0.000441946
,,,2.09971e-008,0
,,,2.13971e-008,0.000220973
,,,2.17971e-008,0.000441946
,,,2.21971e-008,0
,,,2.25971e-008,0.000220973
,,,2.29971e-008,0
,,,2.33971e-008,-0.00110486
,,,2.37971e-008,0
,,,2.41971e-008,0
,,,2.45971e-008,-0.000662919
,,,2.49971e-008,0.000220973
,,,2.53971e-008,0.000220973
,,,2.57971e-008,0.000662919
,,,2.61971e-008,0
,,,2.65971e-008,0.000220973
,,,2.69971e-008,0.000220973
,,,2.73971e-008,0.000883892
,,,2.77971e-008,-0.000220973
,,,2.81971e-008,-0.000662919
,,,2.85971e-008,0
,,,2.89971e-008,-0.000441946
,,,2.93971e-008,-0.000441946
,,,2.97971e-008,0.000662919
,,,3.01971e-008,0.000441946
,,,3.05971e-008,0.000220973
,,,3.09971e-008,-0.000220973
,,,3.13971e-008,0
,,,3.17971e-008,-0.000441946
,,,3.21971e-008,0
,,,3.25971e-008,0
,,,3.29971e-008,0
,,,3.33971e-008,0
,,,3.37971e-008,-0.000220973
,,,3.41971e-008,-0.000220973
,,,3.45971e-008,-0.000220973
,,,3.49971e-008,0.000883892
,,,3.53971e-008,0.000220973
,,,3.57971e-008,0.000662919
,,,3.61971e-008,0
,,,3.65971e-008,0.000662919
,,,3.69971e-008,0.000883892
,,,3.73971e-008,0
,,,3.77971e-008,0.000441946
,,,3.81971e-008,0.000441946
,,,3.85971e-008,0.000662919
,,,3.89971e-008,0.000883892
,,,3.93971e-008,0.000220973
,,,3.97971e-008,-0.000441946
,,,4.01971e-008,-0.000662919
,,,4.05971e-008,0
,,,4.09971e-008,-0.000441946
,,,4.13971e-008,0.000220973
,,,4.17971e-008,-0.000441946
,,,4.21971e-008,-0.000220973
,,,4.25971e-008,-0.000662919
,,,4.29971e-008,-0.000220973
,,,4.33971e-008,0
,,,4.37971e-008,-0.000220973
,,,4.41971e-008,0.000220973
,,,4.45971e-008,0.000441946
,,,4.49971e-008,-0.000220973
,,,4.53971e-008,0
,,,4.57971e-008,0
,,,4.61971e-008,0.00110486
,,,4.65971e-008,-0.000220973
,,,4.69971e-008,0.000220973
,,,4.73971e-008,0.000220973
,,,4.77971e-008,-0.000220973
,,,4.81971e-008,0
,,,4.85971e-008,0
,,,4.89971e-008,0.000441946
,,,4.93971e-008,-0.000441946
,,,4.97971e-008,0.000220973
,,,5.01971e-008,0.000220973
,,,5.05971e-008,-0.000441946
,,,5.09971e-008,0.000662919
,,,5.13971e-008,0.000220973
,,,5.17971e-008,0.000220973
,,,5.21971e-008,0
,,,5.25971e-008,0.000662919
,,,5.29971e-008,-0.000220973
,,,5.33971e-008,-0.000441946
,,,5.37971e-008,-0.000220973
,,,5.41971e-008,0.000441946
,,,5.45971e-008,0
,,,5.49971e-008,-0.000662919
,,,5.53971e-008,0
,,,5.57971e-008,-0.000220973
,,,5.61971e-008,-0.000220973
,,,5.65971e-008,0
,,,5.69971e-008,0
,,,5.73971e-008,0
,,,5.77971e-008,-0.000441946
,,,5.81971e-008,0
,,,5.85971e-008,-0.000220973
,,,5.89971e-008,0
,,,5.93971e-008,-0.000662919
,,,5.97971e-008,0
,,,6.01971e-008,-0.000441946
,,,6.05971e-008,-0.000441946
,,,6.09971e-008,-0.000441946
,,,6.13971e-008,0
,,,6.17971e-008,0
,,,6.21971e-008,0.000220973
,,,6.25971e-008,-0.000220973
,,,6.29971e-008,-0.000441946
,,,6.33971e-008,0.000220973
,,,6.37971e-008,-0.000662919
,,,6.41971e-008,-0.000220973
,,,6.45971e-008,-0.000220973
,,,6.49971e-008,-0.000441946
,,,6.53971e-008,-0.000662919
,,,6.57971e-008,-0.000662919
,,,6.61971e-008,0.000220973
,,,6.65971e-008,0.000441946
,,,6.69971e-008,0.000662919
,,,6.73971e-008,-0.000220973
,,,6.77971e-008,-0.000662919
,,,6.81971e-008,-0.000662919
,,,6.85971e-008,-0.000220973
,,,6.89971e-008,-0.000220973
,,,6.93971e-008,0.000220973
,,,6.97971e-008,0
,,,7.01971e-008,0.000220973
,,,7.05971e-008,-0.000441946
,,,7.09971e-008,0
,,,7.13971e-008,0
,,,7.17971e-008,0.000662919
,,,7.21971e-008,0
,,,7.25971e-008,0.000220973
,,,7.29971e-008,-0.000662919
,,,7.33971e-008,-0.000220973
,,,7.37971e-008,-0.000441946
,,,7.41971e-008,-0.000662919
,,,7.45971e-008,0
,,,7.49971e-008,0
,,,7.53971e-008,-0.000883892
,,,7.57971e-008,0
,,,7.61971e-008,-0.000220973
,,,7.65971e-008,0.000220973
,,,7.69971e-008,-0.000662919
,,,7.73971e-008,-0.000441946
,,,7.77971e-008,0
,,,7.81971e-008,0.000441946
,,,7.85971e-008,0
,,,7.89971e-008,-0.000220973
,,,7.93971e-008,0
,,,7.97971e-008,-0.000220973
,,,8.01971e-008,-0.000441946
,,,8.05971e-008,0
,,,8.09971e-008,-0.000220973
,,,8.13971e-008,-0.000441946
,,,8.17971e-008,-0.000220973
,,,8.21971e-008,0.000220973
,,,8.25971e-008,0.000441946
,,,8.29971e-008,-0.000220973
,,,8.33971e-008,0.000220973
,,,8.37971e-008,0.000883892
,,,8.41971e-008,-0.000220973
,,,8.45971e-008,0
,,,8.49971e-008,0.000441946
,,,8.53971e-008,-0.000662919
,,,8.57971e-008,0.000662919
,,,8.61971e-008,0.000883892
,,,8.65971e-008,0.000662919
,,,8.69971e-008,0.000441946
,,,8.73971e-008,-0.000441946
,,,8.77971e-008,0.000220973
,,,8.81971e-008,0
,,,8.85971e-008,0
,,,8.89971e-008,0
,,,8.93971e-008,0
,,,8.97971e-008,-0.000220973
,,,9.01971e-008,0.000220973
,,,9.05971e-008,0.000220973
,,,9.09971e-008,0.000220973
,,,9.13971e-008,0
,,,9.17971e-008,0
,,,9.21971e-008,-0.000662919
,,,9.25971e-008,0.000441946
,,,9.29971e-008,0.000883892
,,,9.33971e-008,0.000883892
,,,9.37971e-008,0.00132584
,,,9.41971e-008,0.00132584
,,,9.45971e-008,0.00220973
,,,9.49971e-008,0.0024307
,,,9.53971e-008,0.00375654
,,,9.57971e-008,0.00486141
,,,9.61971e-008,0.0057453
,,,9.65971e-008,0.00640822
,,,9.69971e-008,0.00751308
,,,9.73971e-008,0.00839697
,,,9.77971e-008,0.0101648
,,,9.81971e-008,0.0119325
,,,9.85971e-008,0.0121535
,,,9.89971e-008,0.0128164
,,,9.93971e-008,0.0137003
,,,9.97971e-008,0.0143632
,,,1.00197e-007,0.0152471
,,,1.00597e-007,0.0154681
,,,1.00997e-007,0.016131
,,,1.01397e-007,0.016573
,,,1.01797e-007,0.0167939
,,,1.02197e-007,0.016352
,,,1.02597e-007,0.0170149
,,,1.02997e-007,0.0170149
,,,1.03397e-007,0.0172359
,,,1.03797e-007,0.0178988
,,,1.04197e-007,0.0170149
,,,1.04597e-007,0.016131
,,,1.04997e-007,0.016352
,,,1.05397e-007,0.0178988
,,,1.05797e-007,0.0172359
,,,1.06197e-007,0.0178988
,,,1.06597e-007,0.0178988
,,,1.06997e-007,0.0176778
,,,1.07397e-007,0.0172359
,,,1.07797e-007,0.0172359
,,,1.08197e-007,0.0172359
,,,1.08597e-007,0.0176778
,,,1.08997e-007,0.0172359
,,,1.09397e-007,0.0174569
,,,1.09797e-007,0.0172359
,,,1.10197e-007,0.0170149
,,,1.10597e-007,0.0183408
,,,1.10997e-007,0.0181198
,,,1.11397e-007,0.0183408
,,,1.11797e-007,0.0174569
,,,1.12197e-007,0.0178988
,,,1.12597e-007,0.0178988
,,,1.12997e-007,0.0174569
,,,1.13397e-007,0.0183408
,,,1.13797e-007,0.016573
,,,1.14197e-007,0.0172359
,,,1.14597e-007,0.0170149
,,,1.14997e-007,0.0183408
,,,1.15397e-007,0.0176778
,,,1.15797e-007,0.0178988
,,,1.16197e-007,0.0172359
,,,1.16597e-007,0.0181198
,,,1.16997e-007,0.0178988
,,,1.17397e-007,0.0176778
,,,1.17797e-007,0.0170149
,,,1.18197e-007,0.0183408
,,,1.18597e-007,0.0178988
,,,1.18997e-007,0.0178988
,,,1.19397e-007,0.0176778
,,,1.19797e-007,0.0183408
,,,1.20197e-007,0.0176778
,,,1.20597e-007,0.0183408
,,,1.20997e-007,0.0178988
,,,1.21397e-007,0.0183408
,,,1.21797e-007,0.0176778
,,,1.22197e-007,0.0183408
,,,1.22597e-007,0.0185617
,,,1.22997e-007,0.0192246
,,,1.23397e-007,0.0198876
,,,1.23797e-007,0.0194456
,,,1.24197e-007,0.0196666
,,,1.24597e-007,0.0205505
,,,1.24997e-007,0.0203295
,,,1.25397e-007,0.0203295
,,,1.25797e-007,0.0203295
,,,1.26197e-007,0.0198876
,,,1.26597e-007,0.0205505
,,,1.26997e-007,0.0212134
,,,1.27397e-007,0.0198876
,,,1.27797e-007,0.0201085
,,,1.28197e-007,0.0190037
,,,1.28597e-007,0.0194456
,,,1.28997e-007,0.0187827
,,,1.29397e-007,0.0183408
,,,1.29797e-007,0.0185617
,,,1.30197e-007,0.0187827
,,,1.30597e-007,0.0183408
,,,1.30997e-007,0.0178988
,,,1.31397e-007,0.0176778
,,,1.31797e-007,0.0178988
,,,1.32197e-007,0.0176778
,,,1.32597e-007,0.0174569
,,,1.32997e-007,0.0170149
,,,1.33397e-007,0.016352
,,,1.33797e-007,0.016573
,,,1.34197e-007,0.0170149
,,,1.34597e-007,0.016573
,,,1.34997e-007,0.0167939
,,,1.35397e-007,0.016573
,,,1.35797e-007,0.0159101
,,,1.36197e-007,0.0159101
,,,1.36597e-007,0.0159101
,,,1.36997e-007,0.0159101
,,,1.37397e-007,0.0156891
,,,1.37797e-007,0.0154681
,,,1.38197e-007,0.016131
,,,1.38597e-007,0.016131
,,,1.38997e-007,0.016352
,,,1.39397e-007,0.0156891
,,,1.39797e-007,0.0152471
,,,1.40197e-007,0.0154681
,,,1.40597e-007,0.0167939
,,,1.40997e-007,0.0159101
,,,1.41397e-007,0.016131
,,,1.41797e-007,0.016131
,,,1.42197e-007,0.0159101
,,,1.42597e-007,0.0154681
,,,1.42997e-007,0.0148052
,,,1.43397e-007,0.0148052
,,,1.43797e-007,0.0150262
,,,1.44197e-007,0.0152471
,,,1.44597e-007,0.0148052
,,,1.44997e-007,0.0145842
,,,1.45397e-007,0.0150262
,,,1.45797e-007,0.0145842
,,,1.46197e-007,0.0154681
,,,1.46597e-007,0.0145842
,,,1.46997e-007,0.0152471
,,,1.47397e-007,0.0143632
,,,1.47797e-007,0.0145842
,,,1.48197e-007,0.0143632
,,,1.48597e-007,0.0145842
,,,1.48997e-007,0.0143632
,,,1.49397e-007,0.0143632
,,,1.49797e-007,0.0148052
,,,1.50197e-007,0.0143632
,,,1.50597e-007,0.0143632
,,,1.50997e-007,0.0141423
,,,1.51397e-007,0.0141423
,,,1.51797e-007,0.0145842
,,,1.52197e-007,0.0139213
,,,1.52597e-007,0.0139213
,,,1.52997e-007,0.0145842
,,,1.53397e-007,0.0139213
,,,1.53797e-007,0.0139213
,,,1.54197e-007,0.0141423
,,,1.54597e-007,0.0139213
,,,1.54997e-007,0.0134794
,,,1.55397e-007,0.0132584
,,,1.55797e-007,0.0121535
,,,1.56197e-007,0.0123745
,,,1.56597e-007,0.0123745
,,,1.56997e-007,0.0125955
,,,1.57397e-007,0.0117116
,,,1.57797e-007,0.0114906
,,,1.58197e-007,0.0117116
,,,1.58597e-007,0.0121535
,,,1.58997e-007,0.0117116
,,,1.59397e-007,0.0117116
,,,1.59797e-007,0.0121535
,,,1.60197e-007,0.0117116
,,,1.60597e-007,0.0117116
,,,1.60997e-007,0.0114906
,,,1.61397e-007,0.0117116
,,,1.61797e-007,0.0119325
,,,1.62197e-007,0.0112696
,,,1.62597e-007,0.0110486
,,,1.62997e-007,0.0114906
,,,1.63397e-007,0.0125955
,,,1.63797e-007,0.0123745
,,,1.64197e-007,0.0121535
,,,1.64597e-007,0.0117116
,,,1.64997e-007,0.0121535
,,,1.65397e-007,0.0123745
,,,1.65797e-007,0.0123745
,,,1.66197e-007,0.0130374
,,,1.66597e-007,0.0117116
,,,1.66997e-007,0.0123745
,,,1.67397e-007,0.0117116
,,,1.67797e-007,0.0128164
,,,1.68197e-007,0.0123745
,,,1.68597e-007,0.0119325
,,,1.68997e-007,0.0119325
,,,1.69397e-007,0.0119325
,,,1.69797e-007,0.0117116
,,,1.70197e-007,0.0125955
,,,1.70597e-007,0.0121535
,,,1.70997e-007,0.0123745
,,,1.71397e-007,0.0125955
,,,1.71797e-007,0.0128164
,,,1.72197e-007,0.0112696
,,,1.72597e-007,0.0119325
,,,1.72997e-007,0.0121535
,,,1.73397e-007,0.0121535
,,,1.73797e-007,0.0125955
,,,1.74197e-007,0.0128164
,,,1.74597e-007,0.0121535
,,,1.74997e-007,0.0128164
,,,1.75397e-007,0.0123745
,,,1.75797e-007,0.0128164
,,,1.76197e-007,0.0128164
,,,1.76597e-007,0.0125955
,,,1.76997e-007,0.0112696
,,,1.77397e-007,0.0117116
,,,1.77797e-007,0.0121535
,,,1.78197e-007,0.0123745
,,,1.78597e-007,0.0114906
,,,1.78997e-007,0.0128164
,,,1.79397e-007,0.0117116
,,,1.79797e-007,0.0121535
,,,1.80197e-007,0.0123745
,,,1.80597e-007,0.0132584
,,,1.80997e-007,0.0121535
,,,1.81397e-007,0.0123745
,,,1.81797e-007,0.0123745
,,,1.82197e-007,0.0123745
,,,1.82597e-007,0.0125955
,,,1.82997e-007,0.0123745
,,,1.83397e-007,0.0121535
,,,1.83797e-007,0.0121535
,,,1.84197e-007,0.0112696
,,,1.84597e-007,0.0121535
,,,1.84997e-007,0.0125955
,,,1.85397e-007,0.0125955
,,,1.85797e-007,0.0119325
,,,1.86197e-007,0.0125955
,,,1.86597e-007,0.0121535
,,,1.86997e-007,0.0125955
,,,1.87397e-007,0.0125955
,,,1.87797e-007,0.0134794
,,,1.88197e-007,0.0130374
,,,1.88597e-007,0.0132584
,,,1.88997e-007,0.0121535
,,,1.89397e-007,0.0125955
,,,1.89797e-007,0.0125955
,,,1.90197e-007,0.0121535
,,,1.90597e-007,0.0132584
,,,1.90997e-007,0.0128164
,,,1.91397e-007,0.0128164
,,,1.91797e-007,0.0130374
,,,1.92197e-007,0.0137003
,,,1.92597e-007,0.0132584
,,,1.92997e-007,0.0132584
,,,1.93397e-007,0.0132584
,,,1.93797e-007,0.0130374
,,,1.94197e-007,0.0130374
,,,1.94597e-007,0.0132584
,,,1.94997e-007,0.0130374
,,,1.95397e-007,0.0130374
,,,1.95797e-007,0.0123745
,,,1.96197e-007,0.0125955
,,,1.96597e-007,0.0137003
,,,1.96997e-007,0.0137003
,,,1.97397e-007,0.0134794
,,,1.97797e-007,0.0132584
,,,1.98197e-007,0.0132584
,,,1.98597e-007,0.0130374
,,,1.98997e-007,0.0134794
,,,1.99397e-007,0.0125955
,,,1.99797e-007,0.0123745
,,,2.00197e-007,0.0121535
,,,2.00597e-007,0.0123745
,,,2.00997e-007,0.0119325
,,,2.01397e-007,0.0121535
,,,2.01797e-007,0.0123745
,,,2.02197e-007,0.0119325
,,,2.02597e-007,0.0114906
,,,2.02997e-007,0.0121535
,,,2.03397e-007,0.0114906
,,,2.03797e-007,0.0114906
,,,2.04197e-007,0.0112696
,,,2.04597e-007,0.0114906
,,,2.04997e-007,0.0114906
,,,2.05397e-007,0.0110486
,,,2.05797e-007,0.0112696
,,,2.06197e-007,0.0110486
,,,2.06597e-007,0.00994378
,,,2.06997e-007,0.00994378
,,,2.07397e-007,0.00972281
,,,2.07797e-007,0.0101648
,,,2.08197e-007,0.00994378
,,,2.08597e-007,0.00861795
,,,2.08997e-007,0.00883892
,,,2.09397e-007,0.00883892
,,,2.09797e-007,0.00839697
,,,2.10197e-007,0.00861795
,,,2.10597e-007,0.00751308
,,,2.10997e-007,0.00773405
,,,2.11397e-007,0.00751308
,,,2.11797e-007,0.00662919
,,,2.12197e-007,0.00618724
,,,2.12597e-007,0.00662919
,,,2.12997e-007,0.0057453
,,,2.13397e-007,0.00508238
,,,2.13797e-007,0.00508238
,,,2.14197e-007,0.00486141
,,,2.14597e-007,0.00397751
,,,2.14997e-007,0.00397751
,,,2.15397e-007,0.00353557
,,,2.15797e-007,0.00397751
,,,2.16197e-007,0.00353557
,,,2.16597e-007,0.00309362
,,,2.16997e-007,0.00309362
,,,2.17397e-007,0.00198876
,,,2.17797e-007,0.00198876
,,,2.18197e-007,0.0024307
,,,2.18597e-007,0.00154681
,,,2.18997e-007,0.00265168
,,,2.19397e-007,0.0024307
,,,2.19797e-007,0.00154681
,,,2.20197e-007,0.00154681
,,,2.20597e-007,0.00265168
,,,2.20997e-007,0.00220973
,,,2.21397e-007,0.00110486
,,,2.21797e-007,0.00132584
,,,2.22197e-007,0.00132584
,,,2.22597e-007,0.000883892
,,,2.22997e-007,0.00132584
,,,2.23397e-007,0.00110486
,,,2.23797e-007,0.00110486
,,,2.24197e-007,0.000883892
,,,2.24597e-007,0.000220973
,,,2.24997e-007,0.000662919
,,,2.25397e-007,0.000883892
,,,2.25797e-007,0.000441946
,,,2.26197e-007,0.000441946
,,,2.26597e-007,0.000662919
,,,2.26997e-007,0.00110486
,,,2.27397e-007,0.000220973
,,,2.27797e-007,0.000883892
,,,2.28197e-007,0.000441946
,,,2.28597e-007,0.00110486
,,,2.28997e-007,0.00110486
,,,2.29397e-007,0.000220973
,,,2.29797e-007,0.000883892
,,,2.30197e-007,0.00154681
,,,2.30597e-007,0.000220973
,,,2.30997e-007,0.000441946
,,,2.31397e-007,0
,,,2.31797e-007,0
,,,2.32197e-007,0.000220973
,,,2.32597e-007,0.000441946
,,,2.32997e-007,0.000220973
,,,2.33397e-007,0
,,,2.33797e-007,-0.000220973
,,,2.34197e-007,0.000441946
,,,2.34597e-007,0.000220973
,,,2.34997e-007,0
,,,2.35397e-007,0
,,,2.35797e-007,0.000220973
,,,2.36197e-007,-0.000220973
,,,2.36597e-007,0.000220973
,,,2.36997e-007,-0.000220973
,,,2.37397e-007,-0.000220973
,,,2.37797e-007,-0.000220973
,,,2.38197e-007,-0.000441946
,,,2.38597e-007,-0.000662919
,,,2.38997e-007,-0.000662919
,,,2.39397e-007,-0.00110486
,,,2.39797e-007,-0.000883892
,,,2.40197e-007,-0.000662919
,,,2.40597e-007,-0.000662919
,,,2.40997e-007,-0.000662919
,,,2.41397e-007,-0.00110486
,,,2.41797e-007,-0.00132584
,,,2.42197e-007,-0.000883892
,,,2.42597e-007,0
,,,2.42997e-007,0.000441946
,,,2.43397e-007,-0.000220973
,,,2.43797e-007,-0.000662919
,,,2.44197e-007,-0.00110486
,,,2.44597e-007,-0.000220973
,,,2.44997e-007,-0.000662919
,,,2.45397e-007,-0.000883892
,,,2.45797e-007,-0.000441946
,,,2.46197e-007,-0.000441946
,,,2.46597e-007,-0.000220973
,,,2.46997e-007,0
,,,2.47397e-007,-0.000883892
,,,2.47797e-007,0
,,,2.48197e-007,-0.000220973
,,,2.48597e-007,0
,,,2.48997e-007,0.000220973
,,,2.49397e-007,-0.000441946
,,,2.49797e-007,0
,,,2.50197e-007,0.000220973
