"Record Length",1252,"Points",-2.50391e-007,0.000662919
"Sample Interval",4e-010,s,-2.49991e-007,0
"Trigger Point",625,"Samples",-2.49591e-007,0.000220973
"Trigger Time",0.97644,s,-2.49191e-007,0.000441946
,,,-2.48791e-007,0.000883892
"Horizontal Offset",-2.50391e-007,s,-2.48391e-007,0
,,,-2.47991e-007,0.00132584
,,,-2.47591e-007,0
,,,-2.47191e-007,0.000662919
,,,-2.46791e-007,0.000441946
,,,-2.46391e-007,0.000220973
,,,-2.45991e-007,0.000441946
,,,-2.45591e-007,-0.000441946
,,,-2.45191e-007,0
,,,-2.44791e-007,0.000883892
,,,-2.44391e-007,0.000220973
,,,-2.43991e-007,0.000662919
,,,-2.43591e-007,0.000441946
,,,-2.43191e-007,0.00110486
,,,-2.42791e-007,0.000220973
,,,-2.42391e-007,0.000441946
,,,-2.41991e-007,-0.000441946
,,,-2.41591e-007,0.000441946
,,,-2.41191e-007,0.000662919
,,,-2.40791e-007,0.000220973
,,,-2.40391e-007,0.000441946
,,,-2.39991e-007,0.000662919
,,,-2.39591e-007,0.000441946
,,,-2.39191e-007,0
,,,-2.38791e-007,0.000220973
,,,-2.38391e-007,-0.000220973
,,,-2.37991e-007,0.000220973
,,,-2.37591e-007,0.000220973
,,,-2.37191e-007,0
,,,-2.36791e-007,0.000220973
,,,-2.36391e-007,0.000220973
,,,-2.35991e-007,0.000220973
,,,-2.35591e-007,0.000662919
,,,-2.35191e-007,0
,,,-2.34791e-007,0.000220973
,,,-2.34391e-007,0.000441946
,,,-2.33991e-007,0
,,,-2.33591e-007,0.000441946
,,,-2.33191e-007,0.000220973
,,,-2.32791e-007,0.000662919
,,,-2.32391e-007,0.00110486
,,,-2.31991e-007,0
,,,-2.31591e-007,0.000220973
,,,-2.31191e-007,0
,,,-2.30791e-007,0.000662919
,,,-2.30391e-007,0
,,,-2.29991e-007,0.000220973
,,,-2.29591e-007,0
,,,-2.29191e-007,0.000220973
,,,-2.28791e-007,0.000441946
,,,-2.28391e-007,0.000441946
,,,-2.27991e-007,0.000220973
,,,-2.27591e-007,0.000220973
,,,-2.27191e-007,0.000220973
,,,-2.26791e-007,0.000441946
,,,-2.26391e-007,0.000662919
,,,-2.25991e-007,0.000662919
,,,-2.25591e-007,0.000883892
,,,-2.25191e-007,0.000441946
,,,-2.24791e-007,0.000441946
,,,-2.24391e-007,0
,,,-2.23991e-007,0.000662919
,,,-2.23591e-007,0.000662919
,,,-2.23191e-007,0.000441946
,,,-2.22791e-007,-0.000220973
,,,-2.22391e-007,-0.000662919
,,,-2.21991e-007,0
,,,-2.21591e-007,0.000220973
,,,-2.21191e-007,-0.000220973
,,,-2.20791e-007,0.000220973
,,,-2.20391e-007,0
,,,-2.19991e-007,0.000220973
,,,-2.19591e-007,0.000441946
,,,-2.19191e-007,0.000662919
,,,-2.18791e-007,0
,,,-2.18391e-007,0.000220973
,,,-2.17991e-007,-0.000441946
,,,-2.17591e-007,0
,,,-2.17191e-007,0.000883892
,,,-2.16791e-007,0.00132584
,,,-2.16391e-007,0.000662919
,,,-2.15991e-007,0.000662919
,,,-2.15591e-007,0.000441946
,,,-2.15191e-007,0
,,,-2.14791e-007,0.000441946
,,,-2.14391e-007,-0.000220973
,,,-2.13991e-007,0
,,,-2.13591e-007,-0.000441946
,,,-2.13191e-007,0.000220973
,,,-2.12791e-007,0.000883892
,,,-2.12391e-007,0
,,,-2.11991e-007,0
,,,-2.11591e-007,-0.000441946
,,,-2.11191e-007,0.000441946
,,,-2.10791e-007,-0.000220973
,,,-2.10391e-007,0.000662919
,,,-2.09991e-007,0.000220973
,,,-2.09591e-007,0.000662919
,,,-2.09191e-007,0.000883892
,,,-2.08791e-007,0.000220973
,,,-2.08391e-007,-0.000220973
,,,-2.07991e-007,0.000220973
,,,-2.07591e-007,-0.000220973
,,,-2.07191e-007,0.000441946
,,,-2.06791e-007,-0.000220973
,,,-2.06391e-007,0.000662919
,,,-2.05991e-007,0.000220973
,,,-2.05591e-007,0.000220973
,,,-2.05191e-007,0
,,,-2.04791e-007,0
,,,-2.04391e-007,0
,,,-2.03991e-007,0.000220973
,,,-2.03591e-007,0.000662919
,,,-2.03191e-007,0.000441946
,,,-2.02791e-007,0
,,,-2.02391e-007,0
,,,-2.01991e-007,0.000220973
,,,-2.01591e-007,0.000883892
,,,-2.01191e-007,-0.000220973
,,,-2.00791e-007,0.000441946
,,,-2.00391e-007,0.000441946
,,,-1.99991e-007,0.000883892
,,,-1.99591e-007,-0.000441946
,,,-1.99191e-007,-0.000220973
,,,-1.98791e-007,-0.000220973
,,,-1.98391e-007,-0.000220973
,,,-1.97991e-007,0
,,,-1.97591e-007,0.000220973
,,,-1.97191e-007,-0.000220973
,,,-1.96791e-007,0.000220973
,,,-1.96391e-007,0.000883892
,,,-1.95991e-007,0.000220973
,,,-1.95591e-007,0.000883892
,,,-1.95191e-007,0.000220973
,,,-1.94791e-007,0
,,,-1.94391e-007,0.000220973
,,,-1.93991e-007,-0.000220973
,,,-1.93591e-007,0.000441946
,,,-1.93191e-007,0.000220973
,,,-1.92791e-007,0.000662919
,,,-1.92391e-007,-0.000220973
,,,-1.91991e-007,0.000883892
,,,-1.91591e-007,0.000883892
,,,-1.91191e-007,0.000220973
,,,-1.90791e-007,-0.000662919
,,,-1.90391e-007,0.000220973
,,,-1.89991e-007,0.000441946
,,,-1.89591e-007,0.000441946
,,,-1.89191e-007,0.000662919
,,,-1.88791e-007,0
,,,-1.88391e-007,0.000220973
,,,-1.87991e-007,0.000883892
,,,-1.87591e-007,0.000220973
,,,-1.87191e-007,0.000441946
,,,-1.86791e-007,0.000220973
,,,-1.86391e-007,0.000441946
,,,-1.85991e-007,0.000441946
,,,-1.85591e-007,0.000441946
,,,-1.85191e-007,0.000441946
,,,-1.84791e-007,0.000662919
,,,-1.84391e-007,0.000883892
,,,-1.83991e-007,0.000883892
,,,-1.83591e-007,0.000220973
,,,-1.83191e-007,0.000220973
,,,-1.82791e-007,0
,,,-1.82391e-007,0
,,,-1.81991e-007,0
,,,-1.81591e-007,-0.000220973
,,,-1.81191e-007,-0.000662919
,,,-1.80791e-007,0.000441946
,,,-1.80391e-007,0.000662919
,,,-1.79991e-007,0.000441946
,,,-1.79591e-007,0.000220973
,,,-1.79191e-007,0
,,,-1.78791e-007,0
,,,-1.78391e-007,0.000662919
,,,-1.77991e-007,-0.000220973
,,,-1.77591e-007,0
,,,-1.77191e-007,0.000441946
,,,-1.76791e-007,0.000441946
,,,-1.76391e-007,0.000662919
,,,-1.75991e-007,0.000441946
,,,-1.75591e-007,0.000662919
,,,-1.75191e-007,0.000220973
,,,-1.74791e-007,0
,,,-1.74391e-007,0.000220973
,,,-1.73991e-007,0.000662919
,,,-1.73591e-007,0.000441946
,,,-1.73191e-007,0.000220973
,,,-1.72791e-007,0.000220973
,,,-1.72391e-007,0.000441946
,,,-1.71991e-007,0.000441946
,,,-1.71591e-007,0.00110486
,,,-1.71191e-007,0.000662919
,,,-1.70791e-007,0.000441946
,,,-1.70391e-007,0.000662919
,,,-1.69991e-007,0.000662919
,,,-1.69591e-007,0.000220973
,,,-1.69191e-007,0
,,,-1.68791e-007,0.000441946
,,,-1.68391e-007,0.000441946
,,,-1.67991e-007,0.000220973
,,,-1.67591e-007,0.000220973
,,,-1.67191e-007,0.000662919
,,,-1.66791e-007,0.000441946
,,,-1.66391e-007,0.000220973
,,,-1.65991e-007,0
,,,-1.65591e-007,0
,,,-1.65191e-007,-0.000220973
,,,-1.64791e-007,0.000441946
,,,-1.64391e-007,0.000220973
,,,-1.63991e-007,0.000883892
,,,-1.63591e-007,0.000662919
,,,-1.63191e-007,0.000441946
,,,-1.62791e-007,-0.000220973
,,,-1.62391e-007,0.000220973
,,,-1.61991e-007,0.00110486
,,,-1.61591e-007,0.000883892
,,,-1.61191e-007,0.000220973
,,,-1.60791e-007,0.000220973
,,,-1.60391e-007,0.000883892
,,,-1.59991e-007,0.000662919
,,,-1.59591e-007,0.000220973
,,,-1.59191e-007,0.000883892
,,,-1.58791e-007,0
,,,-1.58391e-007,0.000220973
,,,-1.57991e-007,-0.000220973
,,,-1.57591e-007,0
,,,-1.57191e-007,-0.000220973
,,,-1.56791e-007,0.000220973
,,,-1.56391e-007,0.000220973
,,,-1.55991e-007,0.000883892
,,,-1.55591e-007,0.000662919
,,,-1.55191e-007,0.000441946
,,,-1.54791e-007,0.000220973
,,,-1.54391e-007,0.000441946
,,,-1.53991e-007,-0.000220973
,,,-1.53591e-007,-0.000441946
,,,-1.53191e-007,0.000220973
,,,-1.52791e-007,0.000220973
,,,-1.52391e-007,0.000220973
,,,-1.51991e-007,0.000441946
,,,-1.51591e-007,-0.000441946
,,,-1.51191e-007,0
,,,-1.50791e-007,0.000220973
,,,-1.50391e-007,-0.000220973
,,,-1.49991e-007,0
,,,-1.49591e-007,0
,,,-1.49191e-007,0
,,,-1.48791e-007,0.000220973
,,,-1.48391e-007,0.000220973
,,,-1.47991e-007,0.000220973
,,,-1.47591e-007,0.000441946
,,,-1.47191e-007,0.000883892
,,,-1.46791e-007,0.000220973
,,,-1.46391e-007,0.000883892
,,,-1.45991e-007,0.000220973
,,,-1.45591e-007,0.000220973
,,,-1.45191e-007,-0.000220973
,,,-1.44791e-007,0
,,,-1.44391e-007,0
,,,-1.43991e-007,0
,,,-1.43591e-007,0.000441946
,,,-1.43191e-007,0.000220973
,,,-1.42791e-007,0
,,,-1.42391e-007,-0.000220973
,,,-1.41991e-007,0
,,,-1.41591e-007,0
,,,-1.41191e-007,0.000441946
,,,-1.40791e-007,-0.000662919
,,,-1.40391e-007,0.000441946
,,,-1.39991e-007,0.000883892
,,,-1.39591e-007,0
,,,-1.39191e-007,-0.000220973
,,,-1.38791e-007,-0.000220973
,,,-1.38391e-007,0.000883892
,,,-1.37991e-007,0.000441946
,,,-1.37591e-007,0.00132584
,,,-1.37191e-007,0.000220973
,,,-1.36791e-007,0.000220973
,,,-1.36391e-007,0.000220973
,,,-1.35991e-007,0
,,,-1.35591e-007,0.000220973
,,,-1.35191e-007,0.000441946
,,,-1.34791e-007,0.000662919
,,,-1.34391e-007,0.000441946
,,,-1.33991e-007,0
,,,-1.33591e-007,-0.000220973
,,,-1.33191e-007,0
,,,-1.32791e-007,-0.000220973
,,,-1.32391e-007,0.000220973
,,,-1.31991e-007,0
,,,-1.31591e-007,0.000220973
,,,-1.31191e-007,0.000220973
,,,-1.30791e-007,0.000441946
,,,-1.30391e-007,0.000662919
,,,-1.29991e-007,0
,,,-1.29591e-007,0
,,,-1.29191e-007,0.000220973
,,,-1.28791e-007,0.000441946
,,,-1.28391e-007,0.000662919
,,,-1.27991e-007,0.000441946
,,,-1.27591e-007,0
,,,-1.27191e-007,0.000441946
,,,-1.26791e-007,-0.000220973
,,,-1.26391e-007,0.000220973
,,,-1.25991e-007,0.000220973
,,,-1.25591e-007,0.000662919
,,,-1.25191e-007,0.000220973
,,,-1.24791e-007,0
,,,-1.24391e-007,-0.000220973
,,,-1.23991e-007,0.000220973
,,,-1.23591e-007,0.000441946
,,,-1.23191e-007,0.000662919
,,,-1.22791e-007,0.000220973
,,,-1.22391e-007,0.000220973
,,,-1.21991e-007,0.000220973
,,,-1.21591e-007,-0.000220973
,,,-1.21191e-007,0.000441946
,,,-1.20791e-007,0.000441946
,,,-1.20391e-007,0
,,,-1.19991e-007,0
,,,-1.19591e-007,0.000662919
,,,-1.19191e-007,0.000441946
,,,-1.18791e-007,0
,,,-1.18391e-007,0.000662919
,,,-1.17991e-007,-0.000662919
,,,-1.17591e-007,-0.000662919
,,,-1.17191e-007,0.000441946
,,,-1.16791e-007,0.000441946
,,,-1.16391e-007,-0.000441946
,,,-1.15991e-007,0.000883892
,,,-1.15591e-007,0.000220973
,,,-1.15191e-007,-0.000220973
,,,-1.14791e-007,0
,,,-1.14391e-007,0
,,,-1.13991e-007,-0.000220973
,,,-1.13591e-007,-0.000220973
,,,-1.13191e-007,0
,,,-1.12791e-007,0.000220973
,,,-1.12391e-007,0
,,,-1.11991e-007,0
,,,-1.11591e-007,-0.000662919
,,,-1.11191e-007,0
,,,-1.10791e-007,0
,,,-1.10391e-007,0.000220973
,,,-1.09991e-007,-0.000220973
,,,-1.09591e-007,0
,,,-1.09191e-007,-0.000441946
,,,-1.08791e-007,0.000662919
,,,-1.08391e-007,0.000220973
,,,-1.07991e-007,0.000220973
,,,-1.07591e-007,0.000220973
,,,-1.07191e-007,0.000220973
,,,-1.06791e-007,0.000220973
,,,-1.06391e-007,0.000220973
,,,-1.05991e-007,0.000220973
,,,-1.05591e-007,0.000220973
,,,-1.05191e-007,0.000220973
,,,-1.04791e-007,0.000441946
,,,-1.04391e-007,0.000441946
,,,-1.03991e-007,0
,,,-1.03591e-007,0.000220973
,,,-1.03191e-007,0
,,,-1.02791e-007,0.000220973
,,,-1.02391e-007,-0.000220973
,,,-1.01991e-007,-0.000220973
,,,-1.01591e-007,0.000220973
,,,-1.01191e-007,0
,,,-1.00791e-007,0.000441946
,,,-1.00391e-007,0.000441946
,,,-9.99906e-008,0.000441946
,,,-9.95906e-008,-0.000441946
,,,-9.91906e-008,0.000883892
,,,-9.87906e-008,-0.000220973
,,,-9.83906e-008,0.000441946
,,,-9.79906e-008,0.000662919
,,,-9.75906e-008,0.000662919
,,,-9.71906e-008,0.000220973
,,,-9.67906e-008,0.000662919
,,,-9.63906e-008,0.000441946
,,,-9.59906e-008,0.000220973
,,,-9.55906e-008,0
,,,-9.51906e-008,0.000883892
,,,-9.47906e-008,-0.000220973
,,,-9.43906e-008,0
,,,-9.39906e-008,0.000441946
,,,-9.35906e-008,0
,,,-9.31906e-008,0
,,,-9.27906e-008,0
,,,-9.23906e-008,0.000441946
,,,-9.19906e-008,0.000220973
,,,-9.15906e-008,0.000220973
,,,-9.11906e-008,0.000441946
,,,-9.07906e-008,0.000441946
,,,-9.03906e-008,0
,,,-8.99906e-008,0.000220973
,,,-8.95906e-008,0.000883892
,,,-8.91906e-008,0.000441946
,,,-8.87906e-008,0.000220973
,,,-8.83906e-008,0.000883892
,,,-8.79906e-008,0.000662919
,,,-8.75906e-008,-0.000441946
,,,-8.71906e-008,0.00110486
,,,-8.67906e-008,0
,,,-8.63906e-008,0
,,,-8.59906e-008,0.000220973
,,,-8.55906e-008,0.000220973
,,,-8.51906e-008,-0.000220973
,,,-8.47906e-008,0.000441946
,,,-8.43906e-008,-0.000441946
,,,-8.39906e-008,0
,,,-8.35906e-008,0.000220973
,,,-8.31906e-008,0
,,,-8.27906e-008,0.000220973
,,,-8.23906e-008,0.00110486
,,,-8.19906e-008,0
,,,-8.15906e-008,-0.000220973
,,,-8.11906e-008,0
,,,-8.07906e-008,0.000220973
,,,-8.03906e-008,0.000662919
,,,-7.99906e-008,0.000220973
,,,-7.95906e-008,0.000662919
,,,-7.91906e-008,0.000220973
,,,-7.87906e-008,0.000662919
,,,-7.83906e-008,0.000220973
,,,-7.79906e-008,0.000220973
,,,-7.75906e-008,-0.000220973
,,,-7.71906e-008,0
,,,-7.67906e-008,-0.000220973
,,,-7.63906e-008,0.00110486
,,,-7.59906e-008,0.000441946
,,,-7.55906e-008,0
,,,-7.51906e-008,0.000662919
,,,-7.47906e-008,0.000883892
,,,-7.43906e-008,0.000662919
,,,-7.39906e-008,0.00110486
,,,-7.35906e-008,0.000441946
,,,-7.31906e-008,0.000220973
,,,-7.27906e-008,0.000662919
,,,-7.23906e-008,0.000883892
,,,-7.19906e-008,0.000441946
,,,-7.15906e-008,0.000441946
,,,-7.11906e-008,0
,,,-7.07906e-008,0
,,,-7.03906e-008,0.000220973
,,,-6.99906e-008,0.000662919
,,,-6.95906e-008,0.000220973
,,,-6.91906e-008,0.000441946
,,,-6.87906e-008,-0.000220973
,,,-6.83906e-008,0.000220973
,,,-6.79906e-008,0.000883892
,,,-6.75906e-008,0.000662919
,,,-6.71906e-008,0
,,,-6.67906e-008,0.000883892
,,,-6.63906e-008,0.000441946
,,,-6.59906e-008,0.000441946
,,,-6.55906e-008,0
,,,-6.51906e-008,0
,,,-6.47906e-008,0
,,,-6.43906e-008,0.000662919
,,,-6.39906e-008,0.000220973
,,,-6.35906e-008,0.000662919
,,,-6.31906e-008,0.000883892
,,,-6.27906e-008,0.000441946
,,,-6.23906e-008,0.000220973
,,,-6.19906e-008,0.000662919
,,,-6.15906e-008,-0.000220973
,,,-6.11906e-008,0
,,,-6.07906e-008,-0.000441946
,,,-6.03906e-008,0.000220973
,,,-5.99906e-008,0.000662919
,,,-5.95906e-008,0.000662919
,,,-5.91906e-008,0
,,,-5.87906e-008,0.000441946
,,,-5.83906e-008,0.000441946
,,,-5.79906e-008,0.000662919
,,,-5.75906e-008,-0.000441946
,,,-5.71906e-008,-0.000220973
,,,-5.67906e-008,0
,,,-5.63906e-008,0
,,,-5.59906e-008,0.000883892
,,,-5.55906e-008,0
,,,-5.51906e-008,0.000220973
,,,-5.47906e-008,0.000220973
,,,-5.43906e-008,0.000441946
,,,-5.39906e-008,0
,,,-5.35906e-008,0.000220973
,,,-5.31906e-008,0
,,,-5.27906e-008,0
,,,-5.23906e-008,0.000662919
,,,-5.19906e-008,0.00110486
,,,-5.15906e-008,0.000662919
,,,-5.11906e-008,0.00110486
,,,-5.07906e-008,0.000441946
,,,-5.03906e-008,0.000883892
,,,-4.99906e-008,0.000441946
,,,-4.95906e-008,-0.000220973
,,,-4.91906e-008,0.000220973
,,,-4.87906e-008,0.000662919
,,,-4.83906e-008,0.000220973
,,,-4.79906e-008,0.000220973
,,,-4.75906e-008,0
,,,-4.71906e-008,0.000662919
,,,-4.67906e-008,0.000441946
,,,-4.63906e-008,0.000441946
,,,-4.59906e-008,0
,,,-4.55906e-008,0.000220973
,,,-4.51906e-008,0.000662919
,,,-4.47906e-008,0.000220973
,,,-4.43906e-008,0
,,,-4.39906e-008,0.000441946
,,,-4.35906e-008,0.000220973
,,,-4.31906e-008,0.000662919
,,,-4.27906e-008,0.000441946
,,,-4.23906e-008,0.000441946
,,,-4.19906e-008,0.000220973
,,,-4.15906e-008,0.000662919
,,,-4.11906e-008,0.000662919
,,,-4.07906e-008,0.000220973
,,,-4.03906e-008,0.000220973
,,,-3.99906e-008,0
,,,-3.95906e-008,0
,,,-3.91906e-008,0.000662919
,,,-3.87906e-008,0.000220973
,,,-3.83906e-008,0.000220973
,,,-3.79906e-008,0.000441946
,,,-3.75906e-008,0
,,,-3.71906e-008,0
,,,-3.67906e-008,0.000662919
,,,-3.63906e-008,0.000220973
,,,-3.59906e-008,0.000662919
,,,-3.55906e-008,-0.000441946
,,,-3.51906e-008,0.000441946
,,,-3.47906e-008,0.000220973
,,,-3.43906e-008,-0.000220973
,,,-3.39906e-008,0.000662919
,,,-3.35906e-008,0
,,,-3.31906e-008,0.000662919
,,,-3.27906e-008,0.000441946
,,,-3.23906e-008,0.000441946
,,,-3.19906e-008,0.000883892
,,,-3.15906e-008,0.000220973
,,,-3.11906e-008,0
,,,-3.07906e-008,0
,,,-3.03906e-008,0
,,,-2.99906e-008,0.000220973
,,,-2.95906e-008,0.000662919
,,,-2.91906e-008,0.000441946
,,,-2.87906e-008,0.000220973
,,,-2.83906e-008,0
,,,-2.79906e-008,0.000662919
,,,-2.75906e-008,0.000441946
,,,-2.71906e-008,0.000441946
,,,-2.67906e-008,-0.000441946
,,,-2.63906e-008,0.000220973
,,,-2.59906e-008,0.000662919
,,,-2.55906e-008,-0.000220973
,,,-2.51906e-008,-0.000220973
,,,-2.47906e-008,0.000662919
,,,-2.43906e-008,0.000220973
,,,-2.39906e-008,0.000220973
,,,-2.35906e-008,-0.000220973
,,,-2.31906e-008,0.000220973
,,,-2.27906e-008,0.000220973
,,,-2.23906e-008,0
,,,-2.19906e-008,0.000441946
,,,-2.15906e-008,0.000441946
,,,-2.11906e-008,-0.000441946
,,,-2.07906e-008,0.000662919
,,,-2.03906e-008,0.000220973
,,,-1.99906e-008,0.000662919
,,,-1.95906e-008,0.000220973
,,,-1.91906e-008,0.000441946
,,,-1.87906e-008,0.000883892
,,,-1.83906e-008,0
,,,-1.79906e-008,0
,,,-1.75906e-008,0
,,,-1.71906e-008,-0.000883892
,,,-1.67906e-008,0.000662919
,,,-1.63906e-008,0.000662919
,,,-1.59906e-008,0.000662919
,,,-1.55906e-008,-0.000883892
,,,-1.51906e-008,0
,,,-1.47906e-008,-0.000662919
,,,-1.43906e-008,0
,,,-1.39906e-008,0
,,,-1.35906e-008,0.000441946
,,,-1.31906e-008,0.000220973
,,,-1.27906e-008,0.00110486
,,,-1.23906e-008,0.000883892
,,,-1.19906e-008,0.000883892
,,,-1.15906e-008,0.000883892
,,,-1.11906e-008,0.000220973
,,,-1.07906e-008,0
,,,-1.03906e-008,0.00110486
,,,-9.99058e-009,-0.000220973
,,,-9.59058e-009,0
,,,-9.19058e-009,0.000220973
,,,-8.79058e-009,-0.000441946
,,,-8.39058e-009,0.000220973
,,,-7.99058e-009,-0.000220973
,,,-7.59058e-009,0
,,,-7.19058e-009,-0.000441946
,,,-6.79058e-009,0.000441946
,,,-6.39058e-009,0.000662919
,,,-5.99058e-009,0
,,,-5.59058e-009,0.000441946
,,,-5.19058e-009,-0.000441946
,,,-4.79058e-009,0.000662919
,,,-4.39058e-009,0.000662919
,,,-3.99058e-009,0.000441946
,,,-3.59058e-009,0
,,,-3.19058e-009,0.000441946
,,,-2.79058e-009,0
,,,-2.39058e-009,0.000441946
,,,-1.99058e-009,0.000883892
,,,-1.59058e-009,0.000220973
,,,-1.19058e-009,0
,,,-7.90576e-010,0.000662919
,,,-3.90576e-010,0.000441946
,,,9.424e-012,0.000662919
,,,4.09424e-010,0.000220973
,,,8.09424e-010,0.000220973
,,,1.20942e-009,0
,,,1.60942e-009,0.000883892
,,,2.00942e-009,0.000441946
,,,2.40942e-009,0.000662919
,,,2.80942e-009,-0.000220973
,,,3.20942e-009,0.000441946
,,,3.60942e-009,-0.000220973
,,,4.00942e-009,0.000441946
,,,4.40942e-009,0.000220973
,,,4.80942e-009,0.000220973
,,,5.20942e-009,0.000662919
,,,5.60942e-009,0.000441946
,,,6.00942e-009,0
,,,6.40942e-009,0.000883892
,,,6.80942e-009,0.000441946
,,,7.20942e-009,0.00110486
,,,7.60942e-009,0
,,,8.00942e-009,0.000220973
,,,8.40942e-009,0.000220973
,,,8.80942e-009,0.000883892
,,,9.20942e-009,0.000220973
,,,9.60942e-009,-0.000220973
,,,1.00094e-008,0.000220973
,,,1.04094e-008,0.000662919
,,,1.08094e-008,0
,,,1.12094e-008,0.000662919
,,,1.16094e-008,0
,,,1.20094e-008,0.000441946
,,,1.24094e-008,0
,,,1.28094e-008,0.000441946
,,,1.32094e-008,0
,,,1.36094e-008,0.000662919
,,,1.40094e-008,-0.000441946
,,,1.44094e-008,0.000441946
,,,1.48094e-008,0.000441946
,,,1.52094e-008,0.000441946
,,,1.56094e-008,0.000441946
,,,1.60094e-008,0.000883892
,,,1.64094e-008,0
,,,1.68094e-008,0.000883892
,,,1.72094e-008,-0.000441946
,,,1.76094e-008,-0.000220973
,,,1.80094e-008,0.000220973
,,,1.84094e-008,0.000662919
,,,1.88094e-008,0.000220973
,,,1.92094e-008,0.000662919
,,,1.96094e-008,0.000220973
,,,2.00094e-008,0.000441946
,,,2.04094e-008,0.000662919
,,,2.08094e-008,0
,,,2.12094e-008,-0.000441946
,,,2.16094e-008,0.000441946
,,,2.20094e-008,0.000220973
,,,2.24094e-008,0.000441946
,,,2.28094e-008,0.000441946
,,,2.32094e-008,0.000883892
,,,2.36094e-008,0.000220973
,,,2.40094e-008,0.000220973
,,,2.44094e-008,0.000883892
,,,2.48094e-008,0.000220973
,,,2.52094e-008,0.000441946
,,,2.56094e-008,-0.000441946
,,,2.60094e-008,0
,,,2.64094e-008,0
,,,2.68094e-008,0.000441946
,,,2.72094e-008,0.000441946
,,,2.76094e-008,0.000441946
,,,2.80094e-008,0.000441946
,,,2.84094e-008,0.000220973
,,,2.88094e-008,0
,,,2.92094e-008,0.000662919
,,,2.96094e-008,0.000441946
,,,3.00094e-008,0.000441946
,,,3.04094e-008,0.000441946
,,,3.08094e-008,0.000220973
,,,3.12094e-008,0.00110486
,,,3.16094e-008,0.000441946
,,,3.20094e-008,0
,,,3.24094e-008,0.000441946
,,,3.28094e-008,0.000883892
,,,3.32094e-008,-0.000220973
,,,3.36094e-008,0.000441946
,,,3.40094e-008,0.000441946
,,,3.44094e-008,0.000883892
,,,3.48094e-008,0.000220973
,,,3.52094e-008,0
,,,3.56094e-008,-0.000441946
,,,3.60094e-008,-0.000662919
,,,3.64094e-008,0.000662919
,,,3.68094e-008,0.000220973
,,,3.72094e-008,0.000441946
,,,3.76094e-008,0.000883892
,,,3.80094e-008,-0.000220973
,,,3.84094e-008,0
,,,3.88094e-008,0.000662919
,,,3.92094e-008,0.000220973
,,,3.96094e-008,0.000662919
,,,4.00094e-008,0.000441946
,,,4.04094e-008,-0.000220973
,,,4.08094e-008,0.000220973
,,,4.12094e-008,0.000662919
,,,4.16094e-008,0.000220973
,,,4.20094e-008,-0.000662919
,,,4.24094e-008,-0.000662919
,,,4.28094e-008,0.000220973
,,,4.32094e-008,0.000662919
,,,4.36094e-008,0.000883892
,,,4.40094e-008,0
,,,4.44094e-008,0.000220973
,,,4.48094e-008,0.000220973
,,,4.52094e-008,0
,,,4.56094e-008,0.000662919
,,,4.60094e-008,0.000662919
,,,4.64094e-008,0.000220973
,,,4.68094e-008,0.000883892
,,,4.72094e-008,0.000441946
,,,4.76094e-008,0
,,,4.80094e-008,0
,,,4.84094e-008,-0.000220973
,,,4.88094e-008,0.000220973
,,,4.92094e-008,0.000441946
,,,4.96094e-008,0.000662919
,,,5.00094e-008,0
,,,5.04094e-008,0
,,,5.08094e-008,0
,,,5.12094e-008,0.000220973
,,,5.16094e-008,0
,,,5.20094e-008,0.000441946
,,,5.24094e-008,0.000220973
,,,5.28094e-008,0.000662919
,,,5.32094e-008,0
,,,5.36094e-008,0.000220973
,,,5.40094e-008,0
,,,5.44094e-008,0.00110486
,,,5.48094e-008,0.000220973
,,,5.52094e-008,0.000883892
,,,5.56094e-008,0
,,,5.60094e-008,0.000220973
,,,5.64094e-008,0
,,,5.68094e-008,0
,,,5.72094e-008,0.000662919
,,,5.76094e-008,0.000220973
,,,5.80094e-008,0.000662919
,,,5.84094e-008,-0.000220973
,,,5.88094e-008,0.000220973
,,,5.92094e-008,0
,,,5.96094e-008,0.000441946
,,,6.00094e-008,0
,,,6.04094e-008,0.000883892
,,,6.08094e-008,-0.000220973
,,,6.12094e-008,0.000441946
,,,6.16094e-008,0.000662919
,,,6.20094e-008,0.000220973
,,,6.24094e-008,0.000662919
,,,6.28094e-008,0.000662919
,,,6.32094e-008,0.000441946
,,,6.36094e-008,0.000220973
,,,6.40094e-008,0.000441946
,,,6.44094e-008,-0.000441946
,,,6.48094e-008,0.000220973
,,,6.52094e-008,0.000441946
,,,6.56094e-008,-0.000441946
,,,6.60094e-008,0.000220973
,,,6.64094e-008,0.000441946
,,,6.68094e-008,0.000441946
,,,6.72094e-008,-0.000220973
,,,6.76094e-008,0.000220973
,,,6.80094e-008,0.000883892
,,,6.84094e-008,0.000441946
,,,6.88094e-008,0.00110486
,,,6.92094e-008,0.000441946
,,,6.96094e-008,0.00110486
,,,7.00094e-008,0.000441946
,,,7.04094e-008,0
,,,7.08094e-008,0.000220973
,,,7.12094e-008,0.000220973
,,,7.16094e-008,-0.000220973
,,,7.20094e-008,0.000441946
,,,7.24094e-008,0.000883892
,,,7.28094e-008,0.000441946
,,,7.32094e-008,0
,,,7.36094e-008,0.000441946
,,,7.40094e-008,0
,,,7.44094e-008,-0.000441946
,,,7.48094e-008,0
,,,7.52094e-008,0.000220973
,,,7.56094e-008,0.000441946
,,,7.60094e-008,0.000662919
,,,7.64094e-008,-0.000441946
,,,7.68094e-008,0.000441946
,,,7.72094e-008,0
,,,7.76094e-008,-0.000220973
,,,7.80094e-008,-0.000441946
,,,7.84094e-008,0.000441946
,,,7.88094e-008,0.000883892
,,,7.92094e-008,0.000441946
,,,7.96094e-008,0.000883892
,,,8.00094e-008,0.000220973
,,,8.04094e-008,-0.000220973
,,,8.08094e-008,0.000662919
,,,8.12094e-008,0.000662919
,,,8.16094e-008,0.000220973
,,,8.20094e-008,0.000220973
,,,8.24094e-008,0.000883892
,,,8.28094e-008,0.000441946
,,,8.32094e-008,0.000662919
,,,8.36094e-008,0.000441946
,,,8.40094e-008,0.000220973
,,,8.44094e-008,0.000220973
,,,8.48094e-008,-0.000220973
,,,8.52094e-008,-0.000662919
,,,8.56094e-008,0.000883892
,,,8.60094e-008,0.000662919
,,,8.64094e-008,0.000220973
,,,8.68094e-008,0.000441946
,,,8.72094e-008,0.000662919
,,,8.76094e-008,0.000662919
,,,8.80094e-008,0.000441946
,,,8.84094e-008,0.000662919
,,,8.88094e-008,-0.000220973
,,,8.92094e-008,0.000220973
,,,8.96094e-008,0.000220973
,,,9.00094e-008,0.000220973
,,,9.04094e-008,0.000220973
,,,9.08094e-008,-0.000220973
,,,9.12094e-008,0.000441946
,,,9.16094e-008,0.000441946
,,,9.20094e-008,0.000441946
,,,9.24094e-008,0.000220973
,,,9.28094e-008,0.000883892
,,,9.32094e-008,0.000662919
,,,9.36094e-008,0.00132584
,,,9.40094e-008,0.00198876
,,,9.44094e-008,0.00154681
,,,9.48094e-008,0.00220973
,,,9.52094e-008,0.00309362
,,,9.56094e-008,0.00353557
,,,9.60094e-008,0.00530335
,,,9.64094e-008,0.00618724
,,,9.68094e-008,0.00751308
,,,9.72094e-008,0.00839697
,,,9.76094e-008,0.00950184
,,,9.80094e-008,0.0117116
,,,9.84094e-008,0.0119325
,,,9.88094e-008,0.0128164
,,,9.92094e-008,0.0141423
,,,9.96094e-008,0.0145842
,,,1.00009e-007,0.0156891
,,,1.00409e-007,0.0159101
,,,1.00809e-007,0.016352
,,,1.01209e-007,0.016573
,,,1.01609e-007,0.016352
,,,1.02009e-007,0.0170149
,,,1.02409e-007,0.0176778
,,,1.02809e-007,0.0172359
,,,1.03209e-007,0.0178988
,,,1.03609e-007,0.0170149
,,,1.04009e-007,0.0178988
,,,1.04409e-007,0.0176778
,,,1.04809e-007,0.0174569
,,,1.05209e-007,0.0174569
,,,1.05609e-007,0.0183408
,,,1.06009e-007,0.0176778
,,,1.06409e-007,0.0176778
,,,1.06809e-007,0.0178988
,,,1.07209e-007,0.0172359
,,,1.07609e-007,0.0176778
,,,1.08009e-007,0.0178988
,,,1.08409e-007,0.0170149
,,,1.08809e-007,0.0172359
,,,1.09209e-007,0.0174569
,,,1.09609e-007,0.0185617
,,,1.10009e-007,0.0181198
,,,1.10409e-007,0.0181198
,,,1.10809e-007,0.0178988
,,,1.11209e-007,0.0176778
,,,1.11609e-007,0.0181198
,,,1.12009e-007,0.0185617
,,,1.12409e-007,0.0174569
,,,1.12809e-007,0.0183408
,,,1.13209e-007,0.0178988
,,,1.13609e-007,0.0178988
,,,1.14009e-007,0.0174569
,,,1.14409e-007,0.0181198
,,,1.14809e-007,0.0176778
,,,1.15209e-007,0.0181198
,,,1.15609e-007,0.0174569
,,,1.16009e-007,0.0178988
,,,1.16409e-007,0.0176778
,,,1.16809e-007,0.0176778
,,,1.17209e-007,0.0176778
,,,1.17609e-007,0.0183408
,,,1.18009e-007,0.0178988
,,,1.18409e-007,0.0174569
,,,1.18809e-007,0.0183408
,,,1.19209e-007,0.0174569
,,,1.19609e-007,0.0178988
,,,1.20009e-007,0.0181198
,,,1.20409e-007,0.0181198
,,,1.20809e-007,0.0183408
,,,1.21209e-007,0.0185617
,,,1.21609e-007,0.0192246
,,,1.22009e-007,0.0185617
,,,1.22409e-007,0.0183408
,,,1.22809e-007,0.0183408
,,,1.23209e-007,0.0190037
,,,1.23609e-007,0.0198876
,,,1.24009e-007,0.0198876
,,,1.24409e-007,0.0207715
,,,1.24809e-007,0.0207715
,,,1.25209e-007,0.0207715
,,,1.25609e-007,0.0207715
,,,1.26009e-007,0.0207715
,,,1.26409e-007,0.0212134
,,,1.26809e-007,0.0214344
,,,1.27209e-007,0.0209924
,,,1.27609e-007,0.0198876
,,,1.28009e-007,0.0203295
,,,1.28409e-007,0.0194456
,,,1.28809e-007,0.0190037
,,,1.29209e-007,0.0192246
,,,1.29609e-007,0.0192246
,,,1.30009e-007,0.0183408
,,,1.30409e-007,0.0181198
,,,1.30809e-007,0.0187827
,,,1.31209e-007,0.0185617
,,,1.31609e-007,0.0181198
,,,1.32009e-007,0.0185617
,,,1.32409e-007,0.0170149
,,,1.32809e-007,0.0170149
,,,1.33209e-007,0.0172359
,,,1.33609e-007,0.0170149
,,,1.34009e-007,0.016352
,,,1.34409e-007,0.016352
,,,1.34809e-007,0.0167939
,,,1.35209e-007,0.016573
,,,1.35609e-007,0.0167939
,,,1.36009e-007,0.0167939
,,,1.36409e-007,0.016352
,,,1.36809e-007,0.016573
,,,1.37209e-007,0.0167939
,,,1.37609e-007,0.0167939
,,,1.38009e-007,0.016131
,,,1.38409e-007,0.016352
,,,1.38809e-007,0.016573
,,,1.39209e-007,0.0154681
,,,1.39609e-007,0.016573
,,,1.40009e-007,0.0172359
,,,1.40409e-007,0.0172359
,,,1.40809e-007,0.016573
,,,1.41209e-007,0.016131
,,,1.41609e-007,0.0159101
,,,1.42009e-007,0.016573
,,,1.42409e-007,0.016352
,,,1.42809e-007,0.0156891
,,,1.43209e-007,0.0159101
,,,1.43609e-007,0.016352
,,,1.44009e-007,0.0159101
,,,1.44409e-007,0.0154681
,,,1.44809e-007,0.016131
,,,1.45209e-007,0.0150262
,,,1.45609e-007,0.0152471
,,,1.46009e-007,0.0152471
,,,1.46409e-007,0.0143632
,,,1.46809e-007,0.0145842
,,,1.47209e-007,0.0145842
,,,1.47609e-007,0.0150262
,,,1.48009e-007,0.0143632
,,,1.48409e-007,0.0145842
,,,1.48809e-007,0.0143632
,,,1.49209e-007,0.0148052
,,,1.49609e-007,0.0152471
,,,1.50009e-007,0.0148052
,,,1.50409e-007,0.0145842
,,,1.50809e-007,0.0156891
,,,1.51209e-007,0.0145842
,,,1.51609e-007,0.0150262
,,,1.52009e-007,0.0148052
,,,1.52409e-007,0.0150262
,,,1.52809e-007,0.0143632
,,,1.53209e-007,0.0139213
,,,1.53609e-007,0.0137003
,,,1.54009e-007,0.0145842
,,,1.54409e-007,0.0137003
,,,1.54809e-007,0.0132584
,,,1.55209e-007,0.0128164
,,,1.55609e-007,0.0134794
,,,1.56009e-007,0.0130374
,,,1.56409e-007,0.0125955
,,,1.56809e-007,0.0130374
,,,1.57209e-007,0.0128164
,,,1.57609e-007,0.0121535
,,,1.58009e-007,0.0128164
,,,1.58409e-007,0.0125955
,,,1.58809e-007,0.0123745
,,,1.59209e-007,0.0121535
,,,1.59609e-007,0.0119325
,,,1.60009e-007,0.0119325
,,,1.60409e-007,0.0121535
,,,1.60809e-007,0.0121535
,,,1.61209e-007,0.0117116
,,,1.61609e-007,0.0121535
,,,1.62009e-007,0.0123745
,,,1.62409e-007,0.0128164
,,,1.62809e-007,0.0123745
,,,1.63209e-007,0.0123745
,,,1.63609e-007,0.0123745
,,,1.64009e-007,0.0128164
,,,1.64409e-007,0.0119325
,,,1.64809e-007,0.0123745
,,,1.65209e-007,0.0123745
,,,1.65609e-007,0.0125955
,,,1.66009e-007,0.0121535
,,,1.66409e-007,0.0117116
,,,1.66809e-007,0.0121535
,,,1.67209e-007,0.0125955
,,,1.67609e-007,0.0123745
,,,1.68009e-007,0.0132584
,,,1.68409e-007,0.0123745
,,,1.68809e-007,0.0132584
,,,1.69209e-007,0.0123745
,,,1.69609e-007,0.0119325
,,,1.70009e-007,0.0123745
,,,1.70409e-007,0.0119325
,,,1.70809e-007,0.0125955
,,,1.71209e-007,0.0134794
,,,1.71609e-007,0.0117116
,,,1.72009e-007,0.0119325
,,,1.72409e-007,0.0123745
,,,1.72809e-007,0.0134794
,,,1.73209e-007,0.0125955
,,,1.73609e-007,0.0125955
,,,1.74009e-007,0.0130374
,,,1.74409e-007,0.0128164
,,,1.74809e-007,0.0123745
,,,1.75209e-007,0.0128164
,,,1.75609e-007,0.0132584
,,,1.76009e-007,0.0128164
,,,1.76409e-007,0.0121535
,,,1.76809e-007,0.0123745
,,,1.77209e-007,0.0121535
,,,1.77609e-007,0.0121535
,,,1.78009e-007,0.0125955
,,,1.78409e-007,0.0125955
,,,1.78809e-007,0.0125955
,,,1.79209e-007,0.0117116
,,,1.79609e-007,0.0123745
,,,1.80009e-007,0.0119325
,,,1.80409e-007,0.0125955
,,,1.80809e-007,0.0123745
,,,1.81209e-007,0.0121535
,,,1.81609e-007,0.0128164
,,,1.82009e-007,0.0130374
,,,1.82409e-007,0.0121535
,,,1.82809e-007,0.0130374
,,,1.83209e-007,0.0125955
,,,1.83609e-007,0.0119325
,,,1.84009e-007,0.0123745
,,,1.84409e-007,0.0119325
,,,1.84809e-007,0.0121535
,,,1.85209e-007,0.0123745
,,,1.85609e-007,0.0121535
,,,1.86009e-007,0.0132584
,,,1.86409e-007,0.0125955
,,,1.86809e-007,0.0130374
,,,1.87209e-007,0.0121535
,,,1.87609e-007,0.0125955
,,,1.88009e-007,0.0130374
,,,1.88409e-007,0.0128164
,,,1.88809e-007,0.0132584
,,,1.89209e-007,0.0125955
,,,1.89609e-007,0.0132584
,,,1.90009e-007,0.0130374
,,,1.90409e-007,0.0134794
,,,1.90809e-007,0.0132584
,,,1.91209e-007,0.0132584
,,,1.91609e-007,0.0132584
,,,1.92009e-007,0.0139213
,,,1.92409e-007,0.0137003
,,,1.92809e-007,0.0137003
,,,1.93209e-007,0.0132584
,,,1.93609e-007,0.0130374
,,,1.94009e-007,0.0134794
,,,1.94409e-007,0.0134794
,,,1.94809e-007,0.0130374
,,,1.95209e-007,0.0137003
,,,1.95609e-007,0.0134794
,,,1.96009e-007,0.0130374
,,,1.96409e-007,0.0137003
,,,1.96809e-007,0.0130374
,,,1.97209e-007,0.0130374
,,,1.97609e-007,0.0134794
,,,1.98009e-007,0.0132584
,,,1.98409e-007,0.0130374
,,,1.98809e-007,0.0130374
,,,1.99209e-007,0.0132584
,,,1.99609e-007,0.0125955
,,,2.00009e-007,0.0130374
,,,2.00409e-007,0.0128164
,,,2.00809e-007,0.0125955
,,,2.01209e-007,0.0125955
,,,2.01609e-007,0.0123745
,,,2.02009e-007,0.0117116
,,,2.02409e-007,0.0114906
,,,2.02809e-007,0.0114906
,,,2.03209e-007,0.0117116
,,,2.03609e-007,0.0119325
,,,2.04009e-007,0.0119325
,,,2.04409e-007,0.0121535
,,,2.04809e-007,0.0114906
,,,2.05209e-007,0.0108277
,,,2.05609e-007,0.0117116
,,,2.06009e-007,0.0110486
,,,2.06409e-007,0.0101648
,,,2.06809e-007,0.0108277
,,,2.07209e-007,0.0108277
,,,2.07609e-007,0.00994378
,,,2.08009e-007,0.0103857
,,,2.08409e-007,0.00950184
,,,2.08809e-007,0.00950184
,,,2.09209e-007,0.00905989
,,,2.09609e-007,0.00839697
,,,2.10009e-007,0.00795503
,,,2.10409e-007,0.00883892
,,,2.10809e-007,0.00773405
,,,2.11209e-007,0.00773405
,,,2.11609e-007,0.00773405
,,,2.12009e-007,0.00773405
,,,2.12409e-007,0.00707114
,,,2.12809e-007,0.00640822
,,,2.13209e-007,0.00618724
,,,2.13609e-007,0.00552432
,,,2.14009e-007,0.00530335
,,,2.14409e-007,0.00486141
,,,2.14809e-007,0.00530335
,,,2.15209e-007,0.00419849
,,,2.15609e-007,0.00441946
,,,2.16009e-007,0.00331459
,,,2.16409e-007,0.00397751
,,,2.16809e-007,0.00309362
,,,2.17209e-007,0.0024307
,,,2.17609e-007,0.0024307
,,,2.18009e-007,0.00176778
,,,2.18409e-007,0.00176778
,,,2.18809e-007,0.00220973
,,,2.19209e-007,0.00198876
,,,2.19609e-007,0.00265168
,,,2.20009e-007,0.0024307
,,,2.20409e-007,0.00220973
,,,2.20809e-007,0.00265168
,,,2.21209e-007,0.00176778
,,,2.21609e-007,0.00154681
,,,2.22009e-007,0.00176778
,,,2.22409e-007,0.00265168
,,,2.22809e-007,0.00198876
,,,2.23209e-007,0.00154681
,,,2.23609e-007,0.00154681
,,,2.24009e-007,0.00154681
,,,2.24409e-007,0.000883892
,,,2.24809e-007,0.00176778
,,,2.25209e-007,0.00176778
,,,2.25609e-007,0.00110486
,,,2.26009e-007,0.00176778
,,,2.26409e-007,0.000662919
,,,2.26809e-007,0.000662919
,,,2.27209e-007,0.00198876
,,,2.27609e-007,0.000662919
,,,2.28009e-007,0.000883892
,,,2.28409e-007,0.00154681
,,,2.28809e-007,0.000441946
,,,2.29209e-007,0.000441946
,,,2.29609e-007,0.00154681
,,,2.30009e-007,0.000220973
,,,2.30409e-007,0.000441946
,,,2.30809e-007,0.00132584
,,,2.31209e-007,0.000662919
,,,2.31609e-007,0.000662919
,,,2.32009e-007,0.000662919
,,,2.32409e-007,0.000441946
,,,2.32809e-007,0.000441946
,,,2.33209e-007,0.000662919
,,,2.33609e-007,0
,,,2.34009e-007,0.000220973
,,,2.34409e-007,0.000220973
,,,2.34809e-007,-0.000220973
,,,2.35209e-007,0.000220973
,,,2.35609e-007,0.000220973
,,,2.36009e-007,0.000220973
,,,2.36409e-007,-0.000662919
,,,2.36809e-007,-0.000220973
,,,2.37209e-007,-0.000662919
,,,2.37609e-007,-0.000220973
,,,2.38009e-007,-0.000441946
,,,2.38409e-007,0.000220973
,,,2.38809e-007,-0.000220973
,,,2.39209e-007,0
,,,2.39609e-007,-0.000662919
,,,2.40009e-007,-0.000441946
,,,2.40409e-007,-0.000883892
,,,2.40809e-007,0
,,,2.41209e-007,-0.000662919
,,,2.41609e-007,-0.000441946
,,,2.42009e-007,-0.000662919
,,,2.42409e-007,-0.000220973
,,,2.42809e-007,0
,,,2.43209e-007,-0.000441946
,,,2.43609e-007,-0.000441946
,,,2.44009e-007,0
,,,2.44409e-007,0.000441946
,,,2.44809e-007,-0.000441946
,,,2.45209e-007,-0.000883892
,,,2.45609e-007,-0.000662919
,,,2.46009e-007,0.000220973
,,,2.46409e-007,0.000883892
,,,2.46809e-007,0
,,,2.47209e-007,-0.000220973
,,,2.47609e-007,0.000220973
,,,2.48009e-007,0.000441946
,,,2.48409e-007,0.000662919
,,,2.48809e-007,0.000220973
,,,2.49209e-007,0.000441946
,,,2.49609e-007,-0.000220973
,,,2.50009e-007,-0.000441946
