"Record Length",1252,"Points",-2.50362e-007,0.000441946
"Sample Interval",4e-010,s,-2.49962e-007,0.000662919
"Trigger Point",625,"Samples",-2.49562e-007,-0.000220973
"Trigger Time",0.904856,s,-2.49162e-007,0
,,,-2.48762e-007,0.000220973
"Horizontal Offset",-2.50362e-007,s,-2.48362e-007,0.000662919
,,,-2.47962e-007,0.000662919
,,,-2.47562e-007,0.000662919
,,,-2.47162e-007,0.000662919
,,,-2.46762e-007,0.000220973
,,,-2.46362e-007,0.000441946
,,,-2.45962e-007,0.000662919
,,,-2.45562e-007,0
,,,-2.45162e-007,-0.000220973
,,,-2.44762e-007,0.000441946
,,,-2.44362e-007,0.000441946
,,,-2.43962e-007,0
,,,-2.43562e-007,0.000441946
,,,-2.43162e-007,0.000441946
,,,-2.42762e-007,0.000220973
,,,-2.42362e-007,0.000662919
,,,-2.41962e-007,0.000220973
,,,-2.41562e-007,-0.000441946
,,,-2.41162e-007,0.000662919
,,,-2.40762e-007,0.000441946
,,,-2.40362e-007,0.000220973
,,,-2.39962e-007,-0.000662919
,,,-2.39562e-007,0.000220973
,,,-2.39162e-007,0
,,,-2.38762e-007,0.000441946
,,,-2.38362e-007,-0.000662919
,,,-2.37962e-007,0.000220973
,,,-2.37562e-007,0.000662919
,,,-2.37162e-007,0.000662919
,,,-2.36762e-007,0
,,,-2.36362e-007,0
,,,-2.35962e-007,0.000662919
,,,-2.35562e-007,0.000220973
,,,-2.35162e-007,0.00132584
,,,-2.34762e-007,0.000441946
,,,-2.34362e-007,0.000220973
,,,-2.33962e-007,0.000220973
,,,-2.33562e-007,0.00110486
,,,-2.33162e-007,0.000220973
,,,-2.32762e-007,0.000883892
,,,-2.32362e-007,0.000220973
,,,-2.31962e-007,0
,,,-2.31562e-007,0.000662919
,,,-2.31162e-007,-0.000220973
,,,-2.30762e-007,0
,,,-2.30362e-007,0.000220973
,,,-2.29962e-007,0.000220973
,,,-2.29562e-007,0.000441946
,,,-2.29162e-007,0.000441946
,,,-2.28762e-007,0.000220973
,,,-2.28362e-007,0.000220973
,,,-2.27962e-007,0.000662919
,,,-2.27562e-007,0.000220973
,,,-2.27162e-007,0.000441946
,,,-2.26762e-007,0.000883892
,,,-2.26362e-007,0
,,,-2.25962e-007,0.000220973
,,,-2.25562e-007,0.000220973
,,,-2.25162e-007,0.000220973
,,,-2.24762e-007,0.000220973
,,,-2.24362e-007,0.000220973
,,,-2.23962e-007,-0.000662919
,,,-2.23562e-007,0
,,,-2.23162e-007,0
,,,-2.22762e-007,0
,,,-2.22362e-007,-0.000220973
,,,-2.21962e-007,0
,,,-2.21562e-007,-0.000441946
,,,-2.21162e-007,0.000441946
,,,-2.20762e-007,-0.000220973
,,,-2.20362e-007,0.000662919
,,,-2.19962e-007,0
,,,-2.19562e-007,0.000441946
,,,-2.19162e-007,0.000220973
,,,-2.18762e-007,0.00110486
,,,-2.18362e-007,0.000441946
,,,-2.17962e-007,0.000441946
,,,-2.17562e-007,-0.000220973
,,,-2.17162e-007,0.000441946
,,,-2.16762e-007,0.000662919
,,,-2.16362e-007,0.000220973
,,,-2.15962e-007,0
,,,-2.15562e-007,0
,,,-2.15162e-007,-0.000220973
,,,-2.14762e-007,0.000220973
,,,-2.14362e-007,0.000220973
,,,-2.13962e-007,0.00110486
,,,-2.13562e-007,0.000220973
,,,-2.13162e-007,0
,,,-2.12762e-007,-0.000441946
,,,-2.12362e-007,0.000883892
,,,-2.11962e-007,0.000220973
,,,-2.11562e-007,0.000220973
,,,-2.11162e-007,0.000441946
,,,-2.10762e-007,0.000220973
,,,-2.10362e-007,0
,,,-2.09962e-007,0.000883892
,,,-2.09562e-007,0
,,,-2.09162e-007,0
,,,-2.08762e-007,0.000441946
,,,-2.08362e-007,0.000441946
,,,-2.07962e-007,-0.000662919
,,,-2.07562e-007,0.000220973
,,,-2.07162e-007,-0.000220973
,,,-2.06762e-007,0
,,,-2.06362e-007,0.000220973
,,,-2.05962e-007,0.000220973
,,,-2.05562e-007,0.000441946
,,,-2.05162e-007,0.000220973
,,,-2.04762e-007,-0.000220973
,,,-2.04362e-007,0.000441946
,,,-2.03962e-007,0.000883892
,,,-2.03562e-007,0.000441946
,,,-2.03162e-007,0.000220973
,,,-2.02762e-007,0.000220973
,,,-2.02362e-007,0.000441946
,,,-2.01962e-007,0
,,,-2.01562e-007,0.000441946
,,,-2.01162e-007,-0.000220973
,,,-2.00762e-007,0
,,,-2.00362e-007,0.000220973
,,,-1.99962e-007,-0.000220973
,,,-1.99562e-007,0.000220973
,,,-1.99162e-007,-0.000662919
,,,-1.98762e-007,0
,,,-1.98362e-007,0.000220973
,,,-1.97962e-007,0.00110486
,,,-1.97562e-007,0
,,,-1.97162e-007,0
,,,-1.96762e-007,-0.000220973
,,,-1.96362e-007,0.000220973
,,,-1.95962e-007,0.000441946
,,,-1.95562e-007,-0.000441946
,,,-1.95162e-007,-0.000220973
,,,-1.94762e-007,0.000441946
,,,-1.94362e-007,0.000883892
,,,-1.93962e-007,-0.000220973
,,,-1.93562e-007,0.000662919
,,,-1.93162e-007,0.000441946
,,,-1.92762e-007,0
,,,-1.92362e-007,0.000441946
,,,-1.91962e-007,0.000441946
,,,-1.91562e-007,-0.000441946
,,,-1.91162e-007,-0.000220973
,,,-1.90762e-007,0.000441946
,,,-1.90362e-007,0.000220973
,,,-1.89962e-007,0.000220973
,,,-1.89562e-007,0.000441946
,,,-1.89162e-007,-0.000662919
,,,-1.88762e-007,0
,,,-1.88362e-007,0.000220973
,,,-1.87962e-007,0
,,,-1.87562e-007,0
,,,-1.87162e-007,0.000662919
,,,-1.86762e-007,0
,,,-1.86362e-007,0.000662919
,,,-1.85962e-007,0.000883892
,,,-1.85562e-007,0.000441946
,,,-1.85162e-007,0.000220973
,,,-1.84762e-007,0.000662919
,,,-1.84362e-007,0.000220973
,,,-1.83962e-007,0.000220973
,,,-1.83562e-007,0.000441946
,,,-1.83162e-007,-0.000220973
,,,-1.82762e-007,0.000662919
,,,-1.82362e-007,0
,,,-1.81962e-007,0.000883892
,,,-1.81562e-007,0.000220973
,,,-1.81162e-007,0.000220973
,,,-1.80762e-007,-0.000441946
,,,-1.80362e-007,0.000662919
,,,-1.79962e-007,-0.000220973
,,,-1.79562e-007,-0.000220973
,,,-1.79162e-007,0.000441946
,,,-1.78762e-007,0
,,,-1.78362e-007,0.000220973
,,,-1.77962e-007,0.00110486
,,,-1.77562e-007,0
,,,-1.77162e-007,-0.000220973
,,,-1.76762e-007,-0.000441946
,,,-1.76362e-007,0.000441946
,,,-1.75962e-007,0
,,,-1.75562e-007,0
,,,-1.75162e-007,0.000441946
,,,-1.74762e-007,0.000220973
,,,-1.74362e-007,0.000220973
,,,-1.73962e-007,0.000662919
,,,-1.73562e-007,0.000220973
,,,-1.73162e-007,0.000441946
,,,-1.72762e-007,0.000220973
,,,-1.72362e-007,0.000220973
,,,-1.71962e-007,0.000441946
,,,-1.71562e-007,0.000220973
,,,-1.71162e-007,0
,,,-1.70762e-007,0.000662919
,,,-1.70362e-007,0.000441946
,,,-1.69962e-007,0.000220973
,,,-1.69562e-007,0.000662919
,,,-1.69162e-007,0.000441946
,,,-1.68762e-007,0.000220973
,,,-1.68362e-007,-0.000220973
,,,-1.67962e-007,0.000220973
,,,-1.67562e-007,-0.000662919
,,,-1.67162e-007,0.000220973
,,,-1.66762e-007,0.000441946
,,,-1.66362e-007,0.000441946
,,,-1.65962e-007,0
,,,-1.65562e-007,0.000662919
,,,-1.65162e-007,-0.000220973
,,,-1.64762e-007,0
,,,-1.64362e-007,0.000220973
,,,-1.63962e-007,0
,,,-1.63562e-007,0
,,,-1.63162e-007,0.000662919
,,,-1.62762e-007,0
,,,-1.62362e-007,0.000220973
,,,-1.61962e-007,0.000662919
,,,-1.61562e-007,0
,,,-1.61162e-007,0
,,,-1.60762e-007,0.000662919
,,,-1.60362e-007,0.000220973
,,,-1.59962e-007,0.000220973
,,,-1.59562e-007,0.000441946
,,,-1.59162e-007,0.000220973
,,,-1.58762e-007,0.000441946
,,,-1.58362e-007,0.000883892
,,,-1.57962e-007,0
,,,-1.57562e-007,0.000441946
,,,-1.57162e-007,0.000441946
,,,-1.56762e-007,0.000220973
,,,-1.56362e-007,0.000441946
,,,-1.55962e-007,-0.000220973
,,,-1.55562e-007,-0.000220973
,,,-1.55162e-007,0.000441946
,,,-1.54762e-007,0.000883892
,,,-1.54362e-007,0
,,,-1.53962e-007,0
,,,-1.53562e-007,-0.000441946
,,,-1.53162e-007,0.000220973
,,,-1.52762e-007,0.000662919
,,,-1.52362e-007,-0.000441946
,,,-1.51962e-007,0
,,,-1.51562e-007,0
,,,-1.51162e-007,0
,,,-1.50762e-007,0
,,,-1.50362e-007,0
,,,-1.49962e-007,0.000662919
,,,-1.49562e-007,-0.000220973
,,,-1.49162e-007,0.000220973
,,,-1.48762e-007,-0.000441946
,,,-1.48362e-007,0.000883892
,,,-1.47962e-007,0
,,,-1.47562e-007,-0.000883892
,,,-1.47162e-007,-0.000441946
,,,-1.46762e-007,0.000883892
,,,-1.46362e-007,0.000662919
,,,-1.45962e-007,0.000220973
,,,-1.45562e-007,0.000220973
,,,-1.45162e-007,0.000662919
,,,-1.44762e-007,-0.000220973
,,,-1.44362e-007,0
,,,-1.43962e-007,-0.000220973
,,,-1.43562e-007,-0.000220973
,,,-1.43162e-007,0
,,,-1.42762e-007,0.000662919
,,,-1.42362e-007,0
,,,-1.41962e-007,0.000441946
,,,-1.41562e-007,0.00110486
,,,-1.41162e-007,0.000220973
,,,-1.40762e-007,-0.000441946
,,,-1.40362e-007,0.000883892
,,,-1.39962e-007,0.000220973
,,,-1.39562e-007,0.000441946
,,,-1.39162e-007,0.000662919
,,,-1.38762e-007,0.000220973
,,,-1.38362e-007,0.000220973
,,,-1.37962e-007,0.000883892
,,,-1.37562e-007,0.000441946
,,,-1.37162e-007,0
,,,-1.36762e-007,0.000662919
,,,-1.36362e-007,0.000883892
,,,-1.35962e-007,-0.000220973
,,,-1.35562e-007,-0.000220973
,,,-1.35162e-007,0
,,,-1.34762e-007,0.000441946
,,,-1.34362e-007,-0.000220973
,,,-1.33962e-007,0.000441946
,,,-1.33562e-007,0.000441946
,,,-1.33162e-007,0.000883892
,,,-1.32762e-007,0.000662919
,,,-1.32362e-007,0.000441946
,,,-1.31962e-007,0
,,,-1.31562e-007,0.000662919
,,,-1.31162e-007,0.000662919
,,,-1.30762e-007,0
,,,-1.30362e-007,-0.000220973
,,,-1.29962e-007,0.000441946
,,,-1.29562e-007,0.000220973
,,,-1.29162e-007,0
,,,-1.28762e-007,0
,,,-1.28362e-007,0.000441946
,,,-1.27962e-007,0
,,,-1.27562e-007,0.000220973
,,,-1.27162e-007,-0.000441946
,,,-1.26762e-007,0.000220973
,,,-1.26362e-007,0
,,,-1.25962e-007,0.000441946
,,,-1.25562e-007,-0.000220973
,,,-1.25162e-007,0.000220973
,,,-1.24762e-007,0.000220973
,,,-1.24362e-007,0.000883892
,,,-1.23962e-007,0.000441946
,,,-1.23562e-007,0
,,,-1.23162e-007,0.000662919
,,,-1.22762e-007,0.000883892
,,,-1.22362e-007,-0.000220973
,,,-1.21962e-007,0
,,,-1.21562e-007,-0.000220973
,,,-1.21162e-007,0.000220973
,,,-1.20762e-007,0.000441946
,,,-1.20362e-007,0.000441946
,,,-1.19962e-007,0.000662919
,,,-1.19562e-007,-0.000220973
,,,-1.19162e-007,-0.000883892
,,,-1.18762e-007,0.000220973
,,,-1.18362e-007,0.000220973
,,,-1.17962e-007,0.000220973
,,,-1.17562e-007,0.000662919
,,,-1.17162e-007,-0.000220973
,,,-1.16762e-007,0
,,,-1.16362e-007,0.000662919
,,,-1.15962e-007,0
,,,-1.15562e-007,0.000220973
,,,-1.15162e-007,0.000662919
,,,-1.14762e-007,0.000662919
,,,-1.14362e-007,0
,,,-1.13962e-007,0.000441946
,,,-1.13562e-007,-0.000220973
,,,-1.13162e-007,0.000220973
,,,-1.12762e-007,0.00110486
,,,-1.12362e-007,0.000220973
,,,-1.11962e-007,0
,,,-1.11562e-007,0.000220973
,,,-1.11162e-007,0
,,,-1.10762e-007,0
,,,-1.10362e-007,0.000441946
,,,-1.09962e-007,-0.000441946
,,,-1.09562e-007,0.000441946
,,,-1.09162e-007,0
,,,-1.08762e-007,-0.000441946
,,,-1.08362e-007,0.000441946
,,,-1.07962e-007,0.000662919
,,,-1.07562e-007,0.000220973
,,,-1.07162e-007,0.000220973
,,,-1.06762e-007,0.000220973
,,,-1.06362e-007,0.000441946
,,,-1.05962e-007,-0.000441946
,,,-1.05562e-007,0.000883892
,,,-1.05162e-007,0.000220973
,,,-1.04762e-007,-0.000441946
,,,-1.04362e-007,0.000220973
,,,-1.03962e-007,-0.000441946
,,,-1.03562e-007,0.000220973
,,,-1.03162e-007,0.000220973
,,,-1.02762e-007,0.000441946
,,,-1.02362e-007,0
,,,-1.01962e-007,0.000441946
,,,-1.01562e-007,0.000220973
,,,-1.01162e-007,0.00132584
,,,-1.00762e-007,0.000662919
,,,-1.00362e-007,0.000441946
,,,-9.99619e-008,0.000220973
,,,-9.95619e-008,0.000662919
,,,-9.91619e-008,0.000662919
,,,-9.87619e-008,0.000883892
,,,-9.83619e-008,0.00110486
,,,-9.79619e-008,0
,,,-9.75619e-008,0.000441946
,,,-9.71619e-008,0.000441946
,,,-9.67619e-008,0.000220973
,,,-9.63619e-008,0.000220973
,,,-9.59619e-008,0.000220973
,,,-9.55619e-008,0.000441946
,,,-9.51619e-008,0
,,,-9.47619e-008,0.000441946
,,,-9.43619e-008,0.000220973
,,,-9.39619e-008,0.000662919
,,,-9.35619e-008,0.000662919
,,,-9.31619e-008,0
,,,-9.27619e-008,0
,,,-9.23619e-008,0.00110486
,,,-9.19619e-008,0
,,,-9.15619e-008,0
,,,-9.11619e-008,-0.000220973
,,,-9.07619e-008,0.000662919
,,,-9.03619e-008,0
,,,-8.99619e-008,0.00110486
,,,-8.95619e-008,0.000220973
,,,-8.91619e-008,0.000220973
,,,-8.87619e-008,0.000883892
,,,-8.83619e-008,-0.000220973
,,,-8.79619e-008,0.000441946
,,,-8.75619e-008,0.000662919
,,,-8.71619e-008,0.000220973
,,,-8.67619e-008,0
,,,-8.63619e-008,0
,,,-8.59619e-008,0.000441946
,,,-8.55619e-008,0.000220973
,,,-8.51619e-008,0.00132584
,,,-8.47619e-008,0.000220973
,,,-8.43619e-008,0.000220973
,,,-8.39619e-008,0.000220973
,,,-8.35619e-008,0.000441946
,,,-8.31619e-008,0.000441946
,,,-8.27619e-008,0
,,,-8.23619e-008,-0.000441946
,,,-8.19619e-008,0
,,,-8.15619e-008,0.000441946
,,,-8.11619e-008,0
,,,-8.07619e-008,0.000441946
,,,-8.03619e-008,0.000662919
,,,-7.99619e-008,-0.000220973
,,,-7.95619e-008,0.000220973
,,,-7.91619e-008,0.000441946
,,,-7.87619e-008,0
,,,-7.83619e-008,-0.000220973
,,,-7.79619e-008,0
,,,-7.75619e-008,0.000662919
,,,-7.71619e-008,-0.000441946
,,,-7.67619e-008,-0.000220973
,,,-7.63619e-008,0.000662919
,,,-7.59619e-008,0
,,,-7.55619e-008,0.000441946
,,,-7.51619e-008,0.000441946
,,,-7.47619e-008,-0.000220973
,,,-7.43619e-008,0.000883892
,,,-7.39619e-008,0.000441946
,,,-7.35619e-008,0
,,,-7.31619e-008,0.000662919
,,,-7.27619e-008,0
,,,-7.23619e-008,0.000441946
,,,-7.19619e-008,0
,,,-7.15619e-008,0.000220973
,,,-7.11619e-008,0
,,,-7.07619e-008,0.000220973
,,,-7.03619e-008,0.000220973
,,,-6.99619e-008,0.000441946
,,,-6.95619e-008,0.000220973
,,,-6.91619e-008,-0.000220973
,,,-6.87619e-008,-0.000883892
,,,-6.83619e-008,0.000662919
,,,-6.79619e-008,0.000883892
,,,-6.75619e-008,0.000220973
,,,-6.71619e-008,0.000883892
,,,-6.67619e-008,0.000883892
,,,-6.63619e-008,0.000441946
,,,-6.59619e-008,0.000220973
,,,-6.55619e-008,0.000220973
,,,-6.51619e-008,0.000441946
,,,-6.47619e-008,0.000662919
,,,-6.43619e-008,0
,,,-6.39619e-008,0.000220973
,,,-6.35619e-008,0.000441946
,,,-6.31619e-008,0
,,,-6.27619e-008,0
,,,-6.23619e-008,0.000441946
,,,-6.19619e-008,0.000441946
,,,-6.15619e-008,-0.000220973
,,,-6.11619e-008,-0.000441946
,,,-6.07619e-008,0.000220973
,,,-6.03619e-008,0.000662919
,,,-5.99619e-008,0
,,,-5.95619e-008,-0.000441946
,,,-5.91619e-008,0.000220973
,,,-5.87619e-008,0.000441946
,,,-5.83619e-008,0.000441946
,,,-5.79619e-008,0.000441946
,,,-5.75619e-008,0.000662919
,,,-5.71619e-008,0.00110486
,,,-5.67619e-008,0.000441946
,,,-5.63619e-008,0.000441946
,,,-5.59619e-008,-0.000220973
,,,-5.55619e-008,0
,,,-5.51619e-008,0.000220973
,,,-5.47619e-008,0.000441946
,,,-5.43619e-008,0
,,,-5.39619e-008,0.000662919
,,,-5.35619e-008,0.000220973
,,,-5.31619e-008,0.000883892
,,,-5.27619e-008,-0.000662919
,,,-5.23619e-008,0.000662919
,,,-5.19619e-008,0.000662919
,,,-5.15619e-008,0.000441946
,,,-5.11619e-008,-0.000441946
,,,-5.07619e-008,0
,,,-5.03619e-008,0.000662919
,,,-4.99619e-008,0.000220973
,,,-4.95619e-008,0.000441946
,,,-4.91619e-008,0.000662919
,,,-4.87619e-008,0
,,,-4.83619e-008,0
,,,-4.79619e-008,0.000220973
,,,-4.75619e-008,0.00110486
,,,-4.71619e-008,0.000220973
,,,-4.67619e-008,0.000441946
,,,-4.63619e-008,0
,,,-4.59619e-008,0.000220973
,,,-4.55619e-008,-0.000220973
,,,-4.51619e-008,-0.000220973
,,,-4.47619e-008,0
,,,-4.43619e-008,0.000220973
,,,-4.39619e-008,0.000441946
,,,-4.35619e-008,0.000220973
,,,-4.31619e-008,0.000441946
,,,-4.27619e-008,0.000220973
,,,-4.23619e-008,0
,,,-4.19619e-008,0.000220973
,,,-4.15619e-008,0.000662919
,,,-4.11619e-008,-0.000220973
,,,-4.07619e-008,0
,,,-4.03619e-008,0
,,,-3.99619e-008,0.000220973
,,,-3.95619e-008,-0.000220973
,,,-3.91619e-008,-0.000220973
,,,-3.87619e-008,0.000220973
,,,-3.83619e-008,0.000883892
,,,-3.79619e-008,0
,,,-3.75619e-008,0.000220973
,,,-3.71619e-008,0.000662919
,,,-3.67619e-008,0.000220973
,,,-3.63619e-008,0.000220973
,,,-3.59619e-008,0.000441946
,,,-3.55619e-008,0
,,,-3.51619e-008,0.000441946
,,,-3.47619e-008,0.00110486
,,,-3.43619e-008,0.000441946
,,,-3.39619e-008,0.000662919
,,,-3.35619e-008,0.000220973
,,,-3.31619e-008,0.000220973
,,,-3.27619e-008,0
,,,-3.23619e-008,0
,,,-3.19619e-008,0.000220973
,,,-3.15619e-008,0.000220973
,,,-3.11619e-008,-0.000441946
,,,-3.07619e-008,-0.000220973
,,,-3.03619e-008,-0.000662919
,,,-2.99619e-008,0.000441946
,,,-2.95619e-008,0.000220973
,,,-2.91619e-008,0.000441946
,,,-2.87619e-008,0.000220973
,,,-2.83619e-008,0
,,,-2.79619e-008,0
,,,-2.75619e-008,0.000220973
,,,-2.71619e-008,0.000220973
,,,-2.67619e-008,0.000883892
,,,-2.63619e-008,0.00110486
,,,-2.59619e-008,0
,,,-2.55619e-008,0
,,,-2.51619e-008,0.000441946
,,,-2.47619e-008,0.000441946
,,,-2.43619e-008,0.000220973
,,,-2.39619e-008,0
,,,-2.35619e-008,-0.000220973
,,,-2.31619e-008,0.000220973
,,,-2.27619e-008,0.000441946
,,,-2.23619e-008,-0.000220973
,,,-2.19619e-008,0.000883892
,,,-2.15619e-008,0.000662919
,,,-2.11619e-008,0.000441946
,,,-2.07619e-008,0
,,,-2.03619e-008,0.000662919
,,,-1.99619e-008,-0.000662919
,,,-1.95619e-008,0.000220973
,,,-1.91619e-008,0.000883892
,,,-1.87619e-008,0
,,,-1.83619e-008,0.000441946
,,,-1.79619e-008,0.000883892
,,,-1.75619e-008,-0.000220973
,,,-1.71619e-008,0.000441946
,,,-1.67619e-008,0.000662919
,,,-1.63619e-008,0
,,,-1.59619e-008,-0.000220973
,,,-1.55619e-008,0.000220973
,,,-1.51619e-008,-0.000220973
,,,-1.47619e-008,0.000220973
,,,-1.43619e-008,0.000441946
,,,-1.39619e-008,0.000220973
,,,-1.35619e-008,0.000220973
,,,-1.31619e-008,0.000220973
,,,-1.27619e-008,0
,,,-1.23619e-008,0.000220973
,,,-1.19619e-008,0.00110486
,,,-1.15619e-008,0.000441946
,,,-1.11619e-008,0.000662919
,,,-1.07619e-008,0
,,,-1.03619e-008,0.000883892
,,,-9.96194e-009,0.000441946
,,,-9.56194e-009,0.000220973
,,,-9.16194e-009,0.000441946
,,,-8.76194e-009,0.000220973
,,,-8.36194e-009,0.000441946
,,,-7.96194e-009,-0.000220973
,,,-7.56194e-009,0.000220973
,,,-7.16194e-009,0.000441946
,,,-6.76194e-009,0
,,,-6.36194e-009,0
,,,-5.96194e-009,0.000883892
,,,-5.56194e-009,0.000441946
,,,-5.16194e-009,0.000662919
,,,-4.76194e-009,0.000441946
,,,-4.36194e-009,0.000441946
,,,-3.96194e-009,0.000441946
,,,-3.56194e-009,0.000441946
,,,-3.16194e-009,0.000441946
,,,-2.76194e-009,0.000441946
,,,-2.36194e-009,0
,,,-1.96194e-009,0.000220973
,,,-1.56194e-009,0
,,,-1.16194e-009,0
,,,-7.61943e-010,0
,,,-3.61943e-010,0
,,,3.80574e-011,0.000441946
,,,4.38057e-010,0
,,,8.38057e-010,-0.000220973
,,,1.23806e-009,-0.000441946
,,,1.63806e-009,0
,,,2.03806e-009,0.000662919
,,,2.43806e-009,0.000662919
,,,2.83806e-009,0.000220973
,,,3.23806e-009,0.000662919
,,,3.63806e-009,0.000883892
,,,4.03806e-009,0.000220973
,,,4.43806e-009,0
,,,4.83806e-009,0.000220973
,,,5.23806e-009,0.000220973
,,,5.63806e-009,0.000441946
,,,6.03806e-009,0.000883892
,,,6.43806e-009,0.000220973
,,,6.83806e-009,0.000220973
,,,7.23806e-009,-0.000220973
,,,7.63806e-009,-0.000220973
,,,8.03806e-009,0
,,,8.43806e-009,0.000441946
,,,8.83806e-009,-0.000220973
,,,9.23806e-009,0.000662919
,,,9.63806e-009,0.000662919
,,,1.00381e-008,-0.000220973
,,,1.04381e-008,-0.000662919
,,,1.08381e-008,0
,,,1.12381e-008,-0.000441946
,,,1.16381e-008,0.000883892
,,,1.20381e-008,0.000662919
,,,1.24381e-008,0.000441946
,,,1.28381e-008,0.000220973
,,,1.32381e-008,0.000220973
,,,1.36381e-008,-0.000220973
,,,1.40381e-008,0.000441946
,,,1.44381e-008,0.000220973
,,,1.48381e-008,0.000441946
,,,1.52381e-008,0
,,,1.56381e-008,-0.000220973
,,,1.60381e-008,-0.000441946
,,,1.64381e-008,-0.000220973
,,,1.68381e-008,0.000662919
,,,1.72381e-008,0
,,,1.76381e-008,-0.000441946
,,,1.80381e-008,0.000441946
,,,1.84381e-008,0.000662919
,,,1.88381e-008,0.000441946
,,,1.92381e-008,0.000220973
,,,1.96381e-008,0.000220973
,,,2.00381e-008,0.000662919
,,,2.04381e-008,0.000883892
,,,2.08381e-008,0.000220973
,,,2.12381e-008,0.000883892
,,,2.16381e-008,0.000662919
,,,2.20381e-008,0.000441946
,,,2.24381e-008,0
,,,2.28381e-008,0.000662919
,,,2.32381e-008,0
,,,2.36381e-008,0
,,,2.40381e-008,0.000883892
,,,2.44381e-008,0.00110486
,,,2.48381e-008,0.000441946
,,,2.52381e-008,0.000441946
,,,2.56381e-008,0.000883892
,,,2.60381e-008,0.000662919
,,,2.64381e-008,0.000441946
,,,2.68381e-008,0
,,,2.72381e-008,-0.000220973
,,,2.76381e-008,0.000441946
,,,2.80381e-008,0
,,,2.84381e-008,-0.000441946
,,,2.88381e-008,0.000441946
,,,2.92381e-008,0.000662919
,,,2.96381e-008,0
,,,3.00381e-008,0.000883892
,,,3.04381e-008,0.000441946
,,,3.08381e-008,0
,,,3.12381e-008,0.000883892
,,,3.16381e-008,0.000441946
,,,3.20381e-008,0.000441946
,,,3.24381e-008,0.000220973
,,,3.28381e-008,-0.000220973
,,,3.32381e-008,0.000220973
,,,3.36381e-008,0.000441946
,,,3.40381e-008,0.000441946
,,,3.44381e-008,0.000883892
,,,3.48381e-008,0.000662919
,,,3.52381e-008,0.000441946
,,,3.56381e-008,0.000220973
,,,3.60381e-008,0.000662919
,,,3.64381e-008,0.000220973
,,,3.68381e-008,0.000441946
,,,3.72381e-008,0.000220973
,,,3.76381e-008,0.000441946
,,,3.80381e-008,0.000662919
,,,3.84381e-008,-0.000220973
,,,3.88381e-008,0.000441946
,,,3.92381e-008,0.000441946
,,,3.96381e-008,0.000220973
,,,4.00381e-008,0.000220973
,,,4.04381e-008,-0.000662919
,,,4.08381e-008,0.000662919
,,,4.12381e-008,0.000220973
,,,4.16381e-008,0
,,,4.20381e-008,0.000662919
,,,4.24381e-008,-0.000441946
,,,4.28381e-008,-0.000441946
,,,4.32381e-008,-0.000662919
,,,4.36381e-008,0.000883892
,,,4.40381e-008,0.000220973
,,,4.44381e-008,0
,,,4.48381e-008,-0.000220973
,,,4.52381e-008,0.000662919
,,,4.56381e-008,0.000220973
,,,4.60381e-008,0.000441946
,,,4.64381e-008,0.000441946
,,,4.68381e-008,0.000220973
,,,4.72381e-008,0.000220973
,,,4.76381e-008,0.000220973
,,,4.80381e-008,0.000441946
,,,4.84381e-008,0
,,,4.88381e-008,0
,,,4.92381e-008,0.000662919
,,,4.96381e-008,-0.000441946
,,,5.00381e-008,0.000441946
,,,5.04381e-008,0.000220973
,,,5.08381e-008,0.000220973
,,,5.12381e-008,-0.000220973
,,,5.16381e-008,0.000441946
,,,5.20381e-008,0.000220973
,,,5.24381e-008,0.000662919
,,,5.28381e-008,0.000441946
,,,5.32381e-008,0
,,,5.36381e-008,0.000441946
,,,5.40381e-008,0.00132584
,,,5.44381e-008,0.000441946
,,,5.48381e-008,0.000662919
,,,5.52381e-008,-0.000220973
,,,5.56381e-008,0.000220973
,,,5.60381e-008,-0.000220973
,,,5.64381e-008,0.000220973
,,,5.68381e-008,-0.000441946
,,,5.72381e-008,0.000220973
,,,5.76381e-008,-0.000220973
,,,5.80381e-008,0
,,,5.84381e-008,0.000220973
,,,5.88381e-008,0.000662919
,,,5.92381e-008,0
,,,5.96381e-008,0.000220973
,,,6.00381e-008,0.000441946
,,,6.04381e-008,0.000662919
,,,6.08381e-008,0.000220973
,,,6.12381e-008,0.000220973
,,,6.16381e-008,0
,,,6.20381e-008,0.000441946
,,,6.24381e-008,0.000662919
,,,6.28381e-008,0.000220973
,,,6.32381e-008,0
,,,6.36381e-008,0.000220973
,,,6.40381e-008,-0.000441946
,,,6.44381e-008,0
,,,6.48381e-008,-0.000220973
,,,6.52381e-008,0.000220973
,,,6.56381e-008,0.000441946
,,,6.60381e-008,0.000883892
,,,6.64381e-008,0.00132584
,,,6.68381e-008,0.000662919
,,,6.72381e-008,-0.000662919
,,,6.76381e-008,0.000441946
,,,6.80381e-008,0.000441946
,,,6.84381e-008,0
,,,6.88381e-008,0.000662919
,,,6.92381e-008,0.000441946
,,,6.96381e-008,0.000441946
,,,7.00381e-008,0.000220973
,,,7.04381e-008,0
,,,7.08381e-008,0.000220973
,,,7.12381e-008,0.000441946
,,,7.16381e-008,0
,,,7.20381e-008,0.000441946
,,,7.24381e-008,0
,,,7.28381e-008,0
,,,7.32381e-008,0.000441946
,,,7.36381e-008,0
,,,7.40381e-008,0.000220973
,,,7.44381e-008,0.000220973
,,,7.48381e-008,0.000220973
,,,7.52381e-008,0.000220973
,,,7.56381e-008,0.00132584
,,,7.60381e-008,0.000441946
,,,7.64381e-008,0.000662919
,,,7.68381e-008,0.000441946
,,,7.72381e-008,0.000220973
,,,7.76381e-008,0.000220973
,,,7.80381e-008,0.000220973
,,,7.84381e-008,0.000220973
,,,7.88381e-008,0
,,,7.92381e-008,0.000220973
,,,7.96381e-008,0.000220973
,,,8.00381e-008,0.000220973
,,,8.04381e-008,0.000441946
,,,8.08381e-008,0.000662919
,,,8.12381e-008,0.000662919
,,,8.16381e-008,0.00110486
,,,8.20381e-008,0.000441946
,,,8.24381e-008,0.000220973
,,,8.28381e-008,0.000220973
,,,8.32381e-008,0.000662919
,,,8.36381e-008,0.000441946
,,,8.40381e-008,0.00132584
,,,8.44381e-008,0
,,,8.48381e-008,0
,,,8.52381e-008,0.000220973
,,,8.56381e-008,0.000662919
,,,8.60381e-008,0.000220973
,,,8.64381e-008,0
,,,8.68381e-008,0.000220973
,,,8.72381e-008,0
,,,8.76381e-008,0.000441946
,,,8.80381e-008,0.000220973
,,,8.84381e-008,0
,,,8.88381e-008,-0.000220973
,,,8.92381e-008,0
,,,8.96381e-008,0
,,,9.00381e-008,0.000220973
,,,9.04381e-008,0
,,,9.08381e-008,0.000220973
,,,9.12381e-008,0.000662919
,,,9.16381e-008,0.000441946
,,,9.20381e-008,0
,,,9.24381e-008,0.000662919
,,,9.28381e-008,0.00132584
,,,9.32381e-008,0.00110486
,,,9.36381e-008,0.000441946
,,,9.40381e-008,0.00132584
,,,9.44381e-008,0.00110486
,,,9.48381e-008,0.00265168
,,,9.52381e-008,0.00265168
,,,9.56381e-008,0.00375654
,,,9.60381e-008,0.00441946
,,,9.64381e-008,0.00530335
,,,9.68381e-008,0.00640822
,,,9.72381e-008,0.00839697
,,,9.76381e-008,0.008176
,,,9.80381e-008,0.0110486
,,,9.84381e-008,0.0112696
,,,9.88381e-008,0.0125955
,,,9.92381e-008,0.0132584
,,,9.96381e-008,0.0143632
,,,1.00038e-007,0.0141423
,,,1.00438e-007,0.0152471
,,,1.00838e-007,0.0159101
,,,1.01238e-007,0.016131
,,,1.01638e-007,0.016352
,,,1.02038e-007,0.016573
,,,1.02438e-007,0.0172359
,,,1.02838e-007,0.0170149
,,,1.03238e-007,0.0174569
,,,1.03638e-007,0.0172359
,,,1.04038e-007,0.0183408
,,,1.04438e-007,0.0183408
,,,1.04838e-007,0.0170149
,,,1.05238e-007,0.0174569
,,,1.05638e-007,0.0170149
,,,1.06038e-007,0.0176778
,,,1.06438e-007,0.0174569
,,,1.06838e-007,0.0176778
,,,1.07238e-007,0.0176778
,,,1.07638e-007,0.0178988
,,,1.08038e-007,0.0172359
,,,1.08438e-007,0.0176778
,,,1.08838e-007,0.0174569
,,,1.09238e-007,0.0181198
,,,1.09638e-007,0.0185617
,,,1.10038e-007,0.0187827
,,,1.10438e-007,0.0183408
,,,1.10838e-007,0.0176778
,,,1.11238e-007,0.0185617
,,,1.11638e-007,0.0176778
,,,1.12038e-007,0.0170149
,,,1.12438e-007,0.0185617
,,,1.12838e-007,0.0181198
,,,1.13238e-007,0.0183408
,,,1.13638e-007,0.0181198
,,,1.14038e-007,0.0174569
,,,1.14438e-007,0.0172359
,,,1.14838e-007,0.0187827
,,,1.15238e-007,0.0192246
,,,1.15638e-007,0.0183408
,,,1.16038e-007,0.0174569
,,,1.16438e-007,0.0176778
,,,1.16838e-007,0.0176778
,,,1.17238e-007,0.0176778
,,,1.17638e-007,0.0178988
,,,1.18038e-007,0.0176778
,,,1.18438e-007,0.0167939
,,,1.18838e-007,0.0174569
,,,1.19238e-007,0.0176778
,,,1.19638e-007,0.0183408
,,,1.20038e-007,0.0176778
,,,1.20438e-007,0.0178988
,,,1.20838e-007,0.0183408
,,,1.21238e-007,0.0185617
,,,1.21638e-007,0.0181198
,,,1.22038e-007,0.0190037
,,,1.22438e-007,0.0187827
,,,1.22838e-007,0.0192246
,,,1.23238e-007,0.0201085
,,,1.23638e-007,0.0201085
,,,1.24038e-007,0.0205505
,,,1.24438e-007,0.0203295
,,,1.24838e-007,0.0203295
,,,1.25238e-007,0.0201085
,,,1.25638e-007,0.0203295
,,,1.26038e-007,0.0203295
,,,1.26438e-007,0.0205505
,,,1.26838e-007,0.0212134
,,,1.27238e-007,0.0207715
,,,1.27638e-007,0.0201085
,,,1.28038e-007,0.0212134
,,,1.28438e-007,0.0207715
,,,1.28838e-007,0.0187827
,,,1.29238e-007,0.0196666
,,,1.29638e-007,0.0192246
,,,1.30038e-007,0.0190037
,,,1.30438e-007,0.0185617
,,,1.30838e-007,0.0187827
,,,1.31238e-007,0.0187827
,,,1.31638e-007,0.0185617
,,,1.32038e-007,0.0183408
,,,1.32438e-007,0.0178988
,,,1.32838e-007,0.0181198
,,,1.33238e-007,0.0174569
,,,1.33638e-007,0.0176778
,,,1.34038e-007,0.0172359
,,,1.34438e-007,0.016573
,,,1.34838e-007,0.0167939
,,,1.35238e-007,0.0176778
,,,1.35638e-007,0.016573
,,,1.36038e-007,0.0167939
,,,1.36438e-007,0.016573
,,,1.36838e-007,0.016352
,,,1.37238e-007,0.016131
,,,1.37638e-007,0.016131
,,,1.38038e-007,0.016573
,,,1.38438e-007,0.0167939
,,,1.38838e-007,0.0159101
,,,1.39238e-007,0.0152471
,,,1.39638e-007,0.016131
,,,1.40038e-007,0.016131
,,,1.40438e-007,0.016573
,,,1.40838e-007,0.016131
,,,1.41238e-007,0.0159101
,,,1.41638e-007,0.0156891
,,,1.42038e-007,0.0156891
,,,1.42438e-007,0.0152471
,,,1.42838e-007,0.0154681
,,,1.43238e-007,0.0148052
,,,1.43638e-007,0.0154681
,,,1.44038e-007,0.0156891
,,,1.44438e-007,0.0156891
,,,1.44838e-007,0.0150262
,,,1.45238e-007,0.0150262
,,,1.45638e-007,0.0141423
,,,1.46038e-007,0.0150262
,,,1.46438e-007,0.0156891
,,,1.46838e-007,0.0154681
,,,1.47238e-007,0.0148052
,,,1.47638e-007,0.0148052
,,,1.48038e-007,0.0145842
,,,1.48438e-007,0.0143632
,,,1.48838e-007,0.0148052
,,,1.49238e-007,0.0148052
,,,1.49638e-007,0.0148052
,,,1.50038e-007,0.0148052
,,,1.50438e-007,0.0145842
,,,1.50838e-007,0.0143632
,,,1.51238e-007,0.0139213
,,,1.51638e-007,0.0150262
,,,1.52038e-007,0.0148052
,,,1.52438e-007,0.0141423
,,,1.52838e-007,0.0137003
,,,1.53238e-007,0.0134794
,,,1.53638e-007,0.0137003
,,,1.54038e-007,0.0139213
,,,1.54438e-007,0.0141423
,,,1.54838e-007,0.0139213
,,,1.55238e-007,0.0134794
,,,1.55638e-007,0.0134794
,,,1.56038e-007,0.0137003
,,,1.56438e-007,0.0121535
,,,1.56838e-007,0.0121535
,,,1.57238e-007,0.0130374
,,,1.57638e-007,0.0128164
,,,1.58038e-007,0.0117116
,,,1.58438e-007,0.0119325
,,,1.58838e-007,0.0121535
,,,1.59238e-007,0.0117116
,,,1.59638e-007,0.0112696
,,,1.60038e-007,0.0117116
,,,1.60438e-007,0.0123745
,,,1.60838e-007,0.0119325
,,,1.61238e-007,0.0125955
,,,1.61638e-007,0.0121535
,,,1.62038e-007,0.0128164
,,,1.62438e-007,0.0121535
,,,1.62838e-007,0.0119325
,,,1.63238e-007,0.0114906
,,,1.63638e-007,0.0125955
,,,1.64038e-007,0.0123745
,,,1.64438e-007,0.0125955
,,,1.64838e-007,0.0121535
,,,1.65238e-007,0.0130374
,,,1.65638e-007,0.0130374
,,,1.66038e-007,0.0128164
,,,1.66438e-007,0.0119325
,,,1.66838e-007,0.0125955
,,,1.67238e-007,0.0123745
,,,1.67638e-007,0.0119325
,,,1.68038e-007,0.0123745
,,,1.68438e-007,0.0123745
,,,1.68838e-007,0.0119325
,,,1.69238e-007,0.0123745
,,,1.69638e-007,0.0123745
,,,1.70038e-007,0.0121535
,,,1.70438e-007,0.0125955
,,,1.70838e-007,0.0123745
,,,1.71238e-007,0.0112696
,,,1.71638e-007,0.0123745
,,,1.72038e-007,0.0119325
,,,1.72438e-007,0.0121535
,,,1.72838e-007,0.0132584
,,,1.73238e-007,0.0128164
,,,1.73638e-007,0.0123745
,,,1.74038e-007,0.0123745
,,,1.74438e-007,0.0123745
,,,1.74838e-007,0.0123745
,,,1.75238e-007,0.0121535
,,,1.75638e-007,0.0128164
,,,1.76038e-007,0.0119325
,,,1.76438e-007,0.0117116
,,,1.76838e-007,0.0117116
,,,1.77238e-007,0.0119325
,,,1.77638e-007,0.0121535
,,,1.78038e-007,0.0130374
,,,1.78438e-007,0.0132584
,,,1.78838e-007,0.0123745
,,,1.79238e-007,0.0125955
,,,1.79638e-007,0.0130374
,,,1.80038e-007,0.0123745
,,,1.80438e-007,0.0130374
,,,1.80838e-007,0.0130374
,,,1.81238e-007,0.0121535
,,,1.81638e-007,0.0130374
,,,1.82038e-007,0.0134794
,,,1.82438e-007,0.0125955
,,,1.82838e-007,0.0121535
,,,1.83238e-007,0.0117116
,,,1.83638e-007,0.0123745
,,,1.84038e-007,0.0123745
,,,1.84438e-007,0.0125955
,,,1.84838e-007,0.0121535
,,,1.85238e-007,0.0121535
,,,1.85638e-007,0.0117116
,,,1.86038e-007,0.0125955
,,,1.86438e-007,0.0128164
,,,1.86838e-007,0.0134794
,,,1.87238e-007,0.0132584
,,,1.87638e-007,0.0130374
,,,1.88038e-007,0.0134794
,,,1.88438e-007,0.0130374
,,,1.88838e-007,0.0137003
,,,1.89238e-007,0.0132584
,,,1.89638e-007,0.0134794
,,,1.90038e-007,0.0139213
,,,1.90438e-007,0.0130374
,,,1.90838e-007,0.0130374
,,,1.91238e-007,0.0143632
,,,1.91638e-007,0.0134794
,,,1.92038e-007,0.0134794
,,,1.92438e-007,0.0134794
,,,1.92838e-007,0.0132584
,,,1.93238e-007,0.0130374
,,,1.93638e-007,0.0128164
,,,1.94038e-007,0.0137003
,,,1.94438e-007,0.0137003
,,,1.94838e-007,0.0139213
,,,1.95238e-007,0.0132584
,,,1.95638e-007,0.0134794
,,,1.96038e-007,0.0125955
,,,1.96438e-007,0.0134794
,,,1.96838e-007,0.0134794
,,,1.97238e-007,0.0137003
,,,1.97638e-007,0.0134794
,,,1.98038e-007,0.0132584
,,,1.98438e-007,0.0130374
,,,1.98838e-007,0.0130374
,,,1.99238e-007,0.0139213
,,,1.99638e-007,0.0132584
,,,2.00038e-007,0.0119325
,,,2.00438e-007,0.0117116
,,,2.00838e-007,0.0125955
,,,2.01238e-007,0.0132584
,,,2.01638e-007,0.0130374
,,,2.02038e-007,0.0123745
,,,2.02438e-007,0.0119325
,,,2.02838e-007,0.0130374
,,,2.03238e-007,0.0123745
,,,2.03638e-007,0.0119325
,,,2.04038e-007,0.0119325
,,,2.04438e-007,0.0112696
,,,2.04838e-007,0.0117116
,,,2.05238e-007,0.0117116
,,,2.05638e-007,0.0114906
,,,2.06038e-007,0.0112696
,,,2.06438e-007,0.0103857
,,,2.06838e-007,0.0106067
,,,2.07238e-007,0.0106067
,,,2.07638e-007,0.00972281
,,,2.08038e-007,0.0101648
,,,2.08438e-007,0.00994378
,,,2.08838e-007,0.00972281
,,,2.09238e-007,0.00905989
,,,2.09638e-007,0.00839697
,,,2.10038e-007,0.00950184
,,,2.10438e-007,0.00883892
,,,2.10838e-007,0.00751308
,,,2.11238e-007,0.00773405
,,,2.11638e-007,0.00707114
,,,2.12038e-007,0.0057453
,,,2.12438e-007,0.00596627
,,,2.12838e-007,0.00640822
,,,2.13238e-007,0.00530335
,,,2.13638e-007,0.00486141
,,,2.14038e-007,0.00508238
,,,2.14438e-007,0.00508238
,,,2.14838e-007,0.00464043
,,,2.15238e-007,0.00441946
,,,2.15638e-007,0.00441946
,,,2.16038e-007,0.00419849
,,,2.16438e-007,0.00309362
,,,2.16838e-007,0.00265168
,,,2.17238e-007,0.00287265
,,,2.17638e-007,0.00331459
,,,2.18038e-007,0.00287265
,,,2.18438e-007,0.00331459
,,,2.18838e-007,0.00331459
,,,2.19238e-007,0.00176778
,,,2.19638e-007,0.00287265
,,,2.20038e-007,0.0024307
,,,2.20438e-007,0.00110486
,,,2.20838e-007,0.00265168
,,,2.21238e-007,0.00265168
,,,2.21638e-007,0.00198876
,,,2.22038e-007,0.00220973
,,,2.22438e-007,0.00220973
,,,2.22838e-007,0.0024307
,,,2.23238e-007,0.0024307
,,,2.23638e-007,0
,,,2.24038e-007,0.000662919
,,,2.24438e-007,0.0024307
,,,2.24838e-007,0.000883892
,,,2.25238e-007,0.00132584
,,,2.25638e-007,0.000662919
,,,2.26038e-007,0.00110486
,,,2.26438e-007,0.000883892
,,,2.26838e-007,0.00110486
,,,2.27238e-007,0.000662919
,,,2.27638e-007,0.000883892
,,,2.28038e-007,0.00110486
,,,2.28438e-007,0.00176778
,,,2.28838e-007,0.000662919
,,,2.29238e-007,0.00132584
,,,2.29638e-007,0.000662919
,,,2.30038e-007,0.00110486
,,,2.30438e-007,0.000220973
,,,2.30838e-007,0.000662919
,,,2.31238e-007,0
,,,2.31638e-007,0.000662919
,,,2.32038e-007,0.000662919
,,,2.32438e-007,0.000220973
,,,2.32838e-007,0.000883892
,,,2.33238e-007,0.000220973
,,,2.33638e-007,0
,,,2.34038e-007,0.000441946
,,,2.34438e-007,0.00110486
,,,2.34838e-007,0.000220973
,,,2.35238e-007,0.000220973
,,,2.35638e-007,0.000662919
,,,2.36038e-007,0
,,,2.36438e-007,-0.000220973
,,,2.36838e-007,0.000220973
,,,2.37238e-007,0
,,,2.37638e-007,-0.000441946
,,,2.38038e-007,-0.000662919
,,,2.38438e-007,-0.00110486
,,,2.38838e-007,0
,,,2.39238e-007,-0.000883892
,,,2.39638e-007,-0.000662919
,,,2.40038e-007,-0.000883892
,,,2.40438e-007,-0.000883892
,,,2.40838e-007,-0.000883892
,,,2.41238e-007,-0.000883892
,,,2.41638e-007,-0.000441946
,,,2.42038e-007,0
,,,2.42438e-007,-0.000220973
,,,2.42838e-007,-0.000883892
,,,2.43238e-007,-0.00110486
,,,2.43638e-007,0.000662919
,,,2.44038e-007,-0.000441946
,,,2.44438e-007,-0.000220973
,,,2.44838e-007,-0.000441946
,,,2.45238e-007,-0.000220973
,,,2.45638e-007,0
,,,2.46038e-007,0
,,,2.46438e-007,-0.000220973
,,,2.46838e-007,-0.000220973
,,,2.47238e-007,0
,,,2.47638e-007,-0.000662919
,,,2.48038e-007,-0.000441946
,,,2.48438e-007,0.000220973
,,,2.48838e-007,-0.000441946
,,,2.49238e-007,-0.000220973
,,,2.49638e-007,-0.000220973
,,,2.50038e-007,0
