"Record Length",1252,"Points",-2.5008e-007,0.000220973
"Sample Interval",4e-010,s,-2.4968e-007,0
"Trigger Point",625,"Samples",-2.4928e-007,0
"Trigger Time",0.199144,s,-2.4888e-007,-0.000662919
,,,-2.4848e-007,0.000220973
"Horizontal Offset",-2.5008e-007,s,-2.4808e-007,0
,,,-2.4768e-007,-0.000883892
,,,-2.4728e-007,0.000220973
,,,-2.4688e-007,0.000441946
,,,-2.4648e-007,0.00110486
,,,-2.4608e-007,0
,,,-2.4568e-007,0.000662919
,,,-2.4528e-007,0
,,,-2.4488e-007,0
,,,-2.4448e-007,-0.000441946
,,,-2.4408e-007,0.000220973
,,,-2.4368e-007,0.000662919
,,,-2.4328e-007,0.000220973
,,,-2.4288e-007,-0.000220973
,,,-2.4248e-007,0.000220973
,,,-2.4208e-007,-0.000220973
,,,-2.4168e-007,0.000441946
,,,-2.4128e-007,-0.000220973
,,,-2.4088e-007,0.000662919
,,,-2.4048e-007,-0.000220973
,,,-2.4008e-007,0.000220973
,,,-2.3968e-007,0.000441946
,,,-2.3928e-007,0.000220973
,,,-2.3888e-007,0.000441946
,,,-2.3848e-007,0.000441946
,,,-2.3808e-007,-0.000441946
,,,-2.3768e-007,0.000220973
,,,-2.3728e-007,-0.000220973
,,,-2.3688e-007,0.000441946
,,,-2.3648e-007,0.000441946
,,,-2.3608e-007,0.00110486
,,,-2.3568e-007,0.000441946
,,,-2.3528e-007,0.000662919
,,,-2.3488e-007,-0.000220973
,,,-2.3448e-007,0.000220973
,,,-2.3408e-007,0
,,,-2.3368e-007,0.000662919
,,,-2.3328e-007,-0.000441946
,,,-2.3288e-007,0.000220973
,,,-2.3248e-007,0
,,,-2.3208e-007,0.000220973
,,,-2.3168e-007,0.000220973
,,,-2.3128e-007,0.000220973
,,,-2.3088e-007,0.000220973
,,,-2.3048e-007,0.000441946
,,,-2.3008e-007,0.000220973
,,,-2.2968e-007,-0.000220973
,,,-2.2928e-007,0.000662919
,,,-2.2888e-007,0.000662919
,,,-2.2848e-007,-0.000220973
,,,-2.2808e-007,0.000441946
,,,-2.2768e-007,0.000883892
,,,-2.2728e-007,0.000220973
,,,-2.2688e-007,0
,,,-2.2648e-007,0
,,,-2.2608e-007,0.000220973
,,,-2.2568e-007,-0.000220973
,,,-2.2528e-007,0.000220973
,,,-2.2488e-007,-0.000220973
,,,-2.2448e-007,-0.000662919
,,,-2.2408e-007,0.000662919
,,,-2.2368e-007,0.000220973
,,,-2.2328e-007,0.000662919
,,,-2.2288e-007,0.000662919
,,,-2.2248e-007,0.000220973
,,,-2.2208e-007,0.000662919
,,,-2.2168e-007,0.000220973
,,,-2.2128e-007,0.000441946
,,,-2.2088e-007,0.000220973
,,,-2.2048e-007,-0.000441946
,,,-2.2008e-007,0.000883892
,,,-2.1968e-007,0.000441946
,,,-2.1928e-007,0.000662919
,,,-2.1888e-007,0.000220973
,,,-2.1848e-007,0.000220973
,,,-2.1808e-007,0.000662919
,,,-2.1768e-007,-0.000441946
,,,-2.1728e-007,0.000220973
,,,-2.1688e-007,0.000441946
,,,-2.1648e-007,0.000441946
,,,-2.1608e-007,0.000220973
,,,-2.1568e-007,0.000441946
,,,-2.1528e-007,0.000220973
,,,-2.1488e-007,0
,,,-2.1448e-007,0.000662919
,,,-2.1408e-007,-0.000441946
,,,-2.1368e-007,0.000662919
,,,-2.1328e-007,0
,,,-2.1288e-007,0.000220973
,,,-2.1248e-007,0.000441946
,,,-2.1208e-007,0.000441946
,,,-2.1168e-007,0.000220973
,,,-2.1128e-007,0.000883892
,,,-2.1088e-007,0.000662919
,,,-2.1048e-007,0
,,,-2.1008e-007,0
,,,-2.0968e-007,-0.000441946
,,,-2.0928e-007,0
,,,-2.0888e-007,-0.000220973
,,,-2.0848e-007,-0.000220973
,,,-2.0808e-007,0.000220973
,,,-2.0768e-007,0.000441946
,,,-2.0728e-007,0
,,,-2.0688e-007,0.000220973
,,,-2.0648e-007,0.000220973
,,,-2.0608e-007,0.000662919
,,,-2.0568e-007,-0.000441946
,,,-2.0528e-007,-0.000441946
,,,-2.0488e-007,0.000441946
,,,-2.0448e-007,0.000662919
,,,-2.0408e-007,0.000220973
,,,-2.0368e-007,-0.000220973
,,,-2.0328e-007,-0.000220973
,,,-2.0288e-007,0.000220973
,,,-2.0248e-007,0.000220973
,,,-2.0208e-007,0.000441946
,,,-2.0168e-007,-0.000441946
,,,-2.0128e-007,0.000662919
,,,-2.0088e-007,0.000441946
,,,-2.0048e-007,-0.000441946
,,,-2.0008e-007,0
,,,-1.9968e-007,0.000662919
,,,-1.9928e-007,-0.000441946
,,,-1.9888e-007,0
,,,-1.9848e-007,0.000662919
,,,-1.9808e-007,0
,,,-1.9768e-007,0.000441946
,,,-1.9728e-007,0.000220973
,,,-1.9688e-007,0.000220973
,,,-1.9648e-007,-0.000220973
,,,-1.9608e-007,0.00110486
,,,-1.9568e-007,0.000662919
,,,-1.9528e-007,0.000441946
,,,-1.9488e-007,0
,,,-1.9448e-007,0
,,,-1.9408e-007,0.000441946
,,,-1.9368e-007,-0.000441946
,,,-1.9328e-007,0
,,,-1.9288e-007,0.000883892
,,,-1.9248e-007,0.000220973
,,,-1.9208e-007,0.000220973
,,,-1.9168e-007,0.000883892
,,,-1.9128e-007,0.000220973
,,,-1.9088e-007,0.000220973
,,,-1.9048e-007,0.00132584
,,,-1.9008e-007,0.000220973
,,,-1.8968e-007,0.000441946
,,,-1.8928e-007,0.000220973
,,,-1.8888e-007,0.000220973
,,,-1.8848e-007,-0.000220973
,,,-1.8808e-007,0
,,,-1.8768e-007,0.000220973
,,,-1.8728e-007,0
,,,-1.8688e-007,-0.000220973
,,,-1.8648e-007,-0.000441946
,,,-1.8608e-007,-0.000441946
,,,-1.8568e-007,-0.000220973
,,,-1.8528e-007,0
,,,-1.8488e-007,0
,,,-1.8448e-007,0.000220973
,,,-1.8408e-007,0
,,,-1.8368e-007,0.000441946
,,,-1.8328e-007,0.000883892
,,,-1.8288e-007,-0.000441946
,,,-1.8248e-007,0.000220973
,,,-1.8208e-007,-0.000220973
,,,-1.8168e-007,0.000441946
,,,-1.8128e-007,-0.000220973
,,,-1.8088e-007,0.000220973
,,,-1.8048e-007,0.000441946
,,,-1.8008e-007,0.00110486
,,,-1.7968e-007,0.000220973
,,,-1.7928e-007,-0.000220973
,,,-1.7888e-007,0
,,,-1.7848e-007,0.000441946
,,,-1.7808e-007,0.000441946
,,,-1.7768e-007,-0.000662919
,,,-1.7728e-007,0
,,,-1.7688e-007,-0.000220973
,,,-1.7648e-007,0
,,,-1.7608e-007,0.000883892
,,,-1.7568e-007,-0.000220973
,,,-1.7528e-007,0.000220973
,,,-1.7488e-007,0.000662919
,,,-1.7448e-007,0.000662919
,,,-1.7408e-007,0.000220973
,,,-1.7368e-007,0.000220973
,,,-1.7328e-007,-0.000220973
,,,-1.7288e-007,0
,,,-1.7248e-007,0.00110486
,,,-1.7208e-007,0
,,,-1.7168e-007,0
,,,-1.7128e-007,0.000441946
,,,-1.7088e-007,0.000220973
,,,-1.7048e-007,-0.000220973
,,,-1.7008e-007,0.00110486
,,,-1.6968e-007,0.000662919
,,,-1.6928e-007,-0.000441946
,,,-1.6888e-007,-0.000220973
,,,-1.6848e-007,-0.000220973
,,,-1.6808e-007,0.000662919
,,,-1.6768e-007,0.000662919
,,,-1.6728e-007,0.000220973
,,,-1.6688e-007,-0.000220973
,,,-1.6648e-007,0.000662919
,,,-1.6608e-007,0
,,,-1.6568e-007,0.000220973
,,,-1.6528e-007,0.000662919
,,,-1.6488e-007,0.000441946
,,,-1.6448e-007,0.000662919
,,,-1.6408e-007,0.000441946
,,,-1.6368e-007,0.000220973
,,,-1.6328e-007,0.000220973
,,,-1.6288e-007,0.000883892
,,,-1.6248e-007,0.000220973
,,,-1.6208e-007,0
,,,-1.6168e-007,0.000883892
,,,-1.6128e-007,0
,,,-1.6088e-007,0.000441946
,,,-1.6048e-007,-0.000220973
,,,-1.6008e-007,0
,,,-1.5968e-007,0.000220973
,,,-1.5928e-007,0.000220973
,,,-1.5888e-007,0.000883892
,,,-1.5848e-007,-0.000220973
,,,-1.5808e-007,-0.000441946
,,,-1.5768e-007,0.000441946
,,,-1.5728e-007,-0.000220973
,,,-1.5688e-007,0.000441946
,,,-1.5648e-007,0.000220973
,,,-1.5608e-007,0.000220973
,,,-1.5568e-007,0.00110486
,,,-1.5528e-007,0.000662919
,,,-1.5488e-007,0
,,,-1.5448e-007,0.000883892
,,,-1.5408e-007,0.000220973
,,,-1.5368e-007,0
,,,-1.5328e-007,-0.000220973
,,,-1.5288e-007,0.000220973
,,,-1.5248e-007,-0.000220973
,,,-1.5208e-007,-0.000220973
,,,-1.5168e-007,-0.000220973
,,,-1.5128e-007,0.000220973
,,,-1.5088e-007,-0.000662919
,,,-1.5048e-007,0.000220973
,,,-1.5008e-007,-0.000441946
,,,-1.4968e-007,0.000883892
,,,-1.4928e-007,0.000220973
,,,-1.4888e-007,0.000220973
,,,-1.4848e-007,0.000220973
,,,-1.4808e-007,-0.000220973
,,,-1.4768e-007,0.000441946
,,,-1.4728e-007,0.000220973
,,,-1.4688e-007,-0.000220973
,,,-1.4648e-007,0
,,,-1.4608e-007,0.000662919
,,,-1.4568e-007,-0.000220973
,,,-1.4528e-007,-0.000220973
,,,-1.4488e-007,-0.000220973
,,,-1.4448e-007,0.000220973
,,,-1.4408e-007,0.000662919
,,,-1.4368e-007,0.000441946
,,,-1.4328e-007,0.000662919
,,,-1.4288e-007,-0.000441946
,,,-1.4248e-007,0.000220973
,,,-1.4208e-007,0.000441946
,,,-1.4168e-007,0.000220973
,,,-1.4128e-007,0.000441946
,,,-1.4088e-007,0
,,,-1.4048e-007,0.000662919
,,,-1.4008e-007,0
,,,-1.3968e-007,0.000220973
,,,-1.3928e-007,0
,,,-1.3888e-007,-0.000220973
,,,-1.3848e-007,-0.000220973
,,,-1.3808e-007,0.000220973
,,,-1.3768e-007,-0.000220973
,,,-1.3728e-007,0.000441946
,,,-1.3688e-007,0.000220973
,,,-1.3648e-007,-0.000220973
,,,-1.3608e-007,0
,,,-1.3568e-007,0.000441946
,,,-1.3528e-007,0
,,,-1.3488e-007,0
,,,-1.3448e-007,0
,,,-1.3408e-007,-0.000220973
,,,-1.3368e-007,0
,,,-1.3328e-007,0.000883892
,,,-1.3288e-007,0.000883892
,,,-1.3248e-007,0.000220973
,,,-1.3208e-007,-0.000220973
,,,-1.3168e-007,-0.000220973
,,,-1.3128e-007,0.000220973
,,,-1.3088e-007,0.000441946
,,,-1.3048e-007,-0.000220973
,,,-1.3008e-007,-0.000220973
,,,-1.2968e-007,-0.000220973
,,,-1.2928e-007,0
,,,-1.2888e-007,0.000441946
,,,-1.2848e-007,0
,,,-1.2808e-007,0.000441946
,,,-1.2768e-007,-0.000441946
,,,-1.2728e-007,0.000883892
,,,-1.2688e-007,-0.000220973
,,,-1.2648e-007,-0.000441946
,,,-1.2608e-007,0
,,,-1.2568e-007,0.000883892
,,,-1.2528e-007,-0.000220973
,,,-1.2488e-007,-0.000441946
,,,-1.2448e-007,0.00132584
,,,-1.2408e-007,0.000662919
,,,-1.2368e-007,-0.000220973
,,,-1.2328e-007,-0.000441946
,,,-1.2288e-007,0
,,,-1.2248e-007,-0.000220973
,,,-1.2208e-007,0.000662919
,,,-1.2168e-007,0
,,,-1.2128e-007,-0.000220973
,,,-1.2088e-007,-0.000220973
,,,-1.2048e-007,-0.000220973
,,,-1.2008e-007,0.000441946
,,,-1.1968e-007,0.000662919
,,,-1.1928e-007,0.000441946
,,,-1.1888e-007,0.000220973
,,,-1.1848e-007,0.000662919
,,,-1.1808e-007,0.000220973
,,,-1.1768e-007,0.000441946
,,,-1.1728e-007,0
,,,-1.1688e-007,-0.000220973
,,,-1.1648e-007,0.000220973
,,,-1.1608e-007,0
,,,-1.1568e-007,0
,,,-1.1528e-007,-0.000220973
,,,-1.1488e-007,-0.000441946
,,,-1.1448e-007,0
,,,-1.1408e-007,-0.000441946
,,,-1.1368e-007,-0.000220973
,,,-1.1328e-007,-0.000220973
,,,-1.1288e-007,-0.000441946
,,,-1.1248e-007,0.000441946
,,,-1.1208e-007,0.000441946
,,,-1.1168e-007,0.000220973
,,,-1.1128e-007,-0.000441946
,,,-1.1088e-007,0.000662919
,,,-1.1048e-007,0.000662919
,,,-1.1008e-007,-0.000441946
,,,-1.0968e-007,0
,,,-1.0928e-007,0
,,,-1.0888e-007,0.000220973
,,,-1.0848e-007,0
,,,-1.0808e-007,0.000662919
,,,-1.0768e-007,0.000441946
,,,-1.0728e-007,0.000220973
,,,-1.0688e-007,0.000441946
,,,-1.0648e-007,0.000441946
,,,-1.0608e-007,-0.000441946
,,,-1.0568e-007,0
,,,-1.0528e-007,0.000662919
,,,-1.0488e-007,0.000220973
,,,-1.0448e-007,0.000220973
,,,-1.0408e-007,0.000220973
,,,-1.0368e-007,0
,,,-1.0328e-007,0.000220973
,,,-1.0288e-007,0.000883892
,,,-1.0248e-007,0.000441946
,,,-1.0208e-007,0
,,,-1.0168e-007,0.000441946
,,,-1.0128e-007,0.000441946
,,,-1.0088e-007,0
,,,-1.0048e-007,0.000662919
,,,-1.0008e-007,0.000662919
,,,-9.96797e-008,0.00110486
,,,-9.92797e-008,0.000883892
,,,-9.88797e-008,0
,,,-9.84797e-008,0.000441946
,,,-9.80797e-008,0
,,,-9.76797e-008,0
,,,-9.72797e-008,0
,,,-9.68797e-008,0.000220973
,,,-9.64797e-008,-0.000441946
,,,-9.60797e-008,0.000441946
,,,-9.56797e-008,-0.000441946
,,,-9.52797e-008,0.000220973
,,,-9.48797e-008,0.000220973
,,,-9.44797e-008,-0.000662919
,,,-9.40797e-008,0
,,,-9.36797e-008,0
,,,-9.32797e-008,-0.000441946
,,,-9.28797e-008,-0.000441946
,,,-9.24797e-008,0.000441946
,,,-9.20797e-008,0.000662919
,,,-9.16797e-008,0
,,,-9.12797e-008,0.000662919
,,,-9.08797e-008,-0.000441946
,,,-9.04797e-008,0.000220973
,,,-9.00797e-008,0
,,,-8.96797e-008,-0.000220973
,,,-8.92797e-008,0.000220973
,,,-8.88797e-008,0
,,,-8.84797e-008,-0.000220973
,,,-8.80797e-008,0.000220973
,,,-8.76797e-008,0.000220973
,,,-8.72797e-008,0.000441946
,,,-8.68797e-008,0
,,,-8.64797e-008,0.000441946
,,,-8.60797e-008,0
,,,-8.56797e-008,0.000662919
,,,-8.52797e-008,0.000220973
,,,-8.48797e-008,0
,,,-8.44797e-008,0.00110486
,,,-8.40797e-008,0.000441946
,,,-8.36797e-008,0.000662919
,,,-8.32797e-008,0.000220973
,,,-8.28797e-008,-0.000220973
,,,-8.24797e-008,-0.000220973
,,,-8.20797e-008,0
,,,-8.16797e-008,0.000220973
,,,-8.12797e-008,0.000441946
,,,-8.08797e-008,0.000220973
,,,-8.04797e-008,0.000220973
,,,-8.00797e-008,0
,,,-7.96797e-008,0.000220973
,,,-7.92797e-008,-0.000220973
,,,-7.88797e-008,0.000662919
,,,-7.84797e-008,0.00132584
,,,-7.80797e-008,-0.000441946
,,,-7.76797e-008,0.000441946
,,,-7.72797e-008,0.000662919
,,,-7.68797e-008,0.000662919
,,,-7.64797e-008,0.000441946
,,,-7.60797e-008,0.000441946
,,,-7.56797e-008,-0.000441946
,,,-7.52797e-008,0.000220973
,,,-7.48797e-008,0
,,,-7.44797e-008,0
,,,-7.40797e-008,-0.000220973
,,,-7.36797e-008,0.000220973
,,,-7.32797e-008,-0.000220973
,,,-7.28797e-008,-0.000441946
,,,-7.24797e-008,0.000220973
,,,-7.20797e-008,-0.000441946
,,,-7.16797e-008,0
,,,-7.12797e-008,0.000441946
,,,-7.08797e-008,0.000441946
,,,-7.04797e-008,0.000662919
,,,-7.00797e-008,0.000441946
,,,-6.96797e-008,0.000883892
,,,-6.92797e-008,0.000220973
,,,-6.88797e-008,-0.000220973
,,,-6.84797e-008,0.000662919
,,,-6.80797e-008,0.000662919
,,,-6.76797e-008,0.000220973
,,,-6.72797e-008,0.000441946
,,,-6.68797e-008,0.000220973
,,,-6.64797e-008,0
,,,-6.60797e-008,0
,,,-6.56797e-008,0.000220973
,,,-6.52797e-008,-0.000220973
,,,-6.48797e-008,-0.000441946
,,,-6.44797e-008,0
,,,-6.40797e-008,0.000441946
,,,-6.36797e-008,0
,,,-6.32797e-008,0.000883892
,,,-6.28797e-008,0.000441946
,,,-6.24797e-008,0
,,,-6.20797e-008,0.000662919
,,,-6.16797e-008,0
,,,-6.12797e-008,-0.000441946
,,,-6.08797e-008,0
,,,-6.04797e-008,0.000441946
,,,-6.00797e-008,0.000441946
,,,-5.96797e-008,-0.000220973
,,,-5.92797e-008,0.000441946
,,,-5.88797e-008,-0.000220973
,,,-5.84797e-008,0.000220973
,,,-5.80797e-008,0
,,,-5.76797e-008,0
,,,-5.72797e-008,0
,,,-5.68797e-008,0
,,,-5.64797e-008,0.000220973
,,,-5.60797e-008,0.000441946
,,,-5.56797e-008,0.000220973
,,,-5.52797e-008,0
,,,-5.48797e-008,0.000220973
,,,-5.44797e-008,0.000220973
,,,-5.40797e-008,0.000441946
,,,-5.36797e-008,0.000662919
,,,-5.32797e-008,0
,,,-5.28797e-008,0.000220973
,,,-5.24797e-008,-0.000441946
,,,-5.20797e-008,0.000220973
,,,-5.16797e-008,0.000441946
,,,-5.12797e-008,0.00132584
,,,-5.08797e-008,0.000220973
,,,-5.04797e-008,0
,,,-5.00797e-008,0
,,,-4.96797e-008,-0.000220973
,,,-4.92797e-008,-0.000220973
,,,-4.88797e-008,-0.000220973
,,,-4.84797e-008,0
,,,-4.80797e-008,0.000441946
,,,-4.76797e-008,0.000441946
,,,-4.72797e-008,0.000662919
,,,-4.68797e-008,0
,,,-4.64797e-008,0
,,,-4.60797e-008,0.000220973
,,,-4.56797e-008,0.000441946
,,,-4.52797e-008,0.000662919
,,,-4.48797e-008,-0.000220973
,,,-4.44797e-008,0.000662919
,,,-4.40797e-008,0.000883892
,,,-4.36797e-008,0.000220973
,,,-4.32797e-008,0.000220973
,,,-4.28797e-008,0.000883892
,,,-4.24797e-008,0.000220973
,,,-4.20797e-008,0
,,,-4.16797e-008,0.000220973
,,,-4.12797e-008,0.000220973
,,,-4.08797e-008,0
,,,-4.04797e-008,-0.000662919
,,,-4.00797e-008,-0.000441946
,,,-3.96797e-008,0
,,,-3.92797e-008,0.000220973
,,,-3.88797e-008,0.000441946
,,,-3.84797e-008,0.000220973
,,,-3.80797e-008,0.000220973
,,,-3.76797e-008,0
,,,-3.72797e-008,0.000441946
,,,-3.68797e-008,0.000220973
,,,-3.64797e-008,-0.000441946
,,,-3.60797e-008,0
,,,-3.56797e-008,0.000220973
,,,-3.52797e-008,0.000441946
,,,-3.48797e-008,0.000220973
,,,-3.44797e-008,0.000220973
,,,-3.40797e-008,0
,,,-3.36797e-008,-0.000441946
,,,-3.32797e-008,0.000220973
,,,-3.28797e-008,0
,,,-3.24797e-008,0.000441946
,,,-3.20797e-008,0.000220973
,,,-3.16797e-008,0
,,,-3.12797e-008,0.000883892
,,,-3.08797e-008,0.000220973
,,,-3.04797e-008,0
,,,-3.00797e-008,0.000220973
,,,-2.96797e-008,0.000662919
,,,-2.92797e-008,0.000220973
,,,-2.88797e-008,0
,,,-2.84797e-008,0
,,,-2.80797e-008,-0.000441946
,,,-2.76797e-008,0
,,,-2.72797e-008,0.000662919
,,,-2.68797e-008,-0.000220973
,,,-2.64797e-008,0
,,,-2.60797e-008,-0.000220973
,,,-2.56797e-008,0
,,,-2.52797e-008,0.000441946
,,,-2.48797e-008,0.000220973
,,,-2.44797e-008,0
,,,-2.40797e-008,0.000441946
,,,-2.36797e-008,-0.000662919
,,,-2.32797e-008,0.000662919
,,,-2.28797e-008,0
,,,-2.24797e-008,0.000220973
,,,-2.20797e-008,0
,,,-2.16797e-008,0.000883892
,,,-2.12797e-008,0
,,,-2.08797e-008,0
,,,-2.04797e-008,0.000441946
,,,-2.00797e-008,0
,,,-1.96797e-008,0
,,,-1.92797e-008,0.000441946
,,,-1.88797e-008,0
,,,-1.84797e-008,-0.000441946
,,,-1.80797e-008,0.000662919
,,,-1.76797e-008,-0.000441946
,,,-1.72797e-008,0.000220973
,,,-1.68797e-008,0.000441946
,,,-1.64797e-008,0
,,,-1.60797e-008,-0.000662919
,,,-1.56797e-008,-0.000441946
,,,-1.52797e-008,0.000441946
,,,-1.48797e-008,0.000220973
,,,-1.44797e-008,0.000441946
,,,-1.40797e-008,0.000441946
,,,-1.36797e-008,0
,,,-1.32797e-008,0
,,,-1.28797e-008,0
,,,-1.24797e-008,0
,,,-1.20797e-008,0
,,,-1.16797e-008,0.000220973
,,,-1.12797e-008,0
,,,-1.08797e-008,-0.000220973
,,,-1.04797e-008,0
,,,-1.00797e-008,-0.000441946
,,,-9.67966e-009,0
,,,-9.27966e-009,-0.000220973
,,,-8.87966e-009,0.000220973
,,,-8.47966e-009,-0.000441946
,,,-8.07966e-009,-0.000441946
,,,-7.67966e-009,0.000441946
,,,-7.27966e-009,0.000441946
,,,-6.87966e-009,0.000220973
,,,-6.47966e-009,0.000662919
,,,-6.07966e-009,0.000220973
,,,-5.67966e-009,0.00110486
,,,-5.27966e-009,0.000441946
,,,-4.87966e-009,0
,,,-4.47966e-009,0.000220973
,,,-4.07966e-009,0.000883892
,,,-3.67966e-009,0
,,,-3.27966e-009,0.00110486
,,,-2.87966e-009,0.000441946
,,,-2.47966e-009,0
,,,-2.07966e-009,-0.000220973
,,,-1.67966e-009,-0.000220973
,,,-1.27966e-009,0.000441946
,,,-8.79658e-010,0.000441946
,,,-4.79658e-010,-0.000441946
,,,-7.96577e-011,0
,,,3.20342e-010,0.000220973
,,,7.20342e-010,-0.000441946
,,,1.12034e-009,0
,,,1.52034e-009,0.000883892
,,,1.92034e-009,0.000220973
,,,2.32034e-009,0
,,,2.72034e-009,0.000220973
,,,3.12034e-009,-0.000662919
,,,3.52034e-009,0.000883892
,,,3.92034e-009,0.000220973
,,,4.32034e-009,0
,,,4.72034e-009,0.000441946
,,,5.12034e-009,0.000220973
,,,5.52034e-009,-0.000220973
,,,5.92034e-009,0.000441946
,,,6.32034e-009,0.000441946
,,,6.72034e-009,0.000220973
,,,7.12034e-009,-0.000662919
,,,7.52034e-009,-0.000883892
,,,7.92034e-009,0.000441946
,,,8.32034e-009,0
,,,8.72034e-009,0.000662919
,,,9.12034e-009,0.000662919
,,,9.52034e-009,0.000441946
,,,9.92034e-009,0
,,,1.03203e-008,0
,,,1.07203e-008,-0.000441946
,,,1.11203e-008,0.000220973
,,,1.15203e-008,0.000220973
,,,1.19203e-008,0.000441946
,,,1.23203e-008,0.000441946
,,,1.27203e-008,0.000441946
,,,1.31203e-008,0
,,,1.35203e-008,0.000441946
,,,1.39203e-008,0
,,,1.43203e-008,-0.000441946
,,,1.47203e-008,-0.000220973
,,,1.51203e-008,0.000441946
,,,1.55203e-008,0.000220973
,,,1.59203e-008,-0.000220973
,,,1.63203e-008,0.00110486
,,,1.67203e-008,0.000662919
,,,1.71203e-008,0.000220973
,,,1.75203e-008,-0.000220973
,,,1.79203e-008,0
,,,1.83203e-008,0.000662919
,,,1.87203e-008,0
,,,1.91203e-008,0
,,,1.95203e-008,0.000220973
,,,1.99203e-008,0
,,,2.03203e-008,0.000220973
,,,2.07203e-008,0.000441946
,,,2.11203e-008,0.000220973
,,,2.15203e-008,-0.000441946
,,,2.19203e-008,0.000441946
,,,2.23203e-008,0.000441946
,,,2.27203e-008,0
,,,2.31203e-008,-0.000220973
,,,2.35203e-008,0
,,,2.39203e-008,0.000662919
,,,2.43203e-008,0.000220973
,,,2.47203e-008,0
,,,2.51203e-008,-0.000220973
,,,2.55203e-008,0.000441946
,,,2.59203e-008,-0.000441946
,,,2.63203e-008,0
,,,2.67203e-008,0.000662919
,,,2.71203e-008,0.000441946
,,,2.75203e-008,0.000441946
,,,2.79203e-008,0.000883892
,,,2.83203e-008,0.000220973
,,,2.87203e-008,0.000220973
,,,2.91203e-008,0.000220973
,,,2.95203e-008,0.000220973
,,,2.99203e-008,0
,,,3.03203e-008,0
,,,3.07203e-008,0.000441946
,,,3.11203e-008,0
,,,3.15203e-008,-0.000441946
,,,3.19203e-008,0
,,,3.23203e-008,0.000441946
,,,3.27203e-008,0
,,,3.31203e-008,0.000220973
,,,3.35203e-008,0
,,,3.39203e-008,0.000441946
,,,3.43203e-008,0.000220973
,,,3.47203e-008,0.000220973
,,,3.51203e-008,0.000220973
,,,3.55203e-008,0.000441946
,,,3.59203e-008,0
,,,3.63203e-008,-0.000220973
,,,3.67203e-008,0.000662919
,,,3.71203e-008,0
,,,3.75203e-008,0.000441946
,,,3.79203e-008,0
,,,3.83203e-008,0
,,,3.87203e-008,-0.000220973
,,,3.91203e-008,-0.000662919
,,,3.95203e-008,-0.000441946
,,,3.99203e-008,0.000220973
,,,4.03203e-008,0.000441946
,,,4.07203e-008,0.000883892
,,,4.11203e-008,0.000441946
,,,4.15203e-008,0.000883892
,,,4.19203e-008,-0.000441946
,,,4.23203e-008,0
,,,4.27203e-008,0.000220973
,,,4.31203e-008,0.000662919
,,,4.35203e-008,0.000441946
,,,4.39203e-008,0.000883892
,,,4.43203e-008,0
,,,4.47203e-008,0.000220973
,,,4.51203e-008,-0.000220973
,,,4.55203e-008,0.000220973
,,,4.59203e-008,0.000662919
,,,4.63203e-008,0
,,,4.67203e-008,0.000220973
,,,4.71203e-008,0.000662919
,,,4.75203e-008,0.000883892
,,,4.79203e-008,-0.000441946
,,,4.83203e-008,-0.000220973
,,,4.87203e-008,0.000441946
,,,4.91203e-008,0.000662919
,,,4.95203e-008,0.000662919
,,,4.99203e-008,0.000662919
,,,5.03203e-008,0.00110486
,,,5.07203e-008,0.000662919
,,,5.11203e-008,0.000220973
,,,5.15203e-008,0.000220973
,,,5.19203e-008,0
,,,5.23203e-008,-0.000220973
,,,5.27203e-008,0.000220973
,,,5.31203e-008,-0.000220973
,,,5.35203e-008,-0.000220973
,,,5.39203e-008,-0.000220973
,,,5.43203e-008,0.000662919
,,,5.47203e-008,-0.000220973
,,,5.51203e-008,0
,,,5.55203e-008,-0.000220973
,,,5.59203e-008,0
,,,5.63203e-008,-0.000883892
,,,5.67203e-008,0.000441946
,,,5.71203e-008,0.000220973
,,,5.75203e-008,0
,,,5.79203e-008,0.000220973
,,,5.83203e-008,0.000883892
,,,5.87203e-008,0
,,,5.91203e-008,0.000220973
,,,5.95203e-008,0
,,,5.99203e-008,0.000441946
,,,6.03203e-008,0
,,,6.07203e-008,-0.000441946
,,,6.11203e-008,0.000441946
,,,6.15203e-008,0.000662919
,,,6.19203e-008,-0.000220973
,,,6.23203e-008,0
,,,6.27203e-008,0.000883892
,,,6.31203e-008,0
,,,6.35203e-008,-0.000662919
,,,6.39203e-008,0.000662919
,,,6.43203e-008,0.000220973
,,,6.47203e-008,0.000441946
,,,6.51203e-008,0.000441946
,,,6.55203e-008,0
,,,6.59203e-008,-0.000220973
,,,6.63203e-008,0.000662919
,,,6.67203e-008,0.000441946
,,,6.71203e-008,0.000220973
,,,6.75203e-008,0.000441946
,,,6.79203e-008,0.000441946
,,,6.83203e-008,0.000441946
,,,6.87203e-008,0.000441946
,,,6.91203e-008,-0.000220973
,,,6.95203e-008,0.000441946
,,,6.99203e-008,0.00110486
,,,7.03203e-008,0.000441946
,,,7.07203e-008,-0.000662919
,,,7.11203e-008,0
,,,7.15203e-008,-0.000441946
,,,7.19203e-008,-0.000220973
,,,7.23203e-008,0.000220973
,,,7.27203e-008,0.000441946
,,,7.31203e-008,0.000441946
,,,7.35203e-008,0
,,,7.39203e-008,0.000883892
,,,7.43203e-008,0.000883892
,,,7.47203e-008,0.000662919
,,,7.51203e-008,0.000662919
,,,7.55203e-008,0
,,,7.59203e-008,0.000220973
,,,7.63203e-008,0
,,,7.67203e-008,0.000441946
,,,7.71203e-008,0.000441946
,,,7.75203e-008,0.000441946
,,,7.79203e-008,-0.000220973
,,,7.83203e-008,0
,,,7.87203e-008,0.000220973
,,,7.91203e-008,0.000220973
,,,7.95203e-008,0
,,,7.99203e-008,0.000441946
,,,8.03203e-008,0.000441946
,,,8.07203e-008,0.000883892
,,,8.11203e-008,0.000662919
,,,8.15203e-008,0.000220973
,,,8.19203e-008,0.000220973
,,,8.23203e-008,0
,,,8.27203e-008,0.000220973
,,,8.31203e-008,0.000883892
,,,8.35203e-008,0.000441946
,,,8.39203e-008,0.000220973
,,,8.43203e-008,0.000662919
,,,8.47203e-008,-0.000441946
,,,8.51203e-008,0
,,,8.55203e-008,-0.000441946
,,,8.59203e-008,0.000441946
,,,8.63203e-008,0.000441946
,,,8.67203e-008,0.00110486
,,,8.71203e-008,0.000220973
,,,8.75203e-008,0.000220973
,,,8.79203e-008,0.000220973
,,,8.83203e-008,0
,,,8.87203e-008,0.000220973
,,,8.91203e-008,0.000220973
,,,8.95203e-008,0
,,,8.99203e-008,0.000220973
,,,9.03203e-008,0.00110486
,,,9.07203e-008,0.000220973
,,,9.11203e-008,-0.000662919
,,,9.15203e-008,0.000662919
,,,9.19203e-008,0.000441946
,,,9.23203e-008,0.000441946
,,,9.27203e-008,0.000441946
,,,9.31203e-008,0.000883892
,,,9.35203e-008,0.00176778
,,,9.39203e-008,0.00110486
,,,9.43203e-008,0.00132584
,,,9.47203e-008,0.00154681
,,,9.51203e-008,0.00287265
,,,9.55203e-008,0.00331459
,,,9.59203e-008,0.00441946
,,,9.63203e-008,0.00618724
,,,9.67203e-008,0.00729211
,,,9.71203e-008,0.008176
,,,9.75203e-008,0.00928087
,,,9.79203e-008,0.0106067
,,,9.83203e-008,0.0114906
,,,9.87203e-008,0.0117116
,,,9.91203e-008,0.0130374
,,,9.95203e-008,0.0143632
,,,9.99203e-008,0.0150262
,,,1.0032e-007,0.0154681
,,,1.0072e-007,0.0154681
,,,1.0112e-007,0.0154681
,,,1.0152e-007,0.016131
,,,1.0192e-007,0.016573
,,,1.0232e-007,0.016573
,,,1.0272e-007,0.0170149
,,,1.0312e-007,0.0170149
,,,1.0352e-007,0.0170149
,,,1.0392e-007,0.0176778
,,,1.0432e-007,0.0176778
,,,1.0472e-007,0.0167939
,,,1.0512e-007,0.0172359
,,,1.0552e-007,0.0183408
,,,1.0592e-007,0.0181198
,,,1.0632e-007,0.0176778
,,,1.0672e-007,0.0172359
,,,1.0712e-007,0.0170149
,,,1.0752e-007,0.0178988
,,,1.0792e-007,0.0185617
,,,1.0832e-007,0.0174569
,,,1.0872e-007,0.0178988
,,,1.0912e-007,0.0172359
,,,1.0952e-007,0.0178988
,,,1.0992e-007,0.0174569
,,,1.1032e-007,0.0172359
,,,1.1072e-007,0.0172359
,,,1.1112e-007,0.0176778
,,,1.1152e-007,0.0178988
,,,1.1192e-007,0.0178988
,,,1.1232e-007,0.0176778
,,,1.1272e-007,0.0181198
,,,1.1312e-007,0.0183408
,,,1.1352e-007,0.0181198
,,,1.1392e-007,0.0181198
,,,1.1432e-007,0.0183408
,,,1.1472e-007,0.0178988
,,,1.1512e-007,0.0183408
,,,1.1552e-007,0.0187827
,,,1.1592e-007,0.0178988
,,,1.1632e-007,0.0172359
,,,1.1672e-007,0.0170149
,,,1.1712e-007,0.0178988
,,,1.1752e-007,0.0181198
,,,1.1792e-007,0.0178988
,,,1.1832e-007,0.0174569
,,,1.1872e-007,0.0176778
,,,1.1912e-007,0.0172359
,,,1.1952e-007,0.0172359
,,,1.1992e-007,0.0172359
,,,1.2032e-007,0.0178988
,,,1.2072e-007,0.0187827
,,,1.2112e-007,0.0190037
,,,1.2152e-007,0.0190037
,,,1.2192e-007,0.0183408
,,,1.2232e-007,0.0190037
,,,1.2272e-007,0.0194456
,,,1.2312e-007,0.0185617
,,,1.2352e-007,0.0196666
,,,1.2392e-007,0.0203295
,,,1.2432e-007,0.0203295
,,,1.2472e-007,0.0212134
,,,1.2512e-007,0.0207715
,,,1.2552e-007,0.0207715
,,,1.2592e-007,0.0212134
,,,1.2632e-007,0.0205505
,,,1.2672e-007,0.0207715
,,,1.2712e-007,0.0218763
,,,1.2752e-007,0.0201085
,,,1.2792e-007,0.0203295
,,,1.2832e-007,0.0201085
,,,1.2872e-007,0.0201085
,,,1.2912e-007,0.0194456
,,,1.2952e-007,0.0194456
,,,1.2992e-007,0.0190037
,,,1.3032e-007,0.0192246
,,,1.3072e-007,0.0185617
,,,1.3112e-007,0.0183408
,,,1.3152e-007,0.0181198
,,,1.3192e-007,0.0185617
,,,1.3232e-007,0.0174569
,,,1.3272e-007,0.0176778
,,,1.3312e-007,0.0176778
,,,1.3352e-007,0.0167939
,,,1.3392e-007,0.0172359
,,,1.3432e-007,0.016573
,,,1.3472e-007,0.0167939
,,,1.3512e-007,0.016352
,,,1.3552e-007,0.016573
,,,1.3592e-007,0.0167939
,,,1.3632e-007,0.016352
,,,1.3672e-007,0.0174569
,,,1.3712e-007,0.016573
,,,1.3752e-007,0.016131
,,,1.3792e-007,0.0156891
,,,1.3832e-007,0.0167939
,,,1.3872e-007,0.016131
,,,1.3912e-007,0.016573
,,,1.3952e-007,0.016352
,,,1.3992e-007,0.0159101
,,,1.4032e-007,0.0156891
,,,1.4072e-007,0.0154681
,,,1.4112e-007,0.0152471
,,,1.4152e-007,0.0150262
,,,1.4192e-007,0.016131
,,,1.4232e-007,0.0154681
,,,1.4272e-007,0.0154681
,,,1.4312e-007,0.0152471
,,,1.4352e-007,0.0152471
,,,1.4392e-007,0.0154681
,,,1.4432e-007,0.0152471
,,,1.4472e-007,0.0148052
,,,1.4512e-007,0.0150262
,,,1.4552e-007,0.0154681
,,,1.4592e-007,0.0152471
,,,1.4632e-007,0.0150262
,,,1.4672e-007,0.0145842
,,,1.4712e-007,0.0145842
,,,1.4752e-007,0.0148052
,,,1.4792e-007,0.0145842
,,,1.4832e-007,0.0150262
,,,1.4872e-007,0.0152471
,,,1.4912e-007,0.0145842
,,,1.4952e-007,0.0139213
,,,1.4992e-007,0.0143632
,,,1.5032e-007,0.0150262
,,,1.5072e-007,0.0145842
,,,1.5112e-007,0.0145842
,,,1.5152e-007,0.0145842
,,,1.5192e-007,0.0143632
,,,1.5232e-007,0.0148052
,,,1.5272e-007,0.0152471
,,,1.5312e-007,0.0141423
,,,1.5352e-007,0.0143632
,,,1.5392e-007,0.0141423
,,,1.5432e-007,0.0139213
,,,1.5472e-007,0.0125955
,,,1.5512e-007,0.0134794
,,,1.5552e-007,0.0132584
,,,1.5592e-007,0.0132584
,,,1.5632e-007,0.0123745
,,,1.5672e-007,0.0121535
,,,1.5712e-007,0.0117116
,,,1.5752e-007,0.0123745
,,,1.5792e-007,0.0123745
,,,1.5832e-007,0.0117116
,,,1.5872e-007,0.0121535
,,,1.5912e-007,0.0125955
,,,1.5952e-007,0.0121535
,,,1.5992e-007,0.0121535
,,,1.6032e-007,0.0128164
,,,1.6072e-007,0.0125955
,,,1.6112e-007,0.0130374
,,,1.6152e-007,0.0123745
,,,1.6192e-007,0.0132584
,,,1.6232e-007,0.0125955
,,,1.6272e-007,0.0123745
,,,1.6312e-007,0.0114906
,,,1.6352e-007,0.0128164
,,,1.6392e-007,0.0132584
,,,1.6432e-007,0.0125955
,,,1.6472e-007,0.0119325
,,,1.6512e-007,0.0123745
,,,1.6552e-007,0.0121535
,,,1.6592e-007,0.0128164
,,,1.6632e-007,0.0128164
,,,1.6672e-007,0.0117116
,,,1.6712e-007,0.0119325
,,,1.6752e-007,0.0125955
,,,1.6792e-007,0.0123745
,,,1.6832e-007,0.0119325
,,,1.6872e-007,0.0121535
,,,1.6912e-007,0.0121535
,,,1.6952e-007,0.0125955
,,,1.6992e-007,0.0114906
,,,1.7032e-007,0.0128164
,,,1.7072e-007,0.0123745
,,,1.7112e-007,0.0117116
,,,1.7152e-007,0.0121535
,,,1.7192e-007,0.0132584
,,,1.7232e-007,0.0130374
,,,1.7272e-007,0.0123745
,,,1.7312e-007,0.0121535
,,,1.7352e-007,0.0128164
,,,1.7392e-007,0.0128164
,,,1.7432e-007,0.0123745
,,,1.7472e-007,0.0117116
,,,1.7512e-007,0.0123745
,,,1.7552e-007,0.0123745
,,,1.7592e-007,0.0123745
,,,1.7632e-007,0.0123745
,,,1.7672e-007,0.0128164
,,,1.7712e-007,0.0123745
,,,1.7752e-007,0.0119325
,,,1.7792e-007,0.0125955
,,,1.7832e-007,0.0130374
,,,1.7872e-007,0.0130374
,,,1.7912e-007,0.0125955
,,,1.7952e-007,0.0130374
,,,1.7992e-007,0.0134794
,,,1.8032e-007,0.0130374
,,,1.8072e-007,0.0125955
,,,1.8112e-007,0.0130374
,,,1.8152e-007,0.0125955
,,,1.8192e-007,0.0130374
,,,1.8232e-007,0.0119325
,,,1.8272e-007,0.0123745
,,,1.8312e-007,0.0119325
,,,1.8352e-007,0.0117116
,,,1.8392e-007,0.0128164
,,,1.8432e-007,0.0121535
,,,1.8472e-007,0.0123745
,,,1.8512e-007,0.0123745
,,,1.8552e-007,0.0128164
,,,1.8592e-007,0.0128164
,,,1.8632e-007,0.0130374
,,,1.8672e-007,0.0134794
,,,1.8712e-007,0.0128164
,,,1.8752e-007,0.0125955
,,,1.8792e-007,0.0130374
,,,1.8832e-007,0.0132584
,,,1.8872e-007,0.0134794
,,,1.8912e-007,0.0132584
,,,1.8952e-007,0.0128164
,,,1.8992e-007,0.0130374
,,,1.9032e-007,0.0134794
,,,1.9072e-007,0.0123745
,,,1.9112e-007,0.0128164
,,,1.9152e-007,0.0134794
,,,1.9192e-007,0.0137003
,,,1.9232e-007,0.0137003
,,,1.9272e-007,0.0134794
,,,1.9312e-007,0.0139213
,,,1.9352e-007,0.0132584
,,,1.9392e-007,0.0141423
,,,1.9432e-007,0.0139213
,,,1.9472e-007,0.0132584
,,,1.9512e-007,0.0139213
,,,1.9552e-007,0.0139213
,,,1.9592e-007,0.0130374
,,,1.9632e-007,0.0137003
,,,1.9672e-007,0.0134794
,,,1.9712e-007,0.0130374
,,,1.9752e-007,0.0125955
,,,1.9792e-007,0.0132584
,,,1.9832e-007,0.0130374
,,,1.9872e-007,0.0128164
,,,1.9912e-007,0.0125955
,,,1.9952e-007,0.0128164
,,,1.9992e-007,0.0130374
,,,2.0032e-007,0.0134794
,,,2.0072e-007,0.0130374
,,,2.0112e-007,0.0128164
,,,2.0152e-007,0.0134794
,,,2.0192e-007,0.0125955
,,,2.0232e-007,0.0117116
,,,2.0272e-007,0.0119325
,,,2.0312e-007,0.0121535
,,,2.0352e-007,0.0123745
,,,2.0392e-007,0.0121535
,,,2.0432e-007,0.0123745
,,,2.0472e-007,0.0121535
,,,2.0512e-007,0.0110486
,,,2.0552e-007,0.0112696
,,,2.0592e-007,0.0103857
,,,2.0632e-007,0.0103857
,,,2.0672e-007,0.0110486
,,,2.0712e-007,0.0103857
,,,2.0752e-007,0.00950184
,,,2.0792e-007,0.00972281
,,,2.0832e-007,0.00994378
,,,2.0872e-007,0.00905989
,,,2.0912e-007,0.00950184
,,,2.0952e-007,0.008176
,,,2.0992e-007,0.00861795
,,,2.1032e-007,0.00839697
,,,2.1072e-007,0.008176
,,,2.1112e-007,0.00685016
,,,2.1152e-007,0.00773405
,,,2.1192e-007,0.00707114
,,,2.1232e-007,0.00707114
,,,2.1272e-007,0.0057453
,,,2.1312e-007,0.00596627
,,,2.1352e-007,0.00508238
,,,2.1392e-007,0.00530335
,,,2.1432e-007,0.00419849
,,,2.1472e-007,0.00486141
,,,2.1512e-007,0.00419849
,,,2.1552e-007,0.00331459
,,,2.1592e-007,0.00375654
,,,2.1632e-007,0.00375654
,,,2.1672e-007,0.00353557
,,,2.1712e-007,0.00309362
,,,2.1752e-007,0.00287265
,,,2.1792e-007,0.00309362
,,,2.1832e-007,0.00331459
,,,2.1872e-007,0.00353557
,,,2.1912e-007,0.0024307
,,,2.1952e-007,0.00198876
,,,2.1992e-007,0.0024307
,,,2.2032e-007,0.00220973
,,,2.2072e-007,0.00265168
,,,2.2112e-007,0.0024307
,,,2.2152e-007,0.00132584
,,,2.2192e-007,0.00176778
,,,2.2232e-007,0.00198876
,,,2.2272e-007,0.00176778
,,,2.2312e-007,0.00154681
,,,2.2352e-007,0.00198876
,,,2.2392e-007,0.00154681
,,,2.2432e-007,0.000883892
,,,2.2472e-007,0.00132584
,,,2.2512e-007,0.000662919
,,,2.2552e-007,0.00132584
,,,2.2592e-007,0.00132584
,,,2.2632e-007,0.00132584
,,,2.2672e-007,0.000662919
,,,2.2712e-007,0.00110486
,,,2.2752e-007,0.00176778
,,,2.2792e-007,0.00132584
,,,2.2832e-007,0.00110486
,,,2.2872e-007,0.000662919
,,,2.2912e-007,0.000220973
,,,2.2952e-007,0.000662919
,,,2.2992e-007,0
,,,2.3032e-007,0.000441946
,,,2.3072e-007,0.000662919
,,,2.3112e-007,0.000883892
,,,2.3152e-007,0.000441946
,,,2.3192e-007,0.00110486
,,,2.3232e-007,0.000441946
,,,2.3272e-007,0
,,,2.3312e-007,0.000441946
,,,2.3352e-007,0.000441946
,,,2.3392e-007,0.000220973
,,,2.3432e-007,0.000662919
,,,2.3472e-007,0.000220973
,,,2.3512e-007,0.000662919
,,,2.3552e-007,0.000883892
,,,2.3592e-007,0.000220973
,,,2.3632e-007,0.000220973
,,,2.3672e-007,0.000662919
,,,2.3712e-007,0.000441946
,,,2.3752e-007,-0.000662919
,,,2.3792e-007,-0.000441946
,,,2.3832e-007,-0.000441946
,,,2.3872e-007,0
,,,2.3912e-007,-0.000220973
,,,2.3952e-007,0
,,,2.3992e-007,-0.000441946
,,,2.4032e-007,-0.000662919
,,,2.4072e-007,-0.00110486
,,,2.4112e-007,-0.000220973
,,,2.4152e-007,0.000441946
,,,2.4192e-007,-0.000220973
,,,2.4232e-007,-0.000662919
,,,2.4272e-007,0.000220973
,,,2.4312e-007,-0.000220973
,,,2.4352e-007,0.000883892
,,,2.4392e-007,0.000883892
,,,2.4432e-007,0.000441946
,,,2.4472e-007,0.000220973
,,,2.4512e-007,-0.000220973
,,,2.4552e-007,-0.000220973
,,,2.4592e-007,0
,,,2.4632e-007,-0.000220973
,,,2.4672e-007,-0.000883892
,,,2.4712e-007,0
,,,2.4752e-007,0
,,,2.4792e-007,0
,,,2.4832e-007,0
,,,2.4872e-007,0.000441946
,,,2.4912e-007,0.000220973
,,,2.4952e-007,0.000220973
,,,2.4992e-007,0.000220973
,,,2.5032e-007,0.000662919
