"Record Length",1252,"Points",-2.50021e-007,-0.000662919
"Sample Interval",4e-010,s,-2.49621e-007,0.000662919
"Trigger Point",625,"Samples",-2.49221e-007,0.000441946
"Trigger Time",0.053085,s,-2.48821e-007,0.000220973
,,,-2.48421e-007,0.000220973
"Horizontal Offset",-2.50021e-007,s,-2.48021e-007,0.000220973
,,,-2.47621e-007,0.000220973
,,,-2.47221e-007,0.000220973
,,,-2.46821e-007,0.000220973
,,,-2.46421e-007,-0.000220973
,,,-2.46021e-007,-0.000220973
,,,-2.45621e-007,0
,,,-2.45221e-007,0.00154681
,,,-2.44821e-007,0.000441946
,,,-2.44421e-007,0
,,,-2.44021e-007,0
,,,-2.43621e-007,0
,,,-2.43221e-007,0.000441946
,,,-2.42821e-007,0.000220973
,,,-2.42421e-007,0.000220973
,,,-2.42021e-007,-0.000220973
,,,-2.41621e-007,0
,,,-2.41221e-007,0
,,,-2.40821e-007,0
,,,-2.40421e-007,0.00110486
,,,-2.40021e-007,0.000883892
,,,-2.39621e-007,0.000441946
,,,-2.39221e-007,0
,,,-2.38821e-007,0.000220973
,,,-2.38421e-007,-0.000220973
,,,-2.38021e-007,0.000220973
,,,-2.37621e-007,0
,,,-2.37221e-007,0.000441946
,,,-2.36821e-007,-0.000220973
,,,-2.36421e-007,-0.000220973
,,,-2.36021e-007,0.000441946
,,,-2.35621e-007,0
,,,-2.35221e-007,0.000441946
,,,-2.34821e-007,0.000662919
,,,-2.34421e-007,0.000220973
,,,-2.34021e-007,0.000441946
,,,-2.33621e-007,0.000662919
,,,-2.33221e-007,0.000662919
,,,-2.32821e-007,-0.000220973
,,,-2.32421e-007,0.000220973
,,,-2.32021e-007,0.000441946
,,,-2.31621e-007,0.000220973
,,,-2.31221e-007,0.000441946
,,,-2.30821e-007,-0.000220973
,,,-2.30421e-007,0
,,,-2.30021e-007,-0.000441946
,,,-2.29621e-007,0
,,,-2.29221e-007,-0.000220973
,,,-2.28821e-007,0.000662919
,,,-2.28421e-007,-0.000220973
,,,-2.28021e-007,0.000220973
,,,-2.27621e-007,0.000662919
,,,-2.27221e-007,0.000220973
,,,-2.26821e-007,0
,,,-2.26421e-007,0.000220973
,,,-2.26021e-007,0
,,,-2.25621e-007,0
,,,-2.25221e-007,0.000662919
,,,-2.24821e-007,0.000441946
,,,-2.24421e-007,0
,,,-2.24021e-007,0.000220973
,,,-2.23621e-007,-0.000220973
,,,-2.23221e-007,0.000441946
,,,-2.22821e-007,0.000883892
,,,-2.22421e-007,0
,,,-2.22021e-007,0
,,,-2.21621e-007,0.000220973
,,,-2.21221e-007,0.000220973
,,,-2.20821e-007,0.000441946
,,,-2.20421e-007,0.000441946
,,,-2.20021e-007,0.000220973
,,,-2.19621e-007,0
,,,-2.19221e-007,0.000441946
,,,-2.18821e-007,0
,,,-2.18421e-007,0
,,,-2.18021e-007,0.000441946
,,,-2.17621e-007,0
,,,-2.17221e-007,0
,,,-2.16821e-007,-0.000441946
,,,-2.16421e-007,0.000220973
,,,-2.16021e-007,0.000662919
,,,-2.15621e-007,-0.000220973
,,,-2.15221e-007,0.000220973
,,,-2.14821e-007,0
,,,-2.14421e-007,0
,,,-2.14021e-007,-0.000220973
,,,-2.13621e-007,-0.000220973
,,,-2.13221e-007,0.000441946
,,,-2.12821e-007,0
,,,-2.12421e-007,0
,,,-2.12021e-007,0.000220973
,,,-2.11621e-007,-0.000662919
,,,-2.11221e-007,0.000441946
,,,-2.10821e-007,0.000883892
,,,-2.10421e-007,0
,,,-2.10021e-007,0
,,,-2.09621e-007,0.000220973
,,,-2.09221e-007,-0.000220973
,,,-2.08821e-007,0.000220973
,,,-2.08421e-007,0.000220973
,,,-2.08021e-007,0.000220973
,,,-2.07621e-007,0.000220973
,,,-2.07221e-007,0.00110486
,,,-2.06821e-007,-0.000220973
,,,-2.06421e-007,0.000220973
,,,-2.06021e-007,0.000662919
,,,-2.05621e-007,0
,,,-2.05221e-007,0.000662919
,,,-2.04821e-007,-0.000441946
,,,-2.04421e-007,0
,,,-2.04021e-007,0
,,,-2.03621e-007,0.000662919
,,,-2.03221e-007,0.000220973
,,,-2.02821e-007,0.000220973
,,,-2.02421e-007,0
,,,-2.02021e-007,-0.000220973
,,,-2.01621e-007,0
,,,-2.01221e-007,0.000220973
,,,-2.00821e-007,0.000220973
,,,-2.00421e-007,0.000220973
,,,-2.00021e-007,0.000220973
,,,-1.99621e-007,0.000220973
,,,-1.99221e-007,0.000220973
,,,-1.98821e-007,0
,,,-1.98421e-007,0
,,,-1.98021e-007,-0.000662919
,,,-1.97621e-007,-0.000220973
,,,-1.97221e-007,0.000441946
,,,-1.96821e-007,0.000220973
,,,-1.96421e-007,0.00110486
,,,-1.96021e-007,0.000441946
,,,-1.95621e-007,-0.000662919
,,,-1.95221e-007,0
,,,-1.94821e-007,-0.000220973
,,,-1.94421e-007,0.000220973
,,,-1.94021e-007,0.000883892
,,,-1.93621e-007,0.000441946
,,,-1.93221e-007,-0.000441946
,,,-1.92821e-007,-0.000441946
,,,-1.92421e-007,0.000441946
,,,-1.92021e-007,-0.000220973
,,,-1.91621e-007,0.000220973
,,,-1.91221e-007,0.000441946
,,,-1.90821e-007,-0.000441946
,,,-1.90421e-007,0.00110486
,,,-1.90021e-007,-0.000220973
,,,-1.89621e-007,0
,,,-1.89221e-007,0.000220973
,,,-1.88821e-007,0.00110486
,,,-1.88421e-007,0.000220973
,,,-1.88021e-007,0
,,,-1.87621e-007,0.000220973
,,,-1.87221e-007,0.000662919
,,,-1.86821e-007,0.000220973
,,,-1.86421e-007,0.000220973
,,,-1.86021e-007,0.000220973
,,,-1.85621e-007,0.000220973
,,,-1.85221e-007,-0.000441946
,,,-1.84821e-007,-0.000662919
,,,-1.84421e-007,0.000662919
,,,-1.84021e-007,0.000220973
,,,-1.83621e-007,0.000220973
,,,-1.83221e-007,0.000883892
,,,-1.82821e-007,0.000220973
,,,-1.82421e-007,0.000220973
,,,-1.82021e-007,-0.000220973
,,,-1.81621e-007,-0.000441946
,,,-1.81221e-007,-0.000441946
,,,-1.80821e-007,0.000662919
,,,-1.80421e-007,0.000220973
,,,-1.80021e-007,0.000662919
,,,-1.79621e-007,0
,,,-1.79221e-007,0
,,,-1.78821e-007,0.00110486
,,,-1.78421e-007,0.00110486
,,,-1.78021e-007,0.000220973
,,,-1.77621e-007,0.000883892
,,,-1.77221e-007,0.000662919
,,,-1.76821e-007,0
,,,-1.76421e-007,0
,,,-1.76021e-007,0.000220973
,,,-1.75621e-007,0
,,,-1.75221e-007,-0.000662919
,,,-1.74821e-007,-0.000441946
,,,-1.74421e-007,0.000220973
,,,-1.74021e-007,0
,,,-1.73621e-007,0
,,,-1.73221e-007,0
,,,-1.72821e-007,0.000441946
,,,-1.72421e-007,0.000662919
,,,-1.72021e-007,0.000220973
,,,-1.71621e-007,0.000441946
,,,-1.71221e-007,0.000662919
,,,-1.70821e-007,0.000441946
,,,-1.70421e-007,0.000220973
,,,-1.70021e-007,-0.000220973
,,,-1.69621e-007,0.000220973
,,,-1.69221e-007,0.000441946
,,,-1.68821e-007,-0.000662919
,,,-1.68421e-007,-0.000220973
,,,-1.68021e-007,0.000220973
,,,-1.67621e-007,0.000662919
,,,-1.67221e-007,0
,,,-1.66821e-007,0
,,,-1.66421e-007,0.000883892
,,,-1.66021e-007,-0.000220973
,,,-1.65621e-007,0
,,,-1.65221e-007,0.000220973
,,,-1.64821e-007,0.000220973
,,,-1.64421e-007,0
,,,-1.64021e-007,0.000220973
,,,-1.63621e-007,0.000662919
,,,-1.63221e-007,0.000220973
,,,-1.62821e-007,-0.000441946
,,,-1.62421e-007,-0.000220973
,,,-1.62021e-007,0.000220973
,,,-1.61621e-007,0.00132584
,,,-1.61221e-007,0
,,,-1.60821e-007,-0.000220973
,,,-1.60421e-007,0.000441946
,,,-1.60021e-007,0.000220973
,,,-1.59621e-007,0.000220973
,,,-1.59221e-007,0.000662919
,,,-1.58821e-007,0.000220973
,,,-1.58421e-007,0.000441946
,,,-1.58021e-007,0.000441946
,,,-1.57621e-007,-0.000220973
,,,-1.57221e-007,-0.000220973
,,,-1.56821e-007,0.000220973
,,,-1.56421e-007,0
,,,-1.56021e-007,0.000441946
,,,-1.55621e-007,0.000220973
,,,-1.55221e-007,0.000220973
,,,-1.54821e-007,0.000441946
,,,-1.54421e-007,0.000441946
,,,-1.54021e-007,-0.000220973
,,,-1.53621e-007,0.000883892
,,,-1.53221e-007,0.00110486
,,,-1.52821e-007,0
,,,-1.52421e-007,0
,,,-1.52021e-007,0.000441946
,,,-1.51621e-007,0.000220973
,,,-1.51221e-007,0.000441946
,,,-1.50821e-007,-0.000441946
,,,-1.50421e-007,-0.000220973
,,,-1.50021e-007,0.000220973
,,,-1.49621e-007,-0.000662919
,,,-1.49221e-007,0.000220973
,,,-1.48821e-007,0.000662919
,,,-1.48421e-007,0.000441946
,,,-1.48021e-007,0
,,,-1.47621e-007,0
,,,-1.47221e-007,0.000662919
,,,-1.46821e-007,0.000441946
,,,-1.46421e-007,0
,,,-1.46021e-007,-0.000220973
,,,-1.45621e-007,0.000441946
,,,-1.45221e-007,0.000662919
,,,-1.44821e-007,0.000441946
,,,-1.44421e-007,0.000220973
,,,-1.44021e-007,0.000662919
,,,-1.43621e-007,0.000662919
,,,-1.43221e-007,0.000441946
,,,-1.42821e-007,0.000220973
,,,-1.42421e-007,0
,,,-1.42021e-007,0
,,,-1.41621e-007,-0.000441946
,,,-1.41221e-007,-0.000220973
,,,-1.40821e-007,0.000441946
,,,-1.40421e-007,0.000441946
,,,-1.40021e-007,0
,,,-1.39621e-007,0.000220973
,,,-1.39221e-007,0.000662919
,,,-1.38821e-007,0.000662919
,,,-1.38421e-007,0
,,,-1.38021e-007,0
,,,-1.37621e-007,0.00110486
,,,-1.37221e-007,0.000441946
,,,-1.36821e-007,0.000441946
,,,-1.36421e-007,0.000441946
,,,-1.36021e-007,0.000662919
,,,-1.35621e-007,0.000220973
,,,-1.35221e-007,0.000662919
,,,-1.34821e-007,0.000441946
,,,-1.34421e-007,0.000220973
,,,-1.34021e-007,0.000662919
,,,-1.33621e-007,0.000662919
,,,-1.33221e-007,0.000662919
,,,-1.32821e-007,0.000662919
,,,-1.32421e-007,0
,,,-1.32021e-007,0.000220973
,,,-1.31621e-007,0.000883892
,,,-1.31221e-007,-0.000662919
,,,-1.30821e-007,-0.000441946
,,,-1.30421e-007,0.000220973
,,,-1.30021e-007,0.000220973
,,,-1.29621e-007,0.000662919
,,,-1.29221e-007,0
,,,-1.28821e-007,0.000662919
,,,-1.28421e-007,0.000883892
,,,-1.28021e-007,0.000883892
,,,-1.27621e-007,0.000220973
,,,-1.27221e-007,0.000662919
,,,-1.26821e-007,0
,,,-1.26421e-007,0.000662919
,,,-1.26021e-007,0
,,,-1.25621e-007,0.000220973
,,,-1.25221e-007,-0.000441946
,,,-1.24821e-007,-0.000441946
,,,-1.24421e-007,0
,,,-1.24021e-007,0
,,,-1.23621e-007,0
,,,-1.23221e-007,0.000883892
,,,-1.22821e-007,0
,,,-1.22421e-007,0.000441946
,,,-1.22021e-007,-0.000441946
,,,-1.21621e-007,0.000883892
,,,-1.21221e-007,0.000220973
,,,-1.20821e-007,-0.000220973
,,,-1.20421e-007,0.000441946
,,,-1.20021e-007,0.000662919
,,,-1.19621e-007,0.000883892
,,,-1.19221e-007,0
,,,-1.18821e-007,-0.000662919
,,,-1.18421e-007,0
,,,-1.18021e-007,-0.000662919
,,,-1.17621e-007,-0.000220973
,,,-1.17221e-007,0.000662919
,,,-1.16821e-007,0
,,,-1.16421e-007,0.000220973
,,,-1.16021e-007,0.000662919
,,,-1.15621e-007,0.000220973
,,,-1.15221e-007,0.000220973
,,,-1.14821e-007,0.000220973
,,,-1.14421e-007,0
,,,-1.14021e-007,0
,,,-1.13621e-007,0.000220973
,,,-1.13221e-007,-0.000220973
,,,-1.12821e-007,-0.000441946
,,,-1.12421e-007,0.000441946
,,,-1.12021e-007,0
,,,-1.11621e-007,0
,,,-1.11221e-007,0.000441946
,,,-1.10821e-007,0.000220973
,,,-1.10421e-007,0.000220973
,,,-1.10021e-007,0.000220973
,,,-1.09621e-007,0.000441946
,,,-1.09221e-007,0.000441946
,,,-1.08821e-007,0.000441946
,,,-1.08421e-007,0.000220973
,,,-1.08021e-007,0.000662919
,,,-1.07621e-007,0
,,,-1.07221e-007,0.000441946
,,,-1.06821e-007,-0.000220973
,,,-1.06421e-007,0
,,,-1.06021e-007,0
,,,-1.05621e-007,-0.000220973
,,,-1.05221e-007,0.000441946
,,,-1.04821e-007,0.000441946
,,,-1.04421e-007,0
,,,-1.04021e-007,-0.000441946
,,,-1.03621e-007,0
,,,-1.03221e-007,0.000220973
,,,-1.02821e-007,0.000441946
,,,-1.02421e-007,0.000220973
,,,-1.02021e-007,0
,,,-1.01621e-007,0.000883892
,,,-1.01221e-007,0.000441946
,,,-1.00821e-007,-0.000441946
,,,-1.00421e-007,0.000441946
,,,-1.00021e-007,0.000220973
,,,-9.96212e-008,-0.000441946
,,,-9.92212e-008,0.000662919
,,,-9.88212e-008,0
,,,-9.84212e-008,0.000220973
,,,-9.80212e-008,-0.000220973
,,,-9.76212e-008,0.000883892
,,,-9.72212e-008,0.000220973
,,,-9.68212e-008,-0.000441946
,,,-9.64212e-008,0.000220973
,,,-9.60212e-008,0.000220973
,,,-9.56212e-008,-0.000220973
,,,-9.52212e-008,0.000220973
,,,-9.48212e-008,0.000662919
,,,-9.44212e-008,-0.000220973
,,,-9.40212e-008,0
,,,-9.36212e-008,-0.000220973
,,,-9.32212e-008,0.000441946
,,,-9.28212e-008,0
,,,-9.24212e-008,-0.000220973
,,,-9.20212e-008,0.000441946
,,,-9.16212e-008,0
,,,-9.12212e-008,0.000441946
,,,-9.08212e-008,-0.000220973
,,,-9.04212e-008,-0.000220973
,,,-9.00212e-008,0
,,,-8.96212e-008,0.00132584
,,,-8.92212e-008,0.000220973
,,,-8.88212e-008,0.000220973
,,,-8.84212e-008,0
,,,-8.80212e-008,0.000220973
,,,-8.76212e-008,0.000662919
,,,-8.72212e-008,0.000662919
,,,-8.68212e-008,-0.000441946
,,,-8.64212e-008,0.000441946
,,,-8.60212e-008,0.000883892
,,,-8.56212e-008,-0.000220973
,,,-8.52212e-008,-0.000662919
,,,-8.48212e-008,0
,,,-8.44212e-008,-0.000220973
,,,-8.40212e-008,0.000441946
,,,-8.36212e-008,-0.000220973
,,,-8.32212e-008,0.000662919
,,,-8.28212e-008,0.000441946
,,,-8.24212e-008,0.000883892
,,,-8.20212e-008,-0.000441946
,,,-8.16212e-008,0.000662919
,,,-8.12212e-008,0.000220973
,,,-8.08212e-008,0.000441946
,,,-8.04212e-008,0.000220973
,,,-8.00212e-008,0.000662919
,,,-7.96212e-008,0.000220973
,,,-7.92212e-008,0.000220973
,,,-7.88212e-008,0.000883892
,,,-7.84212e-008,-0.000220973
,,,-7.80212e-008,-0.000220973
,,,-7.76212e-008,0.000883892
,,,-7.72212e-008,0
,,,-7.68212e-008,0.000662919
,,,-7.64212e-008,0.000883892
,,,-7.60212e-008,0.000220973
,,,-7.56212e-008,0.000441946
,,,-7.52212e-008,0.000662919
,,,-7.48212e-008,0.000220973
,,,-7.44212e-008,0.000441946
,,,-7.40212e-008,0.000220973
,,,-7.36212e-008,0.000220973
,,,-7.32212e-008,0.000441946
,,,-7.28212e-008,0.000441946
,,,-7.24212e-008,0.000220973
,,,-7.20212e-008,0.000441946
,,,-7.16212e-008,-0.000220973
,,,-7.12212e-008,0.000220973
,,,-7.08212e-008,0.000441946
,,,-7.04212e-008,0.000220973
,,,-7.00212e-008,0.000220973
,,,-6.96212e-008,0
,,,-6.92212e-008,0.000441946
,,,-6.88212e-008,0
,,,-6.84212e-008,-0.000883892
,,,-6.80212e-008,0.000662919
,,,-6.76212e-008,-0.000220973
,,,-6.72212e-008,0.000441946
,,,-6.68212e-008,0.000220973
,,,-6.64212e-008,0
,,,-6.60212e-008,0.000441946
,,,-6.56212e-008,0.000662919
,,,-6.52212e-008,0.000883892
,,,-6.48212e-008,0.000441946
,,,-6.44212e-008,0.000883892
,,,-6.40212e-008,0
,,,-6.36212e-008,-0.000220973
,,,-6.32212e-008,-0.000220973
,,,-6.28212e-008,0.000220973
,,,-6.24212e-008,0
,,,-6.20212e-008,0.000662919
,,,-6.16212e-008,-0.000441946
,,,-6.12212e-008,-0.000220973
,,,-6.08212e-008,0
,,,-6.04212e-008,0
,,,-6.00212e-008,-0.000441946
,,,-5.96212e-008,0.000441946
,,,-5.92212e-008,0.000441946
,,,-5.88212e-008,0.000662919
,,,-5.84212e-008,-0.000220973
,,,-5.80212e-008,-0.000441946
,,,-5.76212e-008,0.000441946
,,,-5.72212e-008,0.000662919
,,,-5.68212e-008,0.000441946
,,,-5.64212e-008,0.000220973
,,,-5.60212e-008,0.000662919
,,,-5.56212e-008,0.000441946
,,,-5.52212e-008,0.000662919
,,,-5.48212e-008,0.000662919
,,,-5.44212e-008,0.000883892
,,,-5.40212e-008,0.000441946
,,,-5.36212e-008,0
,,,-5.32212e-008,-0.000220973
,,,-5.28212e-008,0.000220973
,,,-5.24212e-008,-0.000220973
,,,-5.20212e-008,-0.000220973
,,,-5.16212e-008,0
,,,-5.12212e-008,0.000441946
,,,-5.08212e-008,0.000883892
,,,-5.04212e-008,0.000662919
,,,-5.00212e-008,-0.000220973
,,,-4.96212e-008,0.000662919
,,,-4.92212e-008,0
,,,-4.88212e-008,0.000220973
,,,-4.84212e-008,0.000662919
,,,-4.80212e-008,0
,,,-4.76212e-008,0.00110486
,,,-4.72212e-008,0.000441946
,,,-4.68212e-008,0.000220973
,,,-4.64212e-008,0.000220973
,,,-4.60212e-008,0.000441946
,,,-4.56212e-008,-0.000220973
,,,-4.52212e-008,0.000220973
,,,-4.48212e-008,0.000441946
,,,-4.44212e-008,0.000441946
,,,-4.40212e-008,0.000441946
,,,-4.36212e-008,0.000220973
,,,-4.32212e-008,0.000220973
,,,-4.28212e-008,0.000662919
,,,-4.24212e-008,0.000441946
,,,-4.20212e-008,0.000220973
,,,-4.16212e-008,0.000883892
,,,-4.12212e-008,0.000662919
,,,-4.08212e-008,0.000662919
,,,-4.04212e-008,-0.000220973
,,,-4.00212e-008,0.000220973
,,,-3.96212e-008,0.000220973
,,,-3.92212e-008,0.000220973
,,,-3.88212e-008,0.000662919
,,,-3.84212e-008,0.000220973
,,,-3.80212e-008,0.000220973
,,,-3.76212e-008,0.000441946
,,,-3.72212e-008,0
,,,-3.68212e-008,0
,,,-3.64212e-008,-0.000220973
,,,-3.60212e-008,0
,,,-3.56212e-008,0.000441946
,,,-3.52212e-008,0.000220973
,,,-3.48212e-008,0
,,,-3.44212e-008,0.000220973
,,,-3.40212e-008,-0.000662919
,,,-3.36212e-008,0.000662919
,,,-3.32212e-008,0
,,,-3.28212e-008,-0.000220973
,,,-3.24212e-008,0.000220973
,,,-3.20212e-008,0.000441946
,,,-3.16212e-008,0
,,,-3.12212e-008,0
,,,-3.08212e-008,-0.000662919
,,,-3.04212e-008,0.000441946
,,,-3.00212e-008,0.000220973
,,,-2.96212e-008,0.000662919
,,,-2.92212e-008,0.000220973
,,,-2.88212e-008,0
,,,-2.84212e-008,0.000220973
,,,-2.80212e-008,0.000220973
,,,-2.76212e-008,-0.000220973
,,,-2.72212e-008,0.000662919
,,,-2.68212e-008,0.000662919
,,,-2.64212e-008,0.000441946
,,,-2.60212e-008,-0.000220973
,,,-2.56212e-008,-0.000220973
,,,-2.52212e-008,0
,,,-2.48212e-008,-0.000220973
,,,-2.44212e-008,-0.000220973
,,,-2.40212e-008,0
,,,-2.36212e-008,0.000220973
,,,-2.32212e-008,0.000220973
,,,-2.28212e-008,0.000883892
,,,-2.24212e-008,0.000662919
,,,-2.20212e-008,-0.000220973
,,,-2.16212e-008,-0.000220973
,,,-2.12212e-008,0
,,,-2.08212e-008,0
,,,-2.04212e-008,0.000441946
,,,-2.00212e-008,0.000220973
,,,-1.96212e-008,-0.000220973
,,,-1.92212e-008,0.000220973
,,,-1.88212e-008,0.000441946
,,,-1.84212e-008,0.000220973
,,,-1.80212e-008,-0.000220973
,,,-1.76212e-008,0.000662919
,,,-1.72212e-008,0.000220973
,,,-1.68212e-008,0.000441946
,,,-1.64212e-008,0.000220973
,,,-1.60212e-008,0.000220973
,,,-1.56212e-008,0.000220973
,,,-1.52212e-008,0
,,,-1.48212e-008,0.000662919
,,,-1.44212e-008,0
,,,-1.40212e-008,-0.000220973
,,,-1.36212e-008,0
,,,-1.32212e-008,0.000441946
,,,-1.28212e-008,0.000441946
,,,-1.24212e-008,0.000220973
,,,-1.20212e-008,-0.000441946
,,,-1.16212e-008,0.000220973
,,,-1.12212e-008,0
,,,-1.08212e-008,0
,,,-1.04212e-008,0.000662919
,,,-1.00212e-008,0.000441946
,,,-9.62123e-009,0.000220973
,,,-9.22123e-009,0.000441946
,,,-8.82123e-009,0
,,,-8.42123e-009,0
,,,-8.02123e-009,0.000441946
,,,-7.62123e-009,0
,,,-7.22123e-009,0.000220973
,,,-6.82123e-009,0.000220973
,,,-6.42123e-009,0.000220973
,,,-6.02123e-009,0
,,,-5.62123e-009,0.000662919
,,,-5.22123e-009,0.000220973
,,,-4.82123e-009,0.000220973
,,,-4.42123e-009,0.000441946
,,,-4.02123e-009,-0.000441946
,,,-3.62123e-009,-0.000441946
,,,-3.22123e-009,0.000220973
,,,-2.82123e-009,-0.000220973
,,,-2.42123e-009,0
,,,-2.02123e-009,-0.000220973
,,,-1.62123e-009,0.000220973
,,,-1.22123e-009,0.000441946
,,,-8.21234e-010,0.000220973
,,,-4.21234e-010,0
,,,-2.1234e-011,0.000441946
,,,3.78766e-010,-0.000220973
,,,7.78766e-010,0.000441946
,,,1.17877e-009,0
,,,1.57877e-009,0
,,,1.97877e-009,0
,,,2.37877e-009,0
,,,2.77877e-009,0
,,,3.17877e-009,0.000220973
,,,3.57877e-009,0
,,,3.97877e-009,0.000441946
,,,4.37877e-009,0.000662919
,,,4.77877e-009,0.000220973
,,,5.17877e-009,0.000441946
,,,5.57877e-009,0.000662919
,,,5.97877e-009,0
,,,6.37877e-009,0.000662919
,,,6.77877e-009,-0.000441946
,,,7.17877e-009,-0.000220973
,,,7.57877e-009,0.000441946
,,,7.97877e-009,0.000220973
,,,8.37877e-009,0
,,,8.77877e-009,0.000220973
,,,9.17877e-009,0.000220973
,,,9.57877e-009,0.000220973
,,,9.97877e-009,0
,,,1.03788e-008,0.000220973
,,,1.07788e-008,0
,,,1.11788e-008,-0.000441946
,,,1.15788e-008,-0.000220973
,,,1.19788e-008,0.000220973
,,,1.23788e-008,-0.000220973
,,,1.27788e-008,0.000441946
,,,1.31788e-008,0
,,,1.35788e-008,0.000883892
,,,1.39788e-008,0.000662919
,,,1.43788e-008,0.000220973
,,,1.47788e-008,0.000441946
,,,1.51788e-008,0.000662919
,,,1.55788e-008,0.000441946
,,,1.59788e-008,0.000441946
,,,1.63788e-008,0.00110486
,,,1.67788e-008,0.000220973
,,,1.71788e-008,0.000441946
,,,1.75788e-008,-0.000220973
,,,1.79788e-008,-0.000441946
,,,1.83788e-008,0
,,,1.87788e-008,0
,,,1.91788e-008,0.000441946
,,,1.95788e-008,0.000662919
,,,1.99788e-008,0.000220973
,,,2.03788e-008,0
,,,2.07788e-008,0.00154681
,,,2.11788e-008,0.000441946
,,,2.15788e-008,0.000220973
,,,2.19788e-008,0.000662919
,,,2.23788e-008,0.00110486
,,,2.27788e-008,0.000220973
,,,2.31788e-008,0.000441946
,,,2.35788e-008,0.000441946
,,,2.39788e-008,0.000220973
,,,2.43788e-008,0.000220973
,,,2.47788e-008,0
,,,2.51788e-008,0
,,,2.55788e-008,0.000441946
,,,2.59788e-008,-0.000441946
,,,2.63788e-008,-0.000441946
,,,2.67788e-008,-0.000220973
,,,2.71788e-008,-0.000220973
,,,2.75788e-008,-0.000220973
,,,2.79788e-008,0
,,,2.83788e-008,0
,,,2.87788e-008,0.000441946
,,,2.91788e-008,0.000220973
,,,2.95788e-008,-0.000220973
,,,2.99788e-008,0.000220973
,,,3.03788e-008,0.000662919
,,,3.07788e-008,0.000220973
,,,3.11788e-008,0.000220973
,,,3.15788e-008,0.000441946
,,,3.19788e-008,0
,,,3.23788e-008,0.000441946
,,,3.27788e-008,0.000662919
,,,3.31788e-008,0.000220973
,,,3.35788e-008,0.000220973
,,,3.39788e-008,0.000220973
,,,3.43788e-008,0.000220973
,,,3.47788e-008,0.000220973
,,,3.51788e-008,-0.000220973
,,,3.55788e-008,0
,,,3.59788e-008,0.000662919
,,,3.63788e-008,0.000441946
,,,3.67788e-008,0.000662919
,,,3.71788e-008,0.000220973
,,,3.75788e-008,0.00110486
,,,3.79788e-008,0
,,,3.83788e-008,0.000883892
,,,3.87788e-008,0.000662919
,,,3.91788e-008,-0.000441946
,,,3.95788e-008,0.000220973
,,,3.99788e-008,0.000220973
,,,4.03788e-008,0.000441946
,,,4.07788e-008,0.00110486
,,,4.11788e-008,0.000220973
,,,4.15788e-008,0
,,,4.19788e-008,-0.000883892
,,,4.23788e-008,0.000220973
,,,4.27788e-008,-0.000220973
,,,4.31788e-008,-0.000441946
,,,4.35788e-008,0.000220973
,,,4.39788e-008,-0.000220973
,,,4.43788e-008,0.000220973
,,,4.47788e-008,0.000662919
,,,4.51788e-008,0.000441946
,,,4.55788e-008,0.000220973
,,,4.59788e-008,0
,,,4.63788e-008,0.000220973
,,,4.67788e-008,0
,,,4.71788e-008,0.000883892
,,,4.75788e-008,0.000220973
,,,4.79788e-008,0
,,,4.83788e-008,0
,,,4.87788e-008,0.000220973
,,,4.91788e-008,0.000441946
,,,4.95788e-008,0.000441946
,,,4.99788e-008,-0.000220973
,,,5.03788e-008,0
,,,5.07788e-008,-0.000220973
,,,5.11788e-008,-0.000441946
,,,5.15788e-008,-0.000441946
,,,5.19788e-008,0.000220973
,,,5.23788e-008,0.000220973
,,,5.27788e-008,0.000441946
,,,5.31788e-008,0.000441946
,,,5.35788e-008,0.000662919
,,,5.39788e-008,0
,,,5.43788e-008,0.000441946
,,,5.47788e-008,0.000220973
,,,5.51788e-008,0
,,,5.55788e-008,0
,,,5.59788e-008,0
,,,5.63788e-008,0.000662919
,,,5.67788e-008,0.000441946
,,,5.71788e-008,0.000220973
,,,5.75788e-008,0
,,,5.79788e-008,0.000220973
,,,5.83788e-008,-0.000662919
,,,5.87788e-008,-0.000441946
,,,5.91788e-008,0.000220973
,,,5.95788e-008,-0.000220973
,,,5.99788e-008,0.000220973
,,,6.03788e-008,0.000220973
,,,6.07788e-008,0.000220973
,,,6.11788e-008,0.000220973
,,,6.15788e-008,0.000662919
,,,6.19788e-008,0.000220973
,,,6.23788e-008,0.000441946
,,,6.27788e-008,0.000662919
,,,6.31788e-008,0.000220973
,,,6.35788e-008,0
,,,6.39788e-008,0.00132584
,,,6.43788e-008,0.000441946
,,,6.47788e-008,0
,,,6.51788e-008,0.000441946
,,,6.55788e-008,0
,,,6.59788e-008,0.000220973
,,,6.63788e-008,-0.000662919
,,,6.67788e-008,-0.000220973
,,,6.71788e-008,-0.000662919
,,,6.75788e-008,0.000662919
,,,6.79788e-008,0.000441946
,,,6.83788e-008,0
,,,6.87788e-008,0
,,,6.91788e-008,0.000662919
,,,6.95788e-008,0.000662919
,,,6.99788e-008,-0.000441946
,,,7.03788e-008,0.000441946
,,,7.07788e-008,0
,,,7.11788e-008,0.000441946
,,,7.15788e-008,0.000220973
,,,7.19788e-008,0.000220973
,,,7.23788e-008,0.00110486
,,,7.27788e-008,0.000220973
,,,7.31788e-008,0
,,,7.35788e-008,0.000441946
,,,7.39788e-008,0
,,,7.43788e-008,0.000220973
,,,7.47788e-008,0.000441946
,,,7.51788e-008,0
,,,7.55788e-008,0.000441946
,,,7.59788e-008,0
,,,7.63788e-008,-0.000220973
,,,7.67788e-008,0.000441946
,,,7.71788e-008,0.000441946
,,,7.75788e-008,0
,,,7.79788e-008,0
,,,7.83788e-008,0
,,,7.87788e-008,-0.000220973
,,,7.91788e-008,0.000441946
,,,7.95788e-008,0.000883892
,,,7.99788e-008,0.000883892
,,,8.03788e-008,0.000220973
,,,8.07788e-008,0.000220973
,,,8.11788e-008,-0.000220973
,,,8.15788e-008,0
,,,8.19788e-008,0
,,,8.23788e-008,-0.000220973
,,,8.27788e-008,0.000220973
,,,8.31788e-008,-0.000441946
,,,8.35788e-008,-0.00110486
,,,8.39788e-008,-0.000220973
,,,8.43788e-008,-0.000441946
,,,8.47788e-008,0.000662919
,,,8.51788e-008,0.000441946
,,,8.55788e-008,-0.000220973
,,,8.59788e-008,-0.000441946
,,,8.63788e-008,0.000662919
,,,8.67788e-008,0.000883892
,,,8.71788e-008,0.000441946
,,,8.75788e-008,0.000220973
,,,8.79788e-008,0.000441946
,,,8.83788e-008,-0.000220973
,,,8.87788e-008,0.000441946
,,,8.91788e-008,0.000220973
,,,8.95788e-008,0.000883892
,,,8.99788e-008,0.000220973
,,,9.03788e-008,0.000220973
,,,9.07788e-008,0.000441946
,,,9.11788e-008,0.000662919
,,,9.15788e-008,0.000662919
,,,9.19788e-008,0.000220973
,,,9.23788e-008,0
,,,9.27788e-008,0.00132584
,,,9.31788e-008,0.00110486
,,,9.35788e-008,0.000883892
,,,9.39788e-008,0.00220973
,,,9.43788e-008,0.00265168
,,,9.47788e-008,0.00309362
,,,9.51788e-008,0.00309362
,,,9.55788e-008,0.00508238
,,,9.59788e-008,0.00618724
,,,9.63788e-008,0.00640822
,,,9.67788e-008,0.00861795
,,,9.71788e-008,0.00994378
,,,9.75788e-008,0.0103857
,,,9.79788e-008,0.0121535
,,,9.83788e-008,0.0128164
,,,9.87788e-008,0.0137003
,,,9.91788e-008,0.0139213
,,,9.95788e-008,0.0148052
,,,9.99788e-008,0.0152471
,,,1.00379e-007,0.016131
,,,1.00779e-007,0.016352
,,,1.01179e-007,0.016352
,,,1.01579e-007,0.0167939
,,,1.01979e-007,0.016352
,,,1.02379e-007,0.0176778
,,,1.02779e-007,0.0174569
,,,1.03179e-007,0.0176778
,,,1.03579e-007,0.0176778
,,,1.03979e-007,0.0176778
,,,1.04379e-007,0.0181198
,,,1.04779e-007,0.0181198
,,,1.05179e-007,0.0187827
,,,1.05579e-007,0.0183408
,,,1.05979e-007,0.0170149
,,,1.06379e-007,0.0174569
,,,1.06779e-007,0.0176778
,,,1.07179e-007,0.0170149
,,,1.07579e-007,0.0178988
,,,1.07979e-007,0.0183408
,,,1.08379e-007,0.0172359
,,,1.08779e-007,0.0185617
,,,1.09179e-007,0.0183408
,,,1.09579e-007,0.0176778
,,,1.09979e-007,0.0176778
,,,1.10379e-007,0.0181198
,,,1.10779e-007,0.0178988
,,,1.11179e-007,0.0185617
,,,1.11579e-007,0.0187827
,,,1.11979e-007,0.0181198
,,,1.12379e-007,0.0178988
,,,1.12779e-007,0.0183408
,,,1.13179e-007,0.0178988
,,,1.13579e-007,0.0181198
,,,1.13979e-007,0.0181198
,,,1.14379e-007,0.0178988
,,,1.14779e-007,0.0174569
,,,1.15179e-007,0.0185617
,,,1.15579e-007,0.0183408
,,,1.15979e-007,0.0172359
,,,1.16379e-007,0.0178988
,,,1.16779e-007,0.0176778
,,,1.17179e-007,0.0176778
,,,1.17579e-007,0.0181198
,,,1.17979e-007,0.0174569
,,,1.18379e-007,0.0174569
,,,1.18779e-007,0.0187827
,,,1.19179e-007,0.0181198
,,,1.19579e-007,0.0185617
,,,1.19979e-007,0.0185617
,,,1.20379e-007,0.0178988
,,,1.20779e-007,0.0187827
,,,1.21179e-007,0.0190037
,,,1.21579e-007,0.0190037
,,,1.21979e-007,0.0187827
,,,1.22379e-007,0.0185617
,,,1.22779e-007,0.0190037
,,,1.23179e-007,0.0196666
,,,1.23579e-007,0.0198876
,,,1.23979e-007,0.0205505
,,,1.24379e-007,0.0209924
,,,1.24779e-007,0.0216554
,,,1.25179e-007,0.0212134
,,,1.25579e-007,0.0207715
,,,1.25979e-007,0.0214344
,,,1.26379e-007,0.0216554
,,,1.26779e-007,0.0209924
,,,1.27179e-007,0.0207715
,,,1.27579e-007,0.0207715
,,,1.27979e-007,0.0201085
,,,1.28379e-007,0.0196666
,,,1.28779e-007,0.0198876
,,,1.29179e-007,0.0194456
,,,1.29579e-007,0.0196666
,,,1.29979e-007,0.0185617
,,,1.30379e-007,0.0181198
,,,1.30779e-007,0.0183408
,,,1.31179e-007,0.0183408
,,,1.31579e-007,0.0178988
,,,1.31979e-007,0.0183408
,,,1.32379e-007,0.0174569
,,,1.32779e-007,0.0174569
,,,1.33179e-007,0.0176778
,,,1.33579e-007,0.0176778
,,,1.33979e-007,0.0172359
,,,1.34379e-007,0.0176778
,,,1.34779e-007,0.0172359
,,,1.35179e-007,0.0170149
,,,1.35579e-007,0.0174569
,,,1.35979e-007,0.0176778
,,,1.36379e-007,0.0172359
,,,1.36779e-007,0.0172359
,,,1.37179e-007,0.016352
,,,1.37579e-007,0.016352
,,,1.37979e-007,0.016573
,,,1.38379e-007,0.016573
,,,1.38779e-007,0.016573
,,,1.39179e-007,0.016131
,,,1.39579e-007,0.016131
,,,1.39979e-007,0.0154681
,,,1.40379e-007,0.0154681
,,,1.40779e-007,0.0156891
,,,1.41179e-007,0.016573
,,,1.41579e-007,0.0156891
,,,1.41979e-007,0.016131
,,,1.42379e-007,0.0159101
,,,1.42779e-007,0.0154681
,,,1.43179e-007,0.0159101
,,,1.43579e-007,0.0154681
,,,1.43979e-007,0.0156891
,,,1.44379e-007,0.0154681
,,,1.44779e-007,0.0156891
,,,1.45179e-007,0.0152471
,,,1.45579e-007,0.0156891
,,,1.45979e-007,0.0145842
,,,1.46379e-007,0.0154681
,,,1.46779e-007,0.0145842
,,,1.47179e-007,0.0152471
,,,1.47579e-007,0.0143632
,,,1.47979e-007,0.0143632
,,,1.48379e-007,0.0148052
,,,1.48779e-007,0.0152471
,,,1.49179e-007,0.0152471
,,,1.49579e-007,0.0148052
,,,1.49979e-007,0.0150262
,,,1.50379e-007,0.0139213
,,,1.50779e-007,0.0141423
,,,1.51179e-007,0.0150262
,,,1.51579e-007,0.0148052
,,,1.51979e-007,0.0148052
,,,1.52379e-007,0.0143632
,,,1.52779e-007,0.0148052
,,,1.53179e-007,0.0137003
,,,1.53579e-007,0.0141423
,,,1.53979e-007,0.0148052
,,,1.54379e-007,0.0137003
,,,1.54779e-007,0.0125955
,,,1.55179e-007,0.0128164
,,,1.55579e-007,0.0125955
,,,1.55979e-007,0.0119325
,,,1.56379e-007,0.0123745
,,,1.56779e-007,0.0123745
,,,1.57179e-007,0.0117116
,,,1.57579e-007,0.0119325
,,,1.57979e-007,0.0121535
,,,1.58379e-007,0.0123745
,,,1.58779e-007,0.0117116
,,,1.59179e-007,0.0117116
,,,1.59579e-007,0.0125955
,,,1.59979e-007,0.0125955
,,,1.60379e-007,0.0132584
,,,1.60779e-007,0.0128164
,,,1.61179e-007,0.0121535
,,,1.61579e-007,0.0125955
,,,1.61979e-007,0.0121535
,,,1.62379e-007,0.0123745
,,,1.62779e-007,0.0114906
,,,1.63179e-007,0.0119325
,,,1.63579e-007,0.0121535
,,,1.63979e-007,0.0123745
,,,1.64379e-007,0.0123745
,,,1.64779e-007,0.0130374
,,,1.65179e-007,0.0132584
,,,1.65579e-007,0.0121535
,,,1.65979e-007,0.0119325
,,,1.66379e-007,0.0125955
,,,1.66779e-007,0.0123745
,,,1.67179e-007,0.0125955
,,,1.67579e-007,0.0128164
,,,1.67979e-007,0.0121535
,,,1.68379e-007,0.0125955
,,,1.68779e-007,0.0125955
,,,1.69179e-007,0.0119325
,,,1.69579e-007,0.0128164
,,,1.69979e-007,0.0125955
,,,1.70379e-007,0.0121535
,,,1.70779e-007,0.0119325
,,,1.71179e-007,0.0123745
,,,1.71579e-007,0.0117116
,,,1.71979e-007,0.0119325
,,,1.72379e-007,0.0119325
,,,1.72779e-007,0.0128164
,,,1.73179e-007,0.0130374
,,,1.73579e-007,0.0128164
,,,1.73979e-007,0.0123745
,,,1.74379e-007,0.0128164
,,,1.74779e-007,0.0130374
,,,1.75179e-007,0.0130374
,,,1.75579e-007,0.0125955
,,,1.75979e-007,0.0123745
,,,1.76379e-007,0.0132584
,,,1.76779e-007,0.0125955
,,,1.77179e-007,0.0123745
,,,1.77579e-007,0.0132584
,,,1.77979e-007,0.0132584
,,,1.78379e-007,0.0123745
,,,1.78779e-007,0.0125955
,,,1.79179e-007,0.0130374
,,,1.79579e-007,0.0128164
,,,1.79979e-007,0.0121535
,,,1.80379e-007,0.0114906
,,,1.80779e-007,0.0130374
,,,1.81179e-007,0.0137003
,,,1.81579e-007,0.0132584
,,,1.81979e-007,0.0125955
,,,1.82379e-007,0.0128164
,,,1.82779e-007,0.0123745
,,,1.83179e-007,0.0121535
,,,1.83579e-007,0.0121535
,,,1.83979e-007,0.0123745
,,,1.84379e-007,0.0121535
,,,1.84779e-007,0.0130374
,,,1.85179e-007,0.0128164
,,,1.85579e-007,0.0130374
,,,1.85979e-007,0.0119325
,,,1.86379e-007,0.0123745
,,,1.86779e-007,0.0130374
,,,1.87179e-007,0.0130374
,,,1.87579e-007,0.0128164
,,,1.87979e-007,0.0132584
,,,1.88379e-007,0.0134794
,,,1.88779e-007,0.0132584
,,,1.89179e-007,0.0132584
,,,1.89579e-007,0.0134794
,,,1.89979e-007,0.0132584
,,,1.90379e-007,0.0134794
,,,1.90779e-007,0.0134794
,,,1.91179e-007,0.0128164
,,,1.91579e-007,0.0143632
,,,1.91979e-007,0.0139213
,,,1.92379e-007,0.0130374
,,,1.92779e-007,0.0137003
,,,1.93179e-007,0.0141423
,,,1.93579e-007,0.0137003
,,,1.93979e-007,0.0137003
,,,1.94379e-007,0.0137003
,,,1.94779e-007,0.0134794
,,,1.95179e-007,0.0137003
,,,1.95579e-007,0.0139213
,,,1.95979e-007,0.0137003
,,,1.96379e-007,0.0134794
,,,1.96779e-007,0.0141423
,,,1.97179e-007,0.0134794
,,,1.97579e-007,0.0139213
,,,1.97979e-007,0.0132584
,,,1.98379e-007,0.0141423
,,,1.98779e-007,0.0132584
,,,1.99179e-007,0.0130374
,,,1.99579e-007,0.0132584
,,,1.99979e-007,0.0132584
,,,2.00379e-007,0.0128164
,,,2.00779e-007,0.0128164
,,,2.01179e-007,0.0119325
,,,2.01579e-007,0.0125955
,,,2.01979e-007,0.0123745
,,,2.02379e-007,0.0123745
,,,2.02779e-007,0.0123745
,,,2.03179e-007,0.0121535
,,,2.03579e-007,0.0121535
,,,2.03979e-007,0.0119325
,,,2.04379e-007,0.0112696
,,,2.04779e-007,0.0119325
,,,2.05179e-007,0.0110486
,,,2.05579e-007,0.0112696
,,,2.05979e-007,0.0112696
,,,2.06379e-007,0.0112696
,,,2.06779e-007,0.0103857
,,,2.07179e-007,0.00994378
,,,2.07579e-007,0.00972281
,,,2.07979e-007,0.0101648
,,,2.08379e-007,0.0101648
,,,2.08779e-007,0.00928087
,,,2.09179e-007,0.00905989
,,,2.09579e-007,0.00905989
,,,2.09979e-007,0.008176
,,,2.10379e-007,0.00729211
,,,2.10779e-007,0.00685016
,,,2.11179e-007,0.00640822
,,,2.11579e-007,0.00707114
,,,2.11979e-007,0.00662919
,,,2.12379e-007,0.00530335
,,,2.12779e-007,0.00530335
,,,2.13179e-007,0.00596627
,,,2.13579e-007,0.00486141
,,,2.13979e-007,0.00508238
,,,2.14379e-007,0.00397751
,,,2.14779e-007,0.00464043
,,,2.15179e-007,0.00441946
,,,2.15579e-007,0.00397751
,,,2.15979e-007,0.00441946
,,,2.16379e-007,0.00309362
,,,2.16779e-007,0.00287265
,,,2.17179e-007,0.00309362
,,,2.17579e-007,0.00331459
,,,2.17979e-007,0.0024307
,,,2.18379e-007,0.00198876
,,,2.18779e-007,0.00287265
,,,2.19179e-007,0.00220973
,,,2.19579e-007,0.00198876
,,,2.19979e-007,0.00220973
,,,2.20379e-007,0.0024307
,,,2.20779e-007,0.00287265
,,,2.21179e-007,0.00198876
,,,2.21579e-007,0.00198876
,,,2.21979e-007,0.00132584
,,,2.22379e-007,0.00176778
,,,2.22779e-007,0.00176778
,,,2.23179e-007,0.00198876
,,,2.23579e-007,0.00220973
,,,2.23979e-007,0.00176778
,,,2.24379e-007,0.00154681
,,,2.24779e-007,0.00220973
,,,2.25179e-007,0.00110486
,,,2.25579e-007,0.000883892
,,,2.25979e-007,0.00132584
,,,2.26379e-007,0.000662919
,,,2.26779e-007,0.000220973
,,,2.27179e-007,0.000441946
,,,2.27579e-007,0
,,,2.27979e-007,0.00110486
,,,2.28379e-007,0.00154681
,,,2.28779e-007,0.00154681
,,,2.29179e-007,0.00154681
,,,2.29579e-007,0.00220973
,,,2.29979e-007,0.000883892
,,,2.30379e-007,0.000883892
,,,2.30779e-007,0.00154681
,,,2.31179e-007,0.000220973
,,,2.31579e-007,0.000441946
,,,2.31979e-007,0.00132584
,,,2.32379e-007,0.000662919
,,,2.32779e-007,0.000662919
,,,2.33179e-007,0.000220973
,,,2.33579e-007,0.000441946
,,,2.33979e-007,0
,,,2.34379e-007,0.000220973
,,,2.34779e-007,0
,,,2.35179e-007,0
,,,2.35579e-007,0.000662919
,,,2.35979e-007,-0.000441946
,,,2.36379e-007,-0.000441946
,,,2.36779e-007,-0.000220973
,,,2.37179e-007,0.000220973
,,,2.37579e-007,0
,,,2.37979e-007,-0.000441946
,,,2.38379e-007,0.000220973
,,,2.38779e-007,0
,,,2.39179e-007,-0.000662919
,,,2.39579e-007,-0.000441946
,,,2.39979e-007,-0.000441946
,,,2.40379e-007,-0.000220973
,,,2.40779e-007,-0.000441946
,,,2.41179e-007,-0.000662919
,,,2.41579e-007,-0.000883892
,,,2.41979e-007,-0.000441946
,,,2.42379e-007,-0.000441946
,,,2.42779e-007,-0.000220973
,,,2.43179e-007,-0.000662919
,,,2.43579e-007,-0.000441946
,,,2.43979e-007,-0.000883892
,,,2.44379e-007,-0.000662919
,,,2.44779e-007,0
,,,2.45179e-007,0.000662919
,,,2.45579e-007,-0.000220973
,,,2.45979e-007,0.000220973
,,,2.46379e-007,0
,,,2.46779e-007,0.000662919
,,,2.47179e-007,0.000441946
,,,2.47579e-007,0.000220973
,,,2.47979e-007,0.000220973
,,,2.48379e-007,0
,,,2.48779e-007,0.000662919
,,,2.49179e-007,0.000220973
,,,2.49579e-007,0.000441946
,,,2.49979e-007,-0.000220973
,,,2.50379e-007,0
