"Record Length",1252,"Points",-2.50206e-007,0.000662919
"Sample Interval",4e-010,s,-2.49806e-007,0.000883892
"Trigger Point",625,"Samples",-2.49406e-007,0.000441946
"Trigger Time",0.514401,s,-2.49006e-007,0.000662919
,,,-2.48606e-007,0.000220973
"Horizontal Offset",-2.50206e-007,s,-2.48206e-007,0.000662919
,,,-2.47806e-007,0.000662919
,,,-2.47406e-007,0.000441946
,,,-2.47006e-007,0
,,,-2.46606e-007,-0.000220973
,,,-2.46206e-007,-0.000220973
,,,-2.45806e-007,0.000662919
,,,-2.45406e-007,0.000662919
,,,-2.45006e-007,0.000220973
,,,-2.44606e-007,0.000441946
,,,-2.44206e-007,0
,,,-2.43806e-007,0
,,,-2.43406e-007,0.000662919
,,,-2.43006e-007,0.000662919
,,,-2.42606e-007,0.000220973
,,,-2.42206e-007,0.000662919
,,,-2.41806e-007,0.000662919
,,,-2.41406e-007,0.000662919
,,,-2.41006e-007,0.000883892
,,,-2.40606e-007,0.000662919
,,,-2.40206e-007,0.000441946
,,,-2.39806e-007,0.000662919
,,,-2.39406e-007,-0.000220973
,,,-2.39006e-007,0
,,,-2.38606e-007,0.000441946
,,,-2.38206e-007,0.000220973
,,,-2.37806e-007,0.000220973
,,,-2.37406e-007,0.000883892
,,,-2.37006e-007,0.000220973
,,,-2.36606e-007,0.000220973
,,,-2.36206e-007,0.000441946
,,,-2.35806e-007,0.000883892
,,,-2.35406e-007,0.000441946
,,,-2.35006e-007,0
,,,-2.34606e-007,0.000220973
,,,-2.34206e-007,0.000441946
,,,-2.33806e-007,0.000441946
,,,-2.33406e-007,-0.000220973
,,,-2.33006e-007,0.000441946
,,,-2.32606e-007,0.000662919
,,,-2.32206e-007,0.000441946
,,,-2.31806e-007,0.000220973
,,,-2.31406e-007,0.000441946
,,,-2.31006e-007,0
,,,-2.30606e-007,0.000662919
,,,-2.30206e-007,-0.000220973
,,,-2.29806e-007,0.000662919
,,,-2.29406e-007,0.000220973
,,,-2.29006e-007,0.000220973
,,,-2.28606e-007,0.000662919
,,,-2.28206e-007,-0.000220973
,,,-2.27806e-007,0.000441946
,,,-2.27406e-007,0.000883892
,,,-2.27006e-007,-0.000220973
,,,-2.26606e-007,0.000220973
,,,-2.26206e-007,0.000662919
,,,-2.25806e-007,0.000220973
,,,-2.25406e-007,0
,,,-2.25006e-007,0.000220973
,,,-2.24606e-007,0.000441946
,,,-2.24206e-007,0
,,,-2.23806e-007,0.000220973
,,,-2.23406e-007,0
,,,-2.23006e-007,0.000441946
,,,-2.22606e-007,0.000441946
,,,-2.22206e-007,0.000441946
,,,-2.21806e-007,0.000662919
,,,-2.21406e-007,0.000441946
,,,-2.21006e-007,0.000220973
,,,-2.20606e-007,0.000441946
,,,-2.20206e-007,-0.000441946
,,,-2.19806e-007,0.000441946
,,,-2.19406e-007,0.000883892
,,,-2.19006e-007,0.000883892
,,,-2.18606e-007,0.000220973
,,,-2.18206e-007,0.000220973
,,,-2.17806e-007,0
,,,-2.17406e-007,0.000220973
,,,-2.17006e-007,0
,,,-2.16606e-007,0.000883892
,,,-2.16206e-007,0.000220973
,,,-2.15806e-007,0.000220973
,,,-2.15406e-007,0.000441946
,,,-2.15006e-007,0.000220973
,,,-2.14606e-007,0.000220973
,,,-2.14206e-007,0.000662919
,,,-2.13806e-007,0.000441946
,,,-2.13406e-007,0.000220973
,,,-2.13006e-007,-0.000220973
,,,-2.12606e-007,0.000662919
,,,-2.12206e-007,0.000220973
,,,-2.11806e-007,0.000220973
,,,-2.11406e-007,0.000662919
,,,-2.11006e-007,0.000220973
,,,-2.10606e-007,0.000441946
,,,-2.10206e-007,0.000441946
,,,-2.09806e-007,0.000441946
,,,-2.09406e-007,0.000220973
,,,-2.09006e-007,0.000662919
,,,-2.08606e-007,0
,,,-2.08206e-007,0.000220973
,,,-2.07806e-007,0.000883892
,,,-2.07406e-007,0.000441946
,,,-2.07006e-007,0
,,,-2.06606e-007,0
,,,-2.06206e-007,0.000220973
,,,-2.05806e-007,0.000883892
,,,-2.05406e-007,0.000662919
,,,-2.05006e-007,-0.000220973
,,,-2.04606e-007,0.000662919
,,,-2.04206e-007,0
,,,-2.03806e-007,0.000441946
,,,-2.03406e-007,0.000662919
,,,-2.03006e-007,0.000662919
,,,-2.02606e-007,0.000441946
,,,-2.02206e-007,0.000883892
,,,-2.01806e-007,0.000220973
,,,-2.01406e-007,0.000220973
,,,-2.01006e-007,0.000883892
,,,-2.00606e-007,0.000220973
,,,-2.00206e-007,0.000220973
,,,-1.99806e-007,0.000662919
,,,-1.99406e-007,0.000441946
,,,-1.99006e-007,0.000662919
,,,-1.98606e-007,0.000441946
,,,-1.98206e-007,0
,,,-1.97806e-007,0.000441946
,,,-1.97406e-007,-0.000220973
,,,-1.97006e-007,0.000220973
,,,-1.96606e-007,0
,,,-1.96206e-007,0.000662919
,,,-1.95806e-007,0
,,,-1.95406e-007,0.000441946
,,,-1.95006e-007,0.000662919
,,,-1.94606e-007,0.000662919
,,,-1.94206e-007,0.000662919
,,,-1.93806e-007,0.00110486
,,,-1.93406e-007,0.000220973
,,,-1.93006e-007,0.000441946
,,,-1.92606e-007,0.000220973
,,,-1.92206e-007,0.000441946
,,,-1.91806e-007,0.000220973
,,,-1.91406e-007,0
,,,-1.91006e-007,0
,,,-1.90606e-007,0
,,,-1.90206e-007,0.000883892
,,,-1.89806e-007,0.000220973
,,,-1.89406e-007,0.000662919
,,,-1.89006e-007,-0.000220973
,,,-1.88606e-007,0.000220973
,,,-1.88206e-007,-0.000441946
,,,-1.87806e-007,0
,,,-1.87406e-007,-0.000883892
,,,-1.87006e-007,0.000220973
,,,-1.86606e-007,0.000662919
,,,-1.86206e-007,0
,,,-1.85806e-007,0.000441946
,,,-1.85406e-007,0.000441946
,,,-1.85006e-007,0.000441946
,,,-1.84606e-007,0.000220973
,,,-1.84206e-007,0.000220973
,,,-1.83806e-007,0.000441946
,,,-1.83406e-007,0.000883892
,,,-1.83006e-007,0.000662919
,,,-1.82606e-007,0.000441946
,,,-1.82206e-007,0
,,,-1.81806e-007,0.000220973
,,,-1.81406e-007,0.000220973
,,,-1.81006e-007,-0.000441946
,,,-1.80606e-007,0.000662919
,,,-1.80206e-007,0.000662919
,,,-1.79806e-007,0.000220973
,,,-1.79406e-007,0.000441946
,,,-1.79006e-007,0
,,,-1.78606e-007,-0.000220973
,,,-1.78206e-007,0.000220973
,,,-1.77806e-007,-0.000441946
,,,-1.77406e-007,0.000441946
,,,-1.77006e-007,0.000441946
,,,-1.76606e-007,0.000662919
,,,-1.76206e-007,0.000220973
,,,-1.75806e-007,0.000883892
,,,-1.75406e-007,0.000441946
,,,-1.75006e-007,0.00110486
,,,-1.74606e-007,0.00110486
,,,-1.74206e-007,0.000220973
,,,-1.73806e-007,-0.000441946
,,,-1.73406e-007,0
,,,-1.73006e-007,0.000220973
,,,-1.72606e-007,0.000220973
,,,-1.72206e-007,0
,,,-1.71806e-007,0.000441946
,,,-1.71406e-007,0.000441946
,,,-1.71006e-007,0.000220973
,,,-1.70606e-007,0.00132584
,,,-1.70206e-007,0
,,,-1.69806e-007,0.000662919
,,,-1.69406e-007,0
,,,-1.69006e-007,0.00110486
,,,-1.68606e-007,0.000220973
,,,-1.68206e-007,0.000220973
,,,-1.67806e-007,0.00110486
,,,-1.67406e-007,0.000441946
,,,-1.67006e-007,0.000441946
,,,-1.66606e-007,0.000883892
,,,-1.66206e-007,0.000883892
,,,-1.65806e-007,0.000441946
,,,-1.65406e-007,0
,,,-1.65006e-007,0.000220973
,,,-1.64606e-007,-0.000220973
,,,-1.64206e-007,0.000220973
,,,-1.63806e-007,0.000441946
,,,-1.63406e-007,0.000883892
,,,-1.63006e-007,0
,,,-1.62606e-007,0
,,,-1.62206e-007,0.000662919
,,,-1.61806e-007,0.000662919
,,,-1.61406e-007,-0.000220973
,,,-1.61006e-007,-0.000220973
,,,-1.60606e-007,0
,,,-1.60206e-007,0.000220973
,,,-1.59806e-007,0
,,,-1.59406e-007,0
,,,-1.59006e-007,0.000883892
,,,-1.58606e-007,0.000662919
,,,-1.58206e-007,0.000220973
,,,-1.57806e-007,0
,,,-1.57406e-007,-0.000220973
,,,-1.57006e-007,0.000441946
,,,-1.56606e-007,0.000220973
,,,-1.56206e-007,0.000220973
,,,-1.55806e-007,-0.000220973
,,,-1.55406e-007,0
,,,-1.55006e-007,0.000220973
,,,-1.54606e-007,0.000883892
,,,-1.54206e-007,0.000662919
,,,-1.53806e-007,0.000220973
,,,-1.53406e-007,0.000220973
,,,-1.53006e-007,0.000220973
,,,-1.52606e-007,0.000220973
,,,-1.52206e-007,0.000220973
,,,-1.51806e-007,0.000441946
,,,-1.51406e-007,0.000220973
,,,-1.51006e-007,0.000441946
,,,-1.50606e-007,0.000662919
,,,-1.50206e-007,0
,,,-1.49806e-007,0.000220973
,,,-1.49406e-007,-0.000220973
,,,-1.49006e-007,0
,,,-1.48606e-007,0.000220973
,,,-1.48206e-007,0
,,,-1.47806e-007,-0.000220973
,,,-1.47406e-007,-0.000220973
,,,-1.47006e-007,-0.000441946
,,,-1.46606e-007,0.000220973
,,,-1.46206e-007,0.000220973
,,,-1.45806e-007,0.000662919
,,,-1.45406e-007,0.000441946
,,,-1.45006e-007,0.000220973
,,,-1.44606e-007,0.000220973
,,,-1.44206e-007,0
,,,-1.43806e-007,0.000220973
,,,-1.43406e-007,0.00110486
,,,-1.43006e-007,0.000441946
,,,-1.42606e-007,0.000441946
,,,-1.42206e-007,0
,,,-1.41806e-007,0.000220973
,,,-1.41406e-007,0.000220973
,,,-1.41006e-007,0
,,,-1.40606e-007,0.000662919
,,,-1.40206e-007,0.000662919
,,,-1.39806e-007,0.000441946
,,,-1.39406e-007,0
,,,-1.39006e-007,0.000662919
,,,-1.38606e-007,0.00132584
,,,-1.38206e-007,0.000220973
,,,-1.37806e-007,0.000662919
,,,-1.37406e-007,0
,,,-1.37006e-007,0.000662919
,,,-1.36606e-007,0.000220973
,,,-1.36206e-007,0.000441946
,,,-1.35806e-007,0.000220973
,,,-1.35406e-007,-0.000441946
,,,-1.35006e-007,0.000662919
,,,-1.34606e-007,0.000441946
,,,-1.34206e-007,-0.000441946
,,,-1.33806e-007,0.000441946
,,,-1.33406e-007,0
,,,-1.33006e-007,0.000220973
,,,-1.32606e-007,-0.000220973
,,,-1.32206e-007,0
,,,-1.31806e-007,-0.000220973
,,,-1.31406e-007,0.000662919
,,,-1.31006e-007,0.000220973
,,,-1.30606e-007,0.000220973
,,,-1.30206e-007,0.000883892
,,,-1.29806e-007,0.000662919
,,,-1.29406e-007,0
,,,-1.29006e-007,0.000441946
,,,-1.28606e-007,0.000220973
,,,-1.28206e-007,0.000662919
,,,-1.27806e-007,0.000883892
,,,-1.27406e-007,0.000662919
,,,-1.27006e-007,0.000441946
,,,-1.26606e-007,0.000662919
,,,-1.26206e-007,0.00132584
,,,-1.25806e-007,0.000220973
,,,-1.25406e-007,0.00110486
,,,-1.25006e-007,0.000220973
,,,-1.24606e-007,-0.000441946
,,,-1.24206e-007,-0.000662919
,,,-1.23806e-007,0
,,,-1.23406e-007,-0.000220973
,,,-1.23006e-007,0.000441946
,,,-1.22606e-007,0.000441946
,,,-1.22206e-007,0.000441946
,,,-1.21806e-007,0.000220973
,,,-1.21406e-007,0
,,,-1.21006e-007,0.000441946
,,,-1.20606e-007,0.000883892
,,,-1.20206e-007,0.000441946
,,,-1.19806e-007,0.000441946
,,,-1.19406e-007,0.000441946
,,,-1.19006e-007,0.000220973
,,,-1.18606e-007,0.000662919
,,,-1.18206e-007,0.000662919
,,,-1.17806e-007,0.00110486
,,,-1.17406e-007,0
,,,-1.17006e-007,-0.000220973
,,,-1.16606e-007,0.000883892
,,,-1.16206e-007,0.000441946
,,,-1.15806e-007,0.000220973
,,,-1.15406e-007,0.000220973
,,,-1.15006e-007,0.000220973
,,,-1.14606e-007,-0.000220973
,,,-1.14206e-007,0
,,,-1.13806e-007,0.000883892
,,,-1.13406e-007,0.000441946
,,,-1.13006e-007,-0.000220973
,,,-1.12606e-007,0.000220973
,,,-1.12206e-007,0.000662919
,,,-1.11806e-007,0.000441946
,,,-1.11406e-007,0.000662919
,,,-1.11006e-007,0.000662919
,,,-1.10606e-007,0
,,,-1.10206e-007,-0.000441946
,,,-1.09806e-007,0.000662919
,,,-1.09406e-007,0.000883892
,,,-1.09006e-007,0
,,,-1.08606e-007,0.000220973
,,,-1.08206e-007,0.000883892
,,,-1.07806e-007,0.000441946
,,,-1.07406e-007,0.00110486
,,,-1.07006e-007,0
,,,-1.06606e-007,0.000662919
,,,-1.06206e-007,0.000883892
,,,-1.05806e-007,0.000883892
,,,-1.05406e-007,0
,,,-1.05006e-007,0.00110486
,,,-1.04606e-007,0.000662919
,,,-1.04206e-007,0.000441946
,,,-1.03806e-007,0.000220973
,,,-1.03406e-007,0.000883892
,,,-1.03006e-007,0
,,,-1.02606e-007,0
,,,-1.02206e-007,0.000220973
,,,-1.01806e-007,0.000220973
,,,-1.01406e-007,0.000441946
,,,-1.01006e-007,-0.000662919
,,,-1.00606e-007,0.000220973
,,,-1.00206e-007,0.000220973
,,,-9.98058e-008,0
,,,-9.94058e-008,0.000662919
,,,-9.90058e-008,0.000883892
,,,-9.86058e-008,0.00110486
,,,-9.82058e-008,0.000441946
,,,-9.78058e-008,0.000441946
,,,-9.74058e-008,0
,,,-9.70058e-008,0.000883892
,,,-9.66058e-008,0.00110486
,,,-9.62058e-008,0.000662919
,,,-9.58058e-008,0.000220973
,,,-9.54058e-008,0.000220973
,,,-9.50058e-008,0.000662919
,,,-9.46058e-008,0.000662919
,,,-9.42058e-008,0.000220973
,,,-9.38058e-008,-0.000441946
,,,-9.34058e-008,0
,,,-9.30058e-008,0.000441946
,,,-9.26058e-008,0.000441946
,,,-9.22058e-008,-0.000220973
,,,-9.18058e-008,0
,,,-9.14058e-008,0.000662919
,,,-9.10058e-008,0.000662919
,,,-9.06058e-008,0.000662919
,,,-9.02058e-008,0.000220973
,,,-8.98058e-008,0.000441946
,,,-8.94058e-008,0.000883892
,,,-8.90058e-008,0.000662919
,,,-8.86058e-008,0.000220973
,,,-8.82058e-008,0.000220973
,,,-8.78058e-008,0.000662919
,,,-8.74058e-008,0.000662919
,,,-8.70058e-008,0.000220973
,,,-8.66058e-008,0.000220973
,,,-8.62058e-008,-0.000220973
,,,-8.58058e-008,0.000220973
,,,-8.54058e-008,0.000220973
,,,-8.50058e-008,-0.000220973
,,,-8.46058e-008,0.000441946
,,,-8.42058e-008,0.000220973
,,,-8.38058e-008,-0.000220973
,,,-8.34058e-008,0
,,,-8.30058e-008,0
,,,-8.26058e-008,0
,,,-8.22058e-008,0.00110486
,,,-8.18058e-008,0.000220973
,,,-8.14058e-008,0.000220973
,,,-8.10058e-008,0
,,,-8.06058e-008,0
,,,-8.02058e-008,0
,,,-7.98058e-008,0.000883892
,,,-7.94058e-008,0.000441946
,,,-7.90058e-008,0
,,,-7.86058e-008,0.000662919
,,,-7.82058e-008,0.000441946
,,,-7.78058e-008,0.000441946
,,,-7.74058e-008,0.000662919
,,,-7.70058e-008,0
,,,-7.66058e-008,0
,,,-7.62058e-008,0.000441946
,,,-7.58058e-008,0.000441946
,,,-7.54058e-008,0.000220973
,,,-7.50058e-008,0.000662919
,,,-7.46058e-008,0.000883892
,,,-7.42058e-008,0.000441946
,,,-7.38058e-008,0.000441946
,,,-7.34058e-008,0
,,,-7.30058e-008,0.000441946
,,,-7.26058e-008,0.000220973
,,,-7.22058e-008,0.000220973
,,,-7.18058e-008,0.000441946
,,,-7.14058e-008,0.000441946
,,,-7.10058e-008,0.000441946
,,,-7.06058e-008,0.000441946
,,,-7.02058e-008,0
,,,-6.98058e-008,0.000220973
,,,-6.94058e-008,0.000441946
,,,-6.90058e-008,0
,,,-6.86058e-008,0.000220973
,,,-6.82058e-008,0.000441946
,,,-6.78058e-008,0
,,,-6.74058e-008,-0.000220973
,,,-6.70058e-008,0.000441946
,,,-6.66058e-008,0
,,,-6.62058e-008,0.000883892
,,,-6.58058e-008,0.000662919
,,,-6.54058e-008,0.000220973
,,,-6.50058e-008,0
,,,-6.46058e-008,0
,,,-6.42058e-008,0.00110486
,,,-6.38058e-008,0.000662919
,,,-6.34058e-008,0.000220973
,,,-6.30058e-008,0.000441946
,,,-6.26058e-008,0
,,,-6.22058e-008,0
,,,-6.18058e-008,0.000220973
,,,-6.14058e-008,-0.000662919
,,,-6.10058e-008,0
,,,-6.06058e-008,-0.000220973
,,,-6.02058e-008,0.000220973
,,,-5.98058e-008,0.000441946
,,,-5.94058e-008,0.000220973
,,,-5.90058e-008,0.000220973
,,,-5.86058e-008,0.000883892
,,,-5.82058e-008,0.000220973
,,,-5.78058e-008,0.000662919
,,,-5.74058e-008,0.000220973
,,,-5.70058e-008,0.000883892
,,,-5.66058e-008,0.000441946
,,,-5.62058e-008,0.000220973
,,,-5.58058e-008,-0.000441946
,,,-5.54058e-008,0
,,,-5.50058e-008,0.000441946
,,,-5.46058e-008,0.000883892
,,,-5.42058e-008,0.000220973
,,,-5.38058e-008,0
,,,-5.34058e-008,0.000662919
,,,-5.30058e-008,0.000441946
,,,-5.26058e-008,-0.000220973
,,,-5.22058e-008,-0.000441946
,,,-5.18058e-008,0.000220973
,,,-5.14058e-008,0
,,,-5.10058e-008,0.000662919
,,,-5.06058e-008,0.00132584
,,,-5.02058e-008,0.000441946
,,,-4.98058e-008,0.000662919
,,,-4.94058e-008,0.000220973
,,,-4.90058e-008,0
,,,-4.86058e-008,0.000662919
,,,-4.82058e-008,-0.000220973
,,,-4.78058e-008,0
,,,-4.74058e-008,0.000662919
,,,-4.70058e-008,0.000441946
,,,-4.66058e-008,0.000220973
,,,-4.62058e-008,0.000220973
,,,-4.58058e-008,0.000441946
,,,-4.54058e-008,0.000220973
,,,-4.50058e-008,-0.000220973
,,,-4.46058e-008,0.000441946
,,,-4.42058e-008,0.000220973
,,,-4.38058e-008,0.000662919
,,,-4.34058e-008,0.000220973
,,,-4.30058e-008,0
,,,-4.26058e-008,0.00132584
,,,-4.22058e-008,0.000662919
,,,-4.18058e-008,0.000441946
,,,-4.14058e-008,0.000220973
,,,-4.10058e-008,0.000220973
,,,-4.06058e-008,0
,,,-4.02058e-008,0
,,,-3.98058e-008,0.000220973
,,,-3.94058e-008,0
,,,-3.90058e-008,0.000220973
,,,-3.86058e-008,0.000220973
,,,-3.82058e-008,-0.000220973
,,,-3.78058e-008,0.000662919
,,,-3.74058e-008,0.000220973
,,,-3.70058e-008,0.000220973
,,,-3.66058e-008,0
,,,-3.62058e-008,0.000220973
,,,-3.58058e-008,0
,,,-3.54058e-008,0.000883892
,,,-3.50058e-008,0.000220973
,,,-3.46058e-008,0.000662919
,,,-3.42058e-008,0.000662919
,,,-3.38058e-008,0.000220973
,,,-3.34058e-008,0.000220973
,,,-3.30058e-008,0.00132584
,,,-3.26058e-008,0.000220973
,,,-3.22058e-008,0.000220973
,,,-3.18058e-008,0.000220973
,,,-3.14058e-008,0.000220973
,,,-3.10058e-008,0
,,,-3.06058e-008,0.000220973
,,,-3.02058e-008,0.000220973
,,,-2.98058e-008,0.000441946
,,,-2.94058e-008,0
,,,-2.90058e-008,0
,,,-2.86058e-008,0.000220973
,,,-2.82058e-008,0.000883892
,,,-2.78058e-008,0.000220973
,,,-2.74058e-008,0.000220973
,,,-2.70058e-008,0.000662919
,,,-2.66058e-008,0.000662919
,,,-2.62058e-008,0.000220973
,,,-2.58058e-008,0.00110486
,,,-2.54058e-008,0.000441946
,,,-2.50058e-008,0.000220973
,,,-2.46058e-008,0.000883892
,,,-2.42058e-008,0.000220973
,,,-2.38058e-008,0.000441946
,,,-2.34058e-008,0.000662919
,,,-2.30058e-008,0.000441946
,,,-2.26058e-008,0.000662919
,,,-2.22058e-008,-0.000441946
,,,-2.18058e-008,0.000220973
,,,-2.14058e-008,0.000441946
,,,-2.10058e-008,0.000220973
,,,-2.06058e-008,-0.000441946
,,,-2.02058e-008,0
,,,-1.98058e-008,0.000441946
,,,-1.94058e-008,0.000662919
,,,-1.90058e-008,0.000441946
,,,-1.86058e-008,0.000220973
,,,-1.82058e-008,0.000220973
,,,-1.78058e-008,0
,,,-1.74058e-008,0.000883892
,,,-1.70058e-008,0.000662919
,,,-1.66058e-008,0.000441946
,,,-1.62058e-008,0.000220973
,,,-1.58058e-008,0.000662919
,,,-1.54058e-008,0.000662919
,,,-1.50058e-008,0.00110486
,,,-1.46058e-008,-0.000220973
,,,-1.42058e-008,-0.000441946
,,,-1.38058e-008,0.000441946
,,,-1.34058e-008,0
,,,-1.30058e-008,-0.000220973
,,,-1.26058e-008,-0.000220973
,,,-1.22058e-008,0.000441946
,,,-1.18058e-008,0.000662919
,,,-1.14058e-008,0.00110486
,,,-1.10058e-008,0.000441946
,,,-1.06058e-008,0.000662919
,,,-1.02058e-008,0.000883892
,,,-9.80576e-009,0.000883892
,,,-9.40576e-009,-0.000220973
,,,-9.00576e-009,0.000220973
,,,-8.60576e-009,0.000441946
,,,-8.20576e-009,0.000441946
,,,-7.80576e-009,0.000220973
,,,-7.40576e-009,0.000220973
,,,-7.00576e-009,0.000220973
,,,-6.60576e-009,0
,,,-6.20576e-009,0
,,,-5.80576e-009,-0.000220973
,,,-5.40576e-009,0.000220973
,,,-5.00576e-009,0
,,,-4.60576e-009,0.000441946
,,,-4.20576e-009,0.000220973
,,,-3.80576e-009,0.000220973
,,,-3.40576e-009,-0.000220973
,,,-3.00576e-009,0.000662919
,,,-2.60576e-009,0
,,,-2.20576e-009,0.000662919
,,,-1.80576e-009,-0.000220973
,,,-1.40576e-009,-0.000441946
,,,-1.00576e-009,0.000662919
,,,-6.0576e-010,0.000662919
,,,-2.0576e-010,-0.000220973
,,,1.9424e-010,0.000662919
,,,5.9424e-010,-0.000220973
,,,9.9424e-010,0.000441946
,,,1.39424e-009,0.000441946
,,,1.79424e-009,0.00110486
,,,2.19424e-009,-0.000441946
,,,2.59424e-009,0.000441946
,,,2.99424e-009,0
,,,3.39424e-009,0.000220973
,,,3.79424e-009,0
,,,4.19424e-009,0
,,,4.59424e-009,-0.000220973
,,,4.99424e-009,0
,,,5.39424e-009,0.000662919
,,,5.79424e-009,0.000220973
,,,6.19424e-009,0
,,,6.59424e-009,0.000662919
,,,6.99424e-009,0.000441946
,,,7.39424e-009,-0.000441946
,,,7.79424e-009,0
,,,8.19424e-009,0.00132584
,,,8.59424e-009,0.000662919
,,,8.99424e-009,0.000883892
,,,9.39424e-009,0.000441946
,,,9.79424e-009,0
,,,1.01942e-008,0.000441946
,,,1.05942e-008,0
,,,1.09942e-008,0.000220973
,,,1.13942e-008,0.000662919
,,,1.17942e-008,-0.000220973
,,,1.21942e-008,-0.000662919
,,,1.25942e-008,0.000662919
,,,1.29942e-008,-0.000220973
,,,1.33942e-008,0.000441946
,,,1.37942e-008,0.000883892
,,,1.41942e-008,0.000441946
,,,1.45942e-008,-0.000441946
,,,1.49942e-008,0.00110486
,,,1.53942e-008,0.000662919
,,,1.57942e-008,0.000220973
,,,1.61942e-008,0.000662919
,,,1.65942e-008,0.000441946
,,,1.69942e-008,0.000220973
,,,1.73942e-008,0.000220973
,,,1.77942e-008,0.000883892
,,,1.81942e-008,0.000441946
,,,1.85942e-008,0.000220973
,,,1.89942e-008,0.000441946
,,,1.93942e-008,0.000220973
,,,1.97942e-008,-0.000220973
,,,2.01942e-008,0
,,,2.05942e-008,-0.000220973
,,,2.09942e-008,0.000220973
,,,2.13942e-008,0.000883892
,,,2.17942e-008,0.000220973
,,,2.21942e-008,0.000662919
,,,2.25942e-008,0.000441946
,,,2.29942e-008,0.000441946
,,,2.33942e-008,0.000220973
,,,2.37942e-008,0.000220973
,,,2.41942e-008,0.000220973
,,,2.45942e-008,0.000220973
,,,2.49942e-008,0.000220973
,,,2.53942e-008,0
,,,2.57942e-008,-0.000220973
,,,2.61942e-008,0.000662919
,,,2.65942e-008,0.000662919
,,,2.69942e-008,0.00110486
,,,2.73942e-008,0.000220973
,,,2.77942e-008,0
,,,2.81942e-008,-0.000220973
,,,2.85942e-008,-0.000220973
,,,2.89942e-008,0
,,,2.93942e-008,0.000441946
,,,2.97942e-008,0.000220973
,,,3.01942e-008,0.000662919
,,,3.05942e-008,0.000220973
,,,3.09942e-008,0
,,,3.13942e-008,0
,,,3.17942e-008,0.000662919
,,,3.21942e-008,0.000662919
,,,3.25942e-008,0.000220973
,,,3.29942e-008,0.000220973
,,,3.33942e-008,0
,,,3.37942e-008,0.000441946
,,,3.41942e-008,0.00110486
,,,3.45942e-008,0.000662919
,,,3.49942e-008,-0.000662919
,,,3.53942e-008,0.000220973
,,,3.57942e-008,0.000441946
,,,3.61942e-008,0.000220973
,,,3.65942e-008,0.000220973
,,,3.69942e-008,0.000441946
,,,3.73942e-008,0.00110486
,,,3.77942e-008,0.00110486
,,,3.81942e-008,0
,,,3.85942e-008,0.000220973
,,,3.89942e-008,0.000441946
,,,3.93942e-008,0.000883892
,,,3.97942e-008,0
,,,4.01942e-008,0.000662919
,,,4.05942e-008,0.000220973
,,,4.09942e-008,0
,,,4.13942e-008,0.000662919
,,,4.17942e-008,0
,,,4.21942e-008,0.000220973
,,,4.25942e-008,-0.000662919
,,,4.29942e-008,0
,,,4.33942e-008,0
,,,4.37942e-008,0.000883892
,,,4.41942e-008,0.000441946
,,,4.45942e-008,0.000220973
,,,4.49942e-008,0.000662919
,,,4.53942e-008,0.000441946
,,,4.57942e-008,0.000220973
,,,4.61942e-008,0.000662919
,,,4.65942e-008,-0.000220973
,,,4.69942e-008,0.000220973
,,,4.73942e-008,0.000662919
,,,4.77942e-008,-0.000220973
,,,4.81942e-008,0.000662919
,,,4.85942e-008,0.000883892
,,,4.89942e-008,0.000441946
,,,4.93942e-008,-0.000220973
,,,4.97942e-008,0.000662919
,,,5.01942e-008,0.000220973
,,,5.05942e-008,0.000220973
,,,5.09942e-008,-0.000220973
,,,5.13942e-008,0.000441946
,,,5.17942e-008,-0.000220973
,,,5.21942e-008,0
,,,5.25942e-008,0.000662919
,,,5.29942e-008,0.000662919
,,,5.33942e-008,0.00110486
,,,5.37942e-008,0.000441946
,,,5.41942e-008,0.000220973
,,,5.45942e-008,-0.000441946
,,,5.49942e-008,0.000441946
,,,5.53942e-008,0.000220973
,,,5.57942e-008,0.000220973
,,,5.61942e-008,0.000883892
,,,5.65942e-008,0.000441946
,,,5.69942e-008,0.00132584
,,,5.73942e-008,0.000662919
,,,5.77942e-008,0.000441946
,,,5.81942e-008,0.000883892
,,,5.85942e-008,0
,,,5.89942e-008,0.000441946
,,,5.93942e-008,0
,,,5.97942e-008,-0.000662919
,,,6.01942e-008,-0.000662919
,,,6.05942e-008,-0.000220973
,,,6.09942e-008,0.000220973
,,,6.13942e-008,0.000883892
,,,6.17942e-008,0.000662919
,,,6.21942e-008,0.000441946
,,,6.25942e-008,0.000662919
,,,6.29942e-008,0.000220973
,,,6.33942e-008,0.000441946
,,,6.37942e-008,0.000220973
,,,6.41942e-008,0.000441946
,,,6.45942e-008,0.000220973
,,,6.49942e-008,0.000441946
,,,6.53942e-008,0.000883892
,,,6.57942e-008,0
,,,6.61942e-008,-0.000220973
,,,6.65942e-008,0.000662919
,,,6.69942e-008,0.000441946
,,,6.73942e-008,0.000441946
,,,6.77942e-008,0.000441946
,,,6.81942e-008,-0.000220973
,,,6.85942e-008,0
,,,6.89942e-008,0.000441946
,,,6.93942e-008,0.000441946
,,,6.97942e-008,0.000441946
,,,7.01942e-008,0.000441946
,,,7.05942e-008,0.000662919
,,,7.09942e-008,0.000883892
,,,7.13942e-008,0.000441946
,,,7.17942e-008,0.000441946
,,,7.21942e-008,0.000441946
,,,7.25942e-008,0.000883892
,,,7.29942e-008,-0.000220973
,,,7.33942e-008,0.000883892
,,,7.37942e-008,-0.000220973
,,,7.41942e-008,0.000220973
,,,7.45942e-008,0.000220973
,,,7.49942e-008,0.000441946
,,,7.53942e-008,0.000441946
,,,7.57942e-008,-0.000220973
,,,7.61942e-008,0.000220973
,,,7.65942e-008,0
,,,7.69942e-008,0.000441946
,,,7.73942e-008,0.000220973
,,,7.77942e-008,0
,,,7.81942e-008,0.000441946
,,,7.85942e-008,0
,,,7.89942e-008,0.000883892
,,,7.93942e-008,0
,,,7.97942e-008,0.000662919
,,,8.01942e-008,0.000662919
,,,8.05942e-008,0.000883892
,,,8.09942e-008,0.00110486
,,,8.13942e-008,0.000662919
,,,8.17942e-008,0
,,,8.21942e-008,0.000883892
,,,8.25942e-008,0
,,,8.29942e-008,0.000220973
,,,8.33942e-008,0.000662919
,,,8.37942e-008,-0.000220973
,,,8.41942e-008,0.000220973
,,,8.45942e-008,0.000662919
,,,8.49942e-008,-0.000220973
,,,8.53942e-008,0.000662919
,,,8.57942e-008,0.000441946
,,,8.61942e-008,0.000220973
,,,8.65942e-008,0.000662919
,,,8.69942e-008,0.00132584
,,,8.73942e-008,-0.000220973
,,,8.77942e-008,-0.000220973
,,,8.81942e-008,0.000883892
,,,8.85942e-008,0.00176778
,,,8.89942e-008,0.000883892
,,,8.93942e-008,0.000662919
,,,8.97942e-008,-0.000220973
,,,9.01942e-008,0.000220973
,,,9.05942e-008,0
,,,9.09942e-008,0
,,,9.13942e-008,0.000662919
,,,9.17942e-008,-0.00110486
,,,9.21942e-008,-0.000220973
,,,9.25942e-008,0.000662919
,,,9.29942e-008,0.00198876
,,,9.33942e-008,0.000883892
,,,9.37942e-008,0.00132584
,,,9.41942e-008,0.0024307
,,,9.45942e-008,0.00265168
,,,9.49942e-008,0.00309362
,,,9.53942e-008,0.00441946
,,,9.57942e-008,0.00486141
,,,9.61942e-008,0.00662919
,,,9.65942e-008,0.00729211
,,,9.69942e-008,0.00795503
,,,9.73942e-008,0.00972281
,,,9.77942e-008,0.0103857
,,,9.81942e-008,0.0117116
,,,9.85942e-008,0.0130374
,,,9.89942e-008,0.0132584
,,,9.93942e-008,0.0139213
,,,9.97942e-008,0.0148052
,,,1.00194e-007,0.0150262
,,,1.00594e-007,0.016352
,,,1.00994e-007,0.0156891
,,,1.01394e-007,0.016131
,,,1.01794e-007,0.0172359
,,,1.02194e-007,0.0174569
,,,1.02594e-007,0.0170149
,,,1.02994e-007,0.0181198
,,,1.03394e-007,0.0181198
,,,1.03794e-007,0.0176778
,,,1.04194e-007,0.0176778
,,,1.04594e-007,0.0181198
,,,1.04994e-007,0.0176778
,,,1.05394e-007,0.0172359
,,,1.05794e-007,0.0176778
,,,1.06194e-007,0.0167939
,,,1.06594e-007,0.0176778
,,,1.06994e-007,0.0172359
,,,1.07394e-007,0.0176778
,,,1.07794e-007,0.0181198
,,,1.08194e-007,0.0174569
,,,1.08594e-007,0.0172359
,,,1.08994e-007,0.0176778
,,,1.09394e-007,0.0185617
,,,1.09794e-007,0.0192246
,,,1.10194e-007,0.0181198
,,,1.10594e-007,0.0183408
,,,1.10994e-007,0.0181198
,,,1.11394e-007,0.0178988
,,,1.11794e-007,0.0181198
,,,1.12194e-007,0.0185617
,,,1.12594e-007,0.0183408
,,,1.12994e-007,0.0183408
,,,1.13394e-007,0.0183408
,,,1.13794e-007,0.0176778
,,,1.14194e-007,0.0178988
,,,1.14594e-007,0.0185617
,,,1.14994e-007,0.0178988
,,,1.15394e-007,0.0176778
,,,1.15794e-007,0.0181198
,,,1.16194e-007,0.0172359
,,,1.16594e-007,0.0178988
,,,1.16994e-007,0.0178988
,,,1.17394e-007,0.0174569
,,,1.17794e-007,0.0176778
,,,1.18194e-007,0.0183408
,,,1.18594e-007,0.0181198
,,,1.18994e-007,0.0183408
,,,1.19394e-007,0.0178988
,,,1.19794e-007,0.0178988
,,,1.20194e-007,0.0185617
,,,1.20594e-007,0.0185617
,,,1.20994e-007,0.0194456
,,,1.21394e-007,0.0185617
,,,1.21794e-007,0.0187827
,,,1.22194e-007,0.0183408
,,,1.22594e-007,0.0185617
,,,1.22994e-007,0.0190037
,,,1.23394e-007,0.0194456
,,,1.23794e-007,0.0201085
,,,1.24194e-007,0.0203295
,,,1.24594e-007,0.0198876
,,,1.24994e-007,0.0207715
,,,1.25394e-007,0.0209924
,,,1.25794e-007,0.0214344
,,,1.26194e-007,0.0214344
,,,1.26594e-007,0.0207715
,,,1.26994e-007,0.0209924
,,,1.27394e-007,0.0209924
,,,1.27794e-007,0.0205505
,,,1.28194e-007,0.0198876
,,,1.28594e-007,0.0196666
,,,1.28994e-007,0.0194456
,,,1.29394e-007,0.0196666
,,,1.29794e-007,0.0187827
,,,1.30194e-007,0.0181198
,,,1.30594e-007,0.0176778
,,,1.30994e-007,0.0178988
,,,1.31394e-007,0.0181198
,,,1.31794e-007,0.0181198
,,,1.32194e-007,0.0178988
,,,1.32594e-007,0.0172359
,,,1.32994e-007,0.0178988
,,,1.33394e-007,0.0172359
,,,1.33794e-007,0.0170149
,,,1.34194e-007,0.0167939
,,,1.34594e-007,0.0172359
,,,1.34994e-007,0.0170149
,,,1.35394e-007,0.0167939
,,,1.35794e-007,0.016131
,,,1.36194e-007,0.0174569
,,,1.36594e-007,0.0172359
,,,1.36994e-007,0.016131
,,,1.37394e-007,0.016131
,,,1.37794e-007,0.016573
,,,1.38194e-007,0.0174569
,,,1.38594e-007,0.016352
,,,1.38994e-007,0.0154681
,,,1.39394e-007,0.016352
,,,1.39794e-007,0.0159101
,,,1.40194e-007,0.0159101
,,,1.40594e-007,0.016131
,,,1.40994e-007,0.016573
,,,1.41394e-007,0.016573
,,,1.41794e-007,0.016131
,,,1.42194e-007,0.0152471
,,,1.42594e-007,0.0159101
,,,1.42994e-007,0.0156891
,,,1.43394e-007,0.0154681
,,,1.43794e-007,0.0156891
,,,1.44194e-007,0.0154681
,,,1.44594e-007,0.0159101
,,,1.44994e-007,0.0150262
,,,1.45394e-007,0.0150262
,,,1.45794e-007,0.0139213
,,,1.46194e-007,0.0148052
,,,1.46594e-007,0.0150262
,,,1.46994e-007,0.0148052
,,,1.47394e-007,0.0148052
,,,1.47794e-007,0.0145842
,,,1.48194e-007,0.0141423
,,,1.48594e-007,0.0145842
,,,1.48994e-007,0.0145842
,,,1.49394e-007,0.0150262
,,,1.49794e-007,0.0141423
,,,1.50194e-007,0.0137003
,,,1.50594e-007,0.0148052
,,,1.50994e-007,0.0150262
,,,1.51394e-007,0.0148052
,,,1.51794e-007,0.0148052
,,,1.52194e-007,0.0148052
,,,1.52594e-007,0.0148052
,,,1.52994e-007,0.0145842
,,,1.53394e-007,0.0145842
,,,1.53794e-007,0.0137003
,,,1.54194e-007,0.0139213
,,,1.54594e-007,0.0137003
,,,1.54994e-007,0.0134794
,,,1.55394e-007,0.0134794
,,,1.55794e-007,0.0132584
,,,1.56194e-007,0.0125955
,,,1.56594e-007,0.0125955
,,,1.56994e-007,0.0125955
,,,1.57394e-007,0.0119325
,,,1.57794e-007,0.0121535
,,,1.58194e-007,0.0121535
,,,1.58594e-007,0.0110486
,,,1.58994e-007,0.0121535
,,,1.59394e-007,0.0119325
,,,1.59794e-007,0.0128164
,,,1.60194e-007,0.0121535
,,,1.60594e-007,0.0125955
,,,1.60994e-007,0.0119325
,,,1.61394e-007,0.0123745
,,,1.61794e-007,0.0128164
,,,1.62194e-007,0.0117116
,,,1.62594e-007,0.0123745
,,,1.62994e-007,0.0117116
,,,1.63394e-007,0.0119325
,,,1.63794e-007,0.0121535
,,,1.64194e-007,0.0117116
,,,1.64594e-007,0.0119325
,,,1.64994e-007,0.0132584
,,,1.65394e-007,0.0134794
,,,1.65794e-007,0.0121535
,,,1.66194e-007,0.0125955
,,,1.66594e-007,0.0123745
,,,1.66994e-007,0.0125955
,,,1.67394e-007,0.0128164
,,,1.67794e-007,0.0119325
,,,1.68194e-007,0.0123745
,,,1.68594e-007,0.0125955
,,,1.68994e-007,0.0117116
,,,1.69394e-007,0.0130374
,,,1.69794e-007,0.0125955
,,,1.70194e-007,0.0123745
,,,1.70594e-007,0.0121535
,,,1.70994e-007,0.0121535
,,,1.71394e-007,0.0125955
,,,1.71794e-007,0.0123745
,,,1.72194e-007,0.0128164
,,,1.72594e-007,0.0132584
,,,1.72994e-007,0.0117116
,,,1.73394e-007,0.0125955
,,,1.73794e-007,0.0125955
,,,1.74194e-007,0.0134794
,,,1.74594e-007,0.0128164
,,,1.74994e-007,0.0128164
,,,1.75394e-007,0.0125955
,,,1.75794e-007,0.0125955
,,,1.76194e-007,0.0121535
,,,1.76594e-007,0.0121535
,,,1.76994e-007,0.0121535
,,,1.77394e-007,0.0128164
,,,1.77794e-007,0.0123745
,,,1.78194e-007,0.0123745
,,,1.78594e-007,0.0130374
,,,1.78994e-007,0.0130374
,,,1.79394e-007,0.0128164
,,,1.79794e-007,0.0132584
,,,1.80194e-007,0.0125955
,,,1.80594e-007,0.0130374
,,,1.80994e-007,0.0128164
,,,1.81394e-007,0.0121535
,,,1.81794e-007,0.0125955
,,,1.82194e-007,0.0125955
,,,1.82594e-007,0.0121535
,,,1.82994e-007,0.0125955
,,,1.83394e-007,0.0125955
,,,1.83794e-007,0.0121535
,,,1.84194e-007,0.0114906
,,,1.84594e-007,0.0125955
,,,1.84994e-007,0.0128164
,,,1.85394e-007,0.0128164
,,,1.85794e-007,0.0121535
,,,1.86194e-007,0.0130374
,,,1.86594e-007,0.0123745
,,,1.86994e-007,0.0130374
,,,1.87394e-007,0.0125955
,,,1.87794e-007,0.0128164
,,,1.88194e-007,0.0132584
,,,1.88594e-007,0.0134794
,,,1.88994e-007,0.0132584
,,,1.89394e-007,0.0130374
,,,1.89794e-007,0.0132584
,,,1.90194e-007,0.0139213
,,,1.90594e-007,0.0137003
,,,1.90994e-007,0.0134794
,,,1.91394e-007,0.0132584
,,,1.91794e-007,0.0134794
,,,1.92194e-007,0.0132584
,,,1.92594e-007,0.0134794
,,,1.92994e-007,0.0134794
,,,1.93394e-007,0.0137003
,,,1.93794e-007,0.0145842
,,,1.94194e-007,0.0139213
,,,1.94594e-007,0.0137003
,,,1.94994e-007,0.0134794
,,,1.95394e-007,0.0125955
,,,1.95794e-007,0.0123745
,,,1.96194e-007,0.0132584
,,,1.96594e-007,0.0141423
,,,1.96994e-007,0.0128164
,,,1.97394e-007,0.0132584
,,,1.97794e-007,0.0134794
,,,1.98194e-007,0.0132584
,,,1.98594e-007,0.0132584
,,,1.98994e-007,0.0139213
,,,1.99394e-007,0.0134794
,,,1.99794e-007,0.0128164
,,,2.00194e-007,0.0130374
,,,2.00594e-007,0.0132584
,,,2.00994e-007,0.0132584
,,,2.01394e-007,0.0134794
,,,2.01794e-007,0.0119325
,,,2.02194e-007,0.0128164
,,,2.02594e-007,0.0123745
,,,2.02994e-007,0.0117116
,,,2.03394e-007,0.0117116
,,,2.03794e-007,0.0121535
,,,2.04194e-007,0.0114906
,,,2.04594e-007,0.0119325
,,,2.04994e-007,0.0114906
,,,2.05394e-007,0.0108277
,,,2.05794e-007,0.0119325
,,,2.06194e-007,0.0112696
,,,2.06594e-007,0.0112696
,,,2.06994e-007,0.0106067
,,,2.07394e-007,0.0101648
,,,2.07794e-007,0.00972281
,,,2.08194e-007,0.0103857
,,,2.08594e-007,0.00972281
,,,2.08994e-007,0.00928087
,,,2.09394e-007,0.00883892
,,,2.09794e-007,0.00839697
,,,2.10194e-007,0.00795503
,,,2.10594e-007,0.008176
,,,2.10994e-007,0.00751308
,,,2.11394e-007,0.00707114
,,,2.11794e-007,0.00618724
,,,2.12194e-007,0.00685016
,,,2.12594e-007,0.00618724
,,,2.12994e-007,0.00508238
,,,2.13394e-007,0.00441946
,,,2.13794e-007,0.00464043
,,,2.14194e-007,0.00486141
,,,2.14594e-007,0.00375654
,,,2.14994e-007,0.00464043
,,,2.15394e-007,0.00441946
,,,2.15794e-007,0.00353557
,,,2.16194e-007,0.00441946
,,,2.16594e-007,0.00375654
,,,2.16994e-007,0.00309362
,,,2.17394e-007,0.00331459
,,,2.17794e-007,0.00309362
,,,2.18194e-007,0.00220973
,,,2.18594e-007,0.00287265
,,,2.18994e-007,0.0024307
,,,2.19394e-007,0.00198876
,,,2.19794e-007,0.00176778
,,,2.20194e-007,0.0024307
,,,2.20594e-007,0.00176778
,,,2.20994e-007,0.00154681
,,,2.21394e-007,0.00198876
,,,2.21794e-007,0.00220973
,,,2.22194e-007,0.00287265
,,,2.22594e-007,0.00110486
,,,2.22994e-007,0.00154681
,,,2.23394e-007,0.000883892
,,,2.23794e-007,0.00198876
,,,2.24194e-007,0.00110486
,,,2.24594e-007,0.00132584
,,,2.24994e-007,0.00198876
,,,2.25394e-007,0.000883892
,,,2.25794e-007,0.000662919
,,,2.26194e-007,0.00220973
,,,2.26594e-007,0.00176778
,,,2.26994e-007,0.00132584
,,,2.27394e-007,0.000883892
,,,2.27794e-007,0.000441946
,,,2.28194e-007,0.000441946
,,,2.28594e-007,0.00154681
,,,2.28994e-007,0.00132584
,,,2.29394e-007,0.00110486
,,,2.29794e-007,0.00198876
,,,2.30194e-007,0.00132584
,,,2.30594e-007,0.00132584
,,,2.30994e-007,0.000883892
,,,2.31394e-007,0.00154681
,,,2.31794e-007,0.00110486
,,,2.32194e-007,0.00132584
,,,2.32594e-007,0.000441946
,,,2.32994e-007,0.000220973
,,,2.33394e-007,0.00110486
,,,2.33794e-007,0
,,,2.34194e-007,0.000441946
,,,2.34594e-007,-0.000220973
,,,2.34994e-007,0.000220973
,,,2.35394e-007,0.000662919
,,,2.35794e-007,0.000220973
,,,2.36194e-007,0.000220973
,,,2.36594e-007,0.000220973
,,,2.36994e-007,0
,,,2.37394e-007,-0.000441946
,,,2.37794e-007,0.000220973
,,,2.38194e-007,0
,,,2.38594e-007,-0.000220973
,,,2.38994e-007,0.000220973
,,,2.39394e-007,-0.000220973
,,,2.39794e-007,-0.000883892
,,,2.40194e-007,-0.000441946
,,,2.40594e-007,0.000220973
,,,2.40994e-007,0
,,,2.41394e-007,0
,,,2.41794e-007,-0.000662919
,,,2.42194e-007,0
,,,2.42594e-007,-0.000441946
,,,2.42994e-007,-0.000662919
,,,2.43394e-007,-0.000441946
,,,2.43794e-007,-0.000220973
,,,2.44194e-007,0.000220973
,,,2.44594e-007,-0.000220973
,,,2.44994e-007,-0.000220973
,,,2.45394e-007,0.000662919
,,,2.45794e-007,-0.000441946
,,,2.46194e-007,0.000220973
,,,2.46594e-007,0
,,,2.46994e-007,-0.000220973
,,,2.47394e-007,-0.000220973
,,,2.47794e-007,0
,,,2.48194e-007,0.000441946
,,,2.48594e-007,0
,,,2.48994e-007,0.000662919
,,,2.49394e-007,0.000220973
,,,2.49794e-007,0.000441946
,,,2.50194e-007,0.000441946
