"Record Length",1252,"Points",-2.50229e-007,0.000441946
"Sample Interval",4e-010,s,-2.49829e-007,0.000220973
"Trigger Point",625,"Samples",-2.49429e-007,-0.000441946
"Trigger Time",0.571523,s,-2.49029e-007,0.000441946
,,,-2.48629e-007,-0.000220973
"Horizontal Offset",-2.50229e-007,s,-2.48229e-007,-0.000220973
,,,-2.47829e-007,0
,,,-2.47429e-007,0.000441946
,,,-2.47029e-007,0.000883892
,,,-2.46629e-007,0.000662919
,,,-2.46229e-007,0.000662919
,,,-2.45829e-007,0.000220973
,,,-2.45429e-007,0.000662919
,,,-2.45029e-007,0.000220973
,,,-2.44629e-007,-0.000220973
,,,-2.44229e-007,0.000220973
,,,-2.43829e-007,0.00154681
,,,-2.43429e-007,0.000662919
,,,-2.43029e-007,0.000883892
,,,-2.42629e-007,0.000220973
,,,-2.42229e-007,-0.000220973
,,,-2.41829e-007,-0.000220973
,,,-2.41429e-007,0
,,,-2.41029e-007,0.000883892
,,,-2.40629e-007,0.000441946
,,,-2.40229e-007,0
,,,-2.39829e-007,0.000441946
,,,-2.39429e-007,0.000220973
,,,-2.39029e-007,0.00132584
,,,-2.38629e-007,0
,,,-2.38229e-007,0.000662919
,,,-2.37829e-007,0
,,,-2.37429e-007,0.000662919
,,,-2.37029e-007,0.000220973
,,,-2.36629e-007,0.000441946
,,,-2.36229e-007,0.000220973
,,,-2.35829e-007,0.000220973
,,,-2.35429e-007,0.000220973
,,,-2.35029e-007,0.000441946
,,,-2.34629e-007,0
,,,-2.34229e-007,0.000883892
,,,-2.33829e-007,-0.000220973
,,,-2.33429e-007,-0.000662919
,,,-2.33029e-007,0
,,,-2.32629e-007,0
,,,-2.32229e-007,-0.000220973
,,,-2.31829e-007,0.00110486
,,,-2.31429e-007,0
,,,-2.31029e-007,-0.000441946
,,,-2.30629e-007,0.000441946
,,,-2.30229e-007,0.000441946
,,,-2.29829e-007,0.000883892
,,,-2.29429e-007,0.000441946
,,,-2.29029e-007,0.000662919
,,,-2.28629e-007,0.000662919
,,,-2.28229e-007,0.000441946
,,,-2.27829e-007,0.000883892
,,,-2.27429e-007,0.000662919
,,,-2.27029e-007,0
,,,-2.26629e-007,0.000441946
,,,-2.26229e-007,0.000441946
,,,-2.25829e-007,0.000220973
,,,-2.25429e-007,-0.000441946
,,,-2.25029e-007,-0.000441946
,,,-2.24629e-007,0.000220973
,,,-2.24229e-007,-0.000220973
,,,-2.23829e-007,0
,,,-2.23429e-007,-0.000441946
,,,-2.23029e-007,0.000220973
,,,-2.22629e-007,0
,,,-2.22229e-007,0.000662919
,,,-2.21829e-007,0.000220973
,,,-2.21429e-007,0.000662919
,,,-2.21029e-007,0.000662919
,,,-2.20629e-007,-0.000220973
,,,-2.20229e-007,-0.000441946
,,,-2.19829e-007,-0.000220973
,,,-2.19429e-007,0
,,,-2.19029e-007,0.00110486
,,,-2.18629e-007,0
,,,-2.18229e-007,0
,,,-2.17829e-007,0
,,,-2.17429e-007,0.000662919
,,,-2.17029e-007,0.000220973
,,,-2.16629e-007,0
,,,-2.16229e-007,0.000220973
,,,-2.15829e-007,-0.000662919
,,,-2.15429e-007,-0.000220973
,,,-2.15029e-007,0.000662919
,,,-2.14629e-007,0.000662919
,,,-2.14229e-007,0.000220973
,,,-2.13829e-007,-0.000441946
,,,-2.13429e-007,0.000662919
,,,-2.13029e-007,-0.000441946
,,,-2.12629e-007,0.000441946
,,,-2.12229e-007,0.000662919
,,,-2.11829e-007,0
,,,-2.11429e-007,0.000441946
,,,-2.11029e-007,0
,,,-2.10629e-007,0
,,,-2.10229e-007,0.000662919
,,,-2.09829e-007,-0.000220973
,,,-2.09429e-007,-0.000220973
,,,-2.09029e-007,0.000441946
,,,-2.08629e-007,0
,,,-2.08229e-007,0.000441946
,,,-2.07829e-007,0.000220973
,,,-2.07429e-007,0
,,,-2.07029e-007,0.000220973
,,,-2.06629e-007,0.000441946
,,,-2.06229e-007,0.000441946
,,,-2.05829e-007,-0.000662919
,,,-2.05429e-007,0.000441946
,,,-2.05029e-007,0
,,,-2.04629e-007,0.000883892
,,,-2.04229e-007,0.000441946
,,,-2.03829e-007,0.000220973
,,,-2.03429e-007,-0.000441946
,,,-2.03029e-007,0.000441946
,,,-2.02629e-007,-0.000441946
,,,-2.02229e-007,0
,,,-2.01829e-007,-0.000441946
,,,-2.01429e-007,-0.000662919
,,,-2.01029e-007,-0.000662919
,,,-2.00629e-007,0.000220973
,,,-2.00229e-007,-0.000220973
,,,-1.99829e-007,0
,,,-1.99429e-007,0.000220973
,,,-1.99029e-007,-0.000220973
,,,-1.98629e-007,-0.000441946
,,,-1.98229e-007,-0.000220973
,,,-1.97829e-007,0.000220973
,,,-1.97429e-007,0
,,,-1.97029e-007,0.000441946
,,,-1.96629e-007,0.000441946
,,,-1.96229e-007,-0.000220973
,,,-1.95829e-007,0.000220973
,,,-1.95429e-007,-0.000220973
,,,-1.95029e-007,0.000441946
,,,-1.94629e-007,-0.000220973
,,,-1.94229e-007,-0.000441946
,,,-1.93829e-007,0
,,,-1.93429e-007,-0.000220973
,,,-1.93029e-007,0.000220973
,,,-1.92629e-007,0.000441946
,,,-1.92229e-007,0
,,,-1.91829e-007,0.000220973
,,,-1.91429e-007,0.000220973
,,,-1.91029e-007,0.000662919
,,,-1.90629e-007,0.000883892
,,,-1.90229e-007,0.000441946
,,,-1.89829e-007,-0.000220973
,,,-1.89429e-007,0.000441946
,,,-1.89029e-007,0.000441946
,,,-1.88629e-007,-0.000220973
,,,-1.88229e-007,0
,,,-1.87829e-007,0
,,,-1.87429e-007,0
,,,-1.87029e-007,0.000220973
,,,-1.86629e-007,0.000220973
,,,-1.86229e-007,0.000441946
,,,-1.85829e-007,0.000441946
,,,-1.85429e-007,-0.000220973
,,,-1.85029e-007,0.000441946
,,,-1.84629e-007,0
,,,-1.84229e-007,0
,,,-1.83829e-007,0.000441946
,,,-1.83429e-007,0
,,,-1.83029e-007,0
,,,-1.82629e-007,-0.000220973
,,,-1.82229e-007,-0.000441946
,,,-1.81829e-007,0.000220973
,,,-1.81429e-007,-0.000220973
,,,-1.81029e-007,0.000220973
,,,-1.80629e-007,0.000220973
,,,-1.80229e-007,-0.000220973
,,,-1.79829e-007,0.000441946
,,,-1.79429e-007,0.000220973
,,,-1.79029e-007,0.000662919
,,,-1.78629e-007,0
,,,-1.78229e-007,0
,,,-1.77829e-007,0
,,,-1.77429e-007,0
,,,-1.77029e-007,0.000662919
,,,-1.76629e-007,0.000883892
,,,-1.76229e-007,0.000441946
,,,-1.75829e-007,-0.000220973
,,,-1.75429e-007,-0.000220973
,,,-1.75029e-007,0
,,,-1.74629e-007,0.000220973
,,,-1.74229e-007,0.000441946
,,,-1.73829e-007,0
,,,-1.73429e-007,0.000662919
,,,-1.73029e-007,0.000883892
,,,-1.72629e-007,0.000220973
,,,-1.72229e-007,-0.000220973
,,,-1.71829e-007,-0.000220973
,,,-1.71429e-007,0.000441946
,,,-1.71029e-007,0.000662919
,,,-1.70629e-007,0
,,,-1.70229e-007,0.000441946
,,,-1.69829e-007,0
,,,-1.69429e-007,0.000441946
,,,-1.69029e-007,0
,,,-1.68629e-007,0.000883892
,,,-1.68229e-007,0.000441946
,,,-1.67829e-007,-0.000441946
,,,-1.67429e-007,-0.000220973
,,,-1.67029e-007,0
,,,-1.66629e-007,0.000662919
,,,-1.66229e-007,0.000441946
,,,-1.65829e-007,0
,,,-1.65429e-007,0
,,,-1.65029e-007,0
,,,-1.64629e-007,0.000220973
,,,-1.64229e-007,0.000220973
,,,-1.63829e-007,0.000662919
,,,-1.63429e-007,0.000441946
,,,-1.63029e-007,0.000220973
,,,-1.62629e-007,0
,,,-1.62229e-007,0.000220973
,,,-1.61829e-007,0.000220973
,,,-1.61429e-007,-0.000220973
,,,-1.61029e-007,0.000441946
,,,-1.60629e-007,0.000220973
,,,-1.60229e-007,0.000220973
,,,-1.59829e-007,0
,,,-1.59429e-007,-0.000220973
,,,-1.59029e-007,0.000441946
,,,-1.58629e-007,0.000662919
,,,-1.58229e-007,-0.000441946
,,,-1.57829e-007,0.000220973
,,,-1.57429e-007,0
,,,-1.57029e-007,0
,,,-1.56629e-007,0.000220973
,,,-1.56229e-007,0.000220973
,,,-1.55829e-007,0
,,,-1.55429e-007,0
,,,-1.55029e-007,-0.000220973
,,,-1.54629e-007,-0.000441946
,,,-1.54229e-007,0.000441946
,,,-1.53829e-007,0.000220973
,,,-1.53429e-007,0.00132584
,,,-1.53029e-007,0
,,,-1.52629e-007,0.000220973
,,,-1.52229e-007,-0.000441946
,,,-1.51829e-007,-0.000441946
,,,-1.51429e-007,0.000441946
,,,-1.51029e-007,0
,,,-1.50629e-007,0.000441946
,,,-1.50229e-007,-0.000441946
,,,-1.49829e-007,-0.000441946
,,,-1.49429e-007,0.000441946
,,,-1.49029e-007,0.000220973
,,,-1.48629e-007,-0.000662919
,,,-1.48229e-007,0.000220973
,,,-1.47829e-007,0.000441946
,,,-1.47429e-007,0
,,,-1.47029e-007,0.000220973
,,,-1.46629e-007,0
,,,-1.46229e-007,-0.000220973
,,,-1.45829e-007,0.000220973
,,,-1.45429e-007,0
,,,-1.45029e-007,0.000662919
,,,-1.44629e-007,-0.000220973
,,,-1.44229e-007,-0.000220973
,,,-1.43829e-007,0
,,,-1.43429e-007,0.000220973
,,,-1.43029e-007,0
,,,-1.42629e-007,0.000220973
,,,-1.42229e-007,-0.000441946
,,,-1.41829e-007,0.000220973
,,,-1.41429e-007,-0.000220973
,,,-1.41029e-007,0
,,,-1.40629e-007,-0.000220973
,,,-1.40229e-007,0.000220973
,,,-1.39829e-007,0
,,,-1.39429e-007,0.000220973
,,,-1.39029e-007,0.000220973
,,,-1.38629e-007,0.000441946
,,,-1.38229e-007,0.000441946
,,,-1.37829e-007,0
,,,-1.37429e-007,0
,,,-1.37029e-007,0
,,,-1.36629e-007,0.000220973
,,,-1.36229e-007,-0.000220973
,,,-1.35829e-007,-0.000220973
,,,-1.35429e-007,0
,,,-1.35029e-007,0.000220973
,,,-1.34629e-007,0.000441946
,,,-1.34229e-007,0.000220973
,,,-1.33829e-007,0.000220973
,,,-1.33429e-007,0.000220973
,,,-1.33029e-007,0.000220973
,,,-1.32629e-007,0.000220973
,,,-1.32229e-007,0.000662919
,,,-1.31829e-007,0.000220973
,,,-1.31429e-007,0
,,,-1.31029e-007,0.000662919
,,,-1.30629e-007,0.000662919
,,,-1.30229e-007,-0.000220973
,,,-1.29829e-007,-0.000441946
,,,-1.29429e-007,0
,,,-1.29029e-007,0
,,,-1.28629e-007,0.000441946
,,,-1.28229e-007,-0.000883892
,,,-1.27829e-007,0
,,,-1.27429e-007,0.00110486
,,,-1.27029e-007,0.000662919
,,,-1.26629e-007,0.000441946
,,,-1.26229e-007,0.000662919
,,,-1.25829e-007,0.000220973
,,,-1.25429e-007,0.000662919
,,,-1.25029e-007,0.000662919
,,,-1.24629e-007,-0.000220973
,,,-1.24229e-007,0.000220973
,,,-1.23829e-007,0.000883892
,,,-1.23429e-007,0
,,,-1.23029e-007,-0.000441946
,,,-1.22629e-007,0.000441946
,,,-1.22229e-007,0
,,,-1.21829e-007,0.000441946
,,,-1.21429e-007,0.000220973
,,,-1.21029e-007,0.000220973
,,,-1.20629e-007,0.000220973
,,,-1.20229e-007,-0.000441946
,,,-1.19829e-007,0.000441946
,,,-1.19429e-007,0.000441946
,,,-1.19029e-007,0.000883892
,,,-1.18629e-007,0.000220973
,,,-1.18229e-007,-0.000220973
,,,-1.17829e-007,0.000220973
,,,-1.17429e-007,0.000662919
,,,-1.17029e-007,0.000220973
,,,-1.16629e-007,0
,,,-1.16229e-007,0.000441946
,,,-1.15829e-007,0.000441946
,,,-1.15429e-007,0.000662919
,,,-1.15029e-007,0.000662919
,,,-1.14629e-007,0.000441946
,,,-1.14229e-007,0.000220973
,,,-1.13829e-007,-0.000220973
,,,-1.13429e-007,-0.000220973
,,,-1.13029e-007,0.000441946
,,,-1.12629e-007,-0.000220973
,,,-1.12229e-007,0.000441946
,,,-1.11829e-007,0
,,,-1.11429e-007,0
,,,-1.11029e-007,0
,,,-1.10629e-007,0.00154681
,,,-1.10229e-007,0
,,,-1.09829e-007,-0.000441946
,,,-1.09429e-007,0.000441946
,,,-1.09029e-007,0.000441946
,,,-1.08629e-007,-0.000220973
,,,-1.08229e-007,-0.000220973
,,,-1.07829e-007,-0.000220973
,,,-1.07429e-007,0.000662919
,,,-1.07029e-007,0.00110486
,,,-1.06629e-007,-0.000220973
,,,-1.06229e-007,0.000662919
,,,-1.05829e-007,0.000220973
,,,-1.05429e-007,-0.000220973
,,,-1.05029e-007,0
,,,-1.04629e-007,0.000441946
,,,-1.04229e-007,0.000220973
,,,-1.03829e-007,0
,,,-1.03429e-007,-0.000220973
,,,-1.03029e-007,0.000441946
,,,-1.02629e-007,0.000441946
,,,-1.02229e-007,0.000883892
,,,-1.01829e-007,0
,,,-1.01429e-007,0.000441946
,,,-1.01029e-007,0.000441946
,,,-1.00629e-007,0.000441946
,,,-1.00229e-007,0
,,,-9.98286e-008,0
,,,-9.94286e-008,0.000441946
,,,-9.90286e-008,0
,,,-9.86286e-008,0.000441946
,,,-9.82286e-008,0.000220973
,,,-9.78286e-008,-0.000220973
,,,-9.74286e-008,0.000220973
,,,-9.70286e-008,0.000220973
,,,-9.66286e-008,0
,,,-9.62286e-008,-0.000883892
,,,-9.58286e-008,-0.000441946
,,,-9.54286e-008,-0.000220973
,,,-9.50286e-008,0.000662919
,,,-9.46286e-008,0.000220973
,,,-9.42286e-008,0.000220973
,,,-9.38286e-008,0
,,,-9.34286e-008,0.000883892
,,,-9.30286e-008,0.000220973
,,,-9.26286e-008,0.000883892
,,,-9.22286e-008,0
,,,-9.18286e-008,0
,,,-9.14286e-008,0.000220973
,,,-9.10286e-008,0
,,,-9.06286e-008,0.000220973
,,,-9.02286e-008,0.000441946
,,,-8.98286e-008,-0.000441946
,,,-8.94286e-008,-0.000441946
,,,-8.90286e-008,-0.000220973
,,,-8.86286e-008,0
,,,-8.82286e-008,-0.000883892
,,,-8.78286e-008,-0.000441946
,,,-8.74286e-008,-0.000441946
,,,-8.70286e-008,0.000441946
,,,-8.66286e-008,0.000883892
,,,-8.62286e-008,0.000662919
,,,-8.58286e-008,0.000220973
,,,-8.54286e-008,0.000441946
,,,-8.50286e-008,-0.000220973
,,,-8.46286e-008,-0.000662919
,,,-8.42286e-008,0.000220973
,,,-8.38286e-008,0.00110486
,,,-8.34286e-008,-0.000220973
,,,-8.30286e-008,0
,,,-8.26286e-008,-0.000220973
,,,-8.22286e-008,-0.000441946
,,,-8.18286e-008,0
,,,-8.14286e-008,0.000662919
,,,-8.10286e-008,-0.000220973
,,,-8.06286e-008,-0.000220973
,,,-8.02286e-008,-0.000220973
,,,-7.98286e-008,-0.000220973
,,,-7.94286e-008,0.000441946
,,,-7.90286e-008,0.000220973
,,,-7.86286e-008,0.000220973
,,,-7.82286e-008,0.000662919
,,,-7.78286e-008,0
,,,-7.74286e-008,0.000662919
,,,-7.70286e-008,0.000441946
,,,-7.66286e-008,0
,,,-7.62286e-008,0.000662919
,,,-7.58286e-008,0.000220973
,,,-7.54286e-008,-0.000220973
,,,-7.50286e-008,0
,,,-7.46286e-008,0.000883892
,,,-7.42286e-008,0.000220973
,,,-7.38286e-008,0
,,,-7.34286e-008,-0.000441946
,,,-7.30286e-008,-0.000441946
,,,-7.26286e-008,0
,,,-7.22286e-008,-0.000441946
,,,-7.18286e-008,0.000441946
,,,-7.14286e-008,0.000441946
,,,-7.10286e-008,0
,,,-7.06286e-008,0.000883892
,,,-7.02286e-008,0.000662919
,,,-6.98286e-008,0
,,,-6.94286e-008,0.000441946
,,,-6.90286e-008,0
,,,-6.86286e-008,0.000441946
,,,-6.82286e-008,0.000220973
,,,-6.78286e-008,0
,,,-6.74286e-008,0.000441946
,,,-6.70286e-008,0.000441946
,,,-6.66286e-008,0
,,,-6.62286e-008,0.00110486
,,,-6.58286e-008,-0.000220973
,,,-6.54286e-008,0
,,,-6.50286e-008,-0.000220973
,,,-6.46286e-008,-0.000220973
,,,-6.42286e-008,0.000220973
,,,-6.38286e-008,0
,,,-6.34286e-008,-0.000220973
,,,-6.30286e-008,0
,,,-6.26286e-008,0.000441946
,,,-6.22286e-008,-0.000220973
,,,-6.18286e-008,0
,,,-6.14286e-008,0.000220973
,,,-6.10286e-008,-0.000220973
,,,-6.06286e-008,0
,,,-6.02286e-008,0
,,,-5.98286e-008,0
,,,-5.94286e-008,0.000220973
,,,-5.90286e-008,0.000883892
,,,-5.86286e-008,-0.000441946
,,,-5.82286e-008,-0.000220973
,,,-5.78286e-008,0.000220973
,,,-5.74286e-008,-0.000441946
,,,-5.70286e-008,-0.000441946
,,,-5.66286e-008,0.000441946
,,,-5.62286e-008,0.000220973
,,,-5.58286e-008,0.000220973
,,,-5.54286e-008,0.000220973
,,,-5.50286e-008,0.000220973
,,,-5.46286e-008,0.000220973
,,,-5.42286e-008,0.000883892
,,,-5.38286e-008,0.000662919
,,,-5.34286e-008,0.000220973
,,,-5.30286e-008,0.00110486
,,,-5.26286e-008,0.000220973
,,,-5.22286e-008,0.000662919
,,,-5.18286e-008,0.000883892
,,,-5.14286e-008,0.000220973
,,,-5.10286e-008,0.000441946
,,,-5.06286e-008,0.000441946
,,,-5.02286e-008,-0.000220973
,,,-4.98286e-008,0.000662919
,,,-4.94286e-008,-0.000662919
,,,-4.90286e-008,-0.000220973
,,,-4.86286e-008,0.000441946
,,,-4.82286e-008,0.000220973
,,,-4.78286e-008,0.000441946
,,,-4.74286e-008,0.000220973
,,,-4.70286e-008,0.000441946
,,,-4.66286e-008,0
,,,-4.62286e-008,0.000441946
,,,-4.58286e-008,0
,,,-4.54286e-008,0.000220973
,,,-4.50286e-008,-0.000220973
,,,-4.46286e-008,0.000220973
,,,-4.42286e-008,0.000220973
,,,-4.38286e-008,0
,,,-4.34286e-008,-0.000220973
,,,-4.30286e-008,0
,,,-4.26286e-008,0.000220973
,,,-4.22286e-008,0.000441946
,,,-4.18286e-008,0.000220973
,,,-4.14286e-008,0.000220973
,,,-4.10286e-008,0
,,,-4.06286e-008,0.000220973
,,,-4.02286e-008,0
,,,-3.98286e-008,0.000441946
,,,-3.94286e-008,0.000220973
,,,-3.90286e-008,0.000441946
,,,-3.86286e-008,0.000662919
,,,-3.82286e-008,0.000441946
,,,-3.78286e-008,-0.000220973
,,,-3.74286e-008,0.000441946
,,,-3.70286e-008,-0.000220973
,,,-3.66286e-008,0.000220973
,,,-3.62286e-008,0.000662919
,,,-3.58286e-008,0
,,,-3.54286e-008,0
,,,-3.50286e-008,0.000662919
,,,-3.46286e-008,0.000220973
,,,-3.42286e-008,0
,,,-3.38286e-008,-0.000662919
,,,-3.34286e-008,-0.000441946
,,,-3.30286e-008,0.000220973
,,,-3.26286e-008,-0.000220973
,,,-3.22286e-008,0.000220973
,,,-3.18286e-008,0.000220973
,,,-3.14286e-008,0
,,,-3.10286e-008,0.000441946
,,,-3.06286e-008,0.000883892
,,,-3.02286e-008,0.00110486
,,,-2.98286e-008,0
,,,-2.94286e-008,0.000883892
,,,-2.90286e-008,-0.000441946
,,,-2.86286e-008,-0.000220973
,,,-2.82286e-008,0
,,,-2.78286e-008,0.000662919
,,,-2.74286e-008,0.000220973
,,,-2.70286e-008,0
,,,-2.66286e-008,0.000441946
,,,-2.62286e-008,-0.000441946
,,,-2.58286e-008,-0.000220973
,,,-2.54286e-008,0.000662919
,,,-2.50286e-008,0.000441946
,,,-2.46286e-008,0.000441946
,,,-2.42286e-008,-0.000662919
,,,-2.38286e-008,0.000220973
,,,-2.34286e-008,-0.000441946
,,,-2.30286e-008,0.000662919
,,,-2.26286e-008,0.000220973
,,,-2.22286e-008,-0.000220973
,,,-2.18286e-008,-0.000220973
,,,-2.14286e-008,0
,,,-2.10286e-008,-0.00110486
,,,-2.06286e-008,0.000441946
,,,-2.02286e-008,0.000441946
,,,-1.98286e-008,0.000441946
,,,-1.94286e-008,0.000220973
,,,-1.90286e-008,-0.000220973
,,,-1.86286e-008,0.000220973
,,,-1.82286e-008,0
,,,-1.78286e-008,0.000220973
,,,-1.74286e-008,0
,,,-1.70286e-008,0.000662919
,,,-1.66286e-008,0.000662919
,,,-1.62286e-008,-0.000220973
,,,-1.58286e-008,-0.000441946
,,,-1.54286e-008,0.000441946
,,,-1.50286e-008,0.000220973
,,,-1.46286e-008,0.000220973
,,,-1.42286e-008,0
,,,-1.38286e-008,-0.000220973
,,,-1.34286e-008,-0.000441946
,,,-1.30286e-008,0.000220973
,,,-1.26286e-008,0
,,,-1.22286e-008,0.000883892
,,,-1.18286e-008,0.000662919
,,,-1.14286e-008,0.000220973
,,,-1.10286e-008,-0.000441946
,,,-1.06286e-008,0.000441946
,,,-1.02286e-008,0
,,,-9.82861e-009,0.000441946
,,,-9.42861e-009,0.000441946
,,,-9.02861e-009,0
,,,-8.62861e-009,0.000441946
,,,-8.22861e-009,0
,,,-7.82861e-009,0
,,,-7.42861e-009,0
,,,-7.02861e-009,0.000220973
,,,-6.62861e-009,0.000220973
,,,-6.22861e-009,0.000220973
,,,-5.82861e-009,-0.000220973
,,,-5.42861e-009,0.000662919
,,,-5.02861e-009,-0.000220973
,,,-4.62861e-009,0
,,,-4.22861e-009,0
,,,-3.82861e-009,0.000220973
,,,-3.42861e-009,0.000883892
,,,-3.02861e-009,0
,,,-2.62861e-009,0.000662919
,,,-2.22861e-009,0.000441946
,,,-1.82861e-009,0.000441946
,,,-1.42861e-009,-0.000220973
,,,-1.02861e-009,0
,,,-6.28609e-010,0.000220973
,,,-2.28609e-010,0.000220973
,,,1.71391e-010,0.000441946
,,,5.71391e-010,0.000441946
,,,9.71391e-010,0
,,,1.37139e-009,0.000441946
,,,1.77139e-009,0.000662919
,,,2.17139e-009,0
,,,2.57139e-009,0.000220973
,,,2.97139e-009,0
,,,3.37139e-009,0.000662919
,,,3.77139e-009,0.000220973
,,,4.17139e-009,0.000662919
,,,4.57139e-009,-0.000220973
,,,4.97139e-009,-0.000220973
,,,5.37139e-009,0.000662919
,,,5.77139e-009,0
,,,6.17139e-009,-0.000441946
,,,6.57139e-009,0.000220973
,,,6.97139e-009,0
,,,7.37139e-009,0.000220973
,,,7.77139e-009,-0.000441946
,,,8.17139e-009,0.000662919
,,,8.57139e-009,-0.000441946
,,,8.97139e-009,0
,,,9.37139e-009,0.000220973
,,,9.77139e-009,-0.000220973
,,,1.01714e-008,0.000220973
,,,1.05714e-008,0
,,,1.09714e-008,0.000441946
,,,1.13714e-008,-0.000220973
,,,1.17714e-008,0.000220973
,,,1.21714e-008,0.000662919
,,,1.25714e-008,0.000220973
,,,1.29714e-008,-0.000220973
,,,1.33714e-008,0
,,,1.37714e-008,-0.000441946
,,,1.41714e-008,0.000662919
,,,1.45714e-008,0
,,,1.49714e-008,-0.000441946
,,,1.53714e-008,0
,,,1.57714e-008,-0.000220973
,,,1.61714e-008,0.000220973
,,,1.65714e-008,0.000220973
,,,1.69714e-008,0.000220973
,,,1.73714e-008,0
,,,1.77714e-008,0.000662919
,,,1.81714e-008,-0.000220973
,,,1.85714e-008,0.000662919
,,,1.89714e-008,0.000441946
,,,1.93714e-008,0.000662919
,,,1.97714e-008,0
,,,2.01714e-008,0.000441946
,,,2.05714e-008,0.000220973
,,,2.09714e-008,0.000662919
,,,2.13714e-008,-0.000220973
,,,2.17714e-008,0.000220973
,,,2.21714e-008,-0.000220973
,,,2.25714e-008,0.000220973
,,,2.29714e-008,0
,,,2.33714e-008,0.000883892
,,,2.37714e-008,0.000883892
,,,2.41714e-008,0.000441946
,,,2.45714e-008,0.000662919
,,,2.49714e-008,0.000441946
,,,2.53714e-008,0.000220973
,,,2.57714e-008,0
,,,2.61714e-008,0.000662919
,,,2.65714e-008,0.000441946
,,,2.69714e-008,0
,,,2.73714e-008,-0.000220973
,,,2.77714e-008,0
,,,2.81714e-008,0.000441946
,,,2.85714e-008,0.000441946
,,,2.89714e-008,0.000220973
,,,2.93714e-008,-0.000883892
,,,2.97714e-008,-0.000220973
,,,3.01714e-008,0.000220973
,,,3.05714e-008,-0.000441946
,,,3.09714e-008,-0.000220973
,,,3.13714e-008,0
,,,3.17714e-008,0.000220973
,,,3.21714e-008,0.000220973
,,,3.25714e-008,0
,,,3.29714e-008,0.000441946
,,,3.33714e-008,0.000662919
,,,3.37714e-008,0.000220973
,,,3.41714e-008,0.000220973
,,,3.45714e-008,0.000220973
,,,3.49714e-008,0
,,,3.53714e-008,0
,,,3.57714e-008,0.000220973
,,,3.61714e-008,-0.000220973
,,,3.65714e-008,-0.000883892
,,,3.69714e-008,0
,,,3.73714e-008,0
,,,3.77714e-008,0.000220973
,,,3.81714e-008,-0.000220973
,,,3.85714e-008,0
,,,3.89714e-008,0.000220973
,,,3.93714e-008,0
,,,3.97714e-008,-0.000220973
,,,4.01714e-008,0.000441946
,,,4.05714e-008,0.000662919
,,,4.09714e-008,0.000662919
,,,4.13714e-008,0.000441946
,,,4.17714e-008,-0.000220973
,,,4.21714e-008,0
,,,4.25714e-008,0.000441946
,,,4.29714e-008,0.00110486
,,,4.33714e-008,0
,,,4.37714e-008,0.000220973
,,,4.41714e-008,0.000883892
,,,4.45714e-008,0.000441946
,,,4.49714e-008,0.000220973
,,,4.53714e-008,-0.000220973
,,,4.57714e-008,-0.000220973
,,,4.61714e-008,0
,,,4.65714e-008,0.000662919
,,,4.69714e-008,0.000220973
,,,4.73714e-008,-0.000220973
,,,4.77714e-008,0
,,,4.81714e-008,0.000220973
,,,4.85714e-008,-0.000662919
,,,4.89714e-008,0.000662919
,,,4.93714e-008,0
,,,4.97714e-008,0
,,,5.01714e-008,-0.000662919
,,,5.05714e-008,0.000662919
,,,5.09714e-008,0
,,,5.13714e-008,-0.000441946
,,,5.17714e-008,0.000441946
,,,5.21714e-008,0.000441946
,,,5.25714e-008,0.000662919
,,,5.29714e-008,0.000662919
,,,5.33714e-008,0.000220973
,,,5.37714e-008,0.000441946
,,,5.41714e-008,-0.000220973
,,,5.45714e-008,0.000220973
,,,5.49714e-008,0.000220973
,,,5.53714e-008,-0.000441946
,,,5.57714e-008,-0.000220973
,,,5.61714e-008,0.000662919
,,,5.65714e-008,0
,,,5.69714e-008,0
,,,5.73714e-008,0
,,,5.77714e-008,0.000220973
,,,5.81714e-008,0
,,,5.85714e-008,0.000662919
,,,5.89714e-008,0.000441946
,,,5.93714e-008,0
,,,5.97714e-008,-0.000441946
,,,6.01714e-008,-0.000441946
,,,6.05714e-008,-0.000220973
,,,6.09714e-008,0.000441946
,,,6.13714e-008,0
,,,6.17714e-008,0
,,,6.21714e-008,0.000441946
,,,6.25714e-008,0
,,,6.29714e-008,0.000220973
,,,6.33714e-008,-0.000662919
,,,6.37714e-008,0
,,,6.41714e-008,0.000220973
,,,6.45714e-008,-0.000441946
,,,6.49714e-008,0.000220973
,,,6.53714e-008,0.000441946
,,,6.57714e-008,0.000883892
,,,6.61714e-008,0
,,,6.65714e-008,0
,,,6.69714e-008,0.000220973
,,,6.73714e-008,0
,,,6.77714e-008,0.000220973
,,,6.81714e-008,0.000662919
,,,6.85714e-008,0.000220973
,,,6.89714e-008,0.000441946
,,,6.93714e-008,0.000662919
,,,6.97714e-008,0
,,,7.01714e-008,0.000220973
,,,7.05714e-008,0.000662919
,,,7.09714e-008,0
,,,7.13714e-008,0.000662919
,,,7.17714e-008,0.000220973
,,,7.21714e-008,-0.000220973
,,,7.25714e-008,0.000220973
,,,7.29714e-008,0.000662919
,,,7.33714e-008,0.000220973
,,,7.37714e-008,0.000441946
,,,7.41714e-008,0.000220973
,,,7.45714e-008,0
,,,7.49714e-008,0.000220973
,,,7.53714e-008,0
,,,7.57714e-008,-0.000220973
,,,7.61714e-008,0.000220973
,,,7.65714e-008,0.000441946
,,,7.69714e-008,0.000441946
,,,7.73714e-008,0
,,,7.77714e-008,-0.000220973
,,,7.81714e-008,-0.000220973
,,,7.85714e-008,-0.000441946
,,,7.89714e-008,0
,,,7.93714e-008,0
,,,7.97714e-008,0.000441946
,,,8.01714e-008,0.000220973
,,,8.05714e-008,-0.000220973
,,,8.09714e-008,0
,,,8.13714e-008,0
,,,8.17714e-008,0.000883892
,,,8.21714e-008,0
,,,8.25714e-008,0.000441946
,,,8.29714e-008,0.000662919
,,,8.33714e-008,0.000441946
,,,8.37714e-008,0
,,,8.41714e-008,-0.000220973
,,,8.45714e-008,0.000220973
,,,8.49714e-008,0.00110486
,,,8.53714e-008,0
,,,8.57714e-008,0.000220973
,,,8.61714e-008,0
,,,8.65714e-008,0
,,,8.69714e-008,0
,,,8.73714e-008,-0.000220973
,,,8.77714e-008,-0.000441946
,,,8.81714e-008,-0.000220973
,,,8.85714e-008,0.000441946
,,,8.89714e-008,0.000662919
,,,8.93714e-008,0
,,,8.97714e-008,0.000441946
,,,9.01714e-008,0.000220973
,,,9.05714e-008,0.000441946
,,,9.09714e-008,0.000662919
,,,9.13714e-008,0.000441946
,,,9.17714e-008,0.000662919
,,,9.21714e-008,0.000662919
,,,9.25714e-008,0.00154681
,,,9.29714e-008,0.000662919
,,,9.33714e-008,0.000662919
,,,9.37714e-008,0.000883892
,,,9.41714e-008,0.00154681
,,,9.45714e-008,0.00220973
,,,9.49714e-008,0.00176778
,,,9.53714e-008,0.0024307
,,,9.57714e-008,0.00441946
,,,9.61714e-008,0.00508238
,,,9.65714e-008,0.00662919
,,,9.69714e-008,0.00773405
,,,9.73714e-008,0.00795503
,,,9.77714e-008,0.00928087
,,,9.81714e-008,0.0106067
,,,9.85714e-008,0.0128164
,,,9.89714e-008,0.0128164
,,,9.93714e-008,0.0143632
,,,9.97714e-008,0.0143632
,,,1.00171e-007,0.0152471
,,,1.00571e-007,0.0148052
,,,1.00971e-007,0.016573
,,,1.01371e-007,0.016352
,,,1.01771e-007,0.0170149
,,,1.02171e-007,0.0167939
,,,1.02571e-007,0.0167939
,,,1.02971e-007,0.016573
,,,1.03371e-007,0.0174569
,,,1.03771e-007,0.0167939
,,,1.04171e-007,0.0170149
,,,1.04571e-007,0.0176778
,,,1.04971e-007,0.0170149
,,,1.05371e-007,0.0172359
,,,1.05771e-007,0.0178988
,,,1.06171e-007,0.0174569
,,,1.06571e-007,0.0185617
,,,1.06971e-007,0.0176778
,,,1.07371e-007,0.0176778
,,,1.07771e-007,0.0181198
,,,1.08171e-007,0.0178988
,,,1.08571e-007,0.0181198
,,,1.08971e-007,0.0178988
,,,1.09371e-007,0.0176778
,,,1.09771e-007,0.0178988
,,,1.10171e-007,0.0170149
,,,1.10571e-007,0.0174569
,,,1.10971e-007,0.0174569
,,,1.11371e-007,0.0181198
,,,1.11771e-007,0.0170149
,,,1.12171e-007,0.0174569
,,,1.12571e-007,0.0181198
,,,1.12971e-007,0.0183408
,,,1.13371e-007,0.0185617
,,,1.13771e-007,0.0187827
,,,1.14171e-007,0.0174569
,,,1.14571e-007,0.0187827
,,,1.14971e-007,0.0174569
,,,1.15371e-007,0.016573
,,,1.15771e-007,0.0174569
,,,1.16171e-007,0.0172359
,,,1.16571e-007,0.0176778
,,,1.16971e-007,0.0185617
,,,1.17371e-007,0.0170149
,,,1.17771e-007,0.016573
,,,1.18171e-007,0.0178988
,,,1.18571e-007,0.0172359
,,,1.18971e-007,0.0176778
,,,1.19371e-007,0.0181198
,,,1.19771e-007,0.0178988
,,,1.20171e-007,0.0178988
,,,1.20571e-007,0.0167939
,,,1.20971e-007,0.0183408
,,,1.21371e-007,0.0183408
,,,1.21771e-007,0.0190037
,,,1.22171e-007,0.0183408
,,,1.22571e-007,0.0185617
,,,1.22971e-007,0.0187827
,,,1.23371e-007,0.0192246
,,,1.23771e-007,0.0198876
,,,1.24171e-007,0.0205505
,,,1.24571e-007,0.0201085
,,,1.24971e-007,0.0194456
,,,1.25371e-007,0.0203295
,,,1.25771e-007,0.0203295
,,,1.26171e-007,0.0209924
,,,1.26571e-007,0.0209924
,,,1.26971e-007,0.0209924
,,,1.27371e-007,0.0205505
,,,1.27771e-007,0.0203295
,,,1.28171e-007,0.0201085
,,,1.28571e-007,0.0190037
,,,1.28971e-007,0.0194456
,,,1.29371e-007,0.0185617
,,,1.29771e-007,0.0190037
,,,1.30171e-007,0.0183408
,,,1.30571e-007,0.0187827
,,,1.30971e-007,0.0176778
,,,1.31371e-007,0.0178988
,,,1.31771e-007,0.0187827
,,,1.32171e-007,0.0176778
,,,1.32571e-007,0.0178988
,,,1.32971e-007,0.0176778
,,,1.33371e-007,0.0167939
,,,1.33771e-007,0.016573
,,,1.34171e-007,0.0167939
,,,1.34571e-007,0.016573
,,,1.34971e-007,0.016573
,,,1.35371e-007,0.016573
,,,1.35771e-007,0.0172359
,,,1.36171e-007,0.0174569
,,,1.36571e-007,0.016573
,,,1.36971e-007,0.0170149
,,,1.37371e-007,0.0172359
,,,1.37771e-007,0.016573
,,,1.38171e-007,0.0167939
,,,1.38571e-007,0.0167939
,,,1.38971e-007,0.016352
,,,1.39371e-007,0.016131
,,,1.39771e-007,0.016573
,,,1.40171e-007,0.016573
,,,1.40571e-007,0.016352
,,,1.40971e-007,0.0159101
,,,1.41371e-007,0.0159101
,,,1.41771e-007,0.0150262
,,,1.42171e-007,0.0154681
,,,1.42571e-007,0.016131
,,,1.42971e-007,0.0154681
,,,1.43371e-007,0.0154681
,,,1.43771e-007,0.0145842
,,,1.44171e-007,0.0148052
,,,1.44571e-007,0.0150262
,,,1.44971e-007,0.0152471
,,,1.45371e-007,0.0154681
,,,1.45771e-007,0.0152471
,,,1.46171e-007,0.0150262
,,,1.46571e-007,0.0152471
,,,1.46971e-007,0.0148052
,,,1.47371e-007,0.0154681
,,,1.47771e-007,0.0150262
,,,1.48171e-007,0.0141423
,,,1.48571e-007,0.0145842
,,,1.48971e-007,0.0143632
,,,1.49371e-007,0.0150262
,,,1.49771e-007,0.0152471
,,,1.50171e-007,0.0143632
,,,1.50571e-007,0.0141423
,,,1.50971e-007,0.0141423
,,,1.51371e-007,0.0148052
,,,1.51771e-007,0.0143632
,,,1.52171e-007,0.0141423
,,,1.52571e-007,0.0145842
,,,1.52971e-007,0.0145842
,,,1.53371e-007,0.0139213
,,,1.53771e-007,0.0143632
,,,1.54171e-007,0.0139213
,,,1.54571e-007,0.0137003
,,,1.54971e-007,0.0134794
,,,1.55371e-007,0.0121535
,,,1.55771e-007,0.0132584
,,,1.56171e-007,0.0130374
,,,1.56571e-007,0.0132584
,,,1.56971e-007,0.0128164
,,,1.57371e-007,0.0121535
,,,1.57771e-007,0.0123745
,,,1.58171e-007,0.0125955
,,,1.58571e-007,0.0121535
,,,1.58971e-007,0.0117116
,,,1.59371e-007,0.0117116
,,,1.59771e-007,0.0123745
,,,1.60171e-007,0.0121535
,,,1.60571e-007,0.0121535
,,,1.60971e-007,0.0125955
,,,1.61371e-007,0.0117116
,,,1.61771e-007,0.0123745
,,,1.62171e-007,0.0119325
,,,1.62571e-007,0.0123745
,,,1.62971e-007,0.0121535
,,,1.63371e-007,0.0123745
,,,1.63771e-007,0.0117116
,,,1.64171e-007,0.0121535
,,,1.64571e-007,0.0125955
,,,1.64971e-007,0.0123745
,,,1.65371e-007,0.0123745
,,,1.65771e-007,0.0130374
,,,1.66171e-007,0.0119325
,,,1.66571e-007,0.0114906
,,,1.66971e-007,0.0123745
,,,1.67371e-007,0.0125955
,,,1.67771e-007,0.0121535
,,,1.68171e-007,0.0125955
,,,1.68571e-007,0.0119325
,,,1.68971e-007,0.0119325
,,,1.69371e-007,0.0123745
,,,1.69771e-007,0.0134794
,,,1.70171e-007,0.0125955
,,,1.70571e-007,0.0128164
,,,1.70971e-007,0.0121535
,,,1.71371e-007,0.0125955
,,,1.71771e-007,0.0117116
,,,1.72171e-007,0.0125955
,,,1.72571e-007,0.0123745
,,,1.72971e-007,0.0121535
,,,1.73371e-007,0.0114906
,,,1.73771e-007,0.0121535
,,,1.74171e-007,0.0128164
,,,1.74571e-007,0.0112696
,,,1.74971e-007,0.0121535
,,,1.75371e-007,0.0125955
,,,1.75771e-007,0.0117116
,,,1.76171e-007,0.0123745
,,,1.76571e-007,0.0123745
,,,1.76971e-007,0.0128164
,,,1.77371e-007,0.0123745
,,,1.77771e-007,0.0128164
,,,1.78171e-007,0.0123745
,,,1.78571e-007,0.0125955
,,,1.78971e-007,0.0128164
,,,1.79371e-007,0.0121535
,,,1.79771e-007,0.0125955
,,,1.80171e-007,0.0123745
,,,1.80571e-007,0.0119325
,,,1.80971e-007,0.0125955
,,,1.81371e-007,0.0125955
,,,1.81771e-007,0.0130374
,,,1.82171e-007,0.0125955
,,,1.82571e-007,0.0121535
,,,1.82971e-007,0.0119325
,,,1.83371e-007,0.0121535
,,,1.83771e-007,0.0123745
,,,1.84171e-007,0.0123745
,,,1.84571e-007,0.0121535
,,,1.84971e-007,0.0128164
,,,1.85371e-007,0.0117116
,,,1.85771e-007,0.0128164
,,,1.86171e-007,0.0128164
,,,1.86571e-007,0.0132584
,,,1.86971e-007,0.0130374
,,,1.87371e-007,0.0123745
,,,1.87771e-007,0.0134794
,,,1.88171e-007,0.0134794
,,,1.88571e-007,0.0132584
,,,1.88971e-007,0.0125955
,,,1.89371e-007,0.0130374
,,,1.89771e-007,0.0132584
,,,1.90171e-007,0.0123745
,,,1.90571e-007,0.0130374
,,,1.90971e-007,0.0130374
,,,1.91371e-007,0.0132584
,,,1.91771e-007,0.0132584
,,,1.92171e-007,0.0137003
,,,1.92571e-007,0.0134794
,,,1.92971e-007,0.0134794
,,,1.93371e-007,0.0134794
,,,1.93771e-007,0.0139213
,,,1.94171e-007,0.0145842
,,,1.94571e-007,0.0139213
,,,1.94971e-007,0.0132584
,,,1.95371e-007,0.0132584
,,,1.95771e-007,0.0137003
,,,1.96171e-007,0.0139213
,,,1.96571e-007,0.0130374
,,,1.96971e-007,0.0137003
,,,1.97371e-007,0.0134794
,,,1.97771e-007,0.0132584
,,,1.98171e-007,0.0132584
,,,1.98571e-007,0.0128164
,,,1.98971e-007,0.0128164
,,,1.99371e-007,0.0125955
,,,1.99771e-007,0.0121535
,,,2.00171e-007,0.0121535
,,,2.00571e-007,0.0125955
,,,2.00971e-007,0.0132584
,,,2.01371e-007,0.0125955
,,,2.01771e-007,0.0125955
,,,2.02171e-007,0.0123745
,,,2.02571e-007,0.0123745
,,,2.02971e-007,0.0123745
,,,2.03371e-007,0.0125955
,,,2.03771e-007,0.0123745
,,,2.04171e-007,0.0119325
,,,2.04571e-007,0.0117116
,,,2.04971e-007,0.0112696
,,,2.05371e-007,0.0114906
,,,2.05771e-007,0.0112696
,,,2.06171e-007,0.0112696
,,,2.06571e-007,0.0108277
,,,2.06971e-007,0.0106067
,,,2.07371e-007,0.0101648
,,,2.07771e-007,0.00994378
,,,2.08171e-007,0.00994378
,,,2.08571e-007,0.00972281
,,,2.08971e-007,0.00950184
,,,2.09371e-007,0.00839697
,,,2.09771e-007,0.00928087
,,,2.10171e-007,0.00795503
,,,2.10571e-007,0.008176
,,,2.10971e-007,0.00729211
,,,2.11371e-007,0.00729211
,,,2.11771e-007,0.00773405
,,,2.12171e-007,0.00662919
,,,2.12571e-007,0.00662919
,,,2.12971e-007,0.00596627
,,,2.13371e-007,0.00552432
,,,2.13771e-007,0.00508238
,,,2.14171e-007,0.0057453
,,,2.14571e-007,0.00441946
,,,2.14971e-007,0.00419849
,,,2.15371e-007,0.00441946
,,,2.15771e-007,0.00419849
,,,2.16171e-007,0.00353557
,,,2.16571e-007,0.00353557
,,,2.16971e-007,0.00397751
,,,2.17371e-007,0.00287265
,,,2.17771e-007,0.00265168
,,,2.18171e-007,0.00265168
,,,2.18571e-007,0.0024307
,,,2.18971e-007,0.00132584
,,,2.19371e-007,0.00287265
,,,2.19771e-007,0.0024307
,,,2.20171e-007,0.00265168
,,,2.20571e-007,0.0024307
,,,2.20971e-007,0.0024307
,,,2.21371e-007,0.00198876
,,,2.21771e-007,0.00176778
,,,2.22171e-007,0.00176778
,,,2.22571e-007,0.00110486
,,,2.22971e-007,0.00176778
,,,2.23371e-007,0.00176778
,,,2.23771e-007,0.00132584
,,,2.24171e-007,0.00110486
,,,2.24571e-007,0.00110486
,,,2.24971e-007,0.000883892
,,,2.25371e-007,0.00154681
,,,2.25771e-007,0.00110486
,,,2.26171e-007,0.000883892
,,,2.26571e-007,0.00132584
,,,2.26971e-007,0.000883892
,,,2.27371e-007,0.000662919
,,,2.27771e-007,0.000883892
,,,2.28171e-007,0.00132584
,,,2.28571e-007,0.000883892
,,,2.28971e-007,0.00198876
,,,2.29371e-007,0.000220973
,,,2.29771e-007,0.000883892
,,,2.30171e-007,0.000883892
,,,2.30571e-007,0.000662919
,,,2.30971e-007,0.000883892
,,,2.31371e-007,0.000883892
,,,2.31771e-007,0.000441946
,,,2.32171e-007,0.000441946
,,,2.32571e-007,0.000441946
,,,2.32971e-007,0.000441946
,,,2.33371e-007,0.000220973
,,,2.33771e-007,0.000883892
,,,2.34171e-007,0.000220973
,,,2.34571e-007,0.000441946
,,,2.34971e-007,-0.000883892
,,,2.35371e-007,0
,,,2.35771e-007,0.000662919
,,,2.36171e-007,0.000220973
,,,2.36571e-007,0
,,,2.36971e-007,-0.000220973
,,,2.37371e-007,-0.000441946
,,,2.37771e-007,0
,,,2.38171e-007,-0.000441946
,,,2.38571e-007,-0.000883892
,,,2.38971e-007,-0.000441946
,,,2.39371e-007,0
,,,2.39771e-007,-0.00110486
,,,2.40171e-007,-0.000441946
,,,2.40571e-007,-0.000220973
,,,2.40971e-007,0.000441946
,,,2.41371e-007,-0.000883892
,,,2.41771e-007,-0.000441946
,,,2.42171e-007,-0.000662919
,,,2.42571e-007,0
,,,2.42971e-007,-0.000220973
,,,2.43371e-007,-0.000883892
,,,2.43771e-007,-0.000220973
,,,2.44171e-007,-0.000662919
,,,2.44571e-007,-0.000220973
,,,2.44971e-007,0
,,,2.45371e-007,-0.000662919
,,,2.45771e-007,0.000441946
,,,2.46171e-007,-0.000662919
,,,2.46571e-007,-0.000220973
,,,2.46971e-007,-0.000220973
,,,2.47371e-007,-0.000220973
,,,2.47771e-007,-0.000220973
,,,2.48171e-007,-0.000662919
,,,2.48571e-007,-0.000220973
,,,2.48971e-007,0.000220973
,,,2.49371e-007,0
,,,2.49771e-007,0
,,,2.50171e-007,0
