"Record Length",1252,"Points",-2.50226e-007,0
"Sample Interval",4e-010,s,-2.49826e-007,0
"Trigger Point",625,"Samples",-2.49426e-007,-0.000441946
"Trigger Time",0.565739,s,-2.49026e-007,0
,,,-2.48626e-007,0.000220973
"Horizontal Offset",-2.50226e-007,s,-2.48226e-007,0
,,,-2.47826e-007,0.000441946
,,,-2.47426e-007,0.000662919
,,,-2.47026e-007,0.000662919
,,,-2.46626e-007,0.000883892
,,,-2.46226e-007,0.000662919
,,,-2.45826e-007,0.000883892
,,,-2.45426e-007,0
,,,-2.45026e-007,0
,,,-2.44626e-007,0.000220973
,,,-2.44226e-007,0
,,,-2.43826e-007,0.000220973
,,,-2.43426e-007,0.000220973
,,,-2.43026e-007,0.000220973
,,,-2.42626e-007,0.000220973
,,,-2.42226e-007,0.000883892
,,,-2.41826e-007,-0.000220973
,,,-2.41426e-007,0.000220973
,,,-2.41026e-007,0.000220973
,,,-2.40626e-007,0.000441946
,,,-2.40226e-007,-0.000441946
,,,-2.39826e-007,-0.000441946
,,,-2.39426e-007,0
,,,-2.39026e-007,0.000441946
,,,-2.38626e-007,0.000662919
,,,-2.38226e-007,0.000662919
,,,-2.37826e-007,0.000220973
,,,-2.37426e-007,0.00110486
,,,-2.37026e-007,0
,,,-2.36626e-007,-0.000662919
,,,-2.36226e-007,-0.000220973
,,,-2.35826e-007,0
,,,-2.35426e-007,-0.000220973
,,,-2.35026e-007,0
,,,-2.34626e-007,0.000220973
,,,-2.34226e-007,0.000662919
,,,-2.33826e-007,0.000441946
,,,-2.33426e-007,0.000441946
,,,-2.33026e-007,-0.000441946
,,,-2.32626e-007,0
,,,-2.32226e-007,-0.000220973
,,,-2.31826e-007,0.000220973
,,,-2.31426e-007,0.000662919
,,,-2.31026e-007,0
,,,-2.30626e-007,-0.000220973
,,,-2.30226e-007,0.000441946
,,,-2.29826e-007,0.000220973
,,,-2.29426e-007,0.000662919
,,,-2.29026e-007,0.000883892
,,,-2.28626e-007,0.000220973
,,,-2.28226e-007,0
,,,-2.27826e-007,-0.000220973
,,,-2.27426e-007,-0.000220973
,,,-2.27026e-007,0
,,,-2.26626e-007,0.000441946
,,,-2.26226e-007,0
,,,-2.25826e-007,0.000662919
,,,-2.25426e-007,0
,,,-2.25026e-007,0
,,,-2.24626e-007,0.000883892
,,,-2.24226e-007,0.000220973
,,,-2.23826e-007,0.000441946
,,,-2.23426e-007,0
,,,-2.23026e-007,0.000883892
,,,-2.22626e-007,0
,,,-2.22226e-007,0.00110486
,,,-2.21826e-007,0.000441946
,,,-2.21426e-007,-0.000220973
,,,-2.21026e-007,0.000441946
,,,-2.20626e-007,0.000883892
,,,-2.20226e-007,0.000220973
,,,-2.19826e-007,0.000220973
,,,-2.19426e-007,-0.000441946
,,,-2.19026e-007,0.000441946
,,,-2.18626e-007,-0.000441946
,,,-2.18226e-007,0.000220973
,,,-2.17826e-007,0.000220973
,,,-2.17426e-007,-0.000662919
,,,-2.17026e-007,0
,,,-2.16626e-007,0.000441946
,,,-2.16226e-007,-0.000883892
,,,-2.15826e-007,0
,,,-2.15426e-007,0.000220973
,,,-2.15026e-007,0.000662919
,,,-2.14626e-007,-0.000441946
,,,-2.14226e-007,-0.000220973
,,,-2.13826e-007,0
,,,-2.13426e-007,0.000441946
,,,-2.13026e-007,0.000441946
,,,-2.12626e-007,0.000220973
,,,-2.12226e-007,0.000662919
,,,-2.11826e-007,0
,,,-2.11426e-007,-0.000220973
,,,-2.11026e-007,0.000662919
,,,-2.10626e-007,0
,,,-2.10226e-007,0.000441946
,,,-2.09826e-007,0.000883892
,,,-2.09426e-007,0.000441946
,,,-2.09026e-007,0
,,,-2.08626e-007,0.00132584
,,,-2.08226e-007,0.000662919
,,,-2.07826e-007,0.000662919
,,,-2.07426e-007,0
,,,-2.07026e-007,0.000441946
,,,-2.06626e-007,0.000662919
,,,-2.06226e-007,0.000441946
,,,-2.05826e-007,0.000441946
,,,-2.05426e-007,0
,,,-2.05026e-007,-0.000441946
,,,-2.04626e-007,0
,,,-2.04226e-007,0.000220973
,,,-2.03826e-007,-0.000220973
,,,-2.03426e-007,-0.000220973
,,,-2.03026e-007,0
,,,-2.02626e-007,0
,,,-2.02226e-007,0.000220973
,,,-2.01826e-007,0.000441946
,,,-2.01426e-007,0.000220973
,,,-2.01026e-007,-0.000441946
,,,-2.00626e-007,0.000220973
,,,-2.00226e-007,-0.000441946
,,,-1.99826e-007,-0.000220973
,,,-1.99426e-007,0.000220973
,,,-1.99026e-007,0.000662919
,,,-1.98626e-007,0.000220973
,,,-1.98226e-007,0
,,,-1.97826e-007,0
,,,-1.97426e-007,0.000220973
,,,-1.97026e-007,0.000220973
,,,-1.96626e-007,0
,,,-1.96226e-007,-0.000441946
,,,-1.95826e-007,0.000220973
,,,-1.95426e-007,0.000662919
,,,-1.95026e-007,0.000220973
,,,-1.94626e-007,-0.000220973
,,,-1.94226e-007,0.000662919
,,,-1.93826e-007,0.000662919
,,,-1.93426e-007,0.000220973
,,,-1.93026e-007,0
,,,-1.92626e-007,0.000220973
,,,-1.92226e-007,0.000662919
,,,-1.91826e-007,0.00132584
,,,-1.91426e-007,0
,,,-1.91026e-007,0.000441946
,,,-1.90626e-007,-0.000220973
,,,-1.90226e-007,0.000220973
,,,-1.89826e-007,-0.000220973
,,,-1.89426e-007,0.000441946
,,,-1.89026e-007,0
,,,-1.88626e-007,0
,,,-1.88226e-007,0.000662919
,,,-1.87826e-007,0.000662919
,,,-1.87426e-007,0.000220973
,,,-1.87026e-007,0.00110486
,,,-1.86626e-007,0.000441946
,,,-1.86226e-007,0.000662919
,,,-1.85826e-007,0.000220973
,,,-1.85426e-007,0
,,,-1.85026e-007,0.000220973
,,,-1.84626e-007,0.000662919
,,,-1.84226e-007,0.000220973
,,,-1.83826e-007,0.000220973
,,,-1.83426e-007,0.000883892
,,,-1.83026e-007,0.000220973
,,,-1.82626e-007,0.000220973
,,,-1.82226e-007,-0.000441946
,,,-1.81826e-007,-0.000220973
,,,-1.81426e-007,0.000662919
,,,-1.81026e-007,0.000662919
,,,-1.80626e-007,0.000220973
,,,-1.80226e-007,-0.000220973
,,,-1.79826e-007,0
,,,-1.79426e-007,0
,,,-1.79026e-007,0.000220973
,,,-1.78626e-007,0.000441946
,,,-1.78226e-007,0
,,,-1.77826e-007,0
,,,-1.77426e-007,0.000883892
,,,-1.77026e-007,0
,,,-1.76626e-007,0.000883892
,,,-1.76226e-007,-0.000441946
,,,-1.75826e-007,-0.000220973
,,,-1.75426e-007,0.000662919
,,,-1.75026e-007,0.00110486
,,,-1.74626e-007,0.000662919
,,,-1.74226e-007,0.000441946
,,,-1.73826e-007,0
,,,-1.73426e-007,0.000662919
,,,-1.73026e-007,0.000220973
,,,-1.72626e-007,0.000220973
,,,-1.72226e-007,0
,,,-1.71826e-007,0
,,,-1.71426e-007,0
,,,-1.71026e-007,0.000220973
,,,-1.70626e-007,-0.000441946
,,,-1.70226e-007,0.000220973
,,,-1.69826e-007,0.000220973
,,,-1.69426e-007,0.000441946
,,,-1.69026e-007,-0.00110486
,,,-1.68626e-007,0.000220973
,,,-1.68226e-007,0.000441946
,,,-1.67826e-007,0.000441946
,,,-1.67426e-007,0
,,,-1.67026e-007,0.000220973
,,,-1.66626e-007,0.00110486
,,,-1.66226e-007,-0.000220973
,,,-1.65826e-007,0.000220973
,,,-1.65426e-007,0.000220973
,,,-1.65026e-007,0.000220973
,,,-1.64626e-007,0
,,,-1.64226e-007,-0.000662919
,,,-1.63826e-007,0.000220973
,,,-1.63426e-007,-0.000220973
,,,-1.63026e-007,-0.000883892
,,,-1.62626e-007,-0.000441946
,,,-1.62226e-007,0.000662919
,,,-1.61826e-007,0.000220973
,,,-1.61426e-007,0.000220973
,,,-1.61026e-007,-0.000883892
,,,-1.60626e-007,0.000220973
,,,-1.60226e-007,-0.000220973
,,,-1.59826e-007,0.000220973
,,,-1.59426e-007,0
,,,-1.59026e-007,-0.000220973
,,,-1.58626e-007,0
,,,-1.58226e-007,0.000883892
,,,-1.57826e-007,0.000441946
,,,-1.57426e-007,0.000441946
,,,-1.57026e-007,0
,,,-1.56626e-007,0.000220973
,,,-1.56226e-007,0
,,,-1.55826e-007,0.000662919
,,,-1.55426e-007,0
,,,-1.55026e-007,-0.000220973
,,,-1.54626e-007,0
,,,-1.54226e-007,0.000662919
,,,-1.53826e-007,0.000441946
,,,-1.53426e-007,0.000220973
,,,-1.53026e-007,0.000441946
,,,-1.52626e-007,0.000662919
,,,-1.52226e-007,-0.000220973
,,,-1.51826e-007,-0.000220973
,,,-1.51426e-007,0.000662919
,,,-1.51026e-007,-0.000220973
,,,-1.50626e-007,0
,,,-1.50226e-007,0.000441946
,,,-1.49826e-007,0.000220973
,,,-1.49426e-007,-0.000441946
,,,-1.49026e-007,0.000441946
,,,-1.48626e-007,0.000883892
,,,-1.48226e-007,0.000441946
,,,-1.47826e-007,0
,,,-1.47426e-007,0.000220973
,,,-1.47026e-007,0.000220973
,,,-1.46626e-007,0.000220973
,,,-1.46226e-007,0.00132584
,,,-1.45826e-007,0.000662919
,,,-1.45426e-007,0.000220973
,,,-1.45026e-007,0
,,,-1.44626e-007,0.000441946
,,,-1.44226e-007,0.000441946
,,,-1.43826e-007,0.000441946
,,,-1.43426e-007,0.000441946
,,,-1.43026e-007,0.000220973
,,,-1.42626e-007,0.000220973
,,,-1.42226e-007,0.000662919
,,,-1.41826e-007,0
,,,-1.41426e-007,0.000662919
,,,-1.41026e-007,0.000220973
,,,-1.40626e-007,0.000441946
,,,-1.40226e-007,0.000220973
,,,-1.39826e-007,-0.000220973
,,,-1.39426e-007,-0.000441946
,,,-1.39026e-007,-0.000220973
,,,-1.38626e-007,-0.000441946
,,,-1.38226e-007,0.000441946
,,,-1.37826e-007,0.000441946
,,,-1.37426e-007,0.000220973
,,,-1.37026e-007,-0.000441946
,,,-1.36626e-007,0.000883892
,,,-1.36226e-007,0
,,,-1.35826e-007,0
,,,-1.35426e-007,0.000662919
,,,-1.35026e-007,0.000662919
,,,-1.34626e-007,0.000441946
,,,-1.34226e-007,0
,,,-1.33826e-007,0.000220973
,,,-1.33426e-007,0.000662919
,,,-1.33026e-007,0.000441946
,,,-1.32626e-007,0
,,,-1.32226e-007,0.000220973
,,,-1.31826e-007,0.000220973
,,,-1.31426e-007,0.000441946
,,,-1.31026e-007,-0.000441946
,,,-1.30626e-007,-0.000220973
,,,-1.30226e-007,0
,,,-1.29826e-007,0.000662919
,,,-1.29426e-007,0.000441946
,,,-1.29026e-007,0
,,,-1.28626e-007,0.000441946
,,,-1.28226e-007,0
,,,-1.27826e-007,0
,,,-1.27426e-007,-0.000662919
,,,-1.27026e-007,0.000220973
,,,-1.26626e-007,0.000220973
,,,-1.26226e-007,0.000883892
,,,-1.25826e-007,0.000883892
,,,-1.25426e-007,-0.000441946
,,,-1.25026e-007,0.000220973
,,,-1.24626e-007,0.000662919
,,,-1.24226e-007,0.000441946
,,,-1.23826e-007,0.000441946
,,,-1.23426e-007,0
,,,-1.23026e-007,-0.000441946
,,,-1.22626e-007,0
,,,-1.22226e-007,0.000220973
,,,-1.21826e-007,0.000220973
,,,-1.21426e-007,0.000220973
,,,-1.21026e-007,0
,,,-1.20626e-007,0.000220973
,,,-1.20226e-007,0.000220973
,,,-1.19826e-007,-0.000220973
,,,-1.19426e-007,0.000662919
,,,-1.19026e-007,0
,,,-1.18626e-007,0.000662919
,,,-1.18226e-007,0.000883892
,,,-1.17826e-007,0.000220973
,,,-1.17426e-007,0.000662919
,,,-1.17026e-007,0.000220973
,,,-1.16626e-007,0.000220973
,,,-1.16226e-007,0
,,,-1.15826e-007,0.000220973
,,,-1.15426e-007,0
,,,-1.15026e-007,0.000662919
,,,-1.14626e-007,0
,,,-1.14226e-007,0.000662919
,,,-1.13826e-007,0.000662919
,,,-1.13426e-007,0
,,,-1.13026e-007,0.000220973
,,,-1.12626e-007,0.000662919
,,,-1.12226e-007,0.00110486
,,,-1.11826e-007,0.000441946
,,,-1.11426e-007,0.000220973
,,,-1.11026e-007,0.000220973
,,,-1.10626e-007,0.000220973
,,,-1.10226e-007,0.000662919
,,,-1.09826e-007,-0.000441946
,,,-1.09426e-007,0.000662919
,,,-1.09026e-007,0.000220973
,,,-1.08626e-007,-0.000441946
,,,-1.08226e-007,0.000441946
,,,-1.07826e-007,0.000662919
,,,-1.07426e-007,0.000441946
,,,-1.07026e-007,0.000220973
,,,-1.06626e-007,-0.000662919
,,,-1.06226e-007,-0.000220973
,,,-1.05826e-007,0.000220973
,,,-1.05426e-007,0.000441946
,,,-1.05026e-007,0
,,,-1.04626e-007,0.000441946
,,,-1.04226e-007,0.000441946
,,,-1.03826e-007,0.000220973
,,,-1.03426e-007,0.000441946
,,,-1.03026e-007,0.000883892
,,,-1.02626e-007,0.000441946
,,,-1.02226e-007,0.000220973
,,,-1.01826e-007,0.000441946
,,,-1.01426e-007,0.000662919
,,,-1.01026e-007,0.000441946
,,,-1.00626e-007,0.000220973
,,,-1.00226e-007,0.000441946
,,,-9.98263e-008,0
,,,-9.94263e-008,0
,,,-9.90263e-008,0.000220973
,,,-9.86263e-008,0.000220973
,,,-9.82263e-008,0.000662919
,,,-9.78263e-008,0.000662919
,,,-9.74263e-008,0
,,,-9.70263e-008,0.00110486
,,,-9.66263e-008,0.00154681
,,,-9.62263e-008,0.000441946
,,,-9.58263e-008,0.000220973
,,,-9.54263e-008,0.000220973
,,,-9.50263e-008,0.000220973
,,,-9.46263e-008,0.000220973
,,,-9.42263e-008,0.000220973
,,,-9.38263e-008,-0.000662919
,,,-9.34263e-008,0
,,,-9.30263e-008,0.000441946
,,,-9.26263e-008,0.000220973
,,,-9.22263e-008,0.000662919
,,,-9.18263e-008,0.000662919
,,,-9.14263e-008,0
,,,-9.10263e-008,-0.000441946
,,,-9.06263e-008,0.000220973
,,,-9.02263e-008,0.000441946
,,,-8.98263e-008,0.000220973
,,,-8.94263e-008,0.000441946
,,,-8.90263e-008,0.000220973
,,,-8.86263e-008,0.000883892
,,,-8.82263e-008,-0.000662919
,,,-8.78263e-008,0.000441946
,,,-8.74263e-008,0.000883892
,,,-8.70263e-008,0.000662919
,,,-8.66263e-008,0.000220973
,,,-8.62263e-008,-0.000220973
,,,-8.58263e-008,0.000662919
,,,-8.54263e-008,0.000220973
,,,-8.50263e-008,0.000662919
,,,-8.46263e-008,-0.000220973
,,,-8.42263e-008,-0.000441946
,,,-8.38263e-008,0
,,,-8.34263e-008,0.000441946
,,,-8.30263e-008,0.000662919
,,,-8.26263e-008,0.000220973
,,,-8.22263e-008,0.000220973
,,,-8.18263e-008,0.000441946
,,,-8.14263e-008,-0.000220973
,,,-8.10263e-008,-0.000220973
,,,-8.06263e-008,0
,,,-8.02263e-008,0.000220973
,,,-7.98263e-008,0
,,,-7.94263e-008,0.000662919
,,,-7.90263e-008,-0.000220973
,,,-7.86263e-008,-0.000441946
,,,-7.82263e-008,0.000220973
,,,-7.78263e-008,-0.000441946
,,,-7.74263e-008,0
,,,-7.70263e-008,0.000441946
,,,-7.66263e-008,0
,,,-7.62263e-008,0.000220973
,,,-7.58263e-008,0.000441946
,,,-7.54263e-008,0.000441946
,,,-7.50263e-008,0
,,,-7.46263e-008,-0.000220973
,,,-7.42263e-008,0.000220973
,,,-7.38263e-008,0.000220973
,,,-7.34263e-008,0.000662919
,,,-7.30263e-008,0
,,,-7.26263e-008,0
,,,-7.22263e-008,-0.000220973
,,,-7.18263e-008,0
,,,-7.14263e-008,-0.000220973
,,,-7.10263e-008,0.000220973
,,,-7.06263e-008,0.000220973
,,,-7.02263e-008,0.000883892
,,,-6.98263e-008,0.000441946
,,,-6.94263e-008,0.000662919
,,,-6.90263e-008,-0.000220973
,,,-6.86263e-008,0.000662919
,,,-6.82263e-008,0.000220973
,,,-6.78263e-008,-0.000220973
,,,-6.74263e-008,-0.000441946
,,,-6.70263e-008,0
,,,-6.66263e-008,0.000662919
,,,-6.62263e-008,0.000662919
,,,-6.58263e-008,0.000662919
,,,-6.54263e-008,-0.000220973
,,,-6.50263e-008,-0.000662919
,,,-6.46263e-008,0.000662919
,,,-6.42263e-008,0.000441946
,,,-6.38263e-008,0.000441946
,,,-6.34263e-008,-0.000441946
,,,-6.30263e-008,-0.000220973
,,,-6.26263e-008,0.000441946
,,,-6.22263e-008,0.000220973
,,,-6.18263e-008,0.000441946
,,,-6.14263e-008,0.000220973
,,,-6.10263e-008,0.000441946
,,,-6.06263e-008,0
,,,-6.02263e-008,0.000441946
,,,-5.98263e-008,0
,,,-5.94263e-008,-0.000220973
,,,-5.90263e-008,0.000441946
,,,-5.86263e-008,-0.000441946
,,,-5.82263e-008,0.000220973
,,,-5.78263e-008,0.000220973
,,,-5.74263e-008,0.000220973
,,,-5.70263e-008,0
,,,-5.66263e-008,0.000662919
,,,-5.62263e-008,0.000662919
,,,-5.58263e-008,0.000220973
,,,-5.54263e-008,0.000441946
,,,-5.50263e-008,0.000662919
,,,-5.46263e-008,0
,,,-5.42263e-008,0
,,,-5.38263e-008,0.000220973
,,,-5.34263e-008,0.000441946
,,,-5.30263e-008,0
,,,-5.26263e-008,-0.000441946
,,,-5.22263e-008,0
,,,-5.18263e-008,0
,,,-5.14263e-008,-0.000441946
,,,-5.10263e-008,0
,,,-5.06263e-008,-0.000441946
,,,-5.02263e-008,0.000883892
,,,-4.98263e-008,0.000662919
,,,-4.94263e-008,0.000662919
,,,-4.90263e-008,0.000883892
,,,-4.86263e-008,0.000220973
,,,-4.82263e-008,0
,,,-4.78263e-008,0.000441946
,,,-4.74263e-008,0.000220973
,,,-4.70263e-008,0.000441946
,,,-4.66263e-008,0.000662919
,,,-4.62263e-008,0.000441946
,,,-4.58263e-008,-0.000441946
,,,-4.54263e-008,0.000441946
,,,-4.50263e-008,0.000220973
,,,-4.46263e-008,-0.000220973
,,,-4.42263e-008,0.000441946
,,,-4.38263e-008,0.000220973
,,,-4.34263e-008,-0.000441946
,,,-4.30263e-008,0.000662919
,,,-4.26263e-008,-0.000220973
,,,-4.22263e-008,0
,,,-4.18263e-008,0.000662919
,,,-4.14263e-008,0.00110486
,,,-4.10263e-008,0
,,,-4.06263e-008,0.000662919
,,,-4.02263e-008,0
,,,-3.98263e-008,0
,,,-3.94263e-008,0.000441946
,,,-3.90263e-008,0
,,,-3.86263e-008,0.000220973
,,,-3.82263e-008,0.000662919
,,,-3.78263e-008,0.000220973
,,,-3.74263e-008,0.000662919
,,,-3.70263e-008,0
,,,-3.66263e-008,0.000441946
,,,-3.62263e-008,0.000441946
,,,-3.58263e-008,0.000441946
,,,-3.54263e-008,-0.000220973
,,,-3.50263e-008,-0.000220973
,,,-3.46263e-008,-0.000220973
,,,-3.42263e-008,0.000441946
,,,-3.38263e-008,0.000441946
,,,-3.34263e-008,0.000662919
,,,-3.30263e-008,0.000441946
,,,-3.26263e-008,0.000662919
,,,-3.22263e-008,0.000220973
,,,-3.18263e-008,-0.000220973
,,,-3.14263e-008,0.000441946
,,,-3.10263e-008,0.000220973
,,,-3.06263e-008,0.000441946
,,,-3.02263e-008,0.000441946
,,,-2.98263e-008,-0.000220973
,,,-2.94263e-008,-0.000220973
,,,-2.90263e-008,0.000220973
,,,-2.86263e-008,0.000220973
,,,-2.82263e-008,-0.000220973
,,,-2.78263e-008,0.000441946
,,,-2.74263e-008,0.000662919
,,,-2.70263e-008,0
,,,-2.66263e-008,0
,,,-2.62263e-008,-0.000220973
,,,-2.58263e-008,0
,,,-2.54263e-008,-0.000220973
,,,-2.50263e-008,0.000220973
,,,-2.46263e-008,0.00110486
,,,-2.42263e-008,0.000883892
,,,-2.38263e-008,0.000662919
,,,-2.34263e-008,0.000883892
,,,-2.30263e-008,0.000220973
,,,-2.26263e-008,0.000220973
,,,-2.22263e-008,0.000441946
,,,-2.18263e-008,0
,,,-2.14263e-008,0.00110486
,,,-2.10263e-008,0.000441946
,,,-2.06263e-008,0.000441946
,,,-2.02263e-008,-0.000220973
,,,-1.98263e-008,-0.000220973
,,,-1.94263e-008,-0.000441946
,,,-1.90263e-008,0.000441946
,,,-1.86263e-008,0.000220973
,,,-1.82263e-008,0.000662919
,,,-1.78263e-008,0.000883892
,,,-1.74263e-008,0.000441946
,,,-1.70263e-008,-0.000441946
,,,-1.66263e-008,0.000441946
,,,-1.62263e-008,-0.000441946
,,,-1.58263e-008,0
,,,-1.54263e-008,-0.000220973
,,,-1.50263e-008,0
,,,-1.46263e-008,0
,,,-1.42263e-008,0.000883892
,,,-1.38263e-008,0.000220973
,,,-1.34263e-008,0.000441946
,,,-1.30263e-008,-0.000220973
,,,-1.26263e-008,0.000220973
,,,-1.22263e-008,0.000220973
,,,-1.18263e-008,0.000441946
,,,-1.14263e-008,0.000441946
,,,-1.10263e-008,0.000441946
,,,-1.06263e-008,0.000662919
,,,-1.02263e-008,0
,,,-9.8263e-009,0
,,,-9.4263e-009,0
,,,-9.0263e-009,-0.000220973
,,,-8.6263e-009,0.000220973
,,,-8.2263e-009,0.000220973
,,,-7.8263e-009,0
,,,-7.4263e-009,0.000220973
,,,-7.0263e-009,0.000662919
,,,-6.6263e-009,0.000662919
,,,-6.2263e-009,0.000220973
,,,-5.8263e-009,0.000220973
,,,-5.4263e-009,0
,,,-5.0263e-009,0.000220973
,,,-4.6263e-009,0
,,,-4.2263e-009,0
,,,-3.8263e-009,-0.000441946
,,,-3.4263e-009,-0.000220973
,,,-3.0263e-009,0.000220973
,,,-2.6263e-009,0.000441946
,,,-2.2263e-009,0.000883892
,,,-1.8263e-009,0.000441946
,,,-1.4263e-009,0.000441946
,,,-1.0263e-009,-0.000220973
,,,-6.26295e-010,-0.000220973
,,,-2.26295e-010,0
,,,1.73705e-010,0.00132584
,,,5.73705e-010,0.000220973
,,,9.73705e-010,0
,,,1.3737e-009,0.000220973
,,,1.7737e-009,0.000662919
,,,2.1737e-009,-0.000883892
,,,2.5737e-009,-0.000220973
,,,2.9737e-009,-0.000441946
,,,3.3737e-009,0.000441946
,,,3.7737e-009,-0.000220973
,,,4.1737e-009,0.000441946
,,,4.5737e-009,-0.000220973
,,,4.9737e-009,0.000441946
,,,5.3737e-009,0.000220973
,,,5.7737e-009,0.000662919
,,,6.1737e-009,0.000220973
,,,6.5737e-009,0
,,,6.9737e-009,0.000220973
,,,7.3737e-009,0
,,,7.7737e-009,-0.000220973
,,,8.1737e-009,0.000662919
,,,8.5737e-009,0.00132584
,,,8.9737e-009,0.000441946
,,,9.3737e-009,0.000220973
,,,9.7737e-009,0.000220973
,,,1.01737e-008,0.000220973
,,,1.05737e-008,0.000441946
,,,1.09737e-008,0
,,,1.13737e-008,-0.000441946
,,,1.17737e-008,0.000220973
,,,1.21737e-008,0.000220973
,,,1.25737e-008,0
,,,1.29737e-008,0.000662919
,,,1.33737e-008,0.000441946
,,,1.37737e-008,0.000883892
,,,1.41737e-008,0.000441946
,,,1.45737e-008,0.000883892
,,,1.49737e-008,0.000883892
,,,1.53737e-008,0.000662919
,,,1.57737e-008,0.000662919
,,,1.61737e-008,0.000441946
,,,1.65737e-008,0.000220973
,,,1.69737e-008,0.000662919
,,,1.73737e-008,0.000662919
,,,1.77737e-008,0.000220973
,,,1.81737e-008,-0.000441946
,,,1.85737e-008,0
,,,1.89737e-008,-0.000220973
,,,1.93737e-008,0.000441946
,,,1.97737e-008,0.000441946
,,,2.01737e-008,0.000883892
,,,2.05737e-008,0.000220973
,,,2.09737e-008,0.000441946
,,,2.13737e-008,-0.000441946
,,,2.17737e-008,-0.000220973
,,,2.21737e-008,0.000883892
,,,2.25737e-008,0.000441946
,,,2.29737e-008,-0.000441946
,,,2.33737e-008,0
,,,2.37737e-008,0.000220973
,,,2.41737e-008,0.00110486
,,,2.45737e-008,-0.000441946
,,,2.49737e-008,-0.000220973
,,,2.53737e-008,0.000441946
,,,2.57737e-008,0
,,,2.61737e-008,0
,,,2.65737e-008,0.000220973
,,,2.69737e-008,0.000220973
,,,2.73737e-008,0
,,,2.77737e-008,-0.000220973
,,,2.81737e-008,0.000441946
,,,2.85737e-008,0.000441946
,,,2.89737e-008,0.000220973
,,,2.93737e-008,-0.000220973
,,,2.97737e-008,-0.000662919
,,,3.01737e-008,0
,,,3.05737e-008,0
,,,3.09737e-008,0.000220973
,,,3.13737e-008,0.000220973
,,,3.17737e-008,-0.000441946
,,,3.21737e-008,-0.000662919
,,,3.25737e-008,0.000883892
,,,3.29737e-008,0.000662919
,,,3.33737e-008,0.000883892
,,,3.37737e-008,0.000883892
,,,3.41737e-008,0.000220973
,,,3.45737e-008,0.000220973
,,,3.49737e-008,-0.000220973
,,,3.53737e-008,0.000220973
,,,3.57737e-008,0.000220973
,,,3.61737e-008,0
,,,3.65737e-008,-0.000441946
,,,3.69737e-008,-0.000220973
,,,3.73737e-008,-0.000220973
,,,3.77737e-008,0.000220973
,,,3.81737e-008,0.000220973
,,,3.85737e-008,0.000441946
,,,3.89737e-008,0.000220973
,,,3.93737e-008,0.000662919
,,,3.97737e-008,0
,,,4.01737e-008,-0.000883892
,,,4.05737e-008,0
,,,4.09737e-008,-0.000441946
,,,4.13737e-008,-0.000220973
,,,4.17737e-008,0.000441946
,,,4.21737e-008,0.00132584
,,,4.25737e-008,0
,,,4.29737e-008,0
,,,4.33737e-008,-0.000220973
,,,4.37737e-008,-0.000441946
,,,4.41737e-008,0.000441946
,,,4.45737e-008,-0.000220973
,,,4.49737e-008,-0.000220973
,,,4.53737e-008,0
,,,4.57737e-008,0.000220973
,,,4.61737e-008,0.000441946
,,,4.65737e-008,0.000220973
,,,4.69737e-008,-0.000441946
,,,4.73737e-008,-0.000220973
,,,4.77737e-008,0.000220973
,,,4.81737e-008,0.000220973
,,,4.85737e-008,0.000220973
,,,4.89737e-008,0.000220973
,,,4.93737e-008,0
,,,4.97737e-008,0.000220973
,,,5.01737e-008,0
,,,5.05737e-008,0
,,,5.09737e-008,-0.000220973
,,,5.13737e-008,-0.000662919
,,,5.17737e-008,-0.000220973
,,,5.21737e-008,0.000220973
,,,5.25737e-008,0
,,,5.29737e-008,0.000441946
,,,5.33737e-008,-0.000441946
,,,5.37737e-008,0.000220973
,,,5.41737e-008,0.000220973
,,,5.45737e-008,0.000220973
,,,5.49737e-008,-0.000441946
,,,5.53737e-008,0
,,,5.57737e-008,-0.000220973
,,,5.61737e-008,0.000662919
,,,5.65737e-008,0.00110486
,,,5.69737e-008,0.000441946
,,,5.73737e-008,0.000441946
,,,5.77737e-008,0.000662919
,,,5.81737e-008,-0.000220973
,,,5.85737e-008,-0.000441946
,,,5.89737e-008,0
,,,5.93737e-008,-0.000220973
,,,5.97737e-008,-0.000220973
,,,6.01737e-008,0.000220973
,,,6.05737e-008,0
,,,6.09737e-008,0.000662919
,,,6.13737e-008,-0.000220973
,,,6.17737e-008,0.000441946
,,,6.21737e-008,0.000441946
,,,6.25737e-008,-0.000220973
,,,6.29737e-008,0
,,,6.33737e-008,0.000441946
,,,6.37737e-008,0.000441946
,,,6.41737e-008,0.000441946
,,,6.45737e-008,0.000441946
,,,6.49737e-008,0.000441946
,,,6.53737e-008,0.000220973
,,,6.57737e-008,0.000220973
,,,6.61737e-008,0
,,,6.65737e-008,0
,,,6.69737e-008,0.000662919
,,,6.73737e-008,0
,,,6.77737e-008,0.000662919
,,,6.81737e-008,0.000441946
,,,6.85737e-008,0
,,,6.89737e-008,-0.000441946
,,,6.93737e-008,-0.000441946
,,,6.97737e-008,-0.000220973
,,,7.01737e-008,-0.000220973
,,,7.05737e-008,0.000220973
,,,7.09737e-008,0.000662919
,,,7.13737e-008,0.000220973
,,,7.17737e-008,0
,,,7.21737e-008,0.000441946
,,,7.25737e-008,0.000883892
,,,7.29737e-008,0.000220973
,,,7.33737e-008,0
,,,7.37737e-008,0
,,,7.41737e-008,-0.000662919
,,,7.45737e-008,0
,,,7.49737e-008,-0.000220973
,,,7.53737e-008,0
,,,7.57737e-008,-0.000220973
,,,7.61737e-008,0
,,,7.65737e-008,-0.000662919
,,,7.69737e-008,0
,,,7.73737e-008,-0.000662919
,,,7.77737e-008,0.000220973
,,,7.81737e-008,0.000441946
,,,7.85737e-008,0
,,,7.89737e-008,-0.000220973
,,,7.93737e-008,0.00110486
,,,7.97737e-008,0.000220973
,,,8.01737e-008,0
,,,8.05737e-008,0.000883892
,,,8.09737e-008,0.000220973
,,,8.13737e-008,0.000662919
,,,8.17737e-008,0.000441946
,,,8.21737e-008,0.000220973
,,,8.25737e-008,0.000220973
,,,8.29737e-008,0.000883892
,,,8.33737e-008,-0.000441946
,,,8.37737e-008,0.000220973
,,,8.41737e-008,0.000662919
,,,8.45737e-008,0.000220973
,,,8.49737e-008,0
,,,8.53737e-008,-0.000441946
,,,8.57737e-008,0
,,,8.61737e-008,0
,,,8.65737e-008,0.000441946
,,,8.69737e-008,-0.000441946
,,,8.73737e-008,0.000441946
,,,8.77737e-008,0.000441946
,,,8.81737e-008,0.000441946
,,,8.85737e-008,0.000883892
,,,8.89737e-008,-0.000220973
,,,8.93737e-008,-0.000441946
,,,8.97737e-008,0.000220973
,,,9.01737e-008,0.000883892
,,,9.05737e-008,0.000220973
,,,9.09737e-008,0.000220973
,,,9.13737e-008,0.000220973
,,,9.17737e-008,0.000662919
,,,9.21737e-008,0.000441946
,,,9.25737e-008,0.000441946
,,,9.29737e-008,0.000220973
,,,9.33737e-008,0.000662919
,,,9.37737e-008,0.00154681
,,,9.41737e-008,0.00154681
,,,9.45737e-008,0.00132584
,,,9.49737e-008,0.00220973
,,,9.53737e-008,0.00331459
,,,9.57737e-008,0.00397751
,,,9.61737e-008,0.00508238
,,,9.65737e-008,0.00552432
,,,9.69737e-008,0.00751308
,,,9.73737e-008,0.00839697
,,,9.77737e-008,0.00950184
,,,9.81737e-008,0.0101648
,,,9.85737e-008,0.0114906
,,,9.89737e-008,0.0125955
,,,9.93737e-008,0.0139213
,,,9.97737e-008,0.0137003
,,,1.00174e-007,0.0152471
,,,1.00574e-007,0.0150262
,,,1.00974e-007,0.0148052
,,,1.01374e-007,0.016131
,,,1.01774e-007,0.0170149
,,,1.02174e-007,0.0178988
,,,1.02574e-007,0.0174569
,,,1.02974e-007,0.0170149
,,,1.03374e-007,0.0170149
,,,1.03774e-007,0.0170149
,,,1.04174e-007,0.0172359
,,,1.04574e-007,0.0176778
,,,1.04974e-007,0.0176778
,,,1.05374e-007,0.0183408
,,,1.05774e-007,0.0176778
,,,1.06174e-007,0.0174569
,,,1.06574e-007,0.0170149
,,,1.06974e-007,0.0178988
,,,1.07374e-007,0.0174569
,,,1.07774e-007,0.0183408
,,,1.08174e-007,0.0176778
,,,1.08574e-007,0.0174569
,,,1.08974e-007,0.0178988
,,,1.09374e-007,0.0170149
,,,1.09774e-007,0.0181198
,,,1.10174e-007,0.0187827
,,,1.10574e-007,0.0185617
,,,1.10974e-007,0.0178988
,,,1.11374e-007,0.0183408
,,,1.11774e-007,0.0181198
,,,1.12174e-007,0.0176778
,,,1.12574e-007,0.0181198
,,,1.12974e-007,0.0178988
,,,1.13374e-007,0.0181198
,,,1.13774e-007,0.0185617
,,,1.14174e-007,0.0183408
,,,1.14574e-007,0.0178988
,,,1.14974e-007,0.0178988
,,,1.15374e-007,0.0172359
,,,1.15774e-007,0.0170149
,,,1.16174e-007,0.0167939
,,,1.16574e-007,0.0181198
,,,1.16974e-007,0.0178988
,,,1.17374e-007,0.0172359
,,,1.17774e-007,0.0181198
,,,1.18174e-007,0.0178988
,,,1.18574e-007,0.0185617
,,,1.18974e-007,0.0181198
,,,1.19374e-007,0.0176778
,,,1.19774e-007,0.0172359
,,,1.20174e-007,0.0178988
,,,1.20574e-007,0.0176778
,,,1.20974e-007,0.0181198
,,,1.21374e-007,0.0183408
,,,1.21774e-007,0.0192246
,,,1.22174e-007,0.0181198
,,,1.22574e-007,0.0185617
,,,1.22974e-007,0.0192246
,,,1.23374e-007,0.0185617
,,,1.23774e-007,0.0185617
,,,1.24174e-007,0.0187827
,,,1.24574e-007,0.0194456
,,,1.24974e-007,0.0205505
,,,1.25374e-007,0.0203295
,,,1.25774e-007,0.0212134
,,,1.26174e-007,0.0207715
,,,1.26574e-007,0.0212134
,,,1.26974e-007,0.0214344
,,,1.27374e-007,0.0209924
,,,1.27774e-007,0.0207715
,,,1.28174e-007,0.0205505
,,,1.28574e-007,0.0198876
,,,1.28974e-007,0.0201085
,,,1.29374e-007,0.0192246
,,,1.29774e-007,0.0196666
,,,1.30174e-007,0.0185617
,,,1.30574e-007,0.0187827
,,,1.30974e-007,0.0187827
,,,1.31374e-007,0.0183408
,,,1.31774e-007,0.0181198
,,,1.32174e-007,0.0178988
,,,1.32574e-007,0.016573
,,,1.32974e-007,0.0181198
,,,1.33374e-007,0.0167939
,,,1.33774e-007,0.0176778
,,,1.34174e-007,0.0178988
,,,1.34574e-007,0.0167939
,,,1.34974e-007,0.0172359
,,,1.35374e-007,0.0167939
,,,1.35774e-007,0.016352
,,,1.36174e-007,0.016573
,,,1.36574e-007,0.0172359
,,,1.36974e-007,0.0172359
,,,1.37374e-007,0.0170149
,,,1.37774e-007,0.016573
,,,1.38174e-007,0.0154681
,,,1.38574e-007,0.016573
,,,1.38974e-007,0.016573
,,,1.39374e-007,0.0167939
,,,1.39774e-007,0.016131
,,,1.40174e-007,0.016131
,,,1.40574e-007,0.0156891
,,,1.40974e-007,0.0159101
,,,1.41374e-007,0.016131
,,,1.41774e-007,0.0156891
,,,1.42174e-007,0.016131
,,,1.42574e-007,0.0159101
,,,1.42974e-007,0.0154681
,,,1.43374e-007,0.0154681
,,,1.43774e-007,0.0159101
,,,1.44174e-007,0.0152471
,,,1.44574e-007,0.0156891
,,,1.44974e-007,0.0152471
,,,1.45374e-007,0.0150262
,,,1.45774e-007,0.0154681
,,,1.46174e-007,0.0154681
,,,1.46574e-007,0.0148052
,,,1.46974e-007,0.0143632
,,,1.47374e-007,0.0145842
,,,1.47774e-007,0.0148052
,,,1.48174e-007,0.0148052
,,,1.48574e-007,0.0145842
,,,1.48974e-007,0.0141423
,,,1.49374e-007,0.0145842
,,,1.49774e-007,0.0150262
,,,1.50174e-007,0.0145842
,,,1.50574e-007,0.0143632
,,,1.50974e-007,0.0143632
,,,1.51374e-007,0.0145842
,,,1.51774e-007,0.0143632
,,,1.52174e-007,0.0145842
,,,1.52574e-007,0.0150262
,,,1.52974e-007,0.0143632
,,,1.53374e-007,0.0148052
,,,1.53774e-007,0.0139213
,,,1.54174e-007,0.0137003
,,,1.54574e-007,0.0132584
,,,1.54974e-007,0.0130374
,,,1.55374e-007,0.0128164
,,,1.55774e-007,0.0125955
,,,1.56174e-007,0.0123745
,,,1.56574e-007,0.0123745
,,,1.56974e-007,0.0121535
,,,1.57374e-007,0.0125955
,,,1.57774e-007,0.0128164
,,,1.58174e-007,0.0121535
,,,1.58574e-007,0.0123745
,,,1.58974e-007,0.0121535
,,,1.59374e-007,0.0119325
,,,1.59774e-007,0.0114906
,,,1.60174e-007,0.0112696
,,,1.60574e-007,0.0119325
,,,1.60974e-007,0.0121535
,,,1.61374e-007,0.0121535
,,,1.61774e-007,0.0121535
,,,1.62174e-007,0.0125955
,,,1.62574e-007,0.0121535
,,,1.62974e-007,0.0117116
,,,1.63374e-007,0.0119325
,,,1.63774e-007,0.0119325
,,,1.64174e-007,0.0119325
,,,1.64574e-007,0.0119325
,,,1.64974e-007,0.0128164
,,,1.65374e-007,0.0119325
,,,1.65774e-007,0.0119325
,,,1.66174e-007,0.0123745
,,,1.66574e-007,0.0128164
,,,1.66974e-007,0.0119325
,,,1.67374e-007,0.0128164
,,,1.67774e-007,0.0123745
,,,1.68174e-007,0.0119325
,,,1.68574e-007,0.0123745
,,,1.68974e-007,0.0130374
,,,1.69374e-007,0.0130374
,,,1.69774e-007,0.0121535
,,,1.70174e-007,0.0123745
,,,1.70574e-007,0.0125955
,,,1.70974e-007,0.0123745
,,,1.71374e-007,0.0123745
,,,1.71774e-007,0.0123745
,,,1.72174e-007,0.0123745
,,,1.72574e-007,0.0130374
,,,1.72974e-007,0.0130374
,,,1.73374e-007,0.0119325
,,,1.73774e-007,0.0119325
,,,1.74174e-007,0.0121535
,,,1.74574e-007,0.0130374
,,,1.74974e-007,0.0123745
,,,1.75374e-007,0.0130374
,,,1.75774e-007,0.0130374
,,,1.76174e-007,0.0125955
,,,1.76574e-007,0.0130374
,,,1.76974e-007,0.0123745
,,,1.77374e-007,0.0125955
,,,1.77774e-007,0.0128164
,,,1.78174e-007,0.0128164
,,,1.78574e-007,0.0132584
,,,1.78974e-007,0.0125955
,,,1.79374e-007,0.0134794
,,,1.79774e-007,0.0121535
,,,1.80174e-007,0.0114906
,,,1.80574e-007,0.0130374
,,,1.80974e-007,0.0132584
,,,1.81374e-007,0.0123745
,,,1.81774e-007,0.0128164
,,,1.82174e-007,0.0130374
,,,1.82574e-007,0.0119325
,,,1.82974e-007,0.0128164
,,,1.83374e-007,0.0121535
,,,1.83774e-007,0.0121535
,,,1.84174e-007,0.0123745
,,,1.84574e-007,0.0130374
,,,1.84974e-007,0.0121535
,,,1.85374e-007,0.0128164
,,,1.85774e-007,0.0123745
,,,1.86174e-007,0.0121535
,,,1.86574e-007,0.0123745
,,,1.86974e-007,0.0130374
,,,1.87374e-007,0.0119325
,,,1.87774e-007,0.0132584
,,,1.88174e-007,0.0130374
,,,1.88574e-007,0.0119325
,,,1.88974e-007,0.0130374
,,,1.89374e-007,0.0132584
,,,1.89774e-007,0.0134794
,,,1.90174e-007,0.0137003
,,,1.90574e-007,0.0125955
,,,1.90974e-007,0.0132584
,,,1.91374e-007,0.0141423
,,,1.91774e-007,0.0137003
,,,1.92174e-007,0.0130374
,,,1.92574e-007,0.0134794
,,,1.92974e-007,0.0139213
,,,1.93374e-007,0.0134794
,,,1.93774e-007,0.0141423
,,,1.94174e-007,0.0137003
,,,1.94574e-007,0.0132584
,,,1.94974e-007,0.0137003
,,,1.95374e-007,0.0134794
,,,1.95774e-007,0.0130374
,,,1.96174e-007,0.0132584
,,,1.96574e-007,0.0132584
,,,1.96974e-007,0.0132584
,,,1.97374e-007,0.0130374
,,,1.97774e-007,0.0125955
,,,1.98174e-007,0.0128164
,,,1.98574e-007,0.0130374
,,,1.98974e-007,0.0134794
,,,1.99374e-007,0.0134794
,,,1.99774e-007,0.0132584
,,,2.00174e-007,0.0121535
,,,2.00574e-007,0.0125955
,,,2.00974e-007,0.0130374
,,,2.01374e-007,0.0132584
,,,2.01774e-007,0.0123745
,,,2.02174e-007,0.0123745
,,,2.02574e-007,0.0121535
,,,2.02974e-007,0.0130374
,,,2.03374e-007,0.0123745
,,,2.03774e-007,0.0123745
,,,2.04174e-007,0.0121535
,,,2.04574e-007,0.0112696
,,,2.04974e-007,0.0112696
,,,2.05374e-007,0.0112696
,,,2.05774e-007,0.0114906
,,,2.06174e-007,0.0108277
,,,2.06574e-007,0.0114906
,,,2.06974e-007,0.0103857
,,,2.07374e-007,0.0108277
,,,2.07774e-007,0.0103857
,,,2.08174e-007,0.0101648
,,,2.08574e-007,0.0101648
,,,2.08974e-007,0.00928087
,,,2.09374e-007,0.00950184
,,,2.09774e-007,0.00883892
,,,2.10174e-007,0.00839697
,,,2.10574e-007,0.00905989
,,,2.10974e-007,0.00795503
,,,2.11374e-007,0.00685016
,,,2.11774e-007,0.00662919
,,,2.12174e-007,0.00662919
,,,2.12574e-007,0.00640822
,,,2.12974e-007,0.00640822
,,,2.13374e-007,0.00508238
,,,2.13774e-007,0.00552432
,,,2.14174e-007,0.00508238
,,,2.14574e-007,0.00464043
,,,2.14974e-007,0.00419849
,,,2.15374e-007,0.00397751
,,,2.15774e-007,0.00397751
,,,2.16174e-007,0.00419849
,,,2.16574e-007,0.00331459
,,,2.16974e-007,0.00287265
,,,2.17374e-007,0.00331459
,,,2.17774e-007,0.00309362
,,,2.18174e-007,0.00309362
,,,2.18574e-007,0.00176778
,,,2.18974e-007,0.00220973
,,,2.19374e-007,0.00132584
,,,2.19774e-007,0.00220973
,,,2.20174e-007,0.00265168
,,,2.20574e-007,0.00220973
,,,2.20974e-007,0.00265168
,,,2.21374e-007,0.00176778
,,,2.21774e-007,0.00132584
,,,2.22174e-007,0.00176778
,,,2.22574e-007,0.00220973
,,,2.22974e-007,0.00176778
,,,2.23374e-007,0.00154681
,,,2.23774e-007,0.00176778
,,,2.24174e-007,0.00132584
,,,2.24574e-007,0.00154681
,,,2.24974e-007,0.00132584
,,,2.25374e-007,0.00110486
,,,2.25774e-007,0.00154681
,,,2.26174e-007,0.000441946
,,,2.26574e-007,0.00110486
,,,2.26974e-007,0.000883892
,,,2.27374e-007,0.000441946
,,,2.27774e-007,0.000220973
,,,2.28174e-007,0.000883892
,,,2.28574e-007,0.000220973
,,,2.28974e-007,0.000441946
,,,2.29374e-007,0.000662919
,,,2.29774e-007,0.00110486
,,,2.30174e-007,0.000883892
,,,2.30574e-007,0.000441946
,,,2.30974e-007,-0.000220973
,,,2.31374e-007,0.00110486
,,,2.31774e-007,0.000662919
,,,2.32174e-007,0.000662919
,,,2.32574e-007,0.000220973
,,,2.32974e-007,0.00132584
,,,2.33374e-007,0.00132584
,,,2.33774e-007,0.000662919
,,,2.34174e-007,0
,,,2.34574e-007,0.000220973
,,,2.34974e-007,0.000441946
,,,2.35374e-007,-0.000220973
,,,2.35774e-007,0.000441946
,,,2.36174e-007,0
,,,2.36574e-007,0
,,,2.36974e-007,-0.000441946
,,,2.37374e-007,-0.000220973
,,,2.37774e-007,0.000441946
,,,2.38174e-007,-0.000441946
,,,2.38574e-007,-0.000662919
,,,2.38974e-007,0.000883892
,,,2.39374e-007,0.000220973
,,,2.39774e-007,-0.000220973
,,,2.40174e-007,0
,,,2.40574e-007,0.00132584
,,,2.40974e-007,0
,,,2.41374e-007,0
,,,2.41774e-007,-0.000883892
,,,2.42174e-007,-0.000662919
,,,2.42574e-007,-0.000883892
,,,2.42974e-007,-0.000662919
,,,2.43374e-007,0
,,,2.43774e-007,-0.000662919
,,,2.44174e-007,-0.000220973
,,,2.44574e-007,0.000220973
,,,2.44974e-007,-0.000441946
,,,2.45374e-007,-0.000441946
,,,2.45774e-007,0.000220973
,,,2.46174e-007,0.000441946
,,,2.46574e-007,-0.000220973
,,,2.46974e-007,0
,,,2.47374e-007,0.000220973
,,,2.47774e-007,0
,,,2.48174e-007,0.000220973
,,,2.48574e-007,0.000883892
,,,2.48974e-007,0.000441946
,,,2.49374e-007,0.000220973
,,,2.49774e-007,0.000441946
,,,2.50174e-007,-0.000220973
