"Record Length",1252,"Points",-2.50297e-007,0.000883892
"Sample Interval",4e-010,s,-2.49897e-007,0.000220973
"Trigger Point",625,"Samples",-2.49497e-007,0.000441946
"Trigger Time",0.742167,s,-2.49097e-007,0.000883892
,,,-2.48697e-007,0
"Horizontal Offset",-2.50297e-007,s,-2.48297e-007,0.000220973
,,,-2.47897e-007,0.000220973
,,,-2.47497e-007,0.000220973
,,,-2.47097e-007,-0.000441946
,,,-2.46697e-007,0.000662919
,,,-2.46297e-007,0
,,,-2.45897e-007,0.000441946
,,,-2.45497e-007,0.000441946
,,,-2.45097e-007,0
,,,-2.44697e-007,0.000220973
,,,-2.44297e-007,0.000441946
,,,-2.43897e-007,0.000220973
,,,-2.43497e-007,-0.000220973
,,,-2.43097e-007,-0.000220973
,,,-2.42697e-007,-0.000441946
,,,-2.42297e-007,0.000441946
,,,-2.41897e-007,0
,,,-2.41497e-007,0
,,,-2.41097e-007,0.000220973
,,,-2.40697e-007,0.000662919
,,,-2.40297e-007,0.000662919
,,,-2.39897e-007,0.000883892
,,,-2.39497e-007,-0.000441946
,,,-2.39097e-007,0.000220973
,,,-2.38697e-007,0.000220973
,,,-2.38297e-007,0
,,,-2.37897e-007,0.000441946
,,,-2.37497e-007,0
,,,-2.37097e-007,0.000220973
,,,-2.36697e-007,0.000441946
,,,-2.36297e-007,0.000220973
,,,-2.35897e-007,0.000662919
,,,-2.35497e-007,0
,,,-2.35097e-007,0.000662919
,,,-2.34697e-007,0
,,,-2.34297e-007,0.000662919
,,,-2.33897e-007,-0.000441946
,,,-2.33497e-007,0.000220973
,,,-2.33097e-007,0.000441946
,,,-2.32697e-007,0.000220973
,,,-2.32297e-007,0.000220973
,,,-2.31897e-007,0.000220973
,,,-2.31497e-007,0.000220973
,,,-2.31097e-007,0.000441946
,,,-2.30697e-007,0
,,,-2.30297e-007,-0.000220973
,,,-2.29897e-007,-0.000220973
,,,-2.29497e-007,-0.000220973
,,,-2.29097e-007,0.000220973
,,,-2.28697e-007,-0.000220973
,,,-2.28297e-007,0.000441946
,,,-2.27897e-007,0.000220973
,,,-2.27497e-007,0.000220973
,,,-2.27097e-007,0.000220973
,,,-2.26697e-007,-0.000220973
,,,-2.26297e-007,0.000220973
,,,-2.25897e-007,0.000441946
,,,-2.25497e-007,-0.000441946
,,,-2.25097e-007,-0.000441946
,,,-2.24697e-007,0
,,,-2.24297e-007,0.000220973
,,,-2.23897e-007,0.000220973
,,,-2.23497e-007,0.000220973
,,,-2.23097e-007,-0.000441946
,,,-2.22697e-007,0.000220973
,,,-2.22297e-007,-0.000220973
,,,-2.21897e-007,-0.000441946
,,,-2.21497e-007,0.000220973
,,,-2.21097e-007,-0.000441946
,,,-2.20697e-007,0.000441946
,,,-2.20297e-007,0.00110486
,,,-2.19897e-007,0.000441946
,,,-2.19497e-007,0.000220973
,,,-2.19097e-007,-0.000220973
,,,-2.18697e-007,0.000441946
,,,-2.18297e-007,0.000441946
,,,-2.17897e-007,0.000441946
,,,-2.17497e-007,0
,,,-2.17097e-007,0.000220973
,,,-2.16697e-007,0.00110486
,,,-2.16297e-007,0.000441946
,,,-2.15897e-007,0.000220973
,,,-2.15497e-007,0.000441946
,,,-2.15097e-007,0.000662919
,,,-2.14697e-007,0.000441946
,,,-2.14297e-007,0
,,,-2.13897e-007,0
,,,-2.13497e-007,0.000220973
,,,-2.13097e-007,-0.000220973
,,,-2.12697e-007,-0.000220973
,,,-2.12297e-007,-0.000441946
,,,-2.11897e-007,0.000441946
,,,-2.11497e-007,0.000220973
,,,-2.11097e-007,0.000441946
,,,-2.10697e-007,0.000220973
,,,-2.10297e-007,0.000883892
,,,-2.09897e-007,0.000220973
,,,-2.09497e-007,0.00110486
,,,-2.09097e-007,0.000662919
,,,-2.08697e-007,0.000662919
,,,-2.08297e-007,0.000441946
,,,-2.07897e-007,0.00132584
,,,-2.07497e-007,0
,,,-2.07097e-007,0.000662919
,,,-2.06697e-007,0.000220973
,,,-2.06297e-007,0
,,,-2.05897e-007,-0.000441946
,,,-2.05497e-007,0.000441946
,,,-2.05097e-007,0.000220973
,,,-2.04697e-007,0.00110486
,,,-2.04297e-007,0.000220973
,,,-2.03897e-007,0.000883892
,,,-2.03497e-007,0
,,,-2.03097e-007,-0.000220973
,,,-2.02697e-007,0
,,,-2.02297e-007,0.000662919
,,,-2.01897e-007,-0.000441946
,,,-2.01497e-007,0.000220973
,,,-2.01097e-007,0
,,,-2.00697e-007,0.000220973
,,,-2.00297e-007,-0.000220973
,,,-1.99897e-007,0.00110486
,,,-1.99497e-007,-0.000220973
,,,-1.99097e-007,0
,,,-1.98697e-007,-0.000220973
,,,-1.98297e-007,-0.000662919
,,,-1.97897e-007,-0.000220973
,,,-1.97497e-007,-0.000883892
,,,-1.97097e-007,-0.000662919
,,,-1.96697e-007,0
,,,-1.96297e-007,0
,,,-1.95897e-007,0.000220973
,,,-1.95497e-007,0.000220973
,,,-1.95097e-007,0.000662919
,,,-1.94697e-007,0
,,,-1.94297e-007,0.000441946
,,,-1.93897e-007,0.000662919
,,,-1.93497e-007,0
,,,-1.93097e-007,0.000220973
,,,-1.92697e-007,0
,,,-1.92297e-007,-0.000220973
,,,-1.91897e-007,0
,,,-1.91497e-007,0.000220973
,,,-1.91097e-007,0
,,,-1.90697e-007,0.000220973
,,,-1.90297e-007,-0.000220973
,,,-1.89897e-007,-0.000220973
,,,-1.89497e-007,-0.000220973
,,,-1.89097e-007,0.000220973
,,,-1.88697e-007,-0.000220973
,,,-1.88297e-007,0.000220973
,,,-1.87897e-007,0
,,,-1.87497e-007,0
,,,-1.87097e-007,-0.000220973
,,,-1.86697e-007,0
,,,-1.86297e-007,0.000662919
,,,-1.85897e-007,0.000441946
,,,-1.85497e-007,-0.000441946
,,,-1.85097e-007,0.000441946
,,,-1.84697e-007,0
,,,-1.84297e-007,-0.000220973
,,,-1.83897e-007,-0.000220973
,,,-1.83497e-007,0
,,,-1.83097e-007,0.000220973
,,,-1.82697e-007,0.000220973
,,,-1.82297e-007,-0.000883892
,,,-1.81897e-007,-0.000220973
,,,-1.81497e-007,0.000662919
,,,-1.81097e-007,0
,,,-1.80697e-007,0.000662919
,,,-1.80297e-007,-0.000662919
,,,-1.79897e-007,0
,,,-1.79497e-007,0
,,,-1.79097e-007,-0.000220973
,,,-1.78697e-007,0.000662919
,,,-1.78297e-007,0.000441946
,,,-1.77897e-007,0
,,,-1.77497e-007,0.000220973
,,,-1.77097e-007,0.000662919
,,,-1.76697e-007,0.000441946
,,,-1.76297e-007,0.000441946
,,,-1.75897e-007,0.000883892
,,,-1.75497e-007,0.000220973
,,,-1.75097e-007,0.000220973
,,,-1.74697e-007,0.000441946
,,,-1.74297e-007,0.000220973
,,,-1.73897e-007,-0.000220973
,,,-1.73497e-007,0
,,,-1.73097e-007,-0.000220973
,,,-1.72697e-007,0
,,,-1.72297e-007,0.000662919
,,,-1.71897e-007,0.000662919
,,,-1.71497e-007,-0.000220973
,,,-1.71097e-007,0
,,,-1.70697e-007,-0.000441946
,,,-1.70297e-007,0.000662919
,,,-1.69897e-007,0.000220973
,,,-1.69497e-007,0
,,,-1.69097e-007,0
,,,-1.68697e-007,0.000662919
,,,-1.68297e-007,0.000441946
,,,-1.67897e-007,0.000220973
,,,-1.67497e-007,0.000220973
,,,-1.67097e-007,0.000220973
,,,-1.66697e-007,0.000220973
,,,-1.66297e-007,0.000441946
,,,-1.65897e-007,-0.000220973
,,,-1.65497e-007,0.000220973
,,,-1.65097e-007,0.000441946
,,,-1.64697e-007,0.000220973
,,,-1.64297e-007,-0.000220973
,,,-1.63897e-007,0
,,,-1.63497e-007,0.000441946
,,,-1.63097e-007,-0.000441946
,,,-1.62697e-007,0
,,,-1.62297e-007,0.000662919
,,,-1.61897e-007,0.000662919
,,,-1.61497e-007,0.000662919
,,,-1.61097e-007,-0.000441946
,,,-1.60697e-007,0
,,,-1.60297e-007,0.000441946
,,,-1.59897e-007,0.000220973
,,,-1.59497e-007,-0.000220973
,,,-1.59097e-007,0.000441946
,,,-1.58697e-007,0.000441946
,,,-1.58297e-007,-0.000220973
,,,-1.57897e-007,0.000441946
,,,-1.57497e-007,0.000220973
,,,-1.57097e-007,-0.000220973
,,,-1.56697e-007,0.000220973
,,,-1.56297e-007,0.000662919
,,,-1.55897e-007,0.000441946
,,,-1.55497e-007,0.000441946
,,,-1.55097e-007,0.000662919
,,,-1.54697e-007,0.000662919
,,,-1.54297e-007,-0.000220973
,,,-1.53897e-007,0
,,,-1.53497e-007,0.000220973
,,,-1.53097e-007,0.000220973
,,,-1.52697e-007,0.000662919
,,,-1.52297e-007,0.000441946
,,,-1.51897e-007,-0.000220973
,,,-1.51497e-007,0.000220973
,,,-1.51097e-007,0.000220973
,,,-1.50697e-007,0.000220973
,,,-1.50297e-007,0
,,,-1.49897e-007,0
,,,-1.49497e-007,0.000220973
,,,-1.49097e-007,0
,,,-1.48697e-007,0
,,,-1.48297e-007,0
,,,-1.47897e-007,0
,,,-1.47497e-007,0.000220973
,,,-1.47097e-007,0
,,,-1.46697e-007,0
,,,-1.46297e-007,0.000220973
,,,-1.45897e-007,0.000220973
,,,-1.45497e-007,0
,,,-1.45097e-007,0
,,,-1.44697e-007,0.000220973
,,,-1.44297e-007,0.000441946
,,,-1.43897e-007,-0.000441946
,,,-1.43497e-007,-0.000220973
,,,-1.43097e-007,0.000220973
,,,-1.42697e-007,0.000441946
,,,-1.42297e-007,-0.000662919
,,,-1.41897e-007,0
,,,-1.41497e-007,0.000662919
,,,-1.41097e-007,-0.000220973
,,,-1.40697e-007,-0.000220973
,,,-1.40297e-007,0.000220973
,,,-1.39897e-007,0.000662919
,,,-1.39497e-007,0
,,,-1.39097e-007,0.000441946
,,,-1.38697e-007,0.000883892
,,,-1.38297e-007,0.000662919
,,,-1.37897e-007,-0.000441946
,,,-1.37497e-007,0.000220973
,,,-1.37097e-007,0.000220973
,,,-1.36697e-007,0.000662919
,,,-1.36297e-007,-0.000441946
,,,-1.35897e-007,-0.000441946
,,,-1.35497e-007,-0.000662919
,,,-1.35097e-007,0.000662919
,,,-1.34697e-007,0.000441946
,,,-1.34297e-007,0
,,,-1.33897e-007,0.000662919
,,,-1.33497e-007,0
,,,-1.33097e-007,-0.000220973
,,,-1.32697e-007,0
,,,-1.32297e-007,0.000441946
,,,-1.31897e-007,0.000662919
,,,-1.31497e-007,0.000220973
,,,-1.31097e-007,0
,,,-1.30697e-007,0
,,,-1.30297e-007,-0.000220973
,,,-1.29897e-007,0
,,,-1.29497e-007,-0.000441946
,,,-1.29097e-007,-0.000220973
,,,-1.28697e-007,-0.000441946
,,,-1.28297e-007,0.000220973
,,,-1.27897e-007,0.000220973
,,,-1.27497e-007,0.000441946
,,,-1.27097e-007,0
,,,-1.26697e-007,0.000441946
,,,-1.26297e-007,-0.000220973
,,,-1.25897e-007,-0.000220973
,,,-1.25497e-007,0.000220973
,,,-1.25097e-007,0.000220973
,,,-1.24697e-007,0.000662919
,,,-1.24297e-007,0.000662919
,,,-1.23897e-007,0.000441946
,,,-1.23497e-007,-0.000441946
,,,-1.23097e-007,0.000441946
,,,-1.22697e-007,0.000220973
,,,-1.22297e-007,0.000441946
,,,-1.21897e-007,0.000220973
,,,-1.21497e-007,0
,,,-1.21097e-007,0
,,,-1.20697e-007,0
,,,-1.20297e-007,0
,,,-1.19897e-007,0.000220973
,,,-1.19497e-007,0.000662919
,,,-1.19097e-007,0.000220973
,,,-1.18697e-007,0.000441946
,,,-1.18297e-007,0.000441946
,,,-1.17897e-007,-0.000441946
,,,-1.17497e-007,0.000220973
,,,-1.17097e-007,0.000220973
,,,-1.16697e-007,0.000220973
,,,-1.16297e-007,-0.000220973
,,,-1.15897e-007,0.00110486
,,,-1.15497e-007,0
,,,-1.15097e-007,0.000220973
,,,-1.14697e-007,0.000662919
,,,-1.14297e-007,0
,,,-1.13897e-007,0.000220973
,,,-1.13497e-007,0.000220973
,,,-1.13097e-007,0.000441946
,,,-1.12697e-007,0.000441946
,,,-1.12297e-007,-0.000220973
,,,-1.11897e-007,0.000220973
,,,-1.11497e-007,0
,,,-1.11097e-007,0.000220973
,,,-1.10697e-007,-0.000220973
,,,-1.10297e-007,0
,,,-1.09897e-007,0.000220973
,,,-1.09497e-007,-0.000220973
,,,-1.09097e-007,0
,,,-1.08697e-007,-0.000220973
,,,-1.08297e-007,0.000220973
,,,-1.07897e-007,0.000441946
,,,-1.07497e-007,0.000662919
,,,-1.07097e-007,0.000441946
,,,-1.06697e-007,-0.000220973
,,,-1.06297e-007,0.000441946
,,,-1.05897e-007,0
,,,-1.05497e-007,0.000441946
,,,-1.05097e-007,0.00132584
,,,-1.04697e-007,0.000441946
,,,-1.04297e-007,0.000441946
,,,-1.03897e-007,0.000441946
,,,-1.03497e-007,0.000220973
,,,-1.03097e-007,0.000441946
,,,-1.02697e-007,0.000883892
,,,-1.02297e-007,0.000220973
,,,-1.01897e-007,-0.000441946
,,,-1.01497e-007,0
,,,-1.01097e-007,-0.000220973
,,,-1.00697e-007,0.000662919
,,,-1.00297e-007,0.000220973
,,,-9.98969e-008,0
,,,-9.94969e-008,-0.000220973
,,,-9.90969e-008,0.000441946
,,,-9.86969e-008,0
,,,-9.82969e-008,0.000441946
,,,-9.78969e-008,0
,,,-9.74969e-008,-0.000220973
,,,-9.70969e-008,0.000220973
,,,-9.66969e-008,0.000220973
,,,-9.62969e-008,0.000220973
,,,-9.58969e-008,0
,,,-9.54969e-008,-0.000441946
,,,-9.50969e-008,0.000220973
,,,-9.46969e-008,0.000441946
,,,-9.42969e-008,0.000662919
,,,-9.38969e-008,0.000220973
,,,-9.34969e-008,0
,,,-9.30969e-008,0.000220973
,,,-9.26969e-008,0
,,,-9.22969e-008,0.000220973
,,,-9.18969e-008,0.000662919
,,,-9.14969e-008,0.000220973
,,,-9.10969e-008,0.000662919
,,,-9.06969e-008,0.000441946
,,,-9.02969e-008,0.000220973
,,,-8.98969e-008,0.000883892
,,,-8.94969e-008,0.000662919
,,,-8.90969e-008,0.000662919
,,,-8.86969e-008,0.000662919
,,,-8.82969e-008,0.000441946
,,,-8.78969e-008,0.000220973
,,,-8.74969e-008,0.000220973
,,,-8.70969e-008,0.000441946
,,,-8.66969e-008,-0.000220973
,,,-8.62969e-008,0.000220973
,,,-8.58969e-008,0.000220973
,,,-8.54969e-008,0.000441946
,,,-8.50969e-008,0
,,,-8.46969e-008,0.000441946
,,,-8.42969e-008,0.000220973
,,,-8.38969e-008,0.000662919
,,,-8.34969e-008,0.000220973
,,,-8.30969e-008,0.000220973
,,,-8.26969e-008,0.000441946
,,,-8.22969e-008,0.000662919
,,,-8.18969e-008,-0.000220973
,,,-8.14969e-008,-0.000662919
,,,-8.10969e-008,-0.000220973
,,,-8.06969e-008,-0.000441946
,,,-8.02969e-008,0.000220973
,,,-7.98969e-008,0.000220973
,,,-7.94969e-008,-0.000441946
,,,-7.90969e-008,0
,,,-7.86969e-008,0.000662919
,,,-7.82969e-008,0.000220973
,,,-7.78969e-008,-0.000883892
,,,-7.74969e-008,-0.000441946
,,,-7.70969e-008,-0.000441946
,,,-7.66969e-008,0.000662919
,,,-7.62969e-008,0.000220973
,,,-7.58969e-008,0.000220973
,,,-7.54969e-008,-0.000220973
,,,-7.50969e-008,0.000662919
,,,-7.46969e-008,-0.000441946
,,,-7.42969e-008,0.000662919
,,,-7.38969e-008,0.000441946
,,,-7.34969e-008,0.000220973
,,,-7.30969e-008,0.000441946
,,,-7.26969e-008,0.000883892
,,,-7.22969e-008,0.000662919
,,,-7.18969e-008,0.000441946
,,,-7.14969e-008,0.000220973
,,,-7.10969e-008,0.000441946
,,,-7.06969e-008,0
,,,-7.02969e-008,-0.000220973
,,,-6.98969e-008,0
,,,-6.94969e-008,0.000220973
,,,-6.90969e-008,0.000220973
,,,-6.86969e-008,0.000220973
,,,-6.82969e-008,-0.000662919
,,,-6.78969e-008,0.000220973
,,,-6.74969e-008,0.000883892
,,,-6.70969e-008,0.000220973
,,,-6.66969e-008,0.000662919
,,,-6.62969e-008,0.00132584
,,,-6.58969e-008,-0.000220973
,,,-6.54969e-008,0
,,,-6.50969e-008,-0.000220973
,,,-6.46969e-008,0
,,,-6.42969e-008,0.00110486
,,,-6.38969e-008,0
,,,-6.34969e-008,0.000441946
,,,-6.30969e-008,0.000441946
,,,-6.26969e-008,0
,,,-6.22969e-008,-0.000441946
,,,-6.18969e-008,0
,,,-6.14969e-008,-0.000662919
,,,-6.10969e-008,0.000220973
,,,-6.06969e-008,0
,,,-6.02969e-008,0.000220973
,,,-5.98969e-008,0.000441946
,,,-5.94969e-008,0.000441946
,,,-5.90969e-008,0.000220973
,,,-5.86969e-008,0
,,,-5.82969e-008,0.000662919
,,,-5.78969e-008,0.000220973
,,,-5.74969e-008,0
,,,-5.70969e-008,0.000662919
,,,-5.66969e-008,0.000220973
,,,-5.62969e-008,0
,,,-5.58969e-008,-0.000220973
,,,-5.54969e-008,0.000441946
,,,-5.50969e-008,0.000883892
,,,-5.46969e-008,0.000220973
,,,-5.42969e-008,-0.000441946
,,,-5.38969e-008,0.000220973
,,,-5.34969e-008,0.000220973
,,,-5.30969e-008,-0.000662919
,,,-5.26969e-008,0
,,,-5.22969e-008,0
,,,-5.18969e-008,-0.000662919
,,,-5.14969e-008,0.000220973
,,,-5.10969e-008,0.000441946
,,,-5.06969e-008,0
,,,-5.02969e-008,0
,,,-4.98969e-008,-0.000220973
,,,-4.94969e-008,0.000220973
,,,-4.90969e-008,0.000220973
,,,-4.86969e-008,0.000662919
,,,-4.82969e-008,0.000441946
,,,-4.78969e-008,0
,,,-4.74969e-008,0
,,,-4.70969e-008,0.000220973
,,,-4.66969e-008,0.000220973
,,,-4.62969e-008,0.000441946
,,,-4.58969e-008,0
,,,-4.54969e-008,-0.000220973
,,,-4.50969e-008,0
,,,-4.46969e-008,0
,,,-4.42969e-008,0.000441946
,,,-4.38969e-008,0
,,,-4.34969e-008,-0.000220973
,,,-4.30969e-008,0.000220973
,,,-4.26969e-008,0.000220973
,,,-4.22969e-008,0.000220973
,,,-4.18969e-008,0
,,,-4.14969e-008,0.000662919
,,,-4.10969e-008,0.000441946
,,,-4.06969e-008,0.000220973
,,,-4.02969e-008,0.000441946
,,,-3.98969e-008,0
,,,-3.94969e-008,0.000441946
,,,-3.90969e-008,0.000441946
,,,-3.86969e-008,0
,,,-3.82969e-008,-0.000441946
,,,-3.78969e-008,0.000662919
,,,-3.74969e-008,0
,,,-3.70969e-008,0
,,,-3.66969e-008,0.000883892
,,,-3.62969e-008,0.000441946
,,,-3.58969e-008,0.000441946
,,,-3.54969e-008,0
,,,-3.50969e-008,-0.000220973
,,,-3.46969e-008,0.000220973
,,,-3.42969e-008,0.000662919
,,,-3.38969e-008,-0.000662919
,,,-3.34969e-008,-0.000220973
,,,-3.30969e-008,0.000662919
,,,-3.26969e-008,0.000441946
,,,-3.22969e-008,0
,,,-3.18969e-008,0.000883892
,,,-3.14969e-008,0.000220973
,,,-3.10969e-008,0
,,,-3.06969e-008,-0.000441946
,,,-3.02969e-008,0
,,,-2.98969e-008,0
,,,-2.94969e-008,0.000220973
,,,-2.90969e-008,-0.000662919
,,,-2.86969e-008,0.000220973
,,,-2.82969e-008,0.000662919
,,,-2.78969e-008,0.000220973
,,,-2.74969e-008,-0.000441946
,,,-2.70969e-008,0.000441946
,,,-2.66969e-008,0.000441946
,,,-2.62969e-008,0
,,,-2.58969e-008,-0.000220973
,,,-2.54969e-008,0.000220973
,,,-2.50969e-008,0.000220973
,,,-2.46969e-008,0.000662919
,,,-2.42969e-008,-0.000220973
,,,-2.38969e-008,0.000441946
,,,-2.34969e-008,0.000441946
,,,-2.30969e-008,0.000220973
,,,-2.26969e-008,0
,,,-2.22969e-008,-0.000220973
,,,-2.18969e-008,0
,,,-2.14969e-008,0
,,,-2.10969e-008,0
,,,-2.06969e-008,-0.000220973
,,,-2.02969e-008,-0.000220973
,,,-1.98969e-008,0.000662919
,,,-1.94969e-008,0
,,,-1.90969e-008,0.000662919
,,,-1.86969e-008,0.000441946
,,,-1.82969e-008,0.000220973
,,,-1.78969e-008,0
,,,-1.74969e-008,0.000441946
,,,-1.70969e-008,0
,,,-1.66969e-008,0.000441946
,,,-1.62969e-008,0.000441946
,,,-1.58969e-008,-0.000662919
,,,-1.54969e-008,-0.000441946
,,,-1.50969e-008,0.000441946
,,,-1.46969e-008,0
,,,-1.42969e-008,0.000220973
,,,-1.38969e-008,0.000220973
,,,-1.34969e-008,-0.000220973
,,,-1.30969e-008,-0.000220973
,,,-1.26969e-008,0.000883892
,,,-1.22969e-008,0.000662919
,,,-1.18969e-008,0.000662919
,,,-1.14969e-008,0
,,,-1.10969e-008,-0.000220973
,,,-1.06969e-008,-0.000662919
,,,-1.02969e-008,0.00110486
,,,-9.89687e-009,0.000220973
,,,-9.49687e-009,-0.000220973
,,,-9.09687e-009,0.000662919
,,,-8.69687e-009,0.000883892
,,,-8.29687e-009,0.000220973
,,,-7.89687e-009,0.000220973
,,,-7.49687e-009,0.000220973
,,,-7.09687e-009,-0.000662919
,,,-6.69687e-009,0.000662919
,,,-6.29687e-009,-0.000220973
,,,-5.89687e-009,0.000441946
,,,-5.49687e-009,0.000220973
,,,-5.09687e-009,0.000441946
,,,-4.69687e-009,0.000220973
,,,-4.29687e-009,-0.000220973
,,,-3.89687e-009,-0.000220973
,,,-3.49687e-009,-0.000220973
,,,-3.09687e-009,0.000441946
,,,-2.69687e-009,-0.000220973
,,,-2.29687e-009,0.000220973
,,,-1.89687e-009,0.000662919
,,,-1.49687e-009,0.000441946
,,,-1.09687e-009,0.000220973
,,,-6.96867e-010,0.000441946
,,,-2.96867e-010,0
,,,1.03133e-010,0.000441946
,,,5.03133e-010,0.000883892
,,,9.03133e-010,-0.000220973
,,,1.30313e-009,0.000441946
,,,1.70313e-009,0
,,,2.10313e-009,0
,,,2.50313e-009,0.000441946
,,,2.90313e-009,-0.000441946
,,,3.30313e-009,-0.000220973
,,,3.70313e-009,0
,,,4.10313e-009,0
,,,4.50313e-009,0
,,,4.90313e-009,0.000220973
,,,5.30313e-009,0.000662919
,,,5.70313e-009,0.000441946
,,,6.10313e-009,-0.000220973
,,,6.50313e-009,0.000220973
,,,6.90313e-009,0
,,,7.30313e-009,0.000220973
,,,7.70313e-009,0.000441946
,,,8.10313e-009,0
,,,8.50313e-009,0
,,,8.90313e-009,-0.000441946
,,,9.30313e-009,0
,,,9.70313e-009,-0.000220973
,,,1.01031e-008,0
,,,1.05031e-008,0
,,,1.09031e-008,-0.000441946
,,,1.13031e-008,-0.000441946
,,,1.17031e-008,-0.000441946
,,,1.21031e-008,0
,,,1.25031e-008,0.000441946
,,,1.29031e-008,0
,,,1.33031e-008,0.000220973
,,,1.37031e-008,0.000883892
,,,1.41031e-008,-0.000220973
,,,1.45031e-008,-0.000883892
,,,1.49031e-008,-0.000220973
,,,1.53031e-008,-0.000220973
,,,1.57031e-008,-0.000662919
,,,1.61031e-008,0.000441946
,,,1.65031e-008,0
,,,1.69031e-008,-0.000220973
,,,1.73031e-008,0
,,,1.77031e-008,-0.000441946
,,,1.81031e-008,0.000220973
,,,1.85031e-008,0.000441946
,,,1.89031e-008,0.000220973
,,,1.93031e-008,0.000441946
,,,1.97031e-008,-0.000441946
,,,2.01031e-008,0
,,,2.05031e-008,0
,,,2.09031e-008,0
,,,2.13031e-008,-0.000441946
,,,2.17031e-008,0.000441946
,,,2.21031e-008,0.000220973
,,,2.25031e-008,0.000441946
,,,2.29031e-008,0.000220973
,,,2.33031e-008,0.000662919
,,,2.37031e-008,-0.000220973
,,,2.41031e-008,0.000220973
,,,2.45031e-008,-0.000220973
,,,2.49031e-008,0.000441946
,,,2.53031e-008,-0.000220973
,,,2.57031e-008,0
,,,2.61031e-008,0
,,,2.65031e-008,0
,,,2.69031e-008,0
,,,2.73031e-008,0
,,,2.77031e-008,0
,,,2.81031e-008,0.000441946
,,,2.85031e-008,0.000220973
,,,2.89031e-008,0.000662919
,,,2.93031e-008,0
,,,2.97031e-008,-0.000220973
,,,3.01031e-008,0.000662919
,,,3.05031e-008,-0.000220973
,,,3.09031e-008,-0.000220973
,,,3.13031e-008,0.000220973
,,,3.17031e-008,0
,,,3.21031e-008,-0.000220973
,,,3.25031e-008,0
,,,3.29031e-008,0.000441946
,,,3.33031e-008,0.00132584
,,,3.37031e-008,0.000441946
,,,3.41031e-008,-0.000220973
,,,3.45031e-008,-0.000220973
,,,3.49031e-008,-0.000220973
,,,3.53031e-008,0
,,,3.57031e-008,0.000220973
,,,3.61031e-008,0.000220973
,,,3.65031e-008,0.000662919
,,,3.69031e-008,0.000441946
,,,3.73031e-008,0
,,,3.77031e-008,0.00132584
,,,3.81031e-008,0
,,,3.85031e-008,0.000220973
,,,3.89031e-008,0.000441946
,,,3.93031e-008,0.000441946
,,,3.97031e-008,-0.000220973
,,,4.01031e-008,0.000220973
,,,4.05031e-008,0.000220973
,,,4.09031e-008,0
,,,4.13031e-008,-0.000441946
,,,4.17031e-008,0
,,,4.21031e-008,0.000441946
,,,4.25031e-008,-0.000441946
,,,4.29031e-008,-0.000220973
,,,4.33031e-008,0.000441946
,,,4.37031e-008,0.000441946
,,,4.41031e-008,0.000441946
,,,4.45031e-008,0.000441946
,,,4.49031e-008,0
,,,4.53031e-008,0
,,,4.57031e-008,0.000220973
,,,4.61031e-008,-0.000220973
,,,4.65031e-008,0
,,,4.69031e-008,0
,,,4.73031e-008,0.000883892
,,,4.77031e-008,-0.000220973
,,,4.81031e-008,0.000441946
,,,4.85031e-008,0.000220973
,,,4.89031e-008,0.000662919
,,,4.93031e-008,0.000662919
,,,4.97031e-008,0.000441946
,,,5.01031e-008,0.000220973
,,,5.05031e-008,-0.000441946
,,,5.09031e-008,0.000883892
,,,5.13031e-008,0.00132584
,,,5.17031e-008,0.000441946
,,,5.21031e-008,-0.000220973
,,,5.25031e-008,0
,,,5.29031e-008,0.000220973
,,,5.33031e-008,-0.000220973
,,,5.37031e-008,0
,,,5.41031e-008,0.000441946
,,,5.45031e-008,0.000883892
,,,5.49031e-008,0.000220973
,,,5.53031e-008,0.000883892
,,,5.57031e-008,0.000220973
,,,5.61031e-008,0.000662919
,,,5.65031e-008,-0.000441946
,,,5.69031e-008,0
,,,5.73031e-008,-0.000441946
,,,5.77031e-008,0
,,,5.81031e-008,0.000662919
,,,5.85031e-008,0.000220973
,,,5.89031e-008,0.000220973
,,,5.93031e-008,0.000220973
,,,5.97031e-008,0.000441946
,,,6.01031e-008,0.000662919
,,,6.05031e-008,0
,,,6.09031e-008,-0.000662919
,,,6.13031e-008,-0.000883892
,,,6.17031e-008,0
,,,6.21031e-008,0
,,,6.25031e-008,0
,,,6.29031e-008,0.000441946
,,,6.33031e-008,0
,,,6.37031e-008,0.000220973
,,,6.41031e-008,0
,,,6.45031e-008,0.000441946
,,,6.49031e-008,-0.000441946
,,,6.53031e-008,-0.000220973
,,,6.57031e-008,0
,,,6.61031e-008,0.000220973
,,,6.65031e-008,0.000883892
,,,6.69031e-008,-0.000220973
,,,6.73031e-008,-0.000441946
,,,6.77031e-008,-0.000662919
,,,6.81031e-008,0
,,,6.85031e-008,-0.000220973
,,,6.89031e-008,-0.000220973
,,,6.93031e-008,0
,,,6.97031e-008,0.000441946
,,,7.01031e-008,0.00110486
,,,7.05031e-008,0
,,,7.09031e-008,-0.000220973
,,,7.13031e-008,0.000441946
,,,7.17031e-008,0.000220973
,,,7.21031e-008,0.000441946
,,,7.25031e-008,0.000441946
,,,7.29031e-008,0.000220973
,,,7.33031e-008,-0.000220973
,,,7.37031e-008,0.000883892
,,,7.41031e-008,0.000441946
,,,7.45031e-008,0.000662919
,,,7.49031e-008,0.000220973
,,,7.53031e-008,-0.000441946
,,,7.57031e-008,0.000220973
,,,7.61031e-008,0.000441946
,,,7.65031e-008,0.000220973
,,,7.69031e-008,0.000220973
,,,7.73031e-008,0
,,,7.77031e-008,0.000662919
,,,7.81031e-008,0.000220973
,,,7.85031e-008,0.000220973
,,,7.89031e-008,0.000441946
,,,7.93031e-008,0.000441946
,,,7.97031e-008,0.000220973
,,,8.01031e-008,0.000220973
,,,8.05031e-008,0.000220973
,,,8.09031e-008,0.000441946
,,,8.13031e-008,0
,,,8.17031e-008,-0.000220973
,,,8.21031e-008,0
,,,8.25031e-008,0.000220973
,,,8.29031e-008,0.000220973
,,,8.33031e-008,0.000441946
,,,8.37031e-008,0
,,,8.41031e-008,0.000220973
,,,8.45031e-008,0.000441946
,,,8.49031e-008,0.000220973
,,,8.53031e-008,-0.000220973
,,,8.57031e-008,0.000441946
,,,8.61031e-008,0
,,,8.65031e-008,-0.000441946
,,,8.69031e-008,0
,,,8.73031e-008,0.000883892
,,,8.77031e-008,0.000220973
,,,8.81031e-008,0.000662919
,,,8.85031e-008,0
,,,8.89031e-008,-0.000441946
,,,8.93031e-008,0.000220973
,,,8.97031e-008,-0.000220973
,,,9.01031e-008,0.000220973
,,,9.05031e-008,0.000662919
,,,9.09031e-008,0.000220973
,,,9.13031e-008,0
,,,9.17031e-008,0.000441946
,,,9.21031e-008,0.000883892
,,,9.25031e-008,0.000441946
,,,9.29031e-008,0.000662919
,,,9.33031e-008,0
,,,9.37031e-008,0.000883892
,,,9.41031e-008,0.00176778
,,,9.45031e-008,0.0024307
,,,9.49031e-008,0.00198876
,,,9.53031e-008,0.0024307
,,,9.57031e-008,0.00287265
,,,9.61031e-008,0.00441946
,,,9.65031e-008,0.00508238
,,,9.69031e-008,0.00618724
,,,9.73031e-008,0.00685016
,,,9.77031e-008,0.00795503
,,,9.81031e-008,0.00905989
,,,9.85031e-008,0.00994378
,,,9.89031e-008,0.0119325
,,,9.93031e-008,0.0137003
,,,9.97031e-008,0.0143632
,,,1.00103e-007,0.0141423
,,,1.00503e-007,0.0150262
,,,1.00903e-007,0.0145842
,,,1.01303e-007,0.0152471
,,,1.01703e-007,0.016131
,,,1.02103e-007,0.0172359
,,,1.02503e-007,0.0167939
,,,1.02903e-007,0.0172359
,,,1.03303e-007,0.0174569
,,,1.03703e-007,0.0170149
,,,1.04103e-007,0.0170149
,,,1.04503e-007,0.0170149
,,,1.04903e-007,0.0172359
,,,1.05303e-007,0.0172359
,,,1.05703e-007,0.0170149
,,,1.06103e-007,0.0181198
,,,1.06503e-007,0.0170149
,,,1.06903e-007,0.016352
,,,1.07303e-007,0.016573
,,,1.07703e-007,0.0181198
,,,1.08103e-007,0.0183408
,,,1.08503e-007,0.0187827
,,,1.08903e-007,0.0174569
,,,1.09303e-007,0.0181198
,,,1.09703e-007,0.0178988
,,,1.10103e-007,0.0178988
,,,1.10503e-007,0.0178988
,,,1.10903e-007,0.0181198
,,,1.11303e-007,0.0174569
,,,1.11703e-007,0.0181198
,,,1.12103e-007,0.0178988
,,,1.12503e-007,0.0174569
,,,1.12903e-007,0.0178988
,,,1.13303e-007,0.0174569
,,,1.13703e-007,0.0176778
,,,1.14103e-007,0.0178988
,,,1.14503e-007,0.0174569
,,,1.14903e-007,0.0176778
,,,1.15303e-007,0.0178988
,,,1.15703e-007,0.0178988
,,,1.16103e-007,0.0190037
,,,1.16503e-007,0.0178988
,,,1.16903e-007,0.0181198
,,,1.17303e-007,0.0174569
,,,1.17703e-007,0.0190037
,,,1.18103e-007,0.0181198
,,,1.18503e-007,0.0181198
,,,1.18903e-007,0.0167939
,,,1.19303e-007,0.0183408
,,,1.19703e-007,0.0174569
,,,1.20103e-007,0.0183408
,,,1.20503e-007,0.0183408
,,,1.20903e-007,0.0181198
,,,1.21303e-007,0.0187827
,,,1.21703e-007,0.0183408
,,,1.22103e-007,0.0181198
,,,1.22503e-007,0.0185617
,,,1.22903e-007,0.0192246
,,,1.23303e-007,0.0201085
,,,1.23703e-007,0.0201085
,,,1.24103e-007,0.0192246
,,,1.24503e-007,0.0201085
,,,1.24903e-007,0.0201085
,,,1.25303e-007,0.0203295
,,,1.25703e-007,0.0205505
,,,1.26103e-007,0.0207715
,,,1.26503e-007,0.0207715
,,,1.26903e-007,0.0212134
,,,1.27303e-007,0.0216554
,,,1.27703e-007,0.0212134
,,,1.28103e-007,0.0207715
,,,1.28503e-007,0.0203295
,,,1.28903e-007,0.0196666
,,,1.29303e-007,0.0198876
,,,1.29703e-007,0.0190037
,,,1.30103e-007,0.0194456
,,,1.30503e-007,0.0183408
,,,1.30903e-007,0.0187827
,,,1.31303e-007,0.0172359
,,,1.31703e-007,0.0185617
,,,1.32103e-007,0.0185617
,,,1.32503e-007,0.0176778
,,,1.32903e-007,0.0170149
,,,1.33303e-007,0.0172359
,,,1.33703e-007,0.0167939
,,,1.34103e-007,0.0170149
,,,1.34503e-007,0.0172359
,,,1.34903e-007,0.0170149
,,,1.35303e-007,0.0172359
,,,1.35703e-007,0.016573
,,,1.36103e-007,0.0167939
,,,1.36503e-007,0.0170149
,,,1.36903e-007,0.016573
,,,1.37303e-007,0.0159101
,,,1.37703e-007,0.0167939
,,,1.38103e-007,0.016573
,,,1.38503e-007,0.016573
,,,1.38903e-007,0.0156891
,,,1.39303e-007,0.016573
,,,1.39703e-007,0.016573
,,,1.40103e-007,0.0167939
,,,1.40503e-007,0.0159101
,,,1.40903e-007,0.0154681
,,,1.41303e-007,0.0156891
,,,1.41703e-007,0.0159101
,,,1.42103e-007,0.0159101
,,,1.42503e-007,0.0159101
,,,1.42903e-007,0.0159101
,,,1.43303e-007,0.0154681
,,,1.43703e-007,0.0152471
,,,1.44103e-007,0.0152471
,,,1.44503e-007,0.0150262
,,,1.44903e-007,0.0159101
,,,1.45303e-007,0.0154681
,,,1.45703e-007,0.0148052
,,,1.46103e-007,0.0150262
,,,1.46503e-007,0.0150262
,,,1.46903e-007,0.0148052
,,,1.47303e-007,0.0150262
,,,1.47703e-007,0.0148052
,,,1.48103e-007,0.0150262
,,,1.48503e-007,0.0145842
,,,1.48903e-007,0.0145842
,,,1.49303e-007,0.0143632
,,,1.49703e-007,0.0148052
,,,1.50103e-007,0.0145842
,,,1.50503e-007,0.0143632
,,,1.50903e-007,0.0152471
,,,1.51303e-007,0.0139213
,,,1.51703e-007,0.0148052
,,,1.52103e-007,0.0145842
,,,1.52503e-007,0.0134794
,,,1.52903e-007,0.0143632
,,,1.53303e-007,0.0139213
,,,1.53703e-007,0.0137003
,,,1.54103e-007,0.0137003
,,,1.54503e-007,0.0141423
,,,1.54903e-007,0.0137003
,,,1.55303e-007,0.0137003
,,,1.55703e-007,0.0134794
,,,1.56103e-007,0.0134794
,,,1.56503e-007,0.0128164
,,,1.56903e-007,0.0132584
,,,1.57303e-007,0.0119325
,,,1.57703e-007,0.0121535
,,,1.58103e-007,0.0123745
,,,1.58503e-007,0.0117116
,,,1.58903e-007,0.0117116
,,,1.59303e-007,0.0114906
,,,1.59703e-007,0.0130374
,,,1.60103e-007,0.0121535
,,,1.60503e-007,0.0123745
,,,1.60903e-007,0.0114906
,,,1.61303e-007,0.0121535
,,,1.61703e-007,0.0121535
,,,1.62103e-007,0.0119325
,,,1.62503e-007,0.0123745
,,,1.62903e-007,0.0114906
,,,1.63303e-007,0.0117116
,,,1.63703e-007,0.0130374
,,,1.64103e-007,0.0130374
,,,1.64503e-007,0.0121535
,,,1.64903e-007,0.0123745
,,,1.65303e-007,0.0123745
,,,1.65703e-007,0.0123745
,,,1.66103e-007,0.0125955
,,,1.66503e-007,0.0125955
,,,1.66903e-007,0.0128164
,,,1.67303e-007,0.0128164
,,,1.67703e-007,0.0121535
,,,1.68103e-007,0.0121535
,,,1.68503e-007,0.0125955
,,,1.68903e-007,0.0121535
,,,1.69303e-007,0.0117116
,,,1.69703e-007,0.0119325
,,,1.70103e-007,0.0123745
,,,1.70503e-007,0.0130374
,,,1.70903e-007,0.0117116
,,,1.71303e-007,0.0119325
,,,1.71703e-007,0.0121535
,,,1.72103e-007,0.0125955
,,,1.72503e-007,0.0123745
,,,1.72903e-007,0.0121535
,,,1.73303e-007,0.0121535
,,,1.73703e-007,0.0125955
,,,1.74103e-007,0.0125955
,,,1.74503e-007,0.0128164
,,,1.74903e-007,0.0130374
,,,1.75303e-007,0.0132584
,,,1.75703e-007,0.0125955
,,,1.76103e-007,0.0128164
,,,1.76503e-007,0.0130374
,,,1.76903e-007,0.0128164
,,,1.77303e-007,0.0123745
,,,1.77703e-007,0.0121535
,,,1.78103e-007,0.0125955
,,,1.78503e-007,0.0125955
,,,1.78903e-007,0.0119325
,,,1.79303e-007,0.0128164
,,,1.79703e-007,0.0128164
,,,1.80103e-007,0.0123745
,,,1.80503e-007,0.0123745
,,,1.80903e-007,0.0132584
,,,1.81303e-007,0.0123745
,,,1.81703e-007,0.0128164
,,,1.82103e-007,0.0128164
,,,1.82503e-007,0.0117116
,,,1.82903e-007,0.0125955
,,,1.83303e-007,0.0130374
,,,1.83703e-007,0.0123745
,,,1.84103e-007,0.0125955
,,,1.84503e-007,0.0123745
,,,1.84903e-007,0.0123745
,,,1.85303e-007,0.0121535
,,,1.85703e-007,0.0123745
,,,1.86103e-007,0.0121535
,,,1.86503e-007,0.0125955
,,,1.86903e-007,0.0125955
,,,1.87303e-007,0.0123745
,,,1.87703e-007,0.0128164
,,,1.88103e-007,0.0128164
,,,1.88503e-007,0.0141423
,,,1.88903e-007,0.0132584
,,,1.89303e-007,0.0125955
,,,1.89703e-007,0.0132584
,,,1.90103e-007,0.0132584
,,,1.90503e-007,0.0134794
,,,1.90903e-007,0.0125955
,,,1.91303e-007,0.0134794
,,,1.91703e-007,0.0137003
,,,1.92103e-007,0.0137003
,,,1.92503e-007,0.0139213
,,,1.92903e-007,0.0130374
,,,1.93303e-007,0.0137003
,,,1.93703e-007,0.0134794
,,,1.94103e-007,0.0134794
,,,1.94503e-007,0.0139213
,,,1.94903e-007,0.0137003
,,,1.95303e-007,0.0137003
,,,1.95703e-007,0.0134794
,,,1.96103e-007,0.0139213
,,,1.96503e-007,0.0132584
,,,1.96903e-007,0.0132584
,,,1.97303e-007,0.0128164
,,,1.97703e-007,0.0134794
,,,1.98103e-007,0.0130374
,,,1.98503e-007,0.0132584
,,,1.98903e-007,0.0130374
,,,1.99303e-007,0.0134794
,,,1.99703e-007,0.0130374
,,,2.00103e-007,0.0134794
,,,2.00503e-007,0.0125955
,,,2.00903e-007,0.0125955
,,,2.01303e-007,0.0125955
,,,2.01703e-007,0.0130374
,,,2.02103e-007,0.0121535
,,,2.02503e-007,0.0128164
,,,2.02903e-007,0.0117116
,,,2.03303e-007,0.0125955
,,,2.03703e-007,0.0123745
,,,2.04103e-007,0.0112696
,,,2.04503e-007,0.0117116
,,,2.04903e-007,0.0106067
,,,2.05303e-007,0.0112696
,,,2.05703e-007,0.0112696
,,,2.06103e-007,0.0114906
,,,2.06503e-007,0.0106067
,,,2.06903e-007,0.0117116
,,,2.07303e-007,0.0110486
,,,2.07703e-007,0.0106067
,,,2.08103e-007,0.0101648
,,,2.08503e-007,0.0106067
,,,2.08903e-007,0.00928087
,,,2.09303e-007,0.00905989
,,,2.09703e-007,0.00883892
,,,2.10103e-007,0.00861795
,,,2.10503e-007,0.00839697
,,,2.10903e-007,0.00839697
,,,2.11303e-007,0.00905989
,,,2.11703e-007,0.00839697
,,,2.12103e-007,0.00773405
,,,2.12503e-007,0.00662919
,,,2.12903e-007,0.00640822
,,,2.13303e-007,0.00530335
,,,2.13703e-007,0.00618724
,,,2.14103e-007,0.00530335
,,,2.14503e-007,0.00486141
,,,2.14903e-007,0.00508238
,,,2.15303e-007,0.00486141
,,,2.15703e-007,0.00486141
,,,2.16103e-007,0.00397751
,,,2.16503e-007,0.00353557
,,,2.16903e-007,0.00353557
,,,2.17303e-007,0.00309362
,,,2.17703e-007,0.00309362
,,,2.18103e-007,0.0024307
,,,2.18503e-007,0.00220973
,,,2.18903e-007,0.0024307
,,,2.19303e-007,0.00265168
,,,2.19703e-007,0.00220973
,,,2.20103e-007,0.0024307
,,,2.20503e-007,0.0024307
,,,2.20903e-007,0.00154681
,,,2.21303e-007,0.00154681
,,,2.21703e-007,0.00132584
,,,2.22103e-007,0.00132584
,,,2.22503e-007,0.00132584
,,,2.22903e-007,0.0024307
,,,2.23303e-007,0.0024307
,,,2.23703e-007,0.00154681
,,,2.24103e-007,0.00154681
,,,2.24503e-007,0.00154681
,,,2.24903e-007,0.00132584
,,,2.25303e-007,0.000662919
,,,2.25703e-007,0.00154681
,,,2.26103e-007,0.000662919
,,,2.26503e-007,0.00176778
,,,2.26903e-007,0.000662919
,,,2.27303e-007,0.000883892
,,,2.27703e-007,0.000441946
,,,2.28103e-007,0.000662919
,,,2.28503e-007,0.00132584
,,,2.28903e-007,0.000662919
,,,2.29303e-007,0.000220973
,,,2.29703e-007,0
,,,2.30103e-007,0.000662919
,,,2.30503e-007,0.00110486
,,,2.30903e-007,0.00110486
,,,2.31303e-007,0.000662919
,,,2.31703e-007,0.000441946
,,,2.32103e-007,0.00154681
,,,2.32503e-007,0.000220973
,,,2.32903e-007,0.000441946
,,,2.33303e-007,0.000883892
,,,2.33703e-007,0
,,,2.34103e-007,0
,,,2.34503e-007,-0.000220973
,,,2.34903e-007,0
,,,2.35303e-007,-0.000662919
,,,2.35703e-007,0.000220973
,,,2.36103e-007,0.000441946
,,,2.36503e-007,0
,,,2.36903e-007,0
,,,2.37303e-007,-0.000662919
,,,2.37703e-007,-0.000441946
,,,2.38103e-007,-0.000662919
,,,2.38503e-007,-0.00132584
,,,2.38903e-007,-0.00132584
,,,2.39303e-007,-0.000441946
,,,2.39703e-007,-0.000662919
,,,2.40103e-007,-0.000883892
,,,2.40503e-007,-0.00110486
,,,2.40903e-007,-0.000662919
,,,2.41303e-007,-0.000441946
,,,2.41703e-007,-0.000883892
,,,2.42103e-007,-0.000441946
,,,2.42503e-007,-0.000441946
,,,2.42903e-007,-0.000441946
,,,2.43303e-007,-0.000662919
,,,2.43703e-007,-0.00110486
,,,2.44103e-007,0.000220973
,,,2.44503e-007,-0.000883892
,,,2.44903e-007,-0.000441946
,,,2.45303e-007,-0.00110486
,,,2.45703e-007,0
,,,2.46103e-007,0
,,,2.46503e-007,0
,,,2.46903e-007,0
,,,2.47303e-007,0.000662919
,,,2.47703e-007,0
,,,2.48103e-007,0
,,,2.48503e-007,-0.000662919
,,,2.48903e-007,0.000662919
,,,2.49303e-007,-0.000220973
,,,2.49703e-007,-0.000441946
,,,2.50103e-007,0.000220973
