"Record Length",1252,"Points",-2.50392e-007,-0.000220973
"Sample Interval",4e-010,s,-2.49992e-007,-0.000883892
"Trigger Point",625,"Samples",-2.49592e-007,0
"Trigger Time",0.979332,s,-2.49192e-007,-0.000441946
,,,-2.48792e-007,0.000441946
"Horizontal Offset",-2.50392e-007,s,-2.48392e-007,0.000441946
,,,-2.47992e-007,0
,,,-2.47592e-007,-0.000441946
,,,-2.47192e-007,-0.000220973
,,,-2.46792e-007,0
,,,-2.46392e-007,0.000662919
,,,-2.45992e-007,-0.000220973
,,,-2.45592e-007,0.000220973
,,,-2.45192e-007,-0.000220973
,,,-2.44792e-007,0.000220973
,,,-2.44392e-007,-0.000441946
,,,-2.43992e-007,-0.000441946
,,,-2.43592e-007,0.000220973
,,,-2.43192e-007,-0.000441946
,,,-2.42792e-007,-0.000883892
,,,-2.42392e-007,0.000441946
,,,-2.41992e-007,0
,,,-2.41592e-007,0
,,,-2.41192e-007,0.000220973
,,,-2.40792e-007,0.000220973
,,,-2.40392e-007,0.000662919
,,,-2.39992e-007,-0.000220973
,,,-2.39592e-007,-0.000441946
,,,-2.39192e-007,0
,,,-2.38792e-007,-0.000220973
,,,-2.38392e-007,-0.000662919
,,,-2.37992e-007,0
,,,-2.37592e-007,0.000441946
,,,-2.37192e-007,0
,,,-2.36792e-007,0
,,,-2.36392e-007,0.000220973
,,,-2.35992e-007,0
,,,-2.35592e-007,0.000662919
,,,-2.35192e-007,-0.000220973
,,,-2.34792e-007,-0.000441946
,,,-2.34392e-007,-0.000220973
,,,-2.33992e-007,0
,,,-2.33592e-007,-0.000441946
,,,-2.33192e-007,-0.000220973
,,,-2.32792e-007,-0.000220973
,,,-2.32392e-007,0.000220973
,,,-2.31992e-007,0.000220973
,,,-2.31592e-007,0.000220973
,,,-2.31192e-007,0.000220973
,,,-2.30792e-007,0.000883892
,,,-2.30392e-007,-0.000441946
,,,-2.29992e-007,-0.000441946
,,,-2.29592e-007,0
,,,-2.29192e-007,0.000220973
,,,-2.28792e-007,0
,,,-2.28392e-007,-0.000883892
,,,-2.27992e-007,-0.000220973
,,,-2.27592e-007,0
,,,-2.27192e-007,-0.000220973
,,,-2.26792e-007,0
,,,-2.26392e-007,0
,,,-2.25992e-007,-0.000441946
,,,-2.25592e-007,0
,,,-2.25192e-007,-0.000220973
,,,-2.24792e-007,-0.000220973
,,,-2.24392e-007,0.000662919
,,,-2.23992e-007,0.000441946
,,,-2.23592e-007,-0.000220973
,,,-2.23192e-007,0
,,,-2.22792e-007,0.000662919
,,,-2.22392e-007,-0.000441946
,,,-2.21992e-007,-0.000220973
,,,-2.21592e-007,0
,,,-2.21192e-007,0.000883892
,,,-2.20792e-007,0.000220973
,,,-2.20392e-007,-0.000220973
,,,-2.19992e-007,-0.000220973
,,,-2.19592e-007,-0.000220973
,,,-2.19192e-007,-0.000220973
,,,-2.18792e-007,-0.000883892
,,,-2.18392e-007,-0.000220973
,,,-2.17992e-007,-0.000662919
,,,-2.17592e-007,-0.000441946
,,,-2.17192e-007,-0.000662919
,,,-2.16792e-007,0.000662919
,,,-2.16392e-007,0.000441946
,,,-2.15992e-007,-0.000220973
,,,-2.15592e-007,-0.000441946
,,,-2.15192e-007,-0.000662919
,,,-2.14792e-007,-0.000220973
,,,-2.14392e-007,0.000441946
,,,-2.13992e-007,0.000662919
,,,-2.13592e-007,0
,,,-2.13192e-007,-0.000220973
,,,-2.12792e-007,0.000441946
,,,-2.12392e-007,-0.000441946
,,,-2.11992e-007,0.000441946
,,,-2.11592e-007,0
,,,-2.11192e-007,-0.000883892
,,,-2.10792e-007,-0.000441946
,,,-2.10392e-007,-0.000220973
,,,-2.09992e-007,0.000220973
,,,-2.09592e-007,0.000883892
,,,-2.09192e-007,0.000441946
,,,-2.08792e-007,-0.000662919
,,,-2.08392e-007,0
,,,-2.07992e-007,-0.000220973
,,,-2.07592e-007,-0.000441946
,,,-2.07192e-007,0.000662919
,,,-2.06792e-007,0.000220973
,,,-2.06392e-007,-0.000883892
,,,-2.05992e-007,0.000220973
,,,-2.05592e-007,0.000883892
,,,-2.05192e-007,0.000220973
,,,-2.04792e-007,-0.000220973
,,,-2.04392e-007,-0.000441946
,,,-2.03992e-007,-0.000441946
,,,-2.03592e-007,0.000441946
,,,-2.03192e-007,-0.000220973
,,,-2.02792e-007,0
,,,-2.02392e-007,-0.000441946
,,,-2.01992e-007,-0.000441946
,,,-2.01592e-007,0.000220973
,,,-2.01192e-007,0
,,,-2.00792e-007,0.000441946
,,,-2.00392e-007,0.000441946
,,,-1.99992e-007,0.000220973
,,,-1.99592e-007,0
,,,-1.99192e-007,-0.000220973
,,,-1.98792e-007,-0.000220973
,,,-1.98392e-007,-0.000220973
,,,-1.97992e-007,0.000441946
,,,-1.97592e-007,0
,,,-1.97192e-007,-0.000220973
,,,-1.96792e-007,-0.000220973
,,,-1.96392e-007,-0.000220973
,,,-1.95992e-007,0.000220973
,,,-1.95592e-007,0.000220973
,,,-1.95192e-007,-0.000662919
,,,-1.94792e-007,0
,,,-1.94392e-007,-0.000220973
,,,-1.93992e-007,-0.000662919
,,,-1.93592e-007,-0.000883892
,,,-1.93192e-007,0
,,,-1.92792e-007,0
,,,-1.92392e-007,0.000662919
,,,-1.91992e-007,0
,,,-1.91592e-007,0
,,,-1.91192e-007,-0.000220973
,,,-1.90792e-007,-0.000220973
,,,-1.90392e-007,-0.000220973
,,,-1.89992e-007,-0.000220973
,,,-1.89592e-007,-0.000441946
,,,-1.89192e-007,0.000441946
,,,-1.88792e-007,0.000662919
,,,-1.88392e-007,0.000220973
,,,-1.87992e-007,-0.000441946
,,,-1.87592e-007,-0.000220973
,,,-1.87192e-007,0.000220973
,,,-1.86792e-007,0.000220973
,,,-1.86392e-007,-0.000220973
,,,-1.85992e-007,-0.000220973
,,,-1.85592e-007,0.000220973
,,,-1.85192e-007,-0.000220973
,,,-1.84792e-007,0
,,,-1.84392e-007,0
,,,-1.83992e-007,-0.000220973
,,,-1.83592e-007,0
,,,-1.83192e-007,0.000220973
,,,-1.82792e-007,0.000220973
,,,-1.82392e-007,0
,,,-1.81992e-007,0.000441946
,,,-1.81592e-007,0.000441946
,,,-1.81192e-007,-0.000441946
,,,-1.80792e-007,0.000441946
,,,-1.80392e-007,0.000441946
,,,-1.79992e-007,0.000441946
,,,-1.79592e-007,-0.000441946
,,,-1.79192e-007,-0.000220973
,,,-1.78792e-007,0
,,,-1.78392e-007,0
,,,-1.77992e-007,-0.000441946
,,,-1.77592e-007,0.000441946
,,,-1.77192e-007,0.000441946
,,,-1.76792e-007,0.000662919
,,,-1.76392e-007,0.000220973
,,,-1.75992e-007,0.000220973
,,,-1.75592e-007,-0.000220973
,,,-1.75192e-007,-0.000441946
,,,-1.74792e-007,-0.000220973
,,,-1.74392e-007,-0.000220973
,,,-1.73992e-007,-0.000441946
,,,-1.73592e-007,0.000220973
,,,-1.73192e-007,0.000662919
,,,-1.72792e-007,0.000441946
,,,-1.72392e-007,-0.000220973
,,,-1.71992e-007,-0.000441946
,,,-1.71592e-007,0
,,,-1.71192e-007,-0.000441946
,,,-1.70792e-007,0
,,,-1.70392e-007,-0.000220973
,,,-1.69992e-007,-0.000662919
,,,-1.69592e-007,0.000662919
,,,-1.69192e-007,0.000220973
,,,-1.68792e-007,0
,,,-1.68392e-007,0.000441946
,,,-1.67992e-007,-0.000220973
,,,-1.67592e-007,-0.000441946
,,,-1.67192e-007,-0.000220973
,,,-1.66792e-007,0
,,,-1.66392e-007,-0.000883892
,,,-1.65992e-007,-0.000220973
,,,-1.65592e-007,-0.000662919
,,,-1.65192e-007,-0.000220973
,,,-1.64792e-007,0.000441946
,,,-1.64392e-007,-0.000441946
,,,-1.63992e-007,0.000220973
,,,-1.63592e-007,0.000662919
,,,-1.63192e-007,0.000220973
,,,-1.62792e-007,-0.000220973
,,,-1.62392e-007,-0.000220973
,,,-1.61992e-007,-0.000662919
,,,-1.61592e-007,-0.000220973
,,,-1.61192e-007,0.000220973
,,,-1.60792e-007,0.000220973
,,,-1.60392e-007,0
,,,-1.59992e-007,0.000662919
,,,-1.59592e-007,-0.000662919
,,,-1.59192e-007,0
,,,-1.58792e-007,0.000441946
,,,-1.58392e-007,0.000441946
,,,-1.57992e-007,0
,,,-1.57592e-007,0.000441946
,,,-1.57192e-007,0
,,,-1.56792e-007,0.000220973
,,,-1.56392e-007,0
,,,-1.55992e-007,0.000220973
,,,-1.55592e-007,0.000220973
,,,-1.55192e-007,0
,,,-1.54792e-007,0
,,,-1.54392e-007,0
,,,-1.53992e-007,-0.000441946
,,,-1.53592e-007,-0.000883892
,,,-1.53192e-007,-0.000220973
,,,-1.52792e-007,0.000441946
,,,-1.52392e-007,0
,,,-1.51992e-007,-0.000220973
,,,-1.51592e-007,-0.000662919
,,,-1.51192e-007,0.000220973
,,,-1.50792e-007,0
,,,-1.50392e-007,-0.000220973
,,,-1.49992e-007,-0.000441946
,,,-1.49592e-007,0.000220973
,,,-1.49192e-007,0
,,,-1.48792e-007,-0.000220973
,,,-1.48392e-007,-0.000220973
,,,-1.47992e-007,0.000441946
,,,-1.47592e-007,0.000441946
,,,-1.47192e-007,0.000220973
,,,-1.46792e-007,-0.000441946
,,,-1.46392e-007,-0.000662919
,,,-1.45992e-007,-0.000883892
,,,-1.45592e-007,0
,,,-1.45192e-007,-0.000220973
,,,-1.44792e-007,0
,,,-1.44392e-007,-0.000662919
,,,-1.43992e-007,-0.000220973
,,,-1.43592e-007,0
,,,-1.43192e-007,0.000220973
,,,-1.42792e-007,-0.000441946
,,,-1.42392e-007,0
,,,-1.41992e-007,0
,,,-1.41592e-007,-0.000441946
,,,-1.41192e-007,-0.000662919
,,,-1.40792e-007,0.000883892
,,,-1.40392e-007,0.000883892
,,,-1.39992e-007,0
,,,-1.39592e-007,0
,,,-1.39192e-007,-0.000441946
,,,-1.38792e-007,-0.000441946
,,,-1.38392e-007,-0.000441946
,,,-1.37992e-007,0
,,,-1.37592e-007,-0.000220973
,,,-1.37192e-007,-0.000883892
,,,-1.36792e-007,-0.000441946
,,,-1.36392e-007,0.000220973
,,,-1.35992e-007,0.000662919
,,,-1.35592e-007,-0.000662919
,,,-1.35192e-007,0.000220973
,,,-1.34792e-007,0.000441946
,,,-1.34392e-007,-0.000220973
,,,-1.33992e-007,0.000662919
,,,-1.33592e-007,0.000662919
,,,-1.33192e-007,-0.000220973
,,,-1.32792e-007,-0.000662919
,,,-1.32392e-007,-0.000220973
,,,-1.31992e-007,0.000441946
,,,-1.31592e-007,0
,,,-1.31192e-007,-0.000441946
,,,-1.30792e-007,-0.000441946
,,,-1.30392e-007,-0.000220973
,,,-1.29992e-007,0.000441946
,,,-1.29592e-007,0.000441946
,,,-1.29192e-007,0
,,,-1.28792e-007,-0.000441946
,,,-1.28392e-007,0.000220973
,,,-1.27992e-007,-0.000220973
,,,-1.27592e-007,-0.000441946
,,,-1.27192e-007,0.000220973
,,,-1.26792e-007,-0.000441946
,,,-1.26392e-007,-0.000441946
,,,-1.25992e-007,-0.000441946
,,,-1.25592e-007,-0.000662919
,,,-1.25192e-007,0.000662919
,,,-1.24792e-007,0.000220973
,,,-1.24392e-007,0
,,,-1.23992e-007,-0.000220973
,,,-1.23592e-007,0.000220973
,,,-1.23192e-007,-0.000441946
,,,-1.22792e-007,-0.000220973
,,,-1.22392e-007,0
,,,-1.21992e-007,0.000441946
,,,-1.21592e-007,0.000220973
,,,-1.21192e-007,0.000220973
,,,-1.20792e-007,0.000441946
,,,-1.20392e-007,0.00110486
,,,-1.19992e-007,-0.000220973
,,,-1.19592e-007,0
,,,-1.19192e-007,0.000441946
,,,-1.18792e-007,0
,,,-1.18392e-007,0.000220973
,,,-1.17992e-007,0.000441946
,,,-1.17592e-007,0
,,,-1.17192e-007,-0.000662919
,,,-1.16792e-007,0.00110486
,,,-1.16392e-007,-0.000220973
,,,-1.15992e-007,0.000220973
,,,-1.15592e-007,0
,,,-1.15192e-007,-0.000220973
,,,-1.14792e-007,0
,,,-1.14392e-007,0
,,,-1.13992e-007,-0.000441946
,,,-1.13592e-007,0
,,,-1.13192e-007,0
,,,-1.12792e-007,0
,,,-1.12392e-007,-0.000441946
,,,-1.11992e-007,-0.000662919
,,,-1.11592e-007,-0.000220973
,,,-1.11192e-007,0.000441946
,,,-1.10792e-007,0.000220973
,,,-1.10392e-007,-0.000220973
,,,-1.09992e-007,0.000220973
,,,-1.09592e-007,0.000441946
,,,-1.09192e-007,0.000662919
,,,-1.08792e-007,0.000662919
,,,-1.08392e-007,-0.000662919
,,,-1.07992e-007,-0.000883892
,,,-1.07592e-007,-0.000441946
,,,-1.07192e-007,-0.000441946
,,,-1.06792e-007,-0.000441946
,,,-1.06392e-007,0
,,,-1.05992e-007,0
,,,-1.05592e-007,-0.000220973
,,,-1.05192e-007,0.000220973
,,,-1.04792e-007,0.000220973
,,,-1.04392e-007,0.000220973
,,,-1.03992e-007,0.000441946
,,,-1.03592e-007,0.000441946
,,,-1.03192e-007,0.000220973
,,,-1.02792e-007,0.000441946
,,,-1.02392e-007,0
,,,-1.01992e-007,0
,,,-1.01592e-007,0.000220973
,,,-1.01192e-007,-0.000441946
,,,-1.00792e-007,0.000220973
,,,-1.00392e-007,0.000441946
,,,-9.99917e-008,0.000662919
,,,-9.95917e-008,-0.000441946
,,,-9.91917e-008,-0.000662919
,,,-9.87917e-008,0.000662919
,,,-9.83917e-008,0
,,,-9.79917e-008,-0.00110486
,,,-9.75917e-008,-0.000220973
,,,-9.71917e-008,0
,,,-9.67917e-008,0
,,,-9.63917e-008,0.000441946
,,,-9.59917e-008,0.000220973
,,,-9.55917e-008,0
,,,-9.51917e-008,0.000441946
,,,-9.47917e-008,0.000441946
,,,-9.43917e-008,0.000220973
,,,-9.39917e-008,0.000441946
,,,-9.35917e-008,-0.000441946
,,,-9.31917e-008,0
,,,-9.27917e-008,0
,,,-9.23917e-008,0
,,,-9.19917e-008,-0.000220973
,,,-9.15917e-008,0
,,,-9.11917e-008,-0.00110486
,,,-9.07917e-008,-0.000441946
,,,-9.03917e-008,-0.000662919
,,,-8.99917e-008,0
,,,-8.95917e-008,0
,,,-8.91917e-008,-0.000441946
,,,-8.87917e-008,-0.000220973
,,,-8.83917e-008,-0.000220973
,,,-8.79917e-008,0.000441946
,,,-8.75917e-008,-0.000441946
,,,-8.71917e-008,0.000220973
,,,-8.67917e-008,0
,,,-8.63917e-008,-0.000220973
,,,-8.59917e-008,0
,,,-8.55917e-008,0
,,,-8.51917e-008,-0.000220973
,,,-8.47917e-008,0
,,,-8.43917e-008,0
,,,-8.39917e-008,0
,,,-8.35917e-008,0
,,,-8.31917e-008,-0.000662919
,,,-8.27917e-008,0
,,,-8.23917e-008,-0.000220973
,,,-8.19917e-008,-0.000662919
,,,-8.15917e-008,-0.000220973
,,,-8.11917e-008,-0.000441946
,,,-8.07917e-008,-0.000220973
,,,-8.03917e-008,0.000220973
,,,-7.99917e-008,-0.000220973
,,,-7.95917e-008,-0.000441946
,,,-7.91917e-008,-0.000220973
,,,-7.87917e-008,-0.000441946
,,,-7.83917e-008,0
,,,-7.79917e-008,0
,,,-7.75917e-008,-0.000220973
,,,-7.71917e-008,0.000662919
,,,-7.67917e-008,-0.000220973
,,,-7.63917e-008,-0.000220973
,,,-7.59917e-008,-0.000441946
,,,-7.55917e-008,-0.000441946
,,,-7.51917e-008,0
,,,-7.47917e-008,0.000220973
,,,-7.43917e-008,-0.000220973
,,,-7.39917e-008,-0.000662919
,,,-7.35917e-008,0.000220973
,,,-7.31917e-008,-0.000220973
,,,-7.27917e-008,0.000662919
,,,-7.23917e-008,0
,,,-7.19917e-008,0
,,,-7.15917e-008,-0.000441946
,,,-7.11917e-008,0.000883892
,,,-7.07917e-008,-0.000220973
,,,-7.03917e-008,-0.000662919
,,,-6.99917e-008,0
,,,-6.95917e-008,-0.000220973
,,,-6.91917e-008,-0.000220973
,,,-6.87917e-008,0
,,,-6.83917e-008,-0.000441946
,,,-6.79917e-008,-0.000441946
,,,-6.75917e-008,-0.000220973
,,,-6.71917e-008,-0.000662919
,,,-6.67917e-008,0
,,,-6.63917e-008,0
,,,-6.59917e-008,-0.000662919
,,,-6.55917e-008,-0.000662919
,,,-6.51917e-008,-0.000883892
,,,-6.47917e-008,0
,,,-6.43917e-008,0.000441946
,,,-6.39917e-008,0.000220973
,,,-6.35917e-008,-0.000441946
,,,-6.31917e-008,0
,,,-6.27917e-008,0.000220973
,,,-6.23917e-008,-0.000220973
,,,-6.19917e-008,0
,,,-6.15917e-008,0.000441946
,,,-6.11917e-008,0.000441946
,,,-6.07917e-008,-0.000441946
,,,-6.03917e-008,-0.000441946
,,,-5.99917e-008,-0.000883892
,,,-5.95917e-008,0.000220973
,,,-5.91917e-008,0.000441946
,,,-5.87917e-008,-0.000220973
,,,-5.83917e-008,0.000220973
,,,-5.79917e-008,-0.000441946
,,,-5.75917e-008,-0.000662919
,,,-5.71917e-008,0
,,,-5.67917e-008,0.000883892
,,,-5.63917e-008,0.000441946
,,,-5.59917e-008,0
,,,-5.55917e-008,0
,,,-5.51917e-008,-0.000220973
,,,-5.47917e-008,0
,,,-5.43917e-008,-0.000220973
,,,-5.39917e-008,0
,,,-5.35917e-008,0
,,,-5.31917e-008,-0.000220973
,,,-5.27917e-008,0.000441946
,,,-5.23917e-008,0.000441946
,,,-5.19917e-008,0
,,,-5.15917e-008,-0.000441946
,,,-5.11917e-008,-0.000662919
,,,-5.07917e-008,-0.000220973
,,,-5.03917e-008,-0.000220973
,,,-4.99917e-008,-0.000220973
,,,-4.95917e-008,0.000441946
,,,-4.91917e-008,-0.000441946
,,,-4.87917e-008,-0.000220973
,,,-4.83917e-008,-0.000220973
,,,-4.79917e-008,-0.000441946
,,,-4.75917e-008,-0.000220973
,,,-4.71917e-008,0.000441946
,,,-4.67917e-008,0
,,,-4.63917e-008,-0.000883892
,,,-4.59917e-008,0.000441946
,,,-4.55917e-008,0.000220973
,,,-4.51917e-008,0.000220973
,,,-4.47917e-008,0.000441946
,,,-4.43917e-008,0
,,,-4.39917e-008,0
,,,-4.35917e-008,-0.000220973
,,,-4.31917e-008,-0.000662919
,,,-4.27917e-008,-0.000662919
,,,-4.23917e-008,-0.000883892
,,,-4.19917e-008,-0.000662919
,,,-4.15917e-008,-0.000441946
,,,-4.11917e-008,-0.000883892
,,,-4.07917e-008,-0.000220973
,,,-4.03917e-008,0
,,,-3.99917e-008,0.00110486
,,,-3.95917e-008,0.000220973
,,,-3.91917e-008,0.000220973
,,,-3.87917e-008,0.000883892
,,,-3.83917e-008,0.000220973
,,,-3.79917e-008,0
,,,-3.75917e-008,0.000441946
,,,-3.71917e-008,0
,,,-3.67917e-008,-0.000220973
,,,-3.63917e-008,-0.000883892
,,,-3.59917e-008,-0.000441946
,,,-3.55917e-008,-0.000220973
,,,-3.51917e-008,0
,,,-3.47917e-008,0.000662919
,,,-3.43917e-008,0.000220973
,,,-3.39917e-008,-0.000220973
,,,-3.35917e-008,0
,,,-3.31917e-008,0
,,,-3.27917e-008,-0.000441946
,,,-3.23917e-008,0
,,,-3.19917e-008,0.000220973
,,,-3.15917e-008,-0.000220973
,,,-3.11917e-008,-0.000220973
,,,-3.07917e-008,-0.000441946
,,,-3.03917e-008,-0.000220973
,,,-2.99917e-008,0.000220973
,,,-2.95917e-008,0.000220973
,,,-2.91917e-008,0.000441946
,,,-2.87917e-008,0
,,,-2.83917e-008,0.000441946
,,,-2.79917e-008,0.000662919
,,,-2.75917e-008,-0.000441946
,,,-2.71917e-008,-0.000220973
,,,-2.67917e-008,-0.00110486
,,,-2.63917e-008,-0.000662919
,,,-2.59917e-008,-0.000883892
,,,-2.55917e-008,-0.000220973
,,,-2.51917e-008,0
,,,-2.47917e-008,0.000220973
,,,-2.43917e-008,0.000662919
,,,-2.39917e-008,0.000220973
,,,-2.35917e-008,0
,,,-2.31917e-008,0
,,,-2.27917e-008,0
,,,-2.23917e-008,-0.000441946
,,,-2.19917e-008,-0.000220973
,,,-2.15917e-008,0.000883892
,,,-2.11917e-008,0.000220973
,,,-2.07917e-008,0.000220973
,,,-2.03917e-008,-0.000441946
,,,-1.99917e-008,0
,,,-1.95917e-008,0.000220973
,,,-1.91917e-008,-0.000441946
,,,-1.87917e-008,-0.000220973
,,,-1.83917e-008,0.000220973
,,,-1.79917e-008,-0.000220973
,,,-1.75917e-008,0.000220973
,,,-1.71917e-008,0
,,,-1.67917e-008,0
,,,-1.63917e-008,0
,,,-1.59917e-008,-0.000220973
,,,-1.55917e-008,0.000220973
,,,-1.51917e-008,0.000441946
,,,-1.47917e-008,-0.000662919
,,,-1.43917e-008,-0.000220973
,,,-1.39917e-008,-0.000220973
,,,-1.35917e-008,0.000441946
,,,-1.31917e-008,-0.000662919
,,,-1.27917e-008,0
,,,-1.23917e-008,-0.000883892
,,,-1.19917e-008,-0.000662919
,,,-1.15917e-008,0.000220973
,,,-1.11917e-008,-0.000441946
,,,-1.07917e-008,0
,,,-1.03917e-008,-0.000220973
,,,-9.99173e-009,-0.000662919
,,,-9.59173e-009,-0.000441946
,,,-9.19173e-009,-0.000662919
,,,-8.79173e-009,0.000220973
,,,-8.39173e-009,-0.000220973
,,,-7.99173e-009,-0.000220973
,,,-7.59173e-009,-0.000883892
,,,-7.19173e-009,0
,,,-6.79173e-009,-0.000220973
,,,-6.39173e-009,0
,,,-5.99173e-009,0.000441946
,,,-5.59173e-009,-0.000441946
,,,-5.19173e-009,0
,,,-4.79173e-009,-0.000441946
,,,-4.39173e-009,0
,,,-3.99173e-009,0.000220973
,,,-3.59173e-009,-0.000220973
,,,-3.19173e-009,-0.000220973
,,,-2.79173e-009,-0.000220973
,,,-2.39173e-009,-0.000662919
,,,-1.99173e-009,-0.000220973
,,,-1.59173e-009,0.000441946
,,,-1.19173e-009,-0.000883892
,,,-7.91733e-010,0
,,,-3.91733e-010,0.000441946
,,,8.2671e-012,-0.000441946
,,,4.08267e-010,-0.000220973
,,,8.08267e-010,-0.000220973
,,,1.20827e-009,0
,,,1.60827e-009,-0.000662919
,,,2.00827e-009,-0.000662919
,,,2.40827e-009,0.000220973
,,,2.80827e-009,0.000220973
,,,3.20827e-009,0.000441946
,,,3.60827e-009,0.000220973
,,,4.00827e-009,-0.000220973
,,,4.40827e-009,0
,,,4.80827e-009,0
,,,5.20827e-009,-0.00110486
,,,5.60827e-009,-0.000220973
,,,6.00827e-009,-0.000220973
,,,6.40827e-009,0
,,,6.80827e-009,0
,,,7.20827e-009,0.000220973
,,,7.60827e-009,-0.000662919
,,,8.00827e-009,-0.000220973
,,,8.40827e-009,-0.000220973
,,,8.80827e-009,0.000220973
,,,9.20827e-009,-0.000220973
,,,9.60827e-009,0
,,,1.00083e-008,0
,,,1.04083e-008,-0.000662919
,,,1.08083e-008,-0.000441946
,,,1.12083e-008,0.000220973
,,,1.16083e-008,-0.000441946
,,,1.20083e-008,-0.000441946
,,,1.24083e-008,-0.000441946
,,,1.28083e-008,0
,,,1.32083e-008,-0.000441946
,,,1.36083e-008,0.000220973
,,,1.40083e-008,-0.000662919
,,,1.44083e-008,0
,,,1.48083e-008,-0.000662919
,,,1.52083e-008,0.000441946
,,,1.56083e-008,0
,,,1.60083e-008,-0.000441946
,,,1.64083e-008,-0.000220973
,,,1.68083e-008,-0.000220973
,,,1.72083e-008,-0.000662919
,,,1.76083e-008,-0.000441946
,,,1.80083e-008,0.000441946
,,,1.84083e-008,0.000441946
,,,1.88083e-008,-0.000441946
,,,1.92083e-008,0.000441946
,,,1.96083e-008,0
,,,2.00083e-008,-0.000220973
,,,2.04083e-008,0.000220973
,,,2.08083e-008,-0.000220973
,,,2.12083e-008,0
,,,2.16083e-008,-0.000883892
,,,2.20083e-008,-0.000441946
,,,2.24083e-008,-0.000441946
,,,2.28083e-008,0
,,,2.32083e-008,0.000441946
,,,2.36083e-008,0.000662919
,,,2.40083e-008,0.000220973
,,,2.44083e-008,-0.000220973
,,,2.48083e-008,0.000441946
,,,2.52083e-008,0
,,,2.56083e-008,0.000220973
,,,2.60083e-008,0.000441946
,,,2.64083e-008,-0.000441946
,,,2.68083e-008,0
,,,2.72083e-008,0
,,,2.76083e-008,0.000220973
,,,2.80083e-008,-0.000220973
,,,2.84083e-008,-0.000441946
,,,2.88083e-008,-0.000441946
,,,2.92083e-008,-0.000441946
,,,2.96083e-008,-0.000441946
,,,3.00083e-008,-0.000220973
,,,3.04083e-008,-0.000441946
,,,3.08083e-008,0
,,,3.12083e-008,0
,,,3.16083e-008,0
,,,3.20083e-008,0
,,,3.24083e-008,-0.000220973
,,,3.28083e-008,0
,,,3.32083e-008,-0.000220973
,,,3.36083e-008,0.000220973
,,,3.40083e-008,-0.000441946
,,,3.44083e-008,0.000220973
,,,3.48083e-008,0.000220973
,,,3.52083e-008,-0.000220973
,,,3.56083e-008,-0.000662919
,,,3.60083e-008,-0.000441946
,,,3.64083e-008,0
,,,3.68083e-008,0.000441946
,,,3.72083e-008,0
,,,3.76083e-008,0.000220973
,,,3.80083e-008,0
,,,3.84083e-008,-0.000220973
,,,3.88083e-008,0
,,,3.92083e-008,0.000441946
,,,3.96083e-008,0
,,,4.00083e-008,0
,,,4.04083e-008,-0.000883892
,,,4.08083e-008,0
,,,4.12083e-008,0
,,,4.16083e-008,-0.000441946
,,,4.20083e-008,-0.000441946
,,,4.24083e-008,-0.000220973
,,,4.28083e-008,-0.000220973
,,,4.32083e-008,0.000220973
,,,4.36083e-008,0
,,,4.40083e-008,-0.000220973
,,,4.44083e-008,-0.000220973
,,,4.48083e-008,-0.000441946
,,,4.52083e-008,0.000662919
,,,4.56083e-008,0.000220973
,,,4.60083e-008,-0.000662919
,,,4.64083e-008,-0.000220973
,,,4.68083e-008,-0.000220973
,,,4.72083e-008,0
,,,4.76083e-008,0.000662919
,,,4.80083e-008,0
,,,4.84083e-008,0.000220973
,,,4.88083e-008,0.000220973
,,,4.92083e-008,-0.000441946
,,,4.96083e-008,0.000220973
,,,5.00083e-008,0
,,,5.04083e-008,-0.000220973
,,,5.08083e-008,-0.000220973
,,,5.12083e-008,0.000441946
,,,5.16083e-008,-0.000441946
,,,5.20083e-008,0.000441946
,,,5.24083e-008,0.000220973
,,,5.28083e-008,0.000220973
,,,5.32083e-008,0
,,,5.36083e-008,-0.000662919
,,,5.40083e-008,-0.000662919
,,,5.44083e-008,0.000441946
,,,5.48083e-008,0.000220973
,,,5.52083e-008,0
,,,5.56083e-008,-0.000441946
,,,5.60083e-008,-0.000220973
,,,5.64083e-008,-0.000220973
,,,5.68083e-008,0
,,,5.72083e-008,0.000883892
,,,5.76083e-008,-0.000441946
,,,5.80083e-008,-0.000220973
,,,5.84083e-008,-0.000220973
,,,5.88083e-008,0.000220973
,,,5.92083e-008,0.000220973
,,,5.96083e-008,0.000220973
,,,6.00083e-008,-0.000441946
,,,6.04083e-008,0.000441946
,,,6.08083e-008,-0.000441946
,,,6.12083e-008,-0.000220973
,,,6.16083e-008,-0.000662919
,,,6.20083e-008,0
,,,6.24083e-008,-0.000220973
,,,6.28083e-008,-0.000220973
,,,6.32083e-008,0
,,,6.36083e-008,0.000220973
,,,6.40083e-008,-0.000220973
,,,6.44083e-008,-0.000220973
,,,6.48083e-008,-0.000441946
,,,6.52083e-008,-0.000220973
,,,6.56083e-008,0.000441946
,,,6.60083e-008,-0.000662919
,,,6.64083e-008,-0.000441946
,,,6.68083e-008,0.000883892
,,,6.72083e-008,0
,,,6.76083e-008,0
,,,6.80083e-008,-0.000441946
,,,6.84083e-008,-0.000883892
,,,6.88083e-008,-0.000441946
,,,6.92083e-008,0
,,,6.96083e-008,-0.000662919
,,,7.00083e-008,-0.000441946
,,,7.04083e-008,-0.000883892
,,,7.08083e-008,-0.00110486
,,,7.12083e-008,0
,,,7.16083e-008,-0.000220973
,,,7.20083e-008,0
,,,7.24083e-008,0.000220973
,,,7.28083e-008,0
,,,7.32083e-008,0.000220973
,,,7.36083e-008,0
,,,7.40083e-008,-0.000220973
,,,7.44083e-008,-0.000883892
,,,7.48083e-008,-0.000662919
,,,7.52083e-008,0.000883892
,,,7.56083e-008,0
,,,7.60083e-008,0
,,,7.64083e-008,-0.000441946
,,,7.68083e-008,0
,,,7.72083e-008,-0.000441946
,,,7.76083e-008,-0.000220973
,,,7.80083e-008,-0.000662919
,,,7.84083e-008,-0.000220973
,,,7.88083e-008,-0.000441946
,,,7.92083e-008,0
,,,7.96083e-008,0.000220973
,,,8.00083e-008,0
,,,8.04083e-008,-0.000220973
,,,8.08083e-008,0.000441946
,,,8.12083e-008,-0.000220973
,,,8.16083e-008,-0.000220973
,,,8.20083e-008,0
,,,8.24083e-008,0.000883892
,,,8.28083e-008,0.000441946
,,,8.32083e-008,-0.000441946
,,,8.36083e-008,0
,,,8.40083e-008,-0.000220973
,,,8.44083e-008,-0.000220973
,,,8.48083e-008,-0.000662919
,,,8.52083e-008,-0.000220973
,,,8.56083e-008,0
,,,8.60083e-008,0.000441946
,,,8.64083e-008,-0.000441946
,,,8.68083e-008,-0.000441946
,,,8.72083e-008,0.000220973
,,,8.76083e-008,0.000220973
,,,8.80083e-008,0
,,,8.84083e-008,-0.000220973
,,,8.88083e-008,0.000220973
,,,8.92083e-008,0
,,,8.96083e-008,-0.000662919
,,,9.00083e-008,0
,,,9.04083e-008,-0.000220973
,,,9.08083e-008,0.000441946
,,,9.12083e-008,0.000662919
,,,9.16083e-008,0.000441946
,,,9.20083e-008,0.000883892
,,,9.24083e-008,0
,,,9.28083e-008,0
,,,9.32083e-008,0.000441946
,,,9.36083e-008,0.000883892
,,,9.40083e-008,0.000441946
,,,9.44083e-008,0.0024307
,,,9.48083e-008,0.00176778
,,,9.52083e-008,0.00331459
,,,9.56083e-008,0.00464043
,,,9.60083e-008,0.00508238
,,,9.64083e-008,0.00530335
,,,9.68083e-008,0.00685016
,,,9.72083e-008,0.00773405
,,,9.76083e-008,0.00905989
,,,9.80083e-008,0.0103857
,,,9.84083e-008,0.0112696
,,,9.88083e-008,0.0128164
,,,9.92083e-008,0.0132584
,,,9.96083e-008,0.0143632
,,,1.00008e-007,0.0143632
,,,1.00408e-007,0.0148052
,,,1.00808e-007,0.0156891
,,,1.01208e-007,0.0156891
,,,1.01608e-007,0.016573
,,,1.02008e-007,0.016573
,,,1.02408e-007,0.0167939
,,,1.02808e-007,0.0167939
,,,1.03208e-007,0.0170149
,,,1.03608e-007,0.0172359
,,,1.04008e-007,0.0178988
,,,1.04408e-007,0.0174569
,,,1.04808e-007,0.0183408
,,,1.05208e-007,0.0181198
,,,1.05608e-007,0.0178988
,,,1.06008e-007,0.0181198
,,,1.06408e-007,0.0172359
,,,1.06808e-007,0.0176778
,,,1.07208e-007,0.0176778
,,,1.07608e-007,0.0178988
,,,1.08008e-007,0.0185617
,,,1.08408e-007,0.0176778
,,,1.08808e-007,0.0176778
,,,1.09208e-007,0.0178988
,,,1.09608e-007,0.0176778
,,,1.10008e-007,0.0170149
,,,1.10408e-007,0.0174569
,,,1.10808e-007,0.0178988
,,,1.11208e-007,0.0172359
,,,1.11608e-007,0.0174569
,,,1.12008e-007,0.0187827
,,,1.12408e-007,0.0178988
,,,1.12808e-007,0.0178988
,,,1.13208e-007,0.0178988
,,,1.13608e-007,0.0172359
,,,1.14008e-007,0.0176778
,,,1.14408e-007,0.0178988
,,,1.14808e-007,0.0181198
,,,1.15208e-007,0.0172359
,,,1.15608e-007,0.0178988
,,,1.16008e-007,0.0176778
,,,1.16408e-007,0.0174569
,,,1.16808e-007,0.0176778
,,,1.17208e-007,0.0183408
,,,1.17608e-007,0.0176778
,,,1.18008e-007,0.0174569
,,,1.18408e-007,0.0170149
,,,1.18808e-007,0.0174569
,,,1.19208e-007,0.0181198
,,,1.19608e-007,0.0172359
,,,1.20008e-007,0.0183408
,,,1.20408e-007,0.0185617
,,,1.20808e-007,0.0185617
,,,1.21208e-007,0.0181198
,,,1.21608e-007,0.0185617
,,,1.22008e-007,0.0185617
,,,1.22408e-007,0.0194456
,,,1.22808e-007,0.0190037
,,,1.23208e-007,0.0192246
,,,1.23608e-007,0.0194456
,,,1.24008e-007,0.0201085
,,,1.24408e-007,0.0201085
,,,1.24808e-007,0.0203295
,,,1.25208e-007,0.0201085
,,,1.25608e-007,0.0201085
,,,1.26008e-007,0.0203295
,,,1.26408e-007,0.0212134
,,,1.26808e-007,0.0212134
,,,1.27208e-007,0.0205505
,,,1.27608e-007,0.0205505
,,,1.28008e-007,0.0201085
,,,1.28408e-007,0.0194456
,,,1.28808e-007,0.0201085
,,,1.29208e-007,0.0192246
,,,1.29608e-007,0.0185617
,,,1.30008e-007,0.0190037
,,,1.30408e-007,0.0183408
,,,1.30808e-007,0.0183408
,,,1.31208e-007,0.0181198
,,,1.31608e-007,0.0181198
,,,1.32008e-007,0.0172359
,,,1.32408e-007,0.0174569
,,,1.32808e-007,0.0174569
,,,1.33208e-007,0.0176778
,,,1.33608e-007,0.0170149
,,,1.34008e-007,0.016352
,,,1.34408e-007,0.016573
,,,1.34808e-007,0.016573
,,,1.35208e-007,0.0167939
,,,1.35608e-007,0.0170149
,,,1.36008e-007,0.0167939
,,,1.36408e-007,0.016131
,,,1.36808e-007,0.016573
,,,1.37208e-007,0.0159101
,,,1.37608e-007,0.016352
,,,1.38008e-007,0.016352
,,,1.38408e-007,0.0167939
,,,1.38808e-007,0.016131
,,,1.39208e-007,0.0156891
,,,1.39608e-007,0.0159101
,,,1.40008e-007,0.016131
,,,1.40408e-007,0.0154681
,,,1.40808e-007,0.0154681
,,,1.41208e-007,0.016131
,,,1.41608e-007,0.016131
,,,1.42008e-007,0.0152471
,,,1.42408e-007,0.016131
,,,1.42808e-007,0.0154681
,,,1.43208e-007,0.0154681
,,,1.43608e-007,0.0150262
,,,1.44008e-007,0.0154681
,,,1.44408e-007,0.0148052
,,,1.44808e-007,0.0148052
,,,1.45208e-007,0.0145842
,,,1.45608e-007,0.0148052
,,,1.46008e-007,0.0150262
,,,1.46408e-007,0.0143632
,,,1.46808e-007,0.0150262
,,,1.47208e-007,0.0152471
,,,1.47608e-007,0.0145842
,,,1.48008e-007,0.0145842
,,,1.48408e-007,0.0148052
,,,1.48808e-007,0.0145842
,,,1.49208e-007,0.0145842
,,,1.49608e-007,0.0139213
,,,1.50008e-007,0.0141423
,,,1.50408e-007,0.0141423
,,,1.50808e-007,0.0141423
,,,1.51208e-007,0.0148052
,,,1.51608e-007,0.0148052
,,,1.52008e-007,0.0139213
,,,1.52408e-007,0.0148052
,,,1.52808e-007,0.0143632
,,,1.53208e-007,0.0143632
,,,1.53608e-007,0.0137003
,,,1.54008e-007,0.0137003
,,,1.54408e-007,0.0134794
,,,1.54808e-007,0.0137003
,,,1.55208e-007,0.0132584
,,,1.55608e-007,0.0121535
,,,1.56008e-007,0.0128164
,,,1.56408e-007,0.0128164
,,,1.56808e-007,0.0119325
,,,1.57208e-007,0.0123745
,,,1.57608e-007,0.0112696
,,,1.58008e-007,0.0110486
,,,1.58408e-007,0.0119325
,,,1.58808e-007,0.0117116
,,,1.59208e-007,0.0117116
,,,1.59608e-007,0.0121535
,,,1.60008e-007,0.0121535
,,,1.60408e-007,0.0117116
,,,1.60808e-007,0.0121535
,,,1.61208e-007,0.0123745
,,,1.61608e-007,0.0112696
,,,1.62008e-007,0.0119325
,,,1.62408e-007,0.0117116
,,,1.62808e-007,0.0117116
,,,1.63208e-007,0.0114906
,,,1.63608e-007,0.0119325
,,,1.64008e-007,0.0121535
,,,1.64408e-007,0.0123745
,,,1.64808e-007,0.0114906
,,,1.65208e-007,0.0121535
,,,1.65608e-007,0.0119325
,,,1.66008e-007,0.0121535
,,,1.66408e-007,0.0119325
,,,1.66808e-007,0.0121535
,,,1.67208e-007,0.0123745
,,,1.67608e-007,0.0123745
,,,1.68008e-007,0.0121535
,,,1.68408e-007,0.0121535
,,,1.68808e-007,0.0121535
,,,1.69208e-007,0.0123745
,,,1.69608e-007,0.0125955
,,,1.70008e-007,0.0121535
,,,1.70408e-007,0.0119325
,,,1.70808e-007,0.0114906
,,,1.71208e-007,0.0117116
,,,1.71608e-007,0.0119325
,,,1.72008e-007,0.0125955
,,,1.72408e-007,0.0117116
,,,1.72808e-007,0.0121535
,,,1.73208e-007,0.0128164
,,,1.73608e-007,0.0121535
,,,1.74008e-007,0.0123745
,,,1.74408e-007,0.0114906
,,,1.74808e-007,0.0119325
,,,1.75208e-007,0.0123745
,,,1.75608e-007,0.0119325
,,,1.76008e-007,0.0128164
,,,1.76408e-007,0.0123745
,,,1.76808e-007,0.0128164
,,,1.77208e-007,0.0114906
,,,1.77608e-007,0.0112696
,,,1.78008e-007,0.0117116
,,,1.78408e-007,0.0117116
,,,1.78808e-007,0.0123745
,,,1.79208e-007,0.0125955
,,,1.79608e-007,0.0130374
,,,1.80008e-007,0.0128164
,,,1.80408e-007,0.0121535
,,,1.80808e-007,0.0125955
,,,1.81208e-007,0.0123745
,,,1.81608e-007,0.0114906
,,,1.82008e-007,0.0117116
,,,1.82408e-007,0.0123745
,,,1.82808e-007,0.0114906
,,,1.83208e-007,0.0128164
,,,1.83608e-007,0.0125955
,,,1.84008e-007,0.0121535
,,,1.84408e-007,0.0108277
,,,1.84808e-007,0.0130374
,,,1.85208e-007,0.0117116
,,,1.85608e-007,0.0114906
,,,1.86008e-007,0.0132584
,,,1.86408e-007,0.0121535
,,,1.86808e-007,0.0130374
,,,1.87208e-007,0.0128164
,,,1.87608e-007,0.0117116
,,,1.88008e-007,0.0128164
,,,1.88408e-007,0.0128164
,,,1.88808e-007,0.0121535
,,,1.89208e-007,0.0130374
,,,1.89608e-007,0.0130374
,,,1.90008e-007,0.0130374
,,,1.90408e-007,0.0128164
,,,1.90808e-007,0.0125955
,,,1.91208e-007,0.0134794
,,,1.91608e-007,0.0130374
,,,1.92008e-007,0.0130374
,,,1.92408e-007,0.0128164
,,,1.92808e-007,0.0137003
,,,1.93208e-007,0.0132584
,,,1.93608e-007,0.0132584
,,,1.94008e-007,0.0130374
,,,1.94408e-007,0.0132584
,,,1.94808e-007,0.0130374
,,,1.95208e-007,0.0132584
,,,1.95608e-007,0.0137003
,,,1.96008e-007,0.0132584
,,,1.96408e-007,0.0132584
,,,1.96808e-007,0.0134794
,,,1.97208e-007,0.0132584
,,,1.97608e-007,0.0123745
,,,1.98008e-007,0.0132584
,,,1.98408e-007,0.0128164
,,,1.98808e-007,0.0130374
,,,1.99208e-007,0.0128164
,,,1.99608e-007,0.0123745
,,,2.00008e-007,0.0125955
,,,2.00408e-007,0.0128164
,,,2.00808e-007,0.0128164
,,,2.01208e-007,0.0128164
,,,2.01608e-007,0.0132584
,,,2.02008e-007,0.0125955
,,,2.02408e-007,0.0128164
,,,2.02808e-007,0.0114906
,,,2.03208e-007,0.0119325
,,,2.03608e-007,0.0117116
,,,2.04008e-007,0.0114906
,,,2.04408e-007,0.0112696
,,,2.04808e-007,0.0110486
,,,2.05208e-007,0.0114906
,,,2.05608e-007,0.0110486
,,,2.06008e-007,0.00994378
,,,2.06408e-007,0.0101648
,,,2.06808e-007,0.0101648
,,,2.07208e-007,0.0108277
,,,2.07608e-007,0.0106067
,,,2.08008e-007,0.00972281
,,,2.08408e-007,0.00905989
,,,2.08808e-007,0.00928087
,,,2.09208e-007,0.00950184
,,,2.09608e-007,0.00883892
,,,2.10008e-007,0.00839697
,,,2.10408e-007,0.00795503
,,,2.10808e-007,0.00751308
,,,2.11208e-007,0.00707114
,,,2.11608e-007,0.00552432
,,,2.12008e-007,0.00618724
,,,2.12408e-007,0.00618724
,,,2.12808e-007,0.00596627
,,,2.13208e-007,0.00530335
,,,2.13608e-007,0.00375654
,,,2.14008e-007,0.00419849
,,,2.14408e-007,0.00419849
,,,2.14808e-007,0.00331459
,,,2.15208e-007,0.00419849
,,,2.15608e-007,0.00397751
,,,2.16008e-007,0.00353557
,,,2.16408e-007,0.00220973
,,,2.16808e-007,0.00287265
,,,2.17208e-007,0.0024307
,,,2.17608e-007,0.0024307
,,,2.18008e-007,0.00220973
,,,2.18408e-007,0.00198876
,,,2.18808e-007,0.00176778
,,,2.19208e-007,0.00198876
,,,2.19608e-007,0.000883892
,,,2.20008e-007,0.00154681
,,,2.20408e-007,0.00154681
,,,2.20808e-007,0.00110486
,,,2.21208e-007,0.00132584
,,,2.21608e-007,0.00110486
,,,2.22008e-007,0.00110486
,,,2.22408e-007,0.000662919
,,,2.22808e-007,0.00110486
,,,2.23208e-007,0.00154681
,,,2.23608e-007,0.00110486
,,,2.24008e-007,0.00110486
,,,2.24408e-007,0.00110486
,,,2.24808e-007,0.00110486
,,,2.25208e-007,0.000662919
,,,2.25608e-007,0.000220973
,,,2.26008e-007,0.000441946
,,,2.26408e-007,0.000220973
,,,2.26808e-007,0.000441946
,,,2.27208e-007,0.000220973
,,,2.27608e-007,0.000441946
,,,2.28008e-007,0
,,,2.28408e-007,0.000220973
,,,2.28808e-007,0.000441946
,,,2.29208e-007,0
,,,2.29608e-007,-0.000220973
,,,2.30008e-007,0
,,,2.30408e-007,0.000441946
,,,2.30808e-007,0.000441946
,,,2.31208e-007,0.00132584
,,,2.31608e-007,0.000220973
,,,2.32008e-007,0.000662919
,,,2.32408e-007,0.000662919
,,,2.32808e-007,0.000441946
,,,2.33208e-007,-0.000441946
,,,2.33608e-007,0.000220973
,,,2.34008e-007,0.000441946
,,,2.34408e-007,0
,,,2.34808e-007,-0.000662919
,,,2.35208e-007,-0.000662919
,,,2.35608e-007,-0.000662919
,,,2.36008e-007,-0.000662919
,,,2.36408e-007,-0.00110486
,,,2.36808e-007,-0.000662919
,,,2.37208e-007,-0.000883892
,,,2.37608e-007,-0.000441946
,,,2.38008e-007,-0.000883892
,,,2.38408e-007,0.000220973
,,,2.38808e-007,-0.000220973
,,,2.39208e-007,-0.000883892
,,,2.39608e-007,-0.000662919
,,,2.40008e-007,-0.00132584
,,,2.40408e-007,-0.000662919
,,,2.40808e-007,0
,,,2.41208e-007,-0.000883892
,,,2.41608e-007,-0.00132584
,,,2.42008e-007,-0.000441946
,,,2.42408e-007,-0.000220973
,,,2.42808e-007,-0.000220973
,,,2.43208e-007,-0.000220973
,,,2.43608e-007,-0.00110486
,,,2.44008e-007,-0.000662919
,,,2.44408e-007,-0.000220973
,,,2.44808e-007,-0.00110486
,,,2.45208e-007,-0.00110486
,,,2.45608e-007,-0.00110486
,,,2.46008e-007,-0.000883892
,,,2.46408e-007,-0.000662919
,,,2.46808e-007,0
,,,2.47208e-007,-0.000441946
,,,2.47608e-007,-0.000220973
,,,2.48008e-007,-0.000441946
,,,2.48408e-007,-0.000441946
,,,2.48808e-007,-0.000441946
,,,2.49208e-007,0
,,,2.49608e-007,-0.000662919
,,,2.50008e-007,0
