"Record Length",1252,"Points",-2.50088e-007,0.000220973
"Sample Interval",4e-010,s,-2.49688e-007,0.000220973
"Trigger Point",625,"Samples",-2.49288e-007,0
"Trigger Time",0.220113,s,-2.48888e-007,0.000220973
,,,-2.48488e-007,0
"Horizontal Offset",-2.50088e-007,s,-2.48088e-007,0.00110486
,,,-2.47688e-007,0.000220973
,,,-2.47288e-007,0.000662919
,,,-2.46888e-007,0
,,,-2.46488e-007,0
,,,-2.46088e-007,0.000883892
,,,-2.45688e-007,0.000883892
,,,-2.45288e-007,0.000441946
,,,-2.44888e-007,0.000220973
,,,-2.44488e-007,0.000441946
,,,-2.44088e-007,0.000220973
,,,-2.43688e-007,0
,,,-2.43288e-007,-0.000220973
,,,-2.42888e-007,-0.000220973
,,,-2.42488e-007,-0.000220973
,,,-2.42088e-007,0.000441946
,,,-2.41688e-007,0
,,,-2.41288e-007,0.000220973
,,,-2.40888e-007,0.000220973
,,,-2.40488e-007,0.000441946
,,,-2.40088e-007,0.000441946
,,,-2.39688e-007,0.000662919
,,,-2.39288e-007,0.000220973
,,,-2.38888e-007,0
,,,-2.38488e-007,0.000220973
,,,-2.38088e-007,0.000441946
,,,-2.37688e-007,0.000441946
,,,-2.37288e-007,0.000220973
,,,-2.36888e-007,-0.000220973
,,,-2.36488e-007,0.000220973
,,,-2.36088e-007,0.000662919
,,,-2.35688e-007,0.000441946
,,,-2.35288e-007,0.000220973
,,,-2.34888e-007,0.000220973
,,,-2.34488e-007,-0.000220973
,,,-2.34088e-007,0
,,,-2.33688e-007,0.000220973
,,,-2.33288e-007,0.000441946
,,,-2.32888e-007,0.000441946
,,,-2.32488e-007,-0.000441946
,,,-2.32088e-007,0
,,,-2.31688e-007,0.000220973
,,,-2.31288e-007,-0.000220973
,,,-2.30888e-007,0.000220973
,,,-2.30488e-007,0
,,,-2.30088e-007,0
,,,-2.29688e-007,0.000662919
,,,-2.29288e-007,0.000662919
,,,-2.28888e-007,0.000441946
,,,-2.28488e-007,0.000220973
,,,-2.28088e-007,0.000220973
,,,-2.27688e-007,0.000220973
,,,-2.27288e-007,-0.000662919
,,,-2.26888e-007,0.000441946
,,,-2.26488e-007,0.000220973
,,,-2.26088e-007,0.000441946
,,,-2.25688e-007,0.000220973
,,,-2.25288e-007,0.000662919
,,,-2.24888e-007,0.000662919
,,,-2.24488e-007,0.000220973
,,,-2.24088e-007,0.000441946
,,,-2.23688e-007,-0.000220973
,,,-2.23288e-007,0.000441946
,,,-2.22888e-007,0
,,,-2.22488e-007,0.000662919
,,,-2.22088e-007,0.000441946
,,,-2.21688e-007,0.000441946
,,,-2.21288e-007,0.000220973
,,,-2.20888e-007,0.000220973
,,,-2.20488e-007,0.000441946
,,,-2.20088e-007,0.000220973
,,,-2.19688e-007,0
,,,-2.19288e-007,0
,,,-2.18888e-007,0.000220973
,,,-2.18488e-007,0
,,,-2.18088e-007,-0.000220973
,,,-2.17688e-007,0.000662919
,,,-2.17288e-007,0.000662919
,,,-2.16888e-007,0.00110486
,,,-2.16488e-007,0.000220973
,,,-2.16088e-007,0
,,,-2.15688e-007,0.000220973
,,,-2.15288e-007,0.000220973
,,,-2.14888e-007,0.000220973
,,,-2.14488e-007,0
,,,-2.14088e-007,-0.000441946
,,,-2.13688e-007,-0.000662919
,,,-2.13288e-007,0.000441946
,,,-2.12888e-007,0.000662919
,,,-2.12488e-007,0
,,,-2.12088e-007,0.000662919
,,,-2.11688e-007,0
,,,-2.11288e-007,0
,,,-2.10888e-007,0.000662919
,,,-2.10488e-007,-0.000220973
,,,-2.10088e-007,0
,,,-2.09688e-007,0.000441946
,,,-2.09288e-007,-0.000441946
,,,-2.08888e-007,0.000220973
,,,-2.08488e-007,0.000441946
,,,-2.08088e-007,0
,,,-2.07688e-007,0.000220973
,,,-2.07288e-007,0.000662919
,,,-2.06888e-007,0.000220973
,,,-2.06488e-007,0.000220973
,,,-2.06088e-007,0.000883892
,,,-2.05688e-007,0.000662919
,,,-2.05288e-007,0.000441946
,,,-2.04888e-007,-0.000220973
,,,-2.04488e-007,0.000220973
,,,-2.04088e-007,-0.000220973
,,,-2.03688e-007,-0.000662919
,,,-2.03288e-007,0.000220973
,,,-2.02888e-007,-0.000662919
,,,-2.02488e-007,-0.000220973
,,,-2.02088e-007,0.000220973
,,,-2.01688e-007,0
,,,-2.01288e-007,0.000662919
,,,-2.00888e-007,0.000220973
,,,-2.00488e-007,0
,,,-2.00088e-007,-0.000220973
,,,-1.99688e-007,0.000662919
,,,-1.99288e-007,0.000441946
,,,-1.98888e-007,0.000441946
,,,-1.98488e-007,0.000220973
,,,-1.98088e-007,0.000441946
,,,-1.97688e-007,0.00132584
,,,-1.97288e-007,0.00132584
,,,-1.96888e-007,0.000220973
,,,-1.96488e-007,-0.000220973
,,,-1.96088e-007,-0.000441946
,,,-1.95688e-007,-0.000220973
,,,-1.95288e-007,0.000220973
,,,-1.94888e-007,0.000883892
,,,-1.94488e-007,0
,,,-1.94088e-007,-0.000441946
,,,-1.93688e-007,-0.000220973
,,,-1.93288e-007,0.000441946
,,,-1.92888e-007,0.000220973
,,,-1.92488e-007,0.00110486
,,,-1.92088e-007,0.000441946
,,,-1.91688e-007,0.000441946
,,,-1.91288e-007,0
,,,-1.90888e-007,0.000220973
,,,-1.90488e-007,0
,,,-1.90088e-007,0
,,,-1.89688e-007,-0.000441946
,,,-1.89288e-007,0.000220973
,,,-1.88888e-007,0.000220973
,,,-1.88488e-007,0.000220973
,,,-1.88088e-007,-0.000220973
,,,-1.87688e-007,-0.000441946
,,,-1.87288e-007,0.000220973
,,,-1.86888e-007,0.000662919
,,,-1.86488e-007,0
,,,-1.86088e-007,0.000220973
,,,-1.85688e-007,-0.000662919
,,,-1.85288e-007,-0.000220973
,,,-1.84888e-007,0.000441946
,,,-1.84488e-007,0.000883892
,,,-1.84088e-007,0
,,,-1.83688e-007,0.000883892
,,,-1.83288e-007,0.000662919
,,,-1.82888e-007,0
,,,-1.82488e-007,0
,,,-1.82088e-007,0.000662919
,,,-1.81688e-007,0.000441946
,,,-1.81288e-007,-0.000441946
,,,-1.80888e-007,0.000441946
,,,-1.80488e-007,-0.000441946
,,,-1.80088e-007,0
,,,-1.79688e-007,-0.000662919
,,,-1.79288e-007,-0.000441946
,,,-1.78888e-007,-0.000220973
,,,-1.78488e-007,0
,,,-1.78088e-007,0.000441946
,,,-1.77688e-007,0
,,,-1.77288e-007,0.00132584
,,,-1.76888e-007,0.000662919
,,,-1.76488e-007,-0.000441946
,,,-1.76088e-007,-0.000441946
,,,-1.75688e-007,-0.000220973
,,,-1.75288e-007,0.000220973
,,,-1.74888e-007,-0.000662919
,,,-1.74488e-007,0.000441946
,,,-1.74088e-007,0.000220973
,,,-1.73688e-007,-0.000220973
,,,-1.73288e-007,0.000220973
,,,-1.72888e-007,0
,,,-1.72488e-007,0.000441946
,,,-1.72088e-007,0.000441946
,,,-1.71688e-007,-0.000662919
,,,-1.71288e-007,0
,,,-1.70888e-007,0
,,,-1.70488e-007,0.000220973
,,,-1.70088e-007,0.000441946
,,,-1.69688e-007,0.000662919
,,,-1.69288e-007,0.000220973
,,,-1.68888e-007,0.000662919
,,,-1.68488e-007,0.000441946
,,,-1.68088e-007,0
,,,-1.67688e-007,0.000441946
,,,-1.67288e-007,0.000220973
,,,-1.66888e-007,0.000441946
,,,-1.66488e-007,0.000441946
,,,-1.66088e-007,-0.000220973
,,,-1.65688e-007,-0.000220973
,,,-1.65288e-007,0.000220973
,,,-1.64888e-007,0
,,,-1.64488e-007,0.000220973
,,,-1.64088e-007,0.000220973
,,,-1.63688e-007,0
,,,-1.63288e-007,0.000441946
,,,-1.62888e-007,0.000662919
,,,-1.62488e-007,-0.000220973
,,,-1.62088e-007,0
,,,-1.61688e-007,-0.000441946
,,,-1.61288e-007,0
,,,-1.60888e-007,0.000441946
,,,-1.60488e-007,0.000662919
,,,-1.60088e-007,-0.000441946
,,,-1.59688e-007,0.000220973
,,,-1.59288e-007,0.000441946
,,,-1.58888e-007,0.000220973
,,,-1.58488e-007,0.000220973
,,,-1.58088e-007,0.000441946
,,,-1.57688e-007,0.000220973
,,,-1.57288e-007,0.000662919
,,,-1.56888e-007,0.000441946
,,,-1.56488e-007,0.000220973
,,,-1.56088e-007,0
,,,-1.55688e-007,0.000441946
,,,-1.55288e-007,0.000220973
,,,-1.54888e-007,0
,,,-1.54488e-007,0.000220973
,,,-1.54088e-007,0.000441946
,,,-1.53688e-007,-0.000441946
,,,-1.53288e-007,-0.000220973
,,,-1.52888e-007,0.000220973
,,,-1.52488e-007,0.000220973
,,,-1.52088e-007,0.000662919
,,,-1.51688e-007,0.000220973
,,,-1.51288e-007,0.000662919
,,,-1.50888e-007,0.000220973
,,,-1.50488e-007,0.000441946
,,,-1.50088e-007,0.000441946
,,,-1.49688e-007,0.000662919
,,,-1.49288e-007,0
,,,-1.48888e-007,-0.000220973
,,,-1.48488e-007,0.000220973
,,,-1.48088e-007,-0.000220973
,,,-1.47688e-007,0.000220973
,,,-1.47288e-007,0.00110486
,,,-1.46888e-007,0
,,,-1.46488e-007,0
,,,-1.46088e-007,-0.000441946
,,,-1.45688e-007,-0.000441946
,,,-1.45288e-007,-0.000220973
,,,-1.44888e-007,-0.000220973
,,,-1.44488e-007,0
,,,-1.44088e-007,0
,,,-1.43688e-007,0.000220973
,,,-1.43288e-007,0.000220973
,,,-1.42888e-007,0.000441946
,,,-1.42488e-007,0
,,,-1.42088e-007,0.000441946
,,,-1.41688e-007,0.000441946
,,,-1.41288e-007,0.000662919
,,,-1.40888e-007,0.000220973
,,,-1.40488e-007,0.000220973
,,,-1.40088e-007,0.000220973
,,,-1.39688e-007,-0.000220973
,,,-1.39288e-007,-0.000662919
,,,-1.38888e-007,0.000220973
,,,-1.38488e-007,0.000220973
,,,-1.38088e-007,0
,,,-1.37688e-007,0.000662919
,,,-1.37288e-007,0.000662919
,,,-1.36888e-007,0.000441946
,,,-1.36488e-007,0.000662919
,,,-1.36088e-007,0
,,,-1.35688e-007,0.000441946
,,,-1.35288e-007,0.000662919
,,,-1.34888e-007,0.000883892
,,,-1.34488e-007,0.000441946
,,,-1.34088e-007,0.000441946
,,,-1.33688e-007,0.000662919
,,,-1.33288e-007,0
,,,-1.32888e-007,-0.000220973
,,,-1.32488e-007,0.000220973
,,,-1.32088e-007,0.000220973
,,,-1.31688e-007,0
,,,-1.31288e-007,-0.000883892
,,,-1.30888e-007,-0.000220973
,,,-1.30488e-007,-0.000441946
,,,-1.30088e-007,-0.000441946
,,,-1.29688e-007,-0.000220973
,,,-1.29288e-007,-0.000220973
,,,-1.28888e-007,-0.000441946
,,,-1.28488e-007,0.000220973
,,,-1.28088e-007,0
,,,-1.27688e-007,-0.000441946
,,,-1.27288e-007,-0.000220973
,,,-1.26888e-007,0.000662919
,,,-1.26488e-007,0.000441946
,,,-1.26088e-007,0
,,,-1.25688e-007,0.000441946
,,,-1.25288e-007,0.000220973
,,,-1.24888e-007,-0.000883892
,,,-1.24488e-007,0.000662919
,,,-1.24088e-007,-0.000441946
,,,-1.23688e-007,0
,,,-1.23288e-007,0.000220973
,,,-1.22888e-007,0
,,,-1.22488e-007,-0.000220973
,,,-1.22088e-007,0.000441946
,,,-1.21688e-007,-0.000220973
,,,-1.21288e-007,0.000220973
,,,-1.20888e-007,0.000441946
,,,-1.20488e-007,0.000220973
,,,-1.20088e-007,0.000441946
,,,-1.19688e-007,-0.000220973
,,,-1.19288e-007,0.000220973
,,,-1.18888e-007,0
,,,-1.18488e-007,0.000220973
,,,-1.18088e-007,0.000441946
,,,-1.17688e-007,0.000441946
,,,-1.17288e-007,-0.000441946
,,,-1.16888e-007,0
,,,-1.16488e-007,0.000441946
,,,-1.16088e-007,0.000220973
,,,-1.15688e-007,-0.000662919
,,,-1.15288e-007,-0.000220973
,,,-1.14888e-007,0.000220973
,,,-1.14488e-007,0.000220973
,,,-1.14088e-007,-0.000220973
,,,-1.13688e-007,0.000662919
,,,-1.13288e-007,0.000441946
,,,-1.12888e-007,-0.000220973
,,,-1.12488e-007,-0.000220973
,,,-1.12088e-007,-0.000220973
,,,-1.11688e-007,0.000441946
,,,-1.11288e-007,-0.000662919
,,,-1.10888e-007,-0.000441946
,,,-1.10488e-007,0.000220973
,,,-1.10088e-007,0.000441946
,,,-1.09688e-007,0.000441946
,,,-1.09288e-007,-0.000220973
,,,-1.08888e-007,-0.000441946
,,,-1.08488e-007,-0.000220973
,,,-1.08088e-007,0
,,,-1.07688e-007,-0.000220973
,,,-1.07288e-007,0.000220973
,,,-1.06888e-007,0.000883892
,,,-1.06488e-007,0.000220973
,,,-1.06088e-007,-0.000220973
,,,-1.05688e-007,0.000220973
,,,-1.05288e-007,0.000662919
,,,-1.04888e-007,0.000662919
,,,-1.04488e-007,0.000441946
,,,-1.04088e-007,-0.000220973
,,,-1.03688e-007,0.000220973
,,,-1.03288e-007,-0.000441946
,,,-1.02888e-007,0.00132584
,,,-1.02488e-007,0.000441946
,,,-1.02088e-007,0.000220973
,,,-1.01688e-007,0.000662919
,,,-1.01288e-007,0
,,,-1.00888e-007,-0.000220973
,,,-1.00488e-007,0.000441946
,,,-1.00088e-007,0.000441946
,,,-9.9688e-008,-0.000441946
,,,-9.9288e-008,0.000220973
,,,-9.8888e-008,-0.000441946
,,,-9.8488e-008,-0.000662919
,,,-9.8088e-008,-0.000220973
,,,-9.7688e-008,0.000441946
,,,-9.7288e-008,-0.000220973
,,,-9.6888e-008,0
,,,-9.6488e-008,-0.000220973
,,,-9.6088e-008,0
,,,-9.5688e-008,-0.000220973
,,,-9.5288e-008,0.000441946
,,,-9.4888e-008,-0.000662919
,,,-9.4488e-008,-0.000662919
,,,-9.4088e-008,0.000441946
,,,-9.3688e-008,0.000662919
,,,-9.3288e-008,0.000883892
,,,-9.2888e-008,-0.000441946
,,,-9.2488e-008,-0.000441946
,,,-9.2088e-008,0.000220973
,,,-9.1688e-008,0
,,,-9.1288e-008,0.000441946
,,,-9.0888e-008,0.000883892
,,,-9.0488e-008,0
,,,-9.0088e-008,0
,,,-8.9688e-008,0
,,,-8.9288e-008,0.000441946
,,,-8.8888e-008,-0.000220973
,,,-8.8488e-008,0.000662919
,,,-8.8088e-008,-0.000441946
,,,-8.7688e-008,0.000220973
,,,-8.7288e-008,0.00110486
,,,-8.6888e-008,-0.000220973
,,,-8.6488e-008,0.000441946
,,,-8.6088e-008,0
,,,-8.5688e-008,0.000220973
,,,-8.5288e-008,0
,,,-8.4888e-008,-0.000220973
,,,-8.4488e-008,0.000220973
,,,-8.4088e-008,0.000220973
,,,-8.3688e-008,0.000441946
,,,-8.3288e-008,0
,,,-8.2888e-008,0
,,,-8.2488e-008,0.000441946
,,,-8.2088e-008,-0.000220973
,,,-8.1688e-008,-0.000441946
,,,-8.1288e-008,-0.000441946
,,,-8.0888e-008,0.000220973
,,,-8.0488e-008,0
,,,-8.0088e-008,-0.000220973
,,,-7.9688e-008,0.000441946
,,,-7.9288e-008,0.000662919
,,,-7.8888e-008,0.000441946
,,,-7.8488e-008,0.000220973
,,,-7.8088e-008,0
,,,-7.7688e-008,-0.000220973
,,,-7.7288e-008,-0.000220973
,,,-7.6888e-008,0
,,,-7.6488e-008,0.000441946
,,,-7.6088e-008,0.000662919
,,,-7.5688e-008,0
,,,-7.5288e-008,0.000441946
,,,-7.4888e-008,0.000220973
,,,-7.4488e-008,0.000662919
,,,-7.4088e-008,0.000662919
,,,-7.3688e-008,0
,,,-7.3288e-008,0
,,,-7.2888e-008,-0.000883892
,,,-7.2488e-008,0.000220973
,,,-7.2088e-008,-0.000220973
,,,-7.1688e-008,0.000662919
,,,-7.1288e-008,-0.000220973
,,,-7.0888e-008,0.000220973
,,,-7.0488e-008,0.000883892
,,,-7.0088e-008,0.000662919
,,,-6.9688e-008,0.000441946
,,,-6.9288e-008,0.000441946
,,,-6.8888e-008,0.000220973
,,,-6.8488e-008,0
,,,-6.8088e-008,0
,,,-6.7688e-008,0.000220973
,,,-6.7288e-008,0.000220973
,,,-6.6888e-008,0.000662919
,,,-6.6488e-008,0.000220973
,,,-6.6088e-008,0.000441946
,,,-6.5688e-008,0
,,,-6.5288e-008,0
,,,-6.4888e-008,-0.000441946
,,,-6.4488e-008,0.000441946
,,,-6.4088e-008,0
,,,-6.3688e-008,0.000662919
,,,-6.3288e-008,0
,,,-6.2888e-008,-0.000220973
,,,-6.2488e-008,0.000220973
,,,-6.2088e-008,0.00110486
,,,-6.1688e-008,0
,,,-6.1288e-008,0.00110486
,,,-6.0888e-008,0.000662919
,,,-6.0488e-008,0
,,,-6.0088e-008,-0.000220973
,,,-5.9688e-008,0.000441946
,,,-5.9288e-008,-0.000220973
,,,-5.8888e-008,-0.000441946
,,,-5.8488e-008,-0.000662919
,,,-5.8088e-008,0.000220973
,,,-5.7688e-008,-0.000662919
,,,-5.7288e-008,-0.000220973
,,,-5.6888e-008,0.000662919
,,,-5.6488e-008,0
,,,-5.6088e-008,0.000441946
,,,-5.5688e-008,0.00110486
,,,-5.5288e-008,0.000220973
,,,-5.4888e-008,0.000441946
,,,-5.4488e-008,0.000220973
,,,-5.4088e-008,0
,,,-5.3688e-008,0.000220973
,,,-5.3288e-008,0.000220973
,,,-5.2888e-008,-0.000220973
,,,-5.2488e-008,-0.000220973
,,,-5.2088e-008,0
,,,-5.1688e-008,-0.000220973
,,,-5.1288e-008,0
,,,-5.0888e-008,0.000220973
,,,-5.0488e-008,-0.000441946
,,,-5.0088e-008,-0.000220973
,,,-4.9688e-008,-0.000220973
,,,-4.9288e-008,0.000662919
,,,-4.8888e-008,0.000220973
,,,-4.8488e-008,0.000220973
,,,-4.8088e-008,-0.000441946
,,,-4.7688e-008,0.00132584
,,,-4.7288e-008,-0.000220973
,,,-4.6888e-008,-0.000441946
,,,-4.6488e-008,0.000883892
,,,-4.6088e-008,0.000662919
,,,-4.5688e-008,0
,,,-4.5288e-008,0
,,,-4.4888e-008,0.000220973
,,,-4.4488e-008,0.000220973
,,,-4.4088e-008,0.000220973
,,,-4.3688e-008,0
,,,-4.3288e-008,0
,,,-4.2888e-008,0
,,,-4.2488e-008,-0.000220973
,,,-4.2088e-008,0
,,,-4.1688e-008,-0.000220973
,,,-4.1288e-008,-0.000220973
,,,-4.0888e-008,0
,,,-4.0488e-008,0.000883892
,,,-4.0088e-008,0.000220973
,,,-3.9688e-008,-0.000220973
,,,-3.9288e-008,-0.000220973
,,,-3.8888e-008,0
,,,-3.8488e-008,0.000662919
,,,-3.8088e-008,0.000441946
,,,-3.7688e-008,0.000220973
,,,-3.7288e-008,0.000441946
,,,-3.6888e-008,0.000662919
,,,-3.6488e-008,0.000220973
,,,-3.6088e-008,0.000662919
,,,-3.5688e-008,0.000220973
,,,-3.5288e-008,-0.000441946
,,,-3.4888e-008,0
,,,-3.4488e-008,0
,,,-3.4088e-008,-0.000220973
,,,-3.3688e-008,0.000220973
,,,-3.3288e-008,0.000883892
,,,-3.2888e-008,0.000220973
,,,-3.2488e-008,0.000441946
,,,-3.2088e-008,0.000662919
,,,-3.1688e-008,0
,,,-3.1288e-008,-0.000220973
,,,-3.0888e-008,0
,,,-3.0488e-008,0.000220973
,,,-3.0088e-008,0
,,,-2.9688e-008,-0.000220973
,,,-2.9288e-008,0
,,,-2.8888e-008,0
,,,-2.8488e-008,0.000662919
,,,-2.8088e-008,0
,,,-2.7688e-008,0.000441946
,,,-2.7288e-008,0.000220973
,,,-2.6888e-008,0.000662919
,,,-2.6488e-008,0.000220973
,,,-2.6088e-008,0.000441946
,,,-2.5688e-008,-0.000220973
,,,-2.5288e-008,0.000220973
,,,-2.4888e-008,0.000220973
,,,-2.4488e-008,-0.000220973
,,,-2.4088e-008,0.000220973
,,,-2.3688e-008,-0.000441946
,,,-2.3288e-008,0.000220973
,,,-2.2888e-008,0.000662919
,,,-2.2488e-008,0.000441946
,,,-2.2088e-008,0
,,,-2.1688e-008,0
,,,-2.1288e-008,0.000441946
,,,-2.0888e-008,0.000220973
,,,-2.0488e-008,-0.000220973
,,,-2.0088e-008,0.000662919
,,,-1.9688e-008,-0.000220973
,,,-1.9288e-008,0
,,,-1.8888e-008,0
,,,-1.8488e-008,0.000220973
,,,-1.8088e-008,-0.000662919
,,,-1.7688e-008,-0.000441946
,,,-1.7288e-008,0.000662919
,,,-1.6888e-008,0
,,,-1.6488e-008,0.000441946
,,,-1.6088e-008,0
,,,-1.5688e-008,0.000441946
,,,-1.5288e-008,-0.000662919
,,,-1.4888e-008,0.000220973
,,,-1.4488e-008,-0.000220973
,,,-1.4088e-008,0.000220973
,,,-1.3688e-008,0.00110486
,,,-1.3288e-008,0.000220973
,,,-1.2888e-008,0.000220973
,,,-1.2488e-008,0.000662919
,,,-1.2088e-008,0
,,,-1.1688e-008,-0.000662919
,,,-1.1288e-008,-0.000220973
,,,-1.0888e-008,0
,,,-1.0488e-008,0
,,,-1.0088e-008,0.000220973
,,,-9.68805e-009,-0.000441946
,,,-9.28805e-009,0.000883892
,,,-8.88805e-009,0.000883892
,,,-8.48805e-009,-0.000220973
,,,-8.08805e-009,-0.000441946
,,,-7.68805e-009,0
,,,-7.28805e-009,0
,,,-6.88805e-009,0.000220973
,,,-6.48805e-009,0.000441946
,,,-6.08805e-009,0.000441946
,,,-5.68805e-009,0.000441946
,,,-5.28805e-009,0
,,,-4.88805e-009,0.000220973
,,,-4.48805e-009,0
,,,-4.08805e-009,-0.000220973
,,,-3.68805e-009,-0.000220973
,,,-3.28805e-009,0
,,,-2.88805e-009,0.000220973
,,,-2.48805e-009,0
,,,-2.08805e-009,0.000441946
,,,-1.68805e-009,0.000220973
,,,-1.28805e-009,0
,,,-8.88045e-010,-0.000220973
,,,-4.88045e-010,-0.000220973
,,,-8.80453e-011,0
,,,3.11955e-010,0.000220973
,,,7.11955e-010,0.000220973
,,,1.11195e-009,0
,,,1.51195e-009,0.000441946
,,,1.91195e-009,0.000883892
,,,2.31195e-009,0
,,,2.71195e-009,-0.000220973
,,,3.11195e-009,0.000220973
,,,3.51195e-009,-0.000220973
,,,3.91195e-009,0.000220973
,,,4.31195e-009,-0.000441946
,,,4.71195e-009,-0.000220973
,,,5.11195e-009,0
,,,5.51195e-009,-0.000441946
,,,5.91195e-009,0
,,,6.31195e-009,0
,,,6.71195e-009,-0.000220973
,,,7.11195e-009,0.000220973
,,,7.51195e-009,0.000883892
,,,7.91195e-009,0.000220973
,,,8.31195e-009,0
,,,8.71195e-009,-0.000441946
,,,9.11195e-009,-0.000441946
,,,9.51195e-009,0
,,,9.91195e-009,0.000662919
,,,1.0312e-008,0.000441946
,,,1.0712e-008,0.000662919
,,,1.1112e-008,-0.000220973
,,,1.1512e-008,-0.000441946
,,,1.1912e-008,0
,,,1.2312e-008,0.000220973
,,,1.2712e-008,0.000662919
,,,1.3112e-008,0
,,,1.3512e-008,0.000662919
,,,1.3912e-008,0.000883892
,,,1.4312e-008,0.000220973
,,,1.4712e-008,0.000662919
,,,1.5112e-008,0.000662919
,,,1.5512e-008,0.000220973
,,,1.5912e-008,0.000441946
,,,1.6312e-008,-0.000220973
,,,1.6712e-008,-0.000220973
,,,1.7112e-008,0.000883892
,,,1.7512e-008,0.000220973
,,,1.7912e-008,0
,,,1.8312e-008,0.000662919
,,,1.8712e-008,0
,,,1.9112e-008,0.000441946
,,,1.9512e-008,0.000662919
,,,1.9912e-008,0
,,,2.0312e-008,0
,,,2.0712e-008,0.000662919
,,,2.1112e-008,0.000220973
,,,2.1512e-008,0.000441946
,,,2.1912e-008,0
,,,2.2312e-008,0.000883892
,,,2.2712e-008,0.000220973
,,,2.3112e-008,0.000662919
,,,2.3512e-008,0.000441946
,,,2.3912e-008,-0.000441946
,,,2.4312e-008,0.000220973
,,,2.4712e-008,0
,,,2.5112e-008,0.000220973
,,,2.5512e-008,0.000883892
,,,2.5912e-008,0.000441946
,,,2.6312e-008,0
,,,2.6712e-008,0.000662919
,,,2.7112e-008,0.000220973
,,,2.7512e-008,0
,,,2.7912e-008,-0.000220973
,,,2.8312e-008,-0.000220973
,,,2.8712e-008,0
,,,2.9112e-008,0.000441946
,,,2.9512e-008,-0.000441946
,,,2.9912e-008,0.000220973
,,,3.0312e-008,0.000220973
,,,3.0712e-008,0.000441946
,,,3.1112e-008,0.000220973
,,,3.1512e-008,0.000441946
,,,3.1912e-008,0
,,,3.2312e-008,0.000441946
,,,3.2712e-008,0
,,,3.3112e-008,-0.000441946
,,,3.3512e-008,0.000441946
,,,3.3912e-008,0.000883892
,,,3.4312e-008,-0.000220973
,,,3.4712e-008,0.000220973
,,,3.5112e-008,0.000441946
,,,3.5512e-008,-0.000220973
,,,3.5912e-008,0.000220973
,,,3.6312e-008,0.000220973
,,,3.6712e-008,0
,,,3.7112e-008,0.000220973
,,,3.7512e-008,0.000662919
,,,3.7912e-008,0.000662919
,,,3.8312e-008,0
,,,3.8712e-008,0.000220973
,,,3.9112e-008,0.000441946
,,,3.9512e-008,-0.000220973
,,,3.9912e-008,-0.000220973
,,,4.0312e-008,0
,,,4.0712e-008,-0.000220973
,,,4.1112e-008,0
,,,4.1512e-008,0.000662919
,,,4.1912e-008,0.000441946
,,,4.2312e-008,0.000662919
,,,4.2712e-008,0.000441946
,,,4.3112e-008,0
,,,4.3512e-008,-0.000662919
,,,4.3912e-008,-0.000662919
,,,4.4312e-008,0.000220973
,,,4.4712e-008,0.000220973
,,,4.5112e-008,0.000220973
,,,4.5512e-008,-0.000662919
,,,4.5912e-008,-0.000220973
,,,4.6312e-008,-0.000220973
,,,4.6712e-008,0.000441946
,,,4.7112e-008,0.000220973
,,,4.7512e-008,0.000441946
,,,4.7912e-008,-0.000220973
,,,4.8312e-008,0.000662919
,,,4.8712e-008,0.000220973
,,,4.9112e-008,0
,,,4.9512e-008,0.000220973
,,,4.9912e-008,0
,,,5.0312e-008,0.000220973
,,,5.0712e-008,-0.000220973
,,,5.1112e-008,0
,,,5.1512e-008,0
,,,5.1912e-008,-0.000220973
,,,5.2312e-008,-0.000441946
,,,5.2712e-008,-0.000662919
,,,5.3112e-008,0
,,,5.3512e-008,-0.000220973
,,,5.3912e-008,0
,,,5.4312e-008,-0.000441946
,,,5.4712e-008,0
,,,5.5112e-008,0.000220973
,,,5.5512e-008,0.000662919
,,,5.5912e-008,0.000220973
,,,5.6312e-008,0.000662919
,,,5.6712e-008,0
,,,5.7112e-008,0.000220973
,,,5.7512e-008,-0.000220973
,,,5.7912e-008,-0.000220973
,,,5.8312e-008,-0.000220973
,,,5.8712e-008,0.000441946
,,,5.9112e-008,0
,,,5.9512e-008,0.000220973
,,,5.9912e-008,0
,,,6.0312e-008,-0.000662919
,,,6.0712e-008,0
,,,6.1112e-008,-0.000220973
,,,6.1512e-008,0
,,,6.1912e-008,0.000220973
,,,6.2312e-008,-0.000220973
,,,6.2712e-008,0.000662919
,,,6.3112e-008,-0.000220973
,,,6.3512e-008,0
,,,6.3912e-008,-0.000220973
,,,6.4312e-008,-0.000220973
,,,6.4712e-008,0.000220973
,,,6.5112e-008,0
,,,6.5512e-008,-0.000220973
,,,6.5912e-008,0
,,,6.6312e-008,0
,,,6.6712e-008,0.000441946
,,,6.7112e-008,0.000441946
,,,6.7512e-008,0.000441946
,,,6.7912e-008,0
,,,6.8312e-008,-0.000220973
,,,6.8712e-008,0.000662919
,,,6.9112e-008,-0.000220973
,,,6.9512e-008,-0.000220973
,,,6.9912e-008,-0.000441946
,,,7.0312e-008,-0.000220973
,,,7.0712e-008,0.000441946
,,,7.1112e-008,0.00132584
,,,7.1512e-008,0
,,,7.1912e-008,-0.000441946
,,,7.2312e-008,0.000441946
,,,7.2712e-008,0
,,,7.3112e-008,0.000662919
,,,7.3512e-008,0.000662919
,,,7.3912e-008,0.000220973
,,,7.4312e-008,0
,,,7.4712e-008,-0.000220973
,,,7.5112e-008,0.000883892
,,,7.5512e-008,0.000441946
,,,7.5912e-008,0.000883892
,,,7.6312e-008,0.000220973
,,,7.6712e-008,-0.000662919
,,,7.7112e-008,0.000220973
,,,7.7512e-008,0.000220973
,,,7.7912e-008,-0.000441946
,,,7.8312e-008,-0.000220973
,,,7.8712e-008,-0.000441946
,,,7.9112e-008,-0.000662919
,,,7.9512e-008,0.000441946
,,,7.9912e-008,0.000220973
,,,8.0312e-008,0
,,,8.0712e-008,-0.000220973
,,,8.1112e-008,-0.000220973
,,,8.1512e-008,0
,,,8.1912e-008,0.000220973
,,,8.2312e-008,0.000220973
,,,8.2712e-008,0.000662919
,,,8.3112e-008,0.000662919
,,,8.3512e-008,0.000220973
,,,8.3912e-008,0
,,,8.4312e-008,-0.000441946
,,,8.4712e-008,0
,,,8.5112e-008,-0.000220973
,,,8.5512e-008,0.000220973
,,,8.5912e-008,0.000220973
,,,8.6312e-008,0
,,,8.6712e-008,0
,,,8.7112e-008,0.000220973
,,,8.7512e-008,0.000441946
,,,8.7912e-008,-0.000662919
,,,8.8312e-008,0.000441946
,,,8.8712e-008,0.000441946
,,,8.9112e-008,-0.000220973
,,,8.9512e-008,0
,,,8.9912e-008,0.000441946
,,,9.0312e-008,0.000662919
,,,9.0712e-008,0
,,,9.1112e-008,-0.000220973
,,,9.1512e-008,0.000220973
,,,9.1912e-008,0.000220973
,,,9.2312e-008,0.000441946
,,,9.2712e-008,0.000441946
,,,9.3112e-008,-0.000441946
,,,9.3512e-008,0.000441946
,,,9.3912e-008,0.00154681
,,,9.4312e-008,0.00220973
,,,9.4712e-008,0.00220973
,,,9.5112e-008,0.00331459
,,,9.5512e-008,0.00464043
,,,9.5912e-008,0.00441946
,,,9.6312e-008,0.00685016
,,,9.6712e-008,0.00662919
,,,9.7112e-008,0.00773405
,,,9.7512e-008,0.00972281
,,,9.7912e-008,0.0110486
,,,9.8312e-008,0.0114906
,,,9.8712e-008,0.0132584
,,,9.9112e-008,0.0141423
,,,9.9512e-008,0.0150262
,,,9.9912e-008,0.0143632
,,,1.00312e-007,0.0154681
,,,1.00712e-007,0.0154681
,,,1.01112e-007,0.016352
,,,1.01512e-007,0.016573
,,,1.01912e-007,0.0172359
,,,1.02312e-007,0.0172359
,,,1.02712e-007,0.0176778
,,,1.03112e-007,0.0176778
,,,1.03512e-007,0.0174569
,,,1.03912e-007,0.0170149
,,,1.04312e-007,0.0183408
,,,1.04712e-007,0.0181198
,,,1.05112e-007,0.0176778
,,,1.05512e-007,0.0176778
,,,1.05912e-007,0.0183408
,,,1.06312e-007,0.0174569
,,,1.06712e-007,0.0187827
,,,1.07112e-007,0.0181198
,,,1.07512e-007,0.0178988
,,,1.07912e-007,0.0172359
,,,1.08312e-007,0.0172359
,,,1.08712e-007,0.0181198
,,,1.09112e-007,0.0183408
,,,1.09512e-007,0.0167939
,,,1.09912e-007,0.0176778
,,,1.10312e-007,0.0176778
,,,1.10712e-007,0.0178988
,,,1.11112e-007,0.0183408
,,,1.11512e-007,0.0185617
,,,1.11912e-007,0.0183408
,,,1.12312e-007,0.0183408
,,,1.12712e-007,0.0183408
,,,1.13112e-007,0.0178988
,,,1.13512e-007,0.0178988
,,,1.13912e-007,0.0190037
,,,1.14312e-007,0.0187827
,,,1.14712e-007,0.0178988
,,,1.15112e-007,0.0181198
,,,1.15512e-007,0.0176778
,,,1.15912e-007,0.0181198
,,,1.16312e-007,0.0183408
,,,1.16712e-007,0.0170149
,,,1.17112e-007,0.0172359
,,,1.17512e-007,0.0176778
,,,1.17912e-007,0.0183408
,,,1.18312e-007,0.0176778
,,,1.18712e-007,0.0176778
,,,1.19112e-007,0.0183408
,,,1.19512e-007,0.0181198
,,,1.19912e-007,0.0178988
,,,1.20312e-007,0.0185617
,,,1.20712e-007,0.0183408
,,,1.21112e-007,0.0183408
,,,1.21512e-007,0.0183408
,,,1.21912e-007,0.0185617
,,,1.22312e-007,0.0187827
,,,1.22712e-007,0.0192246
,,,1.23112e-007,0.0185617
,,,1.23512e-007,0.0194456
,,,1.23912e-007,0.0201085
,,,1.24312e-007,0.0207715
,,,1.24712e-007,0.0198876
,,,1.25112e-007,0.0207715
,,,1.25512e-007,0.0205505
,,,1.25912e-007,0.0212134
,,,1.26312e-007,0.0212134
,,,1.26712e-007,0.0214344
,,,1.27112e-007,0.0207715
,,,1.27512e-007,0.0212134
,,,1.27912e-007,0.0196666
,,,1.28312e-007,0.0203295
,,,1.28712e-007,0.0196666
,,,1.29112e-007,0.0196666
,,,1.29512e-007,0.0196666
,,,1.29912e-007,0.0190037
,,,1.30312e-007,0.0178988
,,,1.30712e-007,0.0185617
,,,1.31112e-007,0.0183408
,,,1.31512e-007,0.0176778
,,,1.31912e-007,0.0178988
,,,1.32312e-007,0.0172359
,,,1.32712e-007,0.0174569
,,,1.33112e-007,0.0176778
,,,1.33512e-007,0.0170149
,,,1.33912e-007,0.0167939
,,,1.34312e-007,0.0172359
,,,1.34712e-007,0.0167939
,,,1.35112e-007,0.0170149
,,,1.35512e-007,0.0170149
,,,1.35912e-007,0.0167939
,,,1.36312e-007,0.016352
,,,1.36712e-007,0.0159101
,,,1.37112e-007,0.016573
,,,1.37512e-007,0.0170149
,,,1.37912e-007,0.016573
,,,1.38312e-007,0.016573
,,,1.38712e-007,0.016352
,,,1.39112e-007,0.0159101
,,,1.39512e-007,0.016131
,,,1.39912e-007,0.016131
,,,1.40312e-007,0.0159101
,,,1.40712e-007,0.016573
,,,1.41112e-007,0.016131
,,,1.41512e-007,0.0154681
,,,1.41912e-007,0.0154681
,,,1.42312e-007,0.016131
,,,1.42712e-007,0.0159101
,,,1.43112e-007,0.0156891
,,,1.43512e-007,0.0156891
,,,1.43912e-007,0.0152471
,,,1.44312e-007,0.0150262
,,,1.44712e-007,0.0150262
,,,1.45112e-007,0.0150262
,,,1.45512e-007,0.0154681
,,,1.45912e-007,0.0154681
,,,1.46312e-007,0.0150262
,,,1.46712e-007,0.0145842
,,,1.47112e-007,0.0143632
,,,1.47512e-007,0.0152471
,,,1.47912e-007,0.0148052
,,,1.48312e-007,0.0148052
,,,1.48712e-007,0.0141423
,,,1.49112e-007,0.0141423
,,,1.49512e-007,0.0148052
,,,1.49912e-007,0.0143632
,,,1.50312e-007,0.0137003
,,,1.50712e-007,0.0143632
,,,1.51112e-007,0.0148052
,,,1.51512e-007,0.0145842
,,,1.51912e-007,0.0143632
,,,1.52312e-007,0.0141423
,,,1.52712e-007,0.0137003
,,,1.53112e-007,0.0139213
,,,1.53512e-007,0.0145842
,,,1.53912e-007,0.0143632
,,,1.54312e-007,0.0139213
,,,1.54712e-007,0.0134794
,,,1.55112e-007,0.0125955
,,,1.55512e-007,0.0130374
,,,1.55912e-007,0.0121535
,,,1.56312e-007,0.0121535
,,,1.56712e-007,0.0125955
,,,1.57112e-007,0.0123745
,,,1.57512e-007,0.0119325
,,,1.57912e-007,0.0119325
,,,1.58312e-007,0.0119325
,,,1.58712e-007,0.0128164
,,,1.59112e-007,0.0128164
,,,1.59512e-007,0.0121535
,,,1.59912e-007,0.0121535
,,,1.60312e-007,0.0125955
,,,1.60712e-007,0.0128164
,,,1.61112e-007,0.0119325
,,,1.61512e-007,0.0123745
,,,1.61912e-007,0.0117116
,,,1.62312e-007,0.0119325
,,,1.62712e-007,0.0130374
,,,1.63112e-007,0.0114906
,,,1.63512e-007,0.0121535
,,,1.63912e-007,0.0125955
,,,1.64312e-007,0.0128164
,,,1.64712e-007,0.0130374
,,,1.65112e-007,0.0125955
,,,1.65512e-007,0.0117116
,,,1.65912e-007,0.0123745
,,,1.66312e-007,0.0123745
,,,1.66712e-007,0.0128164
,,,1.67112e-007,0.0123745
,,,1.67512e-007,0.0128164
,,,1.67912e-007,0.0117116
,,,1.68312e-007,0.0117116
,,,1.68712e-007,0.0119325
,,,1.69112e-007,0.0114906
,,,1.69512e-007,0.0125955
,,,1.69912e-007,0.0128164
,,,1.70312e-007,0.0121535
,,,1.70712e-007,0.0125955
,,,1.71112e-007,0.0123745
,,,1.71512e-007,0.0128164
,,,1.71912e-007,0.0128164
,,,1.72312e-007,0.0121535
,,,1.72712e-007,0.0110486
,,,1.73112e-007,0.0125955
,,,1.73512e-007,0.0128164
,,,1.73912e-007,0.0125955
,,,1.74312e-007,0.0125955
,,,1.74712e-007,0.0123745
,,,1.75112e-007,0.0121535
,,,1.75512e-007,0.0128164
,,,1.75912e-007,0.0123745
,,,1.76312e-007,0.0121535
,,,1.76712e-007,0.0128164
,,,1.77112e-007,0.0128164
,,,1.77512e-007,0.0130374
,,,1.77912e-007,0.0123745
,,,1.78312e-007,0.0125955
,,,1.78712e-007,0.0125955
,,,1.79112e-007,0.0128164
,,,1.79512e-007,0.0130374
,,,1.79912e-007,0.0128164
,,,1.80312e-007,0.0121535
,,,1.80712e-007,0.0123745
,,,1.81112e-007,0.0125955
,,,1.81512e-007,0.0134794
,,,1.81912e-007,0.0132584
,,,1.82312e-007,0.0119325
,,,1.82712e-007,0.0119325
,,,1.83112e-007,0.0121535
,,,1.83512e-007,0.0123745
,,,1.83912e-007,0.0123745
,,,1.84312e-007,0.0121535
,,,1.84712e-007,0.0119325
,,,1.85112e-007,0.0123745
,,,1.85512e-007,0.0125955
,,,1.85912e-007,0.0121535
,,,1.86312e-007,0.0130374
,,,1.86712e-007,0.0130374
,,,1.87112e-007,0.0125955
,,,1.87512e-007,0.0132584
,,,1.87912e-007,0.0130374
,,,1.88312e-007,0.0128164
,,,1.88712e-007,0.0128164
,,,1.89112e-007,0.0137003
,,,1.89512e-007,0.0125955
,,,1.89912e-007,0.0134794
,,,1.90312e-007,0.0130374
,,,1.90712e-007,0.0128164
,,,1.91112e-007,0.0132584
,,,1.91512e-007,0.0134794
,,,1.91912e-007,0.0139213
,,,1.92312e-007,0.0134794
,,,1.92712e-007,0.0137003
,,,1.93112e-007,0.0137003
,,,1.93512e-007,0.0130374
,,,1.93912e-007,0.0141423
,,,1.94312e-007,0.0134794
,,,1.94712e-007,0.0141423
,,,1.95112e-007,0.0137003
,,,1.95512e-007,0.0139213
,,,1.95912e-007,0.0137003
,,,1.96312e-007,0.0137003
,,,1.96712e-007,0.0130374
,,,1.97112e-007,0.0128164
,,,1.97512e-007,0.0130374
,,,1.97912e-007,0.0125955
,,,1.98312e-007,0.0130374
,,,1.98712e-007,0.0132584
,,,1.99112e-007,0.0137003
,,,1.99512e-007,0.0125955
,,,1.99912e-007,0.0125955
,,,2.00312e-007,0.0128164
,,,2.00712e-007,0.0125955
,,,2.01112e-007,0.0125955
,,,2.01512e-007,0.0125955
,,,2.01912e-007,0.0125955
,,,2.02312e-007,0.0128164
,,,2.02712e-007,0.0119325
,,,2.03112e-007,0.0119325
,,,2.03512e-007,0.0125955
,,,2.03912e-007,0.0119325
,,,2.04312e-007,0.0121535
,,,2.04712e-007,0.0114906
,,,2.05112e-007,0.0106067
,,,2.05512e-007,0.0106067
,,,2.05912e-007,0.0110486
,,,2.06312e-007,0.0101648
,,,2.06712e-007,0.0110486
,,,2.07112e-007,0.00994378
,,,2.07512e-007,0.0106067
,,,2.07912e-007,0.00972281
,,,2.08312e-007,0.00950184
,,,2.08712e-007,0.00905989
,,,2.09112e-007,0.00839697
,,,2.09512e-007,0.00861795
,,,2.09912e-007,0.00839697
,,,2.10312e-007,0.008176
,,,2.10712e-007,0.00729211
,,,2.11112e-007,0.00662919
,,,2.11512e-007,0.00685016
,,,2.11912e-007,0.00662919
,,,2.12312e-007,0.00618724
,,,2.12712e-007,0.00596627
,,,2.13112e-007,0.00530335
,,,2.13512e-007,0.00464043
,,,2.13912e-007,0.00486141
,,,2.14312e-007,0.00419849
,,,2.14712e-007,0.00464043
,,,2.15112e-007,0.00486141
,,,2.15512e-007,0.00419849
,,,2.15912e-007,0.00375654
,,,2.16312e-007,0.00397751
,,,2.16712e-007,0.00397751
,,,2.17112e-007,0.00397751
,,,2.17512e-007,0.00265168
,,,2.17912e-007,0.00220973
,,,2.18312e-007,0.00309362
,,,2.18712e-007,0.00265168
,,,2.19112e-007,0.00176778
,,,2.19512e-007,0.00110486
,,,2.19912e-007,0.00198876
,,,2.20312e-007,0.00132584
,,,2.20712e-007,0.00132584
,,,2.21112e-007,0.00220973
,,,2.21512e-007,0.00132584
,,,2.21912e-007,0.00154681
,,,2.22312e-007,0.00110486
,,,2.22712e-007,0.00198876
,,,2.23112e-007,0.00176778
,,,2.23512e-007,0.00154681
,,,2.23912e-007,0.00176778
,,,2.24312e-007,0.00198876
,,,2.24712e-007,0.00110486
,,,2.25112e-007,0.000662919
,,,2.25512e-007,0.000662919
,,,2.25912e-007,0.00154681
,,,2.26312e-007,0.000441946
,,,2.26712e-007,0.000883892
,,,2.27112e-007,0.000662919
,,,2.27512e-007,0.00110486
,,,2.27912e-007,0.000883892
,,,2.28312e-007,0.00132584
,,,2.28712e-007,0.000662919
,,,2.29112e-007,0.000441946
,,,2.29512e-007,0.000662919
,,,2.29912e-007,0.00110486
,,,2.30312e-007,0.000662919
,,,2.30712e-007,0.00132584
,,,2.31112e-007,0.000662919
,,,2.31512e-007,0.000441946
,,,2.31912e-007,0.00110486
,,,2.32312e-007,0
,,,2.32712e-007,0.000662919
,,,2.33112e-007,0.000441946
,,,2.33512e-007,0.000662919
,,,2.33912e-007,0.000441946
,,,2.34312e-007,0.000441946
,,,2.34712e-007,0.000883892
,,,2.35112e-007,0.000220973
,,,2.35512e-007,0.000220973
,,,2.35912e-007,-0.000220973
,,,2.36312e-007,-0.000883892
,,,2.36712e-007,0
,,,2.37112e-007,-0.000220973
,,,2.37512e-007,-0.000441946
,,,2.37912e-007,-0.000441946
,,,2.38312e-007,-0.000883892
,,,2.38712e-007,0
,,,2.39112e-007,-0.000441946
,,,2.39512e-007,-0.000883892
,,,2.39912e-007,-0.000220973
,,,2.40312e-007,0.000220973
,,,2.40712e-007,0.000220973
,,,2.41112e-007,0
,,,2.41512e-007,0.000220973
,,,2.41912e-007,-0.000220973
,,,2.42312e-007,-0.000220973
,,,2.42712e-007,-0.000441946
,,,2.43112e-007,-0.00110486
,,,2.43512e-007,0.000220973
,,,2.43912e-007,-0.000220973
,,,2.44312e-007,-0.000883892
,,,2.44712e-007,-0.000662919
,,,2.45112e-007,0.000441946
,,,2.45512e-007,0
,,,2.45912e-007,0.000220973
,,,2.46312e-007,-0.000441946
,,,2.46712e-007,0.000220973
,,,2.47112e-007,0
,,,2.47512e-007,0.000220973
,,,2.47912e-007,-0.000441946
,,,2.48312e-007,-0.000220973
,,,2.48712e-007,0.000662919
,,,2.49112e-007,0.000662919
,,,2.49512e-007,0.000220973
,,,2.49912e-007,0
,,,2.50312e-007,0.000220973
