"Record Length",1252,"Points",-2.50263e-007,0.000662919
"Sample Interval",4e-010,s,-2.49863e-007,0.000883892
"Trigger Point",625,"Samples",-2.49463e-007,0.000220973
"Trigger Time",0.657568,s,-2.49063e-007,0.000220973
,,,-2.48663e-007,0
"Horizontal Offset",-2.50263e-007,s,-2.48263e-007,-0.000441946
,,,-2.47863e-007,-0.000441946
,,,-2.47463e-007,0.000662919
,,,-2.47063e-007,0.000220973
,,,-2.46663e-007,0.000662919
,,,-2.46263e-007,0.000883892
,,,-2.45863e-007,0.000662919
,,,-2.45463e-007,0.000220973
,,,-2.45063e-007,0.000441946
,,,-2.44663e-007,0.000220973
,,,-2.44263e-007,-0.000220973
,,,-2.43863e-007,0.000220973
,,,-2.43463e-007,0
,,,-2.43063e-007,0
,,,-2.42663e-007,0.000662919
,,,-2.42263e-007,-0.000662919
,,,-2.41863e-007,0
,,,-2.41463e-007,-0.000220973
,,,-2.41063e-007,0.000441946
,,,-2.40663e-007,0
,,,-2.40263e-007,0
,,,-2.39863e-007,0
,,,-2.39463e-007,0.000441946
,,,-2.39063e-007,-0.000220973
,,,-2.38663e-007,0.000883892
,,,-2.38263e-007,0.000441946
,,,-2.37863e-007,0.000662919
,,,-2.37463e-007,0.000220973
,,,-2.37063e-007,0.000662919
,,,-2.36663e-007,0.000662919
,,,-2.36263e-007,0.000220973
,,,-2.35863e-007,0
,,,-2.35463e-007,0.000441946
,,,-2.35063e-007,0.000220973
,,,-2.34663e-007,0.000662919
,,,-2.34263e-007,0.000220973
,,,-2.33863e-007,-0.000220973
,,,-2.33463e-007,-0.000220973
,,,-2.33063e-007,0
,,,-2.32663e-007,0.000441946
,,,-2.32263e-007,-0.000441946
,,,-2.31863e-007,-0.000441946
,,,-2.31463e-007,0.000220973
,,,-2.31063e-007,0.000662919
,,,-2.30663e-007,0.000883892
,,,-2.30263e-007,0.000441946
,,,-2.29863e-007,0
,,,-2.29463e-007,0.000220973
,,,-2.29063e-007,0.000883892
,,,-2.28663e-007,0.000441946
,,,-2.28263e-007,0.000441946
,,,-2.27863e-007,-0.000220973
,,,-2.27463e-007,0.000220973
,,,-2.27063e-007,-0.000441946
,,,-2.26663e-007,0
,,,-2.26263e-007,0.000220973
,,,-2.25863e-007,0.000883892
,,,-2.25463e-007,0.000662919
,,,-2.25063e-007,0
,,,-2.24663e-007,0.000883892
,,,-2.24263e-007,0.000441946
,,,-2.23863e-007,0.000220973
,,,-2.23463e-007,0.000662919
,,,-2.23063e-007,0.00110486
,,,-2.22663e-007,0.000220973
,,,-2.22263e-007,0.000220973
,,,-2.21863e-007,0.000220973
,,,-2.21463e-007,0.000441946
,,,-2.21063e-007,0.000441946
,,,-2.20663e-007,0.000441946
,,,-2.20263e-007,0.000220973
,,,-2.19863e-007,0.000662919
,,,-2.19463e-007,0.000220973
,,,-2.19063e-007,0.000441946
,,,-2.18663e-007,-0.000220973
,,,-2.18263e-007,0.000220973
,,,-2.17863e-007,0.000220973
,,,-2.17463e-007,-0.000220973
,,,-2.17063e-007,0.000220973
,,,-2.16663e-007,-0.000441946
,,,-2.16263e-007,0.000441946
,,,-2.15863e-007,-0.000441946
,,,-2.15463e-007,0.000220973
,,,-2.15063e-007,0.000883892
,,,-2.14663e-007,0.000441946
,,,-2.14263e-007,-0.000220973
,,,-2.13863e-007,-0.000441946
,,,-2.13463e-007,0
,,,-2.13063e-007,0
,,,-2.12663e-007,0.000662919
,,,-2.12263e-007,0.000441946
,,,-2.11863e-007,0.000441946
,,,-2.11463e-007,0.000220973
,,,-2.11063e-007,-0.000220973
,,,-2.10663e-007,0.000220973
,,,-2.10263e-007,0.000662919
,,,-2.09863e-007,0.000220973
,,,-2.09463e-007,0.000220973
,,,-2.09063e-007,0.000220973
,,,-2.08663e-007,0.000883892
,,,-2.08263e-007,-0.000220973
,,,-2.07863e-007,0
,,,-2.07463e-007,-0.000220973
,,,-2.07063e-007,0.000220973
,,,-2.06663e-007,0.000220973
,,,-2.06263e-007,0.000662919
,,,-2.05863e-007,0.000441946
,,,-2.05463e-007,0.000662919
,,,-2.05063e-007,0.000441946
,,,-2.04663e-007,0
,,,-2.04263e-007,0.000441946
,,,-2.03863e-007,0.000441946
,,,-2.03463e-007,0.000441946
,,,-2.03063e-007,0
,,,-2.02663e-007,-0.000220973
,,,-2.02263e-007,0.000220973
,,,-2.01863e-007,0.000662919
,,,-2.01463e-007,0
,,,-2.01063e-007,0
,,,-2.00663e-007,0.000441946
,,,-2.00263e-007,-0.000441946
,,,-1.99863e-007,0
,,,-1.99463e-007,0.000883892
,,,-1.99063e-007,0.000883892
,,,-1.98663e-007,0.000441946
,,,-1.98263e-007,0.000441946
,,,-1.97863e-007,0.000883892
,,,-1.97463e-007,0
,,,-1.97063e-007,0.000883892
,,,-1.96663e-007,0.000220973
,,,-1.96263e-007,0
,,,-1.95863e-007,0.00110486
,,,-1.95463e-007,0.000441946
,,,-1.95063e-007,0.000441946
,,,-1.94663e-007,0.00110486
,,,-1.94263e-007,-0.000441946
,,,-1.93863e-007,0.000220973
,,,-1.93463e-007,0.000220973
,,,-1.93063e-007,-0.000220973
,,,-1.92663e-007,-0.000220973
,,,-1.92263e-007,0.000220973
,,,-1.91863e-007,-0.000441946
,,,-1.91463e-007,0.000220973
,,,-1.91063e-007,0
,,,-1.90663e-007,0.000220973
,,,-1.90263e-007,0.000662919
,,,-1.89863e-007,0.000441946
,,,-1.89463e-007,-0.000220973
,,,-1.89063e-007,0
,,,-1.88663e-007,0.000883892
,,,-1.88263e-007,0.000441946
,,,-1.87863e-007,-0.000220973
,,,-1.87463e-007,0
,,,-1.87063e-007,0.000220973
,,,-1.86663e-007,0.000441946
,,,-1.86263e-007,0
,,,-1.85863e-007,-0.000220973
,,,-1.85463e-007,0.000883892
,,,-1.85063e-007,-0.000220973
,,,-1.84663e-007,-0.000220973
,,,-1.84263e-007,0.000441946
,,,-1.83863e-007,0.000662919
,,,-1.83463e-007,0
,,,-1.83063e-007,-0.000220973
,,,-1.82663e-007,0.000441946
,,,-1.82263e-007,0.000220973
,,,-1.81863e-007,0
,,,-1.81463e-007,0
,,,-1.81063e-007,0
,,,-1.80663e-007,0.000220973
,,,-1.80263e-007,0.000662919
,,,-1.79863e-007,0.000441946
,,,-1.79463e-007,0
,,,-1.79063e-007,-0.000220973
,,,-1.78663e-007,0.000220973
,,,-1.78263e-007,0.000441946
,,,-1.77863e-007,0
,,,-1.77463e-007,0.000220973
,,,-1.77063e-007,-0.000220973
,,,-1.76663e-007,0
,,,-1.76263e-007,0
,,,-1.75863e-007,0.000220973
,,,-1.75463e-007,0.000662919
,,,-1.75063e-007,0.000441946
,,,-1.74663e-007,0.000662919
,,,-1.74263e-007,0.00110486
,,,-1.73863e-007,0.000662919
,,,-1.73463e-007,-0.000662919
,,,-1.73063e-007,0.00132584
,,,-1.72663e-007,-0.000220973
,,,-1.72263e-007,0
,,,-1.71863e-007,0.000441946
,,,-1.71463e-007,0
,,,-1.71063e-007,0.000441946
,,,-1.70663e-007,0.000662919
,,,-1.70263e-007,0
,,,-1.69863e-007,0.000220973
,,,-1.69463e-007,0.000441946
,,,-1.69063e-007,0.000441946
,,,-1.68663e-007,0.000662919
,,,-1.68263e-007,0
,,,-1.67863e-007,0.000220973
,,,-1.67463e-007,0
,,,-1.67063e-007,-0.000220973
,,,-1.66663e-007,0.00110486
,,,-1.66263e-007,0
,,,-1.65863e-007,0.000883892
,,,-1.65463e-007,-0.000220973
,,,-1.65063e-007,0.000662919
,,,-1.64663e-007,0.000220973
,,,-1.64263e-007,0.000220973
,,,-1.63863e-007,-0.000220973
,,,-1.63463e-007,0.000441946
,,,-1.63063e-007,0
,,,-1.62663e-007,0.000441946
,,,-1.62263e-007,0
,,,-1.61863e-007,-0.000220973
,,,-1.61463e-007,0.000441946
,,,-1.61063e-007,-0.000441946
,,,-1.60663e-007,-0.000220973
,,,-1.60263e-007,0.000220973
,,,-1.59863e-007,0.000441946
,,,-1.59463e-007,-0.000220973
,,,-1.59063e-007,0
,,,-1.58663e-007,0.000662919
,,,-1.58263e-007,0.000662919
,,,-1.57863e-007,0
,,,-1.57463e-007,0.000662919
,,,-1.57063e-007,0.000441946
,,,-1.56663e-007,0.000662919
,,,-1.56263e-007,0.000220973
,,,-1.55863e-007,0
,,,-1.55463e-007,0.000441946
,,,-1.55063e-007,0.000662919
,,,-1.54663e-007,0
,,,-1.54263e-007,0
,,,-1.53863e-007,0
,,,-1.53463e-007,-0.000220973
,,,-1.53063e-007,0.000220973
,,,-1.52663e-007,-0.000220973
,,,-1.52263e-007,0
,,,-1.51863e-007,-0.000220973
,,,-1.51463e-007,0
,,,-1.51063e-007,0.000441946
,,,-1.50663e-007,0.000883892
,,,-1.50263e-007,0.00132584
,,,-1.49863e-007,-0.000220973
,,,-1.49463e-007,-0.000441946
,,,-1.49063e-007,0.000662919
,,,-1.48663e-007,0.000441946
,,,-1.48263e-007,0.000662919
,,,-1.47863e-007,0.000883892
,,,-1.47463e-007,-0.000220973
,,,-1.47063e-007,0.000220973
,,,-1.46663e-007,0.000662919
,,,-1.46263e-007,0.000220973
,,,-1.45863e-007,0.000441946
,,,-1.45463e-007,0.000220973
,,,-1.45063e-007,0
,,,-1.44663e-007,0.000441946
,,,-1.44263e-007,0
,,,-1.43863e-007,0
,,,-1.43463e-007,0.000662919
,,,-1.43063e-007,0
,,,-1.42663e-007,0.000441946
,,,-1.42263e-007,0.000441946
,,,-1.41863e-007,0.000662919
,,,-1.41463e-007,-0.000441946
,,,-1.41063e-007,0.000441946
,,,-1.40663e-007,0.000662919
,,,-1.40263e-007,0.000220973
,,,-1.39863e-007,0.000441946
,,,-1.39463e-007,0.000441946
,,,-1.39063e-007,0.000441946
,,,-1.38663e-007,0.000662919
,,,-1.38263e-007,0.000662919
,,,-1.37863e-007,0
,,,-1.37463e-007,0.000441946
,,,-1.37063e-007,-0.000220973
,,,-1.36663e-007,0.000441946
,,,-1.36263e-007,0
,,,-1.35863e-007,0
,,,-1.35463e-007,0.000662919
,,,-1.35063e-007,0.000662919
,,,-1.34663e-007,0.000883892
,,,-1.34263e-007,0.000662919
,,,-1.33863e-007,0.000662919
,,,-1.33463e-007,-0.000220973
,,,-1.33063e-007,-0.000220973
,,,-1.32663e-007,0.000220973
,,,-1.32263e-007,0.000220973
,,,-1.31863e-007,-0.000220973
,,,-1.31463e-007,0.000441946
,,,-1.31063e-007,0
,,,-1.30663e-007,0.000441946
,,,-1.30263e-007,-0.000220973
,,,-1.29863e-007,0.000441946
,,,-1.29463e-007,0
,,,-1.29063e-007,0.000441946
,,,-1.28663e-007,0
,,,-1.28263e-007,0.000220973
,,,-1.27863e-007,0.000441946
,,,-1.27463e-007,0
,,,-1.27063e-007,0.000220973
,,,-1.26663e-007,0.000662919
,,,-1.26263e-007,0.000441946
,,,-1.25863e-007,0.000662919
,,,-1.25463e-007,0.000662919
,,,-1.25063e-007,0.000662919
,,,-1.24663e-007,0.000220973
,,,-1.24263e-007,0.000220973
,,,-1.23863e-007,0.000883892
,,,-1.23463e-007,0.000662919
,,,-1.23063e-007,0.000662919
,,,-1.22663e-007,0.000883892
,,,-1.22263e-007,0.000441946
,,,-1.21863e-007,0.000220973
,,,-1.21463e-007,0.000441946
,,,-1.21063e-007,0
,,,-1.20663e-007,0.000220973
,,,-1.20263e-007,0.000220973
,,,-1.19863e-007,0
,,,-1.19463e-007,0.000220973
,,,-1.19063e-007,0
,,,-1.18663e-007,0.000662919
,,,-1.18263e-007,0.000220973
,,,-1.17863e-007,0.000662919
,,,-1.17463e-007,0.000441946
,,,-1.17063e-007,0.000662919
,,,-1.16663e-007,0.00132584
,,,-1.16263e-007,0
,,,-1.15863e-007,-0.000441946
,,,-1.15463e-007,0.000662919
,,,-1.15063e-007,0.000441946
,,,-1.14663e-007,0.000883892
,,,-1.14263e-007,0.000441946
,,,-1.13863e-007,0
,,,-1.13463e-007,0.000883892
,,,-1.13063e-007,0.000662919
,,,-1.12663e-007,-0.000220973
,,,-1.12263e-007,0.000220973
,,,-1.11863e-007,0.000220973
,,,-1.11463e-007,0.000220973
,,,-1.11063e-007,0
,,,-1.10663e-007,-0.000220973
,,,-1.10263e-007,0.000441946
,,,-1.09863e-007,0.000441946
,,,-1.09463e-007,0.000220973
,,,-1.09063e-007,0.00110486
,,,-1.08663e-007,0.000441946
,,,-1.08263e-007,0
,,,-1.07863e-007,0.000441946
,,,-1.07463e-007,0.000662919
,,,-1.07063e-007,0.000662919
,,,-1.06663e-007,0
,,,-1.06263e-007,0.000220973
,,,-1.05863e-007,0.000662919
,,,-1.05463e-007,-0.000220973
,,,-1.05063e-007,0.000220973
,,,-1.04663e-007,0
,,,-1.04263e-007,0
,,,-1.03863e-007,0.000220973
,,,-1.03463e-007,0.000220973
,,,-1.03063e-007,0.000883892
,,,-1.02663e-007,0.000883892
,,,-1.02263e-007,0.000441946
,,,-1.01863e-007,0
,,,-1.01463e-007,0.000220973
,,,-1.01063e-007,0.000883892
,,,-1.00663e-007,-0.000220973
,,,-1.00263e-007,-0.000220973
,,,-9.9863e-008,0.000220973
,,,-9.9463e-008,0.000220973
,,,-9.9063e-008,0
,,,-9.8663e-008,0.000441946
,,,-9.8263e-008,0.000441946
,,,-9.7863e-008,0.000662919
,,,-9.7463e-008,0
,,,-9.7063e-008,0.000220973
,,,-9.6663e-008,0.000441946
,,,-9.6263e-008,0.000441946
,,,-9.5863e-008,0.000662919
,,,-9.5463e-008,0
,,,-9.5063e-008,0
,,,-9.4663e-008,0
,,,-9.4263e-008,0.000662919
,,,-9.3863e-008,0.000441946
,,,-9.3463e-008,0
,,,-9.3063e-008,0
,,,-9.2663e-008,-0.000220973
,,,-9.2263e-008,0
,,,-9.1863e-008,0
,,,-9.1463e-008,0.000662919
,,,-9.1063e-008,0.000662919
,,,-9.0663e-008,0.000441946
,,,-9.0263e-008,0.000883892
,,,-8.9863e-008,0.000441946
,,,-8.9463e-008,0.000220973
,,,-8.9063e-008,0.000441946
,,,-8.8663e-008,0
,,,-8.8263e-008,0.000441946
,,,-8.7863e-008,0
,,,-8.7463e-008,0.000220973
,,,-8.7063e-008,0.000220973
,,,-8.6663e-008,0.000220973
,,,-8.6263e-008,0
,,,-8.5863e-008,0.000220973
,,,-8.5463e-008,0.000220973
,,,-8.5063e-008,0.000662919
,,,-8.4663e-008,0
,,,-8.4263e-008,0.000883892
,,,-8.3863e-008,0.000441946
,,,-8.3463e-008,0.000662919
,,,-8.3063e-008,0.000662919
,,,-8.2663e-008,0.000883892
,,,-8.2263e-008,0
,,,-8.1863e-008,0.000441946
,,,-8.1463e-008,0.000441946
,,,-8.1063e-008,0.000441946
,,,-8.0663e-008,-0.000662919
,,,-8.0263e-008,-0.000220973
,,,-7.9863e-008,0
,,,-7.9463e-008,0.000662919
,,,-7.9063e-008,0
,,,-7.8663e-008,0.000220973
,,,-7.8263e-008,0.000441946
,,,-7.7863e-008,0.000883892
,,,-7.7463e-008,0.000220973
,,,-7.7063e-008,0.000883892
,,,-7.6663e-008,-0.000441946
,,,-7.6263e-008,0
,,,-7.5863e-008,0.000662919
,,,-7.5463e-008,0.000441946
,,,-7.5063e-008,0.000220973
,,,-7.4663e-008,0.000441946
,,,-7.4263e-008,0.000220973
,,,-7.3863e-008,0
,,,-7.3463e-008,-0.000220973
,,,-7.3063e-008,0
,,,-7.2663e-008,0
,,,-7.2263e-008,0.000220973
,,,-7.1863e-008,0
,,,-7.1463e-008,0
,,,-7.1063e-008,0.000220973
,,,-7.0663e-008,0.000662919
,,,-7.0263e-008,0.000662919
,,,-6.9863e-008,0
,,,-6.9463e-008,0.000220973
,,,-6.9063e-008,0.000883892
,,,-6.8663e-008,0.000441946
,,,-6.8263e-008,0.000220973
,,,-6.7863e-008,0.000220973
,,,-6.7463e-008,0.00154681
,,,-6.7063e-008,0.000220973
,,,-6.6663e-008,-0.000220973
,,,-6.6263e-008,0
,,,-6.5863e-008,0.000441946
,,,-6.5463e-008,0
,,,-6.5063e-008,0
,,,-6.4663e-008,-0.000220973
,,,-6.4263e-008,0.000220973
,,,-6.3863e-008,0.000662919
,,,-6.3463e-008,0.000441946
,,,-6.3063e-008,0.000220973
,,,-6.2663e-008,0.000220973
,,,-6.2263e-008,0.000662919
,,,-6.1863e-008,0
,,,-6.1463e-008,0.000662919
,,,-6.1063e-008,0
,,,-6.0663e-008,0.000441946
,,,-6.0263e-008,0.00110486
,,,-5.9863e-008,0.000662919
,,,-5.9463e-008,0
,,,-5.9063e-008,0.000220973
,,,-5.8663e-008,0.000662919
,,,-5.8263e-008,0
,,,-5.7863e-008,0.000441946
,,,-5.7463e-008,0.000441946
,,,-5.7063e-008,0.000441946
,,,-5.6663e-008,0.000441946
,,,-5.6263e-008,0.000220973
,,,-5.5863e-008,0.000220973
,,,-5.5463e-008,0
,,,-5.5063e-008,-0.000220973
,,,-5.4663e-008,0.000441946
,,,-5.4263e-008,0.000662919
,,,-5.3863e-008,0.000441946
,,,-5.3463e-008,-0.000220973
,,,-5.3063e-008,0.000883892
,,,-5.2663e-008,0.000662919
,,,-5.2263e-008,0.000220973
,,,-5.1863e-008,0.000883892
,,,-5.1463e-008,0.000662919
,,,-5.1063e-008,0.000441946
,,,-5.0663e-008,0.000662919
,,,-5.0263e-008,0.000441946
,,,-4.9863e-008,0.000441946
,,,-4.9463e-008,0.000662919
,,,-4.9063e-008,0.000220973
,,,-4.8663e-008,-0.000441946
,,,-4.8263e-008,0.000662919
,,,-4.7863e-008,0.000220973
,,,-4.7463e-008,0.000441946
,,,-4.7063e-008,0.000441946
,,,-4.6663e-008,0
,,,-4.6263e-008,0.000441946
,,,-4.5863e-008,0.000662919
,,,-4.5463e-008,0.000220973
,,,-4.5063e-008,0.000662919
,,,-4.4663e-008,0.000441946
,,,-4.4263e-008,-0.000220973
,,,-4.3863e-008,0.000662919
,,,-4.3463e-008,0.000662919
,,,-4.3063e-008,0.000441946
,,,-4.2663e-008,0.000883892
,,,-4.2263e-008,0.000441946
,,,-4.1863e-008,0.000662919
,,,-4.1463e-008,-0.000441946
,,,-4.1063e-008,-0.000662919
,,,-4.0663e-008,-0.000220973
,,,-4.0263e-008,0.000220973
,,,-3.9863e-008,0.000220973
,,,-3.9463e-008,0.000441946
,,,-3.9063e-008,-0.000220973
,,,-3.8663e-008,0.000662919
,,,-3.8263e-008,-0.000220973
,,,-3.7863e-008,0.000441946
,,,-3.7463e-008,0
,,,-3.7063e-008,0.000441946
,,,-3.6663e-008,0
,,,-3.6263e-008,0.000883892
,,,-3.5863e-008,0.000441946
,,,-3.5463e-008,0.000883892
,,,-3.5063e-008,0.000883892
,,,-3.4663e-008,0.000220973
,,,-3.4263e-008,0
,,,-3.3863e-008,0.000662919
,,,-3.3463e-008,0
,,,-3.3063e-008,0
,,,-3.2663e-008,0.000662919
,,,-3.2263e-008,0
,,,-3.1863e-008,-0.000662919
,,,-3.1463e-008,0.000441946
,,,-3.1063e-008,0
,,,-3.0663e-008,0
,,,-3.0263e-008,0.00110486
,,,-2.9863e-008,-0.000662919
,,,-2.9463e-008,0
,,,-2.9063e-008,0.000883892
,,,-2.8663e-008,0.000662919
,,,-2.8263e-008,0.000441946
,,,-2.7863e-008,0.000662919
,,,-2.7463e-008,0
,,,-2.7063e-008,0.000220973
,,,-2.6663e-008,0
,,,-2.6263e-008,0.000441946
,,,-2.5863e-008,0.000441946
,,,-2.5463e-008,0.000441946
,,,-2.5063e-008,-0.000220973
,,,-2.4663e-008,0.000220973
,,,-2.4263e-008,0.000441946
,,,-2.3863e-008,0.000441946
,,,-2.3463e-008,0.000441946
,,,-2.3063e-008,0.000662919
,,,-2.2663e-008,0.000441946
,,,-2.2263e-008,0.000220973
,,,-2.1863e-008,0
,,,-2.1463e-008,0.000220973
,,,-2.1063e-008,0.000441946
,,,-2.0663e-008,0.000883892
,,,-2.0263e-008,0.000441946
,,,-1.9863e-008,0
,,,-1.9463e-008,0.000662919
,,,-1.9063e-008,0.000441946
,,,-1.8663e-008,0.00110486
,,,-1.8263e-008,0
,,,-1.7863e-008,-0.000220973
,,,-1.7463e-008,0
,,,-1.7063e-008,0.000662919
,,,-1.6663e-008,0.000220973
,,,-1.6263e-008,-0.000441946
,,,-1.5863e-008,-0.000220973
,,,-1.5463e-008,-0.000220973
,,,-1.5063e-008,-0.000220973
,,,-1.4663e-008,0.000662919
,,,-1.4263e-008,0
,,,-1.3863e-008,0.000220973
,,,-1.3463e-008,0.000662919
,,,-1.3063e-008,0.000662919
,,,-1.2663e-008,0
,,,-1.2263e-008,0.000220973
,,,-1.1863e-008,-0.000662919
,,,-1.1463e-008,0.000883892
,,,-1.1063e-008,0.000662919
,,,-1.0663e-008,0.000441946
,,,-1.0263e-008,0.000220973
,,,-9.86303e-009,0
,,,-9.46303e-009,0.000441946
,,,-9.06303e-009,0.000220973
,,,-8.66303e-009,0.000220973
,,,-8.26303e-009,0
,,,-7.86303e-009,-0.000441946
,,,-7.46303e-009,0.000441946
,,,-7.06303e-009,-0.000441946
,,,-6.66303e-009,0
,,,-6.26303e-009,0.000662919
,,,-5.86303e-009,0.000220973
,,,-5.46303e-009,-0.000441946
,,,-5.06303e-009,0.000441946
,,,-4.66303e-009,0.000441946
,,,-4.26303e-009,0.000220973
,,,-3.86303e-009,-0.000220973
,,,-3.46303e-009,0.000441946
,,,-3.06303e-009,0
,,,-2.66303e-009,0.000662919
,,,-2.26303e-009,0.000220973
,,,-1.86303e-009,0.000220973
,,,-1.46303e-009,0.000662919
,,,-1.06303e-009,-0.000220973
,,,-6.63027e-010,0
,,,-2.63027e-010,0.000220973
,,,1.36973e-010,0.000220973
,,,5.36973e-010,0.000662919
,,,9.36973e-010,0.000441946
,,,1.33697e-009,0
,,,1.73697e-009,0.000441946
,,,2.13697e-009,0.000220973
,,,2.53697e-009,0
,,,2.93697e-009,0.000662919
,,,3.33697e-009,0.000662919
,,,3.73697e-009,0.000220973
,,,4.13697e-009,0
,,,4.53697e-009,0.000662919
,,,4.93697e-009,-0.000220973
,,,5.33697e-009,0
,,,5.73697e-009,0
,,,6.13697e-009,0.000220973
,,,6.53697e-009,0
,,,6.93697e-009,0.000441946
,,,7.33697e-009,0
,,,7.73697e-009,0.00110486
,,,8.13697e-009,0.000220973
,,,8.53697e-009,-0.000220973
,,,8.93697e-009,0.000441946
,,,9.33697e-009,0.000441946
,,,9.73697e-009,-0.000441946
,,,1.0137e-008,-0.000220973
,,,1.0537e-008,0.000883892
,,,1.0937e-008,0.000883892
,,,1.1337e-008,0.000441946
,,,1.1737e-008,-0.000220973
,,,1.2137e-008,0.000883892
,,,1.2537e-008,0.000441946
,,,1.2937e-008,0.000441946
,,,1.3337e-008,0.000441946
,,,1.3737e-008,-0.000220973
,,,1.4137e-008,0.000662919
,,,1.4537e-008,0.000220973
,,,1.4937e-008,-0.000441946
,,,1.5337e-008,-0.000220973
,,,1.5737e-008,0
,,,1.6137e-008,0.000441946
,,,1.6537e-008,0.000662919
,,,1.6937e-008,0.000220973
,,,1.7337e-008,0.000220973
,,,1.7737e-008,0
,,,1.8137e-008,0.000883892
,,,1.8537e-008,0
,,,1.8937e-008,0.000441946
,,,1.9337e-008,0
,,,1.9737e-008,0
,,,2.0137e-008,0.000883892
,,,2.0537e-008,0.000662919
,,,2.0937e-008,0.000441946
,,,2.1337e-008,0.000662919
,,,2.1737e-008,0.000441946
,,,2.2137e-008,0
,,,2.2537e-008,0.000662919
,,,2.2937e-008,0.000220973
,,,2.3337e-008,0.000441946
,,,2.3737e-008,0.000883892
,,,2.4137e-008,0.000662919
,,,2.4537e-008,0.000441946
,,,2.4937e-008,0
,,,2.5337e-008,0.000220973
,,,2.5737e-008,-0.000662919
,,,2.6137e-008,0.000441946
,,,2.6537e-008,-0.000662919
,,,2.6937e-008,0.000662919
,,,2.7337e-008,0.000220973
,,,2.7737e-008,0.000220973
,,,2.8137e-008,0
,,,2.8537e-008,0.000662919
,,,2.8937e-008,0
,,,2.9337e-008,0.000441946
,,,2.9737e-008,0
,,,3.0137e-008,0.000220973
,,,3.0537e-008,-0.000220973
,,,3.0937e-008,0.000883892
,,,3.1337e-008,0.000662919
,,,3.1737e-008,0
,,,3.2137e-008,-0.000220973
,,,3.2537e-008,0.000220973
,,,3.2937e-008,0.000883892
,,,3.3337e-008,0.000220973
,,,3.3737e-008,0.000662919
,,,3.4137e-008,0
,,,3.4537e-008,0
,,,3.4937e-008,0.000441946
,,,3.5337e-008,-0.000662919
,,,3.5737e-008,0.000662919
,,,3.6137e-008,0.000220973
,,,3.6537e-008,0.000220973
,,,3.6937e-008,0.000883892
,,,3.7337e-008,0.000220973
,,,3.7737e-008,0.000220973
,,,3.8137e-008,0.000220973
,,,3.8537e-008,0.000441946
,,,3.8937e-008,0.000220973
,,,3.9337e-008,0.000220973
,,,3.9737e-008,-0.000220973
,,,4.0137e-008,0
,,,4.0537e-008,-0.000220973
,,,4.0937e-008,0
,,,4.1337e-008,0
,,,4.1737e-008,0.000220973
,,,4.2137e-008,0.000220973
,,,4.2537e-008,0.000220973
,,,4.2937e-008,0.000883892
,,,4.3337e-008,0.000220973
,,,4.3737e-008,0.000441946
,,,4.4137e-008,0
,,,4.4537e-008,0
,,,4.4937e-008,0
,,,4.5337e-008,0.000662919
,,,4.5737e-008,0
,,,4.6137e-008,0.000441946
,,,4.6537e-008,0
,,,4.6937e-008,0
,,,4.7337e-008,0.000441946
,,,4.7737e-008,0.000662919
,,,4.8137e-008,-0.000220973
,,,4.8537e-008,0.000220973
,,,4.8937e-008,0.000220973
,,,4.9337e-008,0.000883892
,,,4.9737e-008,0.000662919
,,,5.0137e-008,0.000883892
,,,5.0537e-008,0.000662919
,,,5.0937e-008,0.000441946
,,,5.1337e-008,0.000662919
,,,5.1737e-008,0
,,,5.2137e-008,0.000441946
,,,5.2537e-008,0.00110486
,,,5.2937e-008,0.000662919
,,,5.3337e-008,0.000441946
,,,5.3737e-008,0.000441946
,,,5.4137e-008,0.000220973
,,,5.4537e-008,0.000220973
,,,5.4937e-008,0.000220973
,,,5.5337e-008,0.000220973
,,,5.5737e-008,0.000441946
,,,5.6137e-008,0.000220973
,,,5.6537e-008,0
,,,5.6937e-008,0
,,,5.7337e-008,0.000220973
,,,5.7737e-008,0.000441946
,,,5.8137e-008,0.000441946
,,,5.8537e-008,-0.000220973
,,,5.8937e-008,0.000441946
,,,5.9337e-008,0.000441946
,,,5.9737e-008,0.000662919
,,,6.0137e-008,0.000220973
,,,6.0537e-008,-0.000220973
,,,6.0937e-008,0.000220973
,,,6.1337e-008,0.000441946
,,,6.1737e-008,0.000441946
,,,6.2137e-008,-0.000220973
,,,6.2537e-008,0.000441946
,,,6.2937e-008,0.000220973
,,,6.3337e-008,0
,,,6.3737e-008,0.000220973
,,,6.4137e-008,0
,,,6.4537e-008,0.000220973
,,,6.4937e-008,0.000883892
,,,6.5337e-008,0.000662919
,,,6.5737e-008,0.000662919
,,,6.6137e-008,0.000220973
,,,6.6537e-008,0
,,,6.6937e-008,0.000662919
,,,6.7337e-008,0
,,,6.7737e-008,-0.000441946
,,,6.8137e-008,0.00110486
,,,6.8537e-008,0.000220973
,,,6.8937e-008,0.000220973
,,,6.9337e-008,0.000441946
,,,6.9737e-008,0.000441946
,,,7.0137e-008,0.00110486
,,,7.0537e-008,0.000662919
,,,7.0937e-008,0.000220973
,,,7.1337e-008,0.000441946
,,,7.1737e-008,0.000220973
,,,7.2137e-008,-0.000220973
,,,7.2537e-008,0.000220973
,,,7.2937e-008,0.000662919
,,,7.3337e-008,-0.000220973
,,,7.3737e-008,0
,,,7.4137e-008,0.000662919
,,,7.4537e-008,0.000441946
,,,7.4937e-008,0.000441946
,,,7.5337e-008,0.00132584
,,,7.5737e-008,0
,,,7.6137e-008,0.000441946
,,,7.6537e-008,0.000883892
,,,7.6937e-008,0.000220973
,,,7.7337e-008,0.000441946
,,,7.7737e-008,0.000220973
,,,7.8137e-008,0
,,,7.8537e-008,0
,,,7.8937e-008,0
,,,7.9337e-008,0.000441946
,,,7.9737e-008,0.000220973
,,,8.0137e-008,0.000220973
,,,8.0537e-008,0.000441946
,,,8.0937e-008,0.000662919
,,,8.1337e-008,0.000883892
,,,8.1737e-008,0.000662919
,,,8.2137e-008,-0.000662919
,,,8.2537e-008,0.000220973
,,,8.2937e-008,0.000662919
,,,8.3337e-008,0.000220973
,,,8.3737e-008,0.000441946
,,,8.4137e-008,0.000220973
,,,8.4537e-008,0.000441946
,,,8.4937e-008,0.00110486
,,,8.5337e-008,0.000220973
,,,8.5737e-008,0.000441946
,,,8.6137e-008,0.000220973
,,,8.6537e-008,0
,,,8.6937e-008,0.000441946
,,,8.7337e-008,0.000883892
,,,8.7737e-008,0.000441946
,,,8.8137e-008,-0.000220973
,,,8.8537e-008,0.000883892
,,,8.8937e-008,0
,,,8.9337e-008,0.000441946
,,,8.9737e-008,0.000662919
,,,9.0137e-008,0.000883892
,,,9.0537e-008,0.000220973
,,,9.0937e-008,0.00132584
,,,9.1337e-008,0.000220973
,,,9.1737e-008,0
,,,9.2137e-008,0
,,,9.2537e-008,0.000441946
,,,9.2937e-008,0.000662919
,,,9.3337e-008,0.00132584
,,,9.3737e-008,0.00110486
,,,9.4137e-008,0.00154681
,,,9.4537e-008,0.00220973
,,,9.4937e-008,0.0024307
,,,9.5337e-008,0.00331459
,,,9.5737e-008,0.00464043
,,,9.6137e-008,0.00508238
,,,9.6537e-008,0.00707114
,,,9.6937e-008,0.00795503
,,,9.7337e-008,0.00861795
,,,9.7737e-008,0.0108277
,,,9.8137e-008,0.0121535
,,,9.8537e-008,0.0130374
,,,9.8937e-008,0.0139213
,,,9.9337e-008,0.0141423
,,,9.9737e-008,0.0143632
,,,1.00137e-007,0.0145842
,,,1.00537e-007,0.0154681
,,,1.00937e-007,0.0159101
,,,1.01337e-007,0.0167939
,,,1.01737e-007,0.016352
,,,1.02137e-007,0.0167939
,,,1.02537e-007,0.016573
,,,1.02937e-007,0.0167939
,,,1.03337e-007,0.0170149
,,,1.03737e-007,0.0167939
,,,1.04137e-007,0.0167939
,,,1.04537e-007,0.0178988
,,,1.04937e-007,0.0183408
,,,1.05337e-007,0.0181198
,,,1.05737e-007,0.0176778
,,,1.06137e-007,0.0174569
,,,1.06537e-007,0.0178988
,,,1.06937e-007,0.0176778
,,,1.07337e-007,0.0170149
,,,1.07737e-007,0.0174569
,,,1.08137e-007,0.0178988
,,,1.08537e-007,0.0181198
,,,1.08937e-007,0.0181198
,,,1.09337e-007,0.0183408
,,,1.09737e-007,0.0178988
,,,1.10137e-007,0.0174569
,,,1.10537e-007,0.0172359
,,,1.10937e-007,0.0178988
,,,1.11337e-007,0.0178988
,,,1.11737e-007,0.0181198
,,,1.12137e-007,0.0181198
,,,1.12537e-007,0.0178988
,,,1.12937e-007,0.0176778
,,,1.13337e-007,0.0183408
,,,1.13737e-007,0.0185617
,,,1.14137e-007,0.0178988
,,,1.14537e-007,0.0181198
,,,1.14937e-007,0.0181198
,,,1.15337e-007,0.0174569
,,,1.15737e-007,0.0176778
,,,1.16137e-007,0.0176778
,,,1.16537e-007,0.0176778
,,,1.16937e-007,0.0185617
,,,1.17337e-007,0.0176778
,,,1.17737e-007,0.0176778
,,,1.18137e-007,0.0181198
,,,1.18537e-007,0.0181198
,,,1.18937e-007,0.0174569
,,,1.19337e-007,0.0183408
,,,1.19737e-007,0.0185617
,,,1.20137e-007,0.0181198
,,,1.20537e-007,0.0181198
,,,1.20937e-007,0.0181198
,,,1.21337e-007,0.0187827
,,,1.21737e-007,0.0190037
,,,1.22137e-007,0.0192246
,,,1.22537e-007,0.0187827
,,,1.22937e-007,0.0192246
,,,1.23337e-007,0.0187827
,,,1.23737e-007,0.0194456
,,,1.24137e-007,0.0205505
,,,1.24537e-007,0.0205505
,,,1.24937e-007,0.0212134
,,,1.25337e-007,0.0220973
,,,1.25737e-007,0.0212134
,,,1.26137e-007,0.0218763
,,,1.26537e-007,0.0207715
,,,1.26937e-007,0.0201085
,,,1.27337e-007,0.0207715
,,,1.27737e-007,0.0203295
,,,1.28137e-007,0.0198876
,,,1.28537e-007,0.0194456
,,,1.28937e-007,0.0196666
,,,1.29337e-007,0.0183408
,,,1.29737e-007,0.0187827
,,,1.30137e-007,0.0187827
,,,1.30537e-007,0.0183408
,,,1.30937e-007,0.0183408
,,,1.31337e-007,0.0181198
,,,1.31737e-007,0.0170149
,,,1.32137e-007,0.0178988
,,,1.32537e-007,0.0181198
,,,1.32937e-007,0.0174569
,,,1.33337e-007,0.0170149
,,,1.33737e-007,0.0174569
,,,1.34137e-007,0.016352
,,,1.34537e-007,0.016573
,,,1.34937e-007,0.0170149
,,,1.35337e-007,0.016573
,,,1.35737e-007,0.0167939
,,,1.36137e-007,0.016352
,,,1.36537e-007,0.016352
,,,1.36937e-007,0.016573
,,,1.37337e-007,0.016573
,,,1.37737e-007,0.0170149
,,,1.38137e-007,0.016573
,,,1.38537e-007,0.0159101
,,,1.38937e-007,0.016352
,,,1.39337e-007,0.016352
,,,1.39737e-007,0.0159101
,,,1.40137e-007,0.0159101
,,,1.40537e-007,0.016352
,,,1.40937e-007,0.016352
,,,1.41337e-007,0.0159101
,,,1.41737e-007,0.0159101
,,,1.42137e-007,0.016131
,,,1.42537e-007,0.0159101
,,,1.42937e-007,0.0156891
,,,1.43337e-007,0.0148052
,,,1.43737e-007,0.0150262
,,,1.44137e-007,0.0143632
,,,1.44537e-007,0.0148052
,,,1.44937e-007,0.0145842
,,,1.45337e-007,0.0150262
,,,1.45737e-007,0.0154681
,,,1.46137e-007,0.0154681
,,,1.46537e-007,0.0150262
,,,1.46937e-007,0.0154681
,,,1.47337e-007,0.0148052
,,,1.47737e-007,0.0141423
,,,1.48137e-007,0.0143632
,,,1.48537e-007,0.0150262
,,,1.48937e-007,0.0139213
,,,1.49337e-007,0.0145842
,,,1.49737e-007,0.0139213
,,,1.50137e-007,0.0145842
,,,1.50537e-007,0.0145842
,,,1.50937e-007,0.0145842
,,,1.51337e-007,0.0143632
,,,1.51737e-007,0.0139213
,,,1.52137e-007,0.0141423
,,,1.52537e-007,0.0143632
,,,1.52937e-007,0.0143632
,,,1.53337e-007,0.0141423
,,,1.53737e-007,0.0137003
,,,1.54137e-007,0.0134794
,,,1.54537e-007,0.0134794
,,,1.54937e-007,0.0134794
,,,1.55337e-007,0.0125955
,,,1.55737e-007,0.0128164
,,,1.56137e-007,0.0125955
,,,1.56537e-007,0.0125955
,,,1.56937e-007,0.0119325
,,,1.57337e-007,0.0123745
,,,1.57737e-007,0.0119325
,,,1.58137e-007,0.0117116
,,,1.58537e-007,0.0119325
,,,1.58937e-007,0.0121535
,,,1.59337e-007,0.0125955
,,,1.59737e-007,0.0125955
,,,1.60137e-007,0.0121535
,,,1.60537e-007,0.0121535
,,,1.60937e-007,0.0119325
,,,1.61337e-007,0.0123745
,,,1.61737e-007,0.0117116
,,,1.62137e-007,0.0123745
,,,1.62537e-007,0.0121535
,,,1.62937e-007,0.0123745
,,,1.63337e-007,0.0125955
,,,1.63737e-007,0.0128164
,,,1.64137e-007,0.0125955
,,,1.64537e-007,0.0121535
,,,1.64937e-007,0.0130374
,,,1.65337e-007,0.0132584
,,,1.65737e-007,0.0123745
,,,1.66137e-007,0.0117116
,,,1.66537e-007,0.0119325
,,,1.66937e-007,0.0117116
,,,1.67337e-007,0.0119325
,,,1.67737e-007,0.0125955
,,,1.68137e-007,0.0121535
,,,1.68537e-007,0.0119325
,,,1.68937e-007,0.0123745
,,,1.69337e-007,0.0128164
,,,1.69737e-007,0.0130374
,,,1.70137e-007,0.0130374
,,,1.70537e-007,0.0123745
,,,1.70937e-007,0.0121535
,,,1.71337e-007,0.0123745
,,,1.71737e-007,0.0125955
,,,1.72137e-007,0.0121535
,,,1.72537e-007,0.0121535
,,,1.72937e-007,0.0123745
,,,1.73337e-007,0.0128164
,,,1.73737e-007,0.0117116
,,,1.74137e-007,0.0123745
,,,1.74537e-007,0.0123745
,,,1.74937e-007,0.0125955
,,,1.75337e-007,0.0130374
,,,1.75737e-007,0.0137003
,,,1.76137e-007,0.0121535
,,,1.76537e-007,0.0128164
,,,1.76937e-007,0.0125955
,,,1.77337e-007,0.0123745
,,,1.77737e-007,0.0123745
,,,1.78137e-007,0.0125955
,,,1.78537e-007,0.0130374
,,,1.78937e-007,0.0123745
,,,1.79337e-007,0.0119325
,,,1.79737e-007,0.0125955
,,,1.80137e-007,0.0137003
,,,1.80537e-007,0.0125955
,,,1.80937e-007,0.0128164
,,,1.81337e-007,0.0128164
,,,1.81737e-007,0.0123745
,,,1.82137e-007,0.0121535
,,,1.82537e-007,0.0125955
,,,1.82937e-007,0.0117116
,,,1.83337e-007,0.0125955
,,,1.83737e-007,0.0117116
,,,1.84137e-007,0.0117116
,,,1.84537e-007,0.0123745
,,,1.84937e-007,0.0117116
,,,1.85337e-007,0.0121535
,,,1.85737e-007,0.0128164
,,,1.86137e-007,0.0130374
,,,1.86537e-007,0.0117116
,,,1.86937e-007,0.0123745
,,,1.87337e-007,0.0128164
,,,1.87737e-007,0.0134794
,,,1.88137e-007,0.0128164
,,,1.88537e-007,0.0137003
,,,1.88937e-007,0.0132584
,,,1.89337e-007,0.0128164
,,,1.89737e-007,0.0125955
,,,1.90137e-007,0.0137003
,,,1.90537e-007,0.0132584
,,,1.90937e-007,0.0139213
,,,1.91337e-007,0.0134794
,,,1.91737e-007,0.0132584
,,,1.92137e-007,0.0134794
,,,1.92537e-007,0.0132584
,,,1.92937e-007,0.0130374
,,,1.93337e-007,0.0139213
,,,1.93737e-007,0.0137003
,,,1.94137e-007,0.0130374
,,,1.94537e-007,0.0137003
,,,1.94937e-007,0.0137003
,,,1.95337e-007,0.0130374
,,,1.95737e-007,0.0130374
,,,1.96137e-007,0.0123745
,,,1.96537e-007,0.0130374
,,,1.96937e-007,0.0139213
,,,1.97337e-007,0.0132584
,,,1.97737e-007,0.0130374
,,,1.98137e-007,0.0137003
,,,1.98537e-007,0.0130374
,,,1.98937e-007,0.0130374
,,,1.99337e-007,0.0137003
,,,1.99737e-007,0.0128164
,,,2.00137e-007,0.0132584
,,,2.00537e-007,0.0123745
,,,2.00937e-007,0.0125955
,,,2.01337e-007,0.0134794
,,,2.01737e-007,0.0121535
,,,2.02137e-007,0.0125955
,,,2.02537e-007,0.0114906
,,,2.02937e-007,0.0123745
,,,2.03337e-007,0.0121535
,,,2.03737e-007,0.0123745
,,,2.04137e-007,0.0114906
,,,2.04537e-007,0.0114906
,,,2.04937e-007,0.0117116
,,,2.05337e-007,0.0114906
,,,2.05737e-007,0.0110486
,,,2.06137e-007,0.0114906
,,,2.06537e-007,0.0106067
,,,2.06937e-007,0.0108277
,,,2.07337e-007,0.0103857
,,,2.07737e-007,0.00994378
,,,2.08137e-007,0.00994378
,,,2.08537e-007,0.00972281
,,,2.08937e-007,0.00905989
,,,2.09337e-007,0.00928087
,,,2.09737e-007,0.00883892
,,,2.10137e-007,0.008176
,,,2.10537e-007,0.00751308
,,,2.10937e-007,0.00839697
,,,2.11337e-007,0.00707114
,,,2.11737e-007,0.00640822
,,,2.12137e-007,0.00707114
,,,2.12537e-007,0.00662919
,,,2.12937e-007,0.00618724
,,,2.13337e-007,0.00618724
,,,2.13737e-007,0.00486141
,,,2.14137e-007,0.00508238
,,,2.14537e-007,0.00486141
,,,2.14937e-007,0.00397751
,,,2.15337e-007,0.00353557
,,,2.15737e-007,0.00375654
,,,2.16137e-007,0.00353557
,,,2.16537e-007,0.00464043
,,,2.16937e-007,0.00309362
,,,2.17337e-007,0.00397751
,,,2.17737e-007,0.00265168
,,,2.18137e-007,0.00353557
,,,2.18537e-007,0.00265168
,,,2.18937e-007,0.00331459
,,,2.19337e-007,0.0024307
,,,2.19737e-007,0.00309362
,,,2.20137e-007,0.00220973
,,,2.20537e-007,0.0024307
,,,2.20937e-007,0.00176778
,,,2.21337e-007,0.00198876
,,,2.21737e-007,0.00198876
,,,2.22137e-007,0.00110486
,,,2.22537e-007,0.00110486
,,,2.22937e-007,0.00176778
,,,2.23337e-007,0.00198876
,,,2.23737e-007,0.000662919
,,,2.24137e-007,0.00132584
,,,2.24537e-007,0.00154681
,,,2.24937e-007,0.00132584
,,,2.25337e-007,0.00132584
,,,2.25737e-007,0.00110486
,,,2.26137e-007,0.000662919
,,,2.26537e-007,0.00132584
,,,2.26937e-007,0.00110486
,,,2.27337e-007,0.00154681
,,,2.27737e-007,0.00154681
,,,2.28137e-007,0.000662919
,,,2.28537e-007,0.000441946
,,,2.28937e-007,0.000662919
,,,2.29337e-007,0.00154681
,,,2.29737e-007,0.000662919
,,,2.30137e-007,0.000662919
,,,2.30537e-007,0.000441946
,,,2.30937e-007,0
,,,2.31337e-007,0.000441946
,,,2.31737e-007,0
,,,2.32137e-007,0
,,,2.32537e-007,0.000441946
,,,2.32937e-007,0.000441946
,,,2.33337e-007,0.000662919
,,,2.33737e-007,0.00132584
,,,2.34137e-007,0.000441946
,,,2.34537e-007,-0.000662919
,,,2.34937e-007,0.000220973
,,,2.35337e-007,0.000220973
,,,2.35737e-007,-0.000220973
,,,2.36137e-007,-0.000441946
,,,2.36537e-007,0.000220973
,,,2.36937e-007,0.000220973
,,,2.37337e-007,0.000662919
,,,2.37737e-007,0
,,,2.38137e-007,-0.000220973
,,,2.38537e-007,0.000220973
,,,2.38937e-007,-0.000220973
,,,2.39337e-007,-0.000441946
,,,2.39737e-007,-0.000883892
,,,2.40137e-007,-0.000662919
,,,2.40537e-007,-0.000662919
,,,2.40937e-007,-0.000441946
,,,2.41337e-007,-0.000662919
,,,2.41737e-007,-0.000662919
,,,2.42137e-007,-0.000662919
,,,2.42537e-007,-0.000883892
,,,2.42937e-007,-0.000662919
,,,2.43337e-007,0
,,,2.43737e-007,-0.000220973
,,,2.44137e-007,-0.000220973
,,,2.44537e-007,0.000220973
,,,2.44937e-007,0.000220973
,,,2.45337e-007,0.000220973
,,,2.45737e-007,-0.000662919
,,,2.46137e-007,0
,,,2.46537e-007,-0.000220973
,,,2.46937e-007,0
,,,2.47337e-007,0.000441946
,,,2.47737e-007,-0.000662919
,,,2.48137e-007,-0.000441946
,,,2.48537e-007,-0.000441946
,,,2.48937e-007,-0.000220973
,,,2.49337e-007,0.000441946
,,,2.49737e-007,0.000220973
,,,2.50137e-007,0
