"Record Length",1252,"Points",-2.50206e-007,-0.000441946
"Sample Interval",4e-010,s,-2.49806e-007,0.000220973
"Trigger Point",625,"Samples",-2.49406e-007,-0.000441946
"Trigger Time",0.515847,s,-2.49006e-007,0
,,,-2.48606e-007,0.000441946
"Horizontal Offset",-2.50206e-007,s,-2.48206e-007,0.000220973
,,,-2.47806e-007,0.000662919
,,,-2.47406e-007,0.000220973
,,,-2.47006e-007,0
,,,-2.46606e-007,0.000220973
,,,-2.46206e-007,0.000441946
,,,-2.45806e-007,0.000441946
,,,-2.45406e-007,0
,,,-2.45006e-007,0.000441946
,,,-2.44606e-007,-0.000662919
,,,-2.44206e-007,-0.000441946
,,,-2.43806e-007,-0.000441946
,,,-2.43406e-007,0.000883892
,,,-2.43006e-007,0
,,,-2.42606e-007,0
,,,-2.42206e-007,0.000220973
,,,-2.41806e-007,0.000441946
,,,-2.41406e-007,0
,,,-2.41006e-007,0.000441946
,,,-2.40606e-007,0.000220973
,,,-2.40206e-007,0.000220973
,,,-2.39806e-007,0.000883892
,,,-2.39406e-007,0.000441946
,,,-2.39006e-007,0
,,,-2.38606e-007,-0.000220973
,,,-2.38206e-007,-0.000220973
,,,-2.37806e-007,-0.000883892
,,,-2.37406e-007,0.000220973
,,,-2.37006e-007,0.000220973
,,,-2.36606e-007,-0.000220973
,,,-2.36206e-007,-0.000441946
,,,-2.35806e-007,0
,,,-2.35406e-007,-0.000220973
,,,-2.35006e-007,0
,,,-2.34606e-007,0.000220973
,,,-2.34206e-007,0
,,,-2.33806e-007,0.000883892
,,,-2.33406e-007,0.000441946
,,,-2.33006e-007,0.000220973
,,,-2.32606e-007,0.000662919
,,,-2.32206e-007,0.000220973
,,,-2.31806e-007,0.00132584
,,,-2.31406e-007,0.000441946
,,,-2.31006e-007,0
,,,-2.30606e-007,0.000220973
,,,-2.30206e-007,0
,,,-2.29806e-007,0.000441946
,,,-2.29406e-007,0.000220973
,,,-2.29006e-007,-0.000220973
,,,-2.28606e-007,-0.000220973
,,,-2.28206e-007,0.000220973
,,,-2.27806e-007,0.000220973
,,,-2.27406e-007,0
,,,-2.27006e-007,0
,,,-2.26606e-007,0
,,,-2.26206e-007,0.000662919
,,,-2.25806e-007,0.000441946
,,,-2.25406e-007,-0.000662919
,,,-2.25006e-007,0
,,,-2.24606e-007,0.000883892
,,,-2.24206e-007,0.000220973
,,,-2.23806e-007,-0.000220973
,,,-2.23406e-007,0.000441946
,,,-2.23006e-007,0.000883892
,,,-2.22606e-007,0.000220973
,,,-2.22206e-007,0.000220973
,,,-2.21806e-007,-0.000220973
,,,-2.21406e-007,-0.000441946
,,,-2.21006e-007,0.000220973
,,,-2.20606e-007,0.000220973
,,,-2.20206e-007,0.000220973
,,,-2.19806e-007,0.000441946
,,,-2.19406e-007,0
,,,-2.19006e-007,0
,,,-2.18606e-007,0.000662919
,,,-2.18206e-007,0.000441946
,,,-2.17806e-007,0.000220973
,,,-2.17406e-007,0
,,,-2.17006e-007,-0.000441946
,,,-2.16606e-007,0
,,,-2.16206e-007,0
,,,-2.15806e-007,-0.000220973
,,,-2.15406e-007,0.000662919
,,,-2.15006e-007,0.000220973
,,,-2.14606e-007,-0.000220973
,,,-2.14206e-007,0
,,,-2.13806e-007,0
,,,-2.13406e-007,-0.000220973
,,,-2.13006e-007,0
,,,-2.12606e-007,0
,,,-2.12206e-007,-0.000220973
,,,-2.11806e-007,-0.000220973
,,,-2.11406e-007,0.000441946
,,,-2.11006e-007,0.000441946
,,,-2.10606e-007,0
,,,-2.10206e-007,0
,,,-2.09806e-007,0.000883892
,,,-2.09406e-007,0
,,,-2.09006e-007,0
,,,-2.08606e-007,0
,,,-2.08206e-007,0.000220973
,,,-2.07806e-007,0
,,,-2.07406e-007,0.000220973
,,,-2.07006e-007,-0.000220973
,,,-2.06606e-007,0
,,,-2.06206e-007,0
,,,-2.05806e-007,0.000441946
,,,-2.05406e-007,0
,,,-2.05006e-007,-0.000220973
,,,-2.04606e-007,0.000220973
,,,-2.04206e-007,-0.000220973
,,,-2.03806e-007,-0.000220973
,,,-2.03406e-007,0
,,,-2.03006e-007,0
,,,-2.02606e-007,0.000220973
,,,-2.02206e-007,-0.000220973
,,,-2.01806e-007,0
,,,-2.01406e-007,-0.000220973
,,,-2.01006e-007,0
,,,-2.00606e-007,0.000883892
,,,-2.00206e-007,-0.000441946
,,,-1.99806e-007,0
,,,-1.99406e-007,0.000220973
,,,-1.99006e-007,-0.000441946
,,,-1.98606e-007,0
,,,-1.98206e-007,0
,,,-1.97806e-007,0
,,,-1.97406e-007,0.000662919
,,,-1.97006e-007,-0.000220973
,,,-1.96606e-007,-0.000662919
,,,-1.96206e-007,-0.000220973
,,,-1.95806e-007,0.000441946
,,,-1.95406e-007,0.000441946
,,,-1.95006e-007,-0.000220973
,,,-1.94606e-007,0.000441946
,,,-1.94206e-007,-0.000441946
,,,-1.93806e-007,0.000441946
,,,-1.93406e-007,0.000220973
,,,-1.93006e-007,-0.000220973
,,,-1.92606e-007,0.000441946
,,,-1.92206e-007,0.000662919
,,,-1.91806e-007,0
,,,-1.91406e-007,0.000441946
,,,-1.91006e-007,-0.00110486
,,,-1.90606e-007,0.000662919
,,,-1.90206e-007,-0.000220973
,,,-1.89806e-007,-0.000441946
,,,-1.89406e-007,-0.000220973
,,,-1.89006e-007,0
,,,-1.88606e-007,-0.000662919
,,,-1.88206e-007,0
,,,-1.87806e-007,-0.000220973
,,,-1.87406e-007,-0.000220973
,,,-1.87006e-007,0.000441946
,,,-1.86606e-007,-0.000220973
,,,-1.86206e-007,-0.000883892
,,,-1.85806e-007,0.000441946
,,,-1.85406e-007,-0.000441946
,,,-1.85006e-007,0
,,,-1.84606e-007,0.000441946
,,,-1.84206e-007,0.000662919
,,,-1.83806e-007,0.000220973
,,,-1.83406e-007,0
,,,-1.83006e-007,0
,,,-1.82606e-007,0
,,,-1.82206e-007,-0.000220973
,,,-1.81806e-007,0
,,,-1.81406e-007,0
,,,-1.81006e-007,-0.000441946
,,,-1.80606e-007,-0.000883892
,,,-1.80206e-007,0
,,,-1.79806e-007,0
,,,-1.79406e-007,0.000441946
,,,-1.79006e-007,-0.000441946
,,,-1.78606e-007,0.000441946
,,,-1.78206e-007,0
,,,-1.77806e-007,0.000883892
,,,-1.77406e-007,0.000662919
,,,-1.77006e-007,-0.000662919
,,,-1.76606e-007,0
,,,-1.76206e-007,0.000883892
,,,-1.75806e-007,0.000662919
,,,-1.75406e-007,0.000220973
,,,-1.75006e-007,0.000220973
,,,-1.74606e-007,0.000220973
,,,-1.74206e-007,0.000220973
,,,-1.73806e-007,-0.000662919
,,,-1.73406e-007,0
,,,-1.73006e-007,-0.000662919
,,,-1.72606e-007,-0.000662919
,,,-1.72206e-007,0.000220973
,,,-1.71806e-007,0
,,,-1.71406e-007,0.000220973
,,,-1.71006e-007,-0.000220973
,,,-1.70606e-007,-0.000441946
,,,-1.70206e-007,0.000220973
,,,-1.69806e-007,0.000883892
,,,-1.69406e-007,0.000441946
,,,-1.69006e-007,-0.000441946
,,,-1.68606e-007,0.000220973
,,,-1.68206e-007,0.000441946
,,,-1.67806e-007,0
,,,-1.67406e-007,0
,,,-1.67006e-007,0.000441946
,,,-1.66606e-007,-0.000220973
,,,-1.66206e-007,0
,,,-1.65806e-007,-0.000220973
,,,-1.65406e-007,0
,,,-1.65006e-007,-0.000441946
,,,-1.64606e-007,-0.000883892
,,,-1.64206e-007,0
,,,-1.63806e-007,-0.000220973
,,,-1.63406e-007,0
,,,-1.63006e-007,0.000220973
,,,-1.62606e-007,-0.000220973
,,,-1.62206e-007,0.000441946
,,,-1.61806e-007,0
,,,-1.61406e-007,-0.000441946
,,,-1.61006e-007,0.000220973
,,,-1.60606e-007,-0.000220973
,,,-1.60206e-007,0.000220973
,,,-1.59806e-007,0
,,,-1.59406e-007,0
,,,-1.59006e-007,0
,,,-1.58606e-007,0
,,,-1.58206e-007,-0.000662919
,,,-1.57806e-007,-0.000220973
,,,-1.57406e-007,0
,,,-1.57006e-007,-0.000220973
,,,-1.56606e-007,-0.000220973
,,,-1.56206e-007,0
,,,-1.55806e-007,0
,,,-1.55406e-007,0.000220973
,,,-1.55006e-007,0.000441946
,,,-1.54606e-007,0.000441946
,,,-1.54206e-007,-0.000441946
,,,-1.53806e-007,-0.000220973
,,,-1.53406e-007,-0.000220973
,,,-1.53006e-007,-0.000883892
,,,-1.52606e-007,0.000441946
,,,-1.52206e-007,0.000883892
,,,-1.51806e-007,0
,,,-1.51406e-007,-0.000220973
,,,-1.51006e-007,-0.000220973
,,,-1.50606e-007,0.000662919
,,,-1.50206e-007,0
,,,-1.49806e-007,0.000662919
,,,-1.49406e-007,-0.000441946
,,,-1.49006e-007,0.000220973
,,,-1.48606e-007,-0.000441946
,,,-1.48206e-007,-0.000441946
,,,-1.47806e-007,0
,,,-1.47406e-007,0.000220973
,,,-1.47006e-007,-0.000220973
,,,-1.46606e-007,0
,,,-1.46206e-007,-0.000441946
,,,-1.45806e-007,0
,,,-1.45406e-007,0
,,,-1.45006e-007,0.000662919
,,,-1.44606e-007,0.000220973
,,,-1.44206e-007,0.000220973
,,,-1.43806e-007,0.000220973
,,,-1.43406e-007,0
,,,-1.43006e-007,0
,,,-1.42606e-007,0.000220973
,,,-1.42206e-007,0.000220973
,,,-1.41806e-007,-0.000220973
,,,-1.41406e-007,-0.000220973
,,,-1.41006e-007,-0.000220973
,,,-1.40606e-007,-0.000662919
,,,-1.40206e-007,-0.000220973
,,,-1.39806e-007,-0.000441946
,,,-1.39406e-007,-0.000441946
,,,-1.39006e-007,0.000662919
,,,-1.38606e-007,-0.000441946
,,,-1.38206e-007,0
,,,-1.37806e-007,0.000441946
,,,-1.37406e-007,0.000220973
,,,-1.37006e-007,-0.000220973
,,,-1.36606e-007,0.000441946
,,,-1.36206e-007,0.000662919
,,,-1.35806e-007,0.000441946
,,,-1.35406e-007,-0.000220973
,,,-1.35006e-007,0
,,,-1.34606e-007,-0.00110486
,,,-1.34206e-007,-0.000441946
,,,-1.33806e-007,0.000441946
,,,-1.33406e-007,-0.000220973
,,,-1.33006e-007,-0.000441946
,,,-1.32606e-007,-0.000441946
,,,-1.32206e-007,0
,,,-1.31806e-007,0.000441946
,,,-1.31406e-007,-0.000662919
,,,-1.31006e-007,0.000220973
,,,-1.30606e-007,-0.000220973
,,,-1.30206e-007,-0.000441946
,,,-1.29806e-007,0.000220973
,,,-1.29406e-007,-0.000220973
,,,-1.29006e-007,0
,,,-1.28606e-007,-0.000220973
,,,-1.28206e-007,0.000662919
,,,-1.27806e-007,0
,,,-1.27406e-007,0.000220973
,,,-1.27006e-007,0.000441946
,,,-1.26606e-007,0
,,,-1.26206e-007,-0.000220973
,,,-1.25806e-007,-0.000662919
,,,-1.25406e-007,0
,,,-1.25006e-007,-0.000441946
,,,-1.24606e-007,0
,,,-1.24206e-007,-0.000220973
,,,-1.23806e-007,-0.000441946
,,,-1.23406e-007,-0.000662919
,,,-1.23006e-007,-0.000441946
,,,-1.22606e-007,-0.00110486
,,,-1.22206e-007,-0.000220973
,,,-1.21806e-007,0.000220973
,,,-1.21406e-007,-0.000220973
,,,-1.21006e-007,0
,,,-1.20606e-007,0
,,,-1.20206e-007,0
,,,-1.19806e-007,-0.000220973
,,,-1.19406e-007,0.000220973
,,,-1.19006e-007,0.000441946
,,,-1.18606e-007,0.00110486
,,,-1.18206e-007,-0.000441946
,,,-1.17806e-007,0
,,,-1.17406e-007,0
,,,-1.17006e-007,-0.000441946
,,,-1.16606e-007,0.000220973
,,,-1.16206e-007,0.000441946
,,,-1.15806e-007,-0.000220973
,,,-1.15406e-007,-0.000220973
,,,-1.15006e-007,-0.000441946
,,,-1.14606e-007,0.000662919
,,,-1.14206e-007,-0.000220973
,,,-1.13806e-007,0.00132584
,,,-1.13406e-007,-0.000662919
,,,-1.13006e-007,0
,,,-1.12606e-007,0.000662919
,,,-1.12206e-007,0
,,,-1.11806e-007,-0.000662919
,,,-1.11406e-007,0
,,,-1.11006e-007,-0.000441946
,,,-1.10606e-007,-0.000220973
,,,-1.10206e-007,0.000220973
,,,-1.09806e-007,-0.000220973
,,,-1.09406e-007,0
,,,-1.09006e-007,0.000220973
,,,-1.08606e-007,-0.000220973
,,,-1.08206e-007,-0.000441946
,,,-1.07806e-007,0.000441946
,,,-1.07406e-007,0
,,,-1.07006e-007,-0.000220973
,,,-1.06606e-007,0.000662919
,,,-1.06206e-007,0.000220973
,,,-1.05806e-007,-0.000441946
,,,-1.05406e-007,0
,,,-1.05006e-007,-0.000220973
,,,-1.04606e-007,0
,,,-1.04206e-007,-0.000220973
,,,-1.03806e-007,-0.000441946
,,,-1.03406e-007,0
,,,-1.03006e-007,0.000220973
,,,-1.02606e-007,0.000220973
,,,-1.02206e-007,-0.000441946
,,,-1.01806e-007,-0.000220973
,,,-1.01406e-007,-0.000441946
,,,-1.01006e-007,-0.000220973
,,,-1.00606e-007,0
,,,-1.00206e-007,0
,,,-9.98063e-008,0
,,,-9.94063e-008,0.000662919
,,,-9.90063e-008,0
,,,-9.86063e-008,-0.000220973
,,,-9.82063e-008,-0.000441946
,,,-9.78063e-008,-0.000220973
,,,-9.74063e-008,0.000883892
,,,-9.70063e-008,-0.000220973
,,,-9.66063e-008,-0.000662919
,,,-9.62063e-008,-0.000220973
,,,-9.58063e-008,0.000441946
,,,-9.54063e-008,0
,,,-9.50063e-008,-0.000883892
,,,-9.46063e-008,-0.000220973
,,,-9.42063e-008,-0.000441946
,,,-9.38063e-008,-0.000883892
,,,-9.34063e-008,-0.000220973
,,,-9.30063e-008,0
,,,-9.26063e-008,-0.000441946
,,,-9.22063e-008,-0.000220973
,,,-9.18063e-008,0.000220973
,,,-9.14063e-008,0.000220973
,,,-9.10063e-008,0
,,,-9.06063e-008,0.000220973
,,,-9.02063e-008,0.000220973
,,,-8.98063e-008,0.000662919
,,,-8.94063e-008,-0.000441946
,,,-8.90063e-008,0.000220973
,,,-8.86063e-008,0.000662919
,,,-8.82063e-008,0
,,,-8.78063e-008,-0.00132584
,,,-8.74063e-008,0.000220973
,,,-8.70063e-008,-0.000662919
,,,-8.66063e-008,0.000220973
,,,-8.62063e-008,0
,,,-8.58063e-008,-0.000220973
,,,-8.54063e-008,-0.000220973
,,,-8.50063e-008,-0.000441946
,,,-8.46063e-008,-0.000441946
,,,-8.42063e-008,0.000441946
,,,-8.38063e-008,0.000662919
,,,-8.34063e-008,0.000220973
,,,-8.30063e-008,-0.000662919
,,,-8.26063e-008,-0.000220973
,,,-8.22063e-008,-0.000662919
,,,-8.18063e-008,-0.000220973
,,,-8.14063e-008,0
,,,-8.10063e-008,-0.000220973
,,,-8.06063e-008,0
,,,-8.02063e-008,0.000441946
,,,-7.98063e-008,0
,,,-7.94063e-008,0.000220973
,,,-7.90063e-008,0
,,,-7.86063e-008,0.000220973
,,,-7.82063e-008,0
,,,-7.78063e-008,0
,,,-7.74063e-008,0
,,,-7.70063e-008,-0.000441946
,,,-7.66063e-008,0
,,,-7.62063e-008,0
,,,-7.58063e-008,0
,,,-7.54063e-008,-0.000220973
,,,-7.50063e-008,0.000883892
,,,-7.46063e-008,0.000441946
,,,-7.42063e-008,-0.000441946
,,,-7.38063e-008,-0.000441946
,,,-7.34063e-008,-0.000220973
,,,-7.30063e-008,0.000441946
,,,-7.26063e-008,0.000662919
,,,-7.22063e-008,0.000220973
,,,-7.18063e-008,0.000441946
,,,-7.14063e-008,-0.000220973
,,,-7.10063e-008,-0.000220973
,,,-7.06063e-008,-0.000441946
,,,-7.02063e-008,0
,,,-6.98063e-008,-0.000220973
,,,-6.94063e-008,0.000662919
,,,-6.90063e-008,-0.000441946
,,,-6.86063e-008,-0.000883892
,,,-6.82063e-008,-0.000220973
,,,-6.78063e-008,-0.000441946
,,,-6.74063e-008,0.00110486
,,,-6.70063e-008,0.000662919
,,,-6.66063e-008,0.000220973
,,,-6.62063e-008,-0.000220973
,,,-6.58063e-008,0.000220973
,,,-6.54063e-008,0.000220973
,,,-6.50063e-008,-0.000220973
,,,-6.46063e-008,-0.000441946
,,,-6.42063e-008,-0.000220973
,,,-6.38063e-008,0.000220973
,,,-6.34063e-008,0
,,,-6.30063e-008,-0.000220973
,,,-6.26063e-008,-0.000220973
,,,-6.22063e-008,0.000883892
,,,-6.18063e-008,0.000441946
,,,-6.14063e-008,0
,,,-6.10063e-008,0.000441946
,,,-6.06063e-008,0
,,,-6.02063e-008,0.000441946
,,,-5.98063e-008,-0.000220973
,,,-5.94063e-008,0
,,,-5.90063e-008,0.000220973
,,,-5.86063e-008,0.000662919
,,,-5.82063e-008,0.000220973
,,,-5.78063e-008,0.000220973
,,,-5.74063e-008,-0.000441946
,,,-5.70063e-008,-0.000662919
,,,-5.66063e-008,0.000441946
,,,-5.62063e-008,0.000662919
,,,-5.58063e-008,0.000220973
,,,-5.54063e-008,0
,,,-5.50063e-008,-0.000441946
,,,-5.46063e-008,0
,,,-5.42063e-008,0.000220973
,,,-5.38063e-008,0.000441946
,,,-5.34063e-008,0
,,,-5.30063e-008,0.000220973
,,,-5.26063e-008,0.000220973
,,,-5.22063e-008,-0.000220973
,,,-5.18063e-008,0.000441946
,,,-5.14063e-008,0
,,,-5.10063e-008,0
,,,-5.06063e-008,0
,,,-5.02063e-008,0.000662919
,,,-4.98063e-008,0.000662919
,,,-4.94063e-008,-0.000220973
,,,-4.90063e-008,-0.000220973
,,,-4.86063e-008,-0.000662919
,,,-4.82063e-008,0.000220973
,,,-4.78063e-008,0.00110486
,,,-4.74063e-008,0.000220973
,,,-4.70063e-008,0
,,,-4.66063e-008,0
,,,-4.62063e-008,0
,,,-4.58063e-008,-0.000883892
,,,-4.54063e-008,-0.000220973
,,,-4.50063e-008,0
,,,-4.46063e-008,0
,,,-4.42063e-008,0
,,,-4.38063e-008,0
,,,-4.34063e-008,0
,,,-4.30063e-008,0.000883892
,,,-4.26063e-008,0
,,,-4.22063e-008,0.000220973
,,,-4.18063e-008,0.000220973
,,,-4.14063e-008,0
,,,-4.10063e-008,0.000220973
,,,-4.06063e-008,-0.000220973
,,,-4.02063e-008,-0.000220973
,,,-3.98063e-008,0.000441946
,,,-3.94063e-008,0.000883892
,,,-3.90063e-008,0.000662919
,,,-3.86063e-008,-0.000662919
,,,-3.82063e-008,-0.000441946
,,,-3.78063e-008,-0.000441946
,,,-3.74063e-008,-0.000441946
,,,-3.70063e-008,-0.000441946
,,,-3.66063e-008,0.000220973
,,,-3.62063e-008,-0.000441946
,,,-3.58063e-008,0.000220973
,,,-3.54063e-008,0.000220973
,,,-3.50063e-008,0.000220973
,,,-3.46063e-008,0.000220973
,,,-3.42063e-008,-0.000441946
,,,-3.38063e-008,0.000441946
,,,-3.34063e-008,0.00132584
,,,-3.30063e-008,0
,,,-3.26063e-008,0.000220973
,,,-3.22063e-008,-0.000441946
,,,-3.18063e-008,0.000220973
,,,-3.14063e-008,-0.000441946
,,,-3.10063e-008,-0.000441946
,,,-3.06063e-008,-0.000220973
,,,-3.02063e-008,-0.000220973
,,,-2.98063e-008,0
,,,-2.94063e-008,0.000220973
,,,-2.90063e-008,0.000220973
,,,-2.86063e-008,-0.000883892
,,,-2.82063e-008,0.000441946
,,,-2.78063e-008,0
,,,-2.74063e-008,0.000220973
,,,-2.70063e-008,0.000220973
,,,-2.66063e-008,-0.000220973
,,,-2.62063e-008,-0.000220973
,,,-2.58063e-008,0
,,,-2.54063e-008,0
,,,-2.50063e-008,-0.000662919
,,,-2.46063e-008,0
,,,-2.42063e-008,0.000220973
,,,-2.38063e-008,0
,,,-2.34063e-008,-0.000220973
,,,-2.30063e-008,0.000220973
,,,-2.26063e-008,0.000662919
,,,-2.22063e-008,0.000220973
,,,-2.18063e-008,-0.000220973
,,,-2.14063e-008,-0.000220973
,,,-2.10063e-008,-0.000441946
,,,-2.06063e-008,0
,,,-2.02063e-008,0.000220973
,,,-1.98063e-008,0.000441946
,,,-1.94063e-008,0
,,,-1.90063e-008,0.000441946
,,,-1.86063e-008,0
,,,-1.82063e-008,0
,,,-1.78063e-008,0.000441946
,,,-1.74063e-008,-0.000220973
,,,-1.70063e-008,-0.000662919
,,,-1.66063e-008,0.000883892
,,,-1.62063e-008,0.000441946
,,,-1.58063e-008,0.000220973
,,,-1.54063e-008,0.000662919
,,,-1.50063e-008,0.000220973
,,,-1.46063e-008,0.000220973
,,,-1.42063e-008,-0.000220973
,,,-1.38063e-008,0
,,,-1.34063e-008,-0.000441946
,,,-1.30063e-008,-0.000662919
,,,-1.26063e-008,-0.000441946
,,,-1.22063e-008,0.000220973
,,,-1.18063e-008,-0.000220973
,,,-1.14063e-008,0.000220973
,,,-1.10063e-008,0.000220973
,,,-1.06063e-008,0.000220973
,,,-1.02063e-008,0.000220973
,,,-9.80634e-009,-0.000220973
,,,-9.40634e-009,0.000220973
,,,-9.00634e-009,-0.000220973
,,,-8.60634e-009,-0.000662919
,,,-8.20634e-009,0.000220973
,,,-7.80634e-009,0.000220973
,,,-7.40634e-009,0
,,,-7.00634e-009,-0.000220973
,,,-6.60634e-009,-0.000441946
,,,-6.20634e-009,0.000220973
,,,-5.80634e-009,-0.000220973
,,,-5.40634e-009,0.000220973
,,,-5.00634e-009,0.000220973
,,,-4.60634e-009,-0.000441946
,,,-4.20634e-009,-0.000441946
,,,-3.80634e-009,-0.000441946
,,,-3.40634e-009,-0.000441946
,,,-3.00634e-009,0.000220973
,,,-2.60634e-009,0.000220973
,,,-2.20634e-009,-0.000220973
,,,-1.80634e-009,0
,,,-1.40634e-009,0
,,,-1.00634e-009,-0.000220973
,,,-6.06339e-010,-0.000441946
,,,-2.06339e-010,-0.000441946
,,,1.93661e-010,0.000220973
,,,5.93661e-010,0.000220973
,,,9.93661e-010,0.000220973
,,,1.39366e-009,0.000220973
,,,1.79366e-009,0.00110486
,,,2.19366e-009,0.000220973
,,,2.59366e-009,0.000220973
,,,2.99366e-009,-0.000220973
,,,3.39366e-009,-0.000441946
,,,3.79366e-009,0.000662919
,,,4.19366e-009,-0.000220973
,,,4.59366e-009,0.000220973
,,,4.99366e-009,-0.000220973
,,,5.39366e-009,0.000220973
,,,5.79366e-009,-0.000220973
,,,6.19366e-009,0.000883892
,,,6.59366e-009,-0.000220973
,,,6.99366e-009,0.000220973
,,,7.39366e-009,0.000662919
,,,7.79366e-009,0.000220973
,,,8.19366e-009,0.000662919
,,,8.59366e-009,0
,,,8.99366e-009,0
,,,9.39366e-009,0
,,,9.79366e-009,0
,,,1.01937e-008,-0.000441946
,,,1.05937e-008,-0.000220973
,,,1.09937e-008,-0.000441946
,,,1.13937e-008,-0.000441946
,,,1.17937e-008,-0.000220973
,,,1.21937e-008,0.000662919
,,,1.25937e-008,0
,,,1.29937e-008,0.000220973
,,,1.33937e-008,0.000220973
,,,1.37937e-008,0
,,,1.41937e-008,-0.000220973
,,,1.45937e-008,-0.000662919
,,,1.49937e-008,-0.000662919
,,,1.53937e-008,-0.000662919
,,,1.57937e-008,0.000441946
,,,1.61937e-008,0
,,,1.65937e-008,-0.000441946
,,,1.69937e-008,-0.000220973
,,,1.73937e-008,0
,,,1.77937e-008,0.000220973
,,,1.81937e-008,-0.000662919
,,,1.85937e-008,0
,,,1.89937e-008,-0.000441946
,,,1.93937e-008,-0.000220973
,,,1.97937e-008,0.000441946
,,,2.01937e-008,0
,,,2.05937e-008,-0.000441946
,,,2.09937e-008,0.000220973
,,,2.13937e-008,0
,,,2.17937e-008,-0.000220973
,,,2.21937e-008,0.000662919
,,,2.25937e-008,-0.000441946
,,,2.29937e-008,0.000441946
,,,2.33937e-008,0.000883892
,,,2.37937e-008,0.000662919
,,,2.41937e-008,0.000662919
,,,2.45937e-008,0
,,,2.49937e-008,-0.000220973
,,,2.53937e-008,0.000441946
,,,2.57937e-008,0.000220973
,,,2.61937e-008,-0.000220973
,,,2.65937e-008,0.000220973
,,,2.69937e-008,0
,,,2.73937e-008,0
,,,2.77937e-008,-0.000220973
,,,2.81937e-008,-0.000220973
,,,2.85937e-008,-0.000441946
,,,2.89937e-008,0
,,,2.93937e-008,0.000441946
,,,2.97937e-008,-0.000441946
,,,3.01937e-008,0.000662919
,,,3.05937e-008,0.000220973
,,,3.09937e-008,0
,,,3.13937e-008,0
,,,3.17937e-008,0.000441946
,,,3.21937e-008,0.000441946
,,,3.25937e-008,0.000220973
,,,3.29937e-008,-0.000220973
,,,3.33937e-008,-0.000220973
,,,3.37937e-008,-0.000220973
,,,3.41937e-008,0
,,,3.45937e-008,-0.000441946
,,,3.49937e-008,0.000662919
,,,3.53937e-008,-0.000220973
,,,3.57937e-008,-0.000441946
,,,3.61937e-008,0
,,,3.65937e-008,0
,,,3.69937e-008,0.000441946
,,,3.73937e-008,0
,,,3.77937e-008,0
,,,3.81937e-008,0.000220973
,,,3.85937e-008,0.000220973
,,,3.89937e-008,-0.000220973
,,,3.93937e-008,0
,,,3.97937e-008,0
,,,4.01937e-008,0.000220973
,,,4.05937e-008,-0.000220973
,,,4.09937e-008,0.000220973
,,,4.13937e-008,-0.000441946
,,,4.17937e-008,-0.000662919
,,,4.21937e-008,-0.000441946
,,,4.25937e-008,-0.000220973
,,,4.29937e-008,0
,,,4.33937e-008,0.000220973
,,,4.37937e-008,0
,,,4.41937e-008,0.000220973
,,,4.45937e-008,0.000441946
,,,4.49937e-008,-0.000220973
,,,4.53937e-008,0.000220973
,,,4.57937e-008,0.000220973
,,,4.61937e-008,0.000441946
,,,4.65937e-008,0.000220973
,,,4.69937e-008,0.000220973
,,,4.73937e-008,-0.000220973
,,,4.77937e-008,0.000220973
,,,4.81937e-008,0.000220973
,,,4.85937e-008,0
,,,4.89937e-008,-0.000662919
,,,4.93937e-008,-0.000441946
,,,4.97937e-008,0
,,,5.01937e-008,0.000220973
,,,5.05937e-008,0.000662919
,,,5.09937e-008,-0.000220973
,,,5.13937e-008,0
,,,5.17937e-008,0.000220973
,,,5.21937e-008,0
,,,5.25937e-008,0.000220973
,,,5.29937e-008,0.000441946
,,,5.33937e-008,-0.000220973
,,,5.37937e-008,0
,,,5.41937e-008,0.000441946
,,,5.45937e-008,0
,,,5.49937e-008,0.000220973
,,,5.53937e-008,0.000220973
,,,5.57937e-008,-0.000662919
,,,5.61937e-008,0
,,,5.65937e-008,0
,,,5.69937e-008,-0.000662919
,,,5.73937e-008,0
,,,5.77937e-008,-0.000662919
,,,5.81937e-008,0
,,,5.85937e-008,0
,,,5.89937e-008,-0.000220973
,,,5.93937e-008,-0.000662919
,,,5.97937e-008,-0.000220973
,,,6.01937e-008,0
,,,6.05937e-008,0.000220973
,,,6.09937e-008,0
,,,6.13937e-008,0.000883892
,,,6.17937e-008,-0.000220973
,,,6.21937e-008,0.000220973
,,,6.25937e-008,0
,,,6.29937e-008,0
,,,6.33937e-008,0
,,,6.37937e-008,0
,,,6.41937e-008,-0.000441946
,,,6.45937e-008,0.000220973
,,,6.49937e-008,-0.000662919
,,,6.53937e-008,0
,,,6.57937e-008,-0.000883892
,,,6.61937e-008,-0.000883892
,,,6.65937e-008,-0.000662919
,,,6.69937e-008,0.000441946
,,,6.73937e-008,0.000441946
,,,6.77937e-008,0.000220973
,,,6.81937e-008,0.000441946
,,,6.85937e-008,0.000441946
,,,6.89937e-008,0.000883892
,,,6.93937e-008,0.000441946
,,,6.97937e-008,0.000441946
,,,7.01937e-008,0.000220973
,,,7.05937e-008,-0.000662919
,,,7.09937e-008,0
,,,7.13937e-008,0
,,,7.17937e-008,0.000220973
,,,7.21937e-008,0.000441946
,,,7.25937e-008,0.000441946
,,,7.29937e-008,-0.000441946
,,,7.33937e-008,0.000662919
,,,7.37937e-008,0.000441946
,,,7.41937e-008,0.000220973
,,,7.45937e-008,0.000441946
,,,7.49937e-008,-0.00110486
,,,7.53937e-008,0
,,,7.57937e-008,0.000441946
,,,7.61937e-008,0.000220973
,,,7.65937e-008,0.000662919
,,,7.69937e-008,0.000220973
,,,7.73937e-008,0
,,,7.77937e-008,-0.000220973
,,,7.81937e-008,-0.000662919
,,,7.85937e-008,-0.000883892
,,,7.89937e-008,-0.000441946
,,,7.93937e-008,0.00110486
,,,7.97937e-008,0.000441946
,,,8.01937e-008,0
,,,8.05937e-008,-0.000220973
,,,8.09937e-008,-0.000220973
,,,8.13937e-008,0
,,,8.17937e-008,0.000662919
,,,8.21937e-008,-0.000662919
,,,8.25937e-008,-0.000662919
,,,8.29937e-008,0
,,,8.33937e-008,-0.000441946
,,,8.37937e-008,0.000220973
,,,8.41937e-008,0.000441946
,,,8.45937e-008,0.000220973
,,,8.49937e-008,-0.000220973
,,,8.53937e-008,-0.000441946
,,,8.57937e-008,-0.000220973
,,,8.61937e-008,0
,,,8.65937e-008,0
,,,8.69937e-008,0
,,,8.73937e-008,0.000220973
,,,8.77937e-008,0.000220973
,,,8.81937e-008,-0.000662919
,,,8.85937e-008,-0.000220973
,,,8.89937e-008,0.000662919
,,,8.93937e-008,0
,,,8.97937e-008,0
,,,9.01937e-008,-0.000220973
,,,9.05937e-008,-0.000441946
,,,9.09937e-008,0.000220973
,,,9.13937e-008,-0.000220973
,,,9.17937e-008,0.000220973
,,,9.21937e-008,0
,,,9.25937e-008,0.00110486
,,,9.29937e-008,0.00110486
,,,9.33937e-008,0.00154681
,,,9.37937e-008,0.00132584
,,,9.41937e-008,0.00176778
,,,9.45937e-008,0.00198876
,,,9.49937e-008,0.00220973
,,,9.53937e-008,0.00464043
,,,9.57937e-008,0.00596627
,,,9.61937e-008,0.0057453
,,,9.65937e-008,0.00685016
,,,9.69937e-008,0.00751308
,,,9.73937e-008,0.00905989
,,,9.77937e-008,0.0106067
,,,9.81937e-008,0.0114906
,,,9.85937e-008,0.0130374
,,,9.89937e-008,0.0130374
,,,9.93937e-008,0.0139213
,,,9.97937e-008,0.0152471
,,,1.00194e-007,0.0148052
,,,1.00594e-007,0.0152471
,,,1.00994e-007,0.0167939
,,,1.01394e-007,0.016131
,,,1.01794e-007,0.016573
,,,1.02194e-007,0.0167939
,,,1.02594e-007,0.0167939
,,,1.02994e-007,0.016573
,,,1.03394e-007,0.0170149
,,,1.03794e-007,0.0172359
,,,1.04194e-007,0.0181198
,,,1.04594e-007,0.0172359
,,,1.04994e-007,0.0172359
,,,1.05394e-007,0.0174569
,,,1.05794e-007,0.0174569
,,,1.06194e-007,0.0174569
,,,1.06594e-007,0.016573
,,,1.06994e-007,0.0167939
,,,1.07394e-007,0.0167939
,,,1.07794e-007,0.0176778
,,,1.08194e-007,0.0176778
,,,1.08594e-007,0.0178988
,,,1.08994e-007,0.0185617
,,,1.09394e-007,0.0176778
,,,1.09794e-007,0.0174569
,,,1.10194e-007,0.0183408
,,,1.10594e-007,0.0174569
,,,1.10994e-007,0.0181198
,,,1.11394e-007,0.0174569
,,,1.11794e-007,0.0178988
,,,1.12194e-007,0.0172359
,,,1.12594e-007,0.0174569
,,,1.12994e-007,0.0167939
,,,1.13394e-007,0.0176778
,,,1.13794e-007,0.0170149
,,,1.14194e-007,0.0170149
,,,1.14594e-007,0.0174569
,,,1.14994e-007,0.0172359
,,,1.15394e-007,0.0174569
,,,1.15794e-007,0.0172359
,,,1.16194e-007,0.0174569
,,,1.16594e-007,0.0170149
,,,1.16994e-007,0.0181198
,,,1.17394e-007,0.0178988
,,,1.17794e-007,0.0174569
,,,1.18194e-007,0.0174569
,,,1.18594e-007,0.0174569
,,,1.18994e-007,0.0178988
,,,1.19394e-007,0.0178988
,,,1.19794e-007,0.0172359
,,,1.20194e-007,0.0181198
,,,1.20594e-007,0.0181198
,,,1.20994e-007,0.0178988
,,,1.21394e-007,0.0176778
,,,1.21794e-007,0.0178988
,,,1.22194e-007,0.0185617
,,,1.22594e-007,0.0194456
,,,1.22994e-007,0.0192246
,,,1.23394e-007,0.0190037
,,,1.23794e-007,0.0196666
,,,1.24194e-007,0.0196666
,,,1.24594e-007,0.0209924
,,,1.24994e-007,0.0203295
,,,1.25394e-007,0.0207715
,,,1.25794e-007,0.0203295
,,,1.26194e-007,0.0209924
,,,1.26594e-007,0.0205505
,,,1.26994e-007,0.0207715
,,,1.27394e-007,0.0201085
,,,1.27794e-007,0.0203295
,,,1.28194e-007,0.0196666
,,,1.28594e-007,0.0194456
,,,1.28994e-007,0.0190037
,,,1.29394e-007,0.0192246
,,,1.29794e-007,0.0183408
,,,1.30194e-007,0.0176778
,,,1.30594e-007,0.0178988
,,,1.30994e-007,0.0170149
,,,1.31394e-007,0.0170149
,,,1.31794e-007,0.0172359
,,,1.32194e-007,0.0167939
,,,1.32594e-007,0.0174569
,,,1.32994e-007,0.0170149
,,,1.33394e-007,0.0172359
,,,1.33794e-007,0.0167939
,,,1.34194e-007,0.0176778
,,,1.34594e-007,0.0172359
,,,1.34994e-007,0.016131
,,,1.35394e-007,0.0172359
,,,1.35794e-007,0.0167939
,,,1.36194e-007,0.0167939
,,,1.36594e-007,0.0159101
,,,1.36994e-007,0.0152471
,,,1.37394e-007,0.0159101
,,,1.37794e-007,0.0172359
,,,1.38194e-007,0.016352
,,,1.38594e-007,0.0154681
,,,1.38994e-007,0.0159101
,,,1.39394e-007,0.016131
,,,1.39794e-007,0.0159101
,,,1.40194e-007,0.016352
,,,1.40594e-007,0.0159101
,,,1.40994e-007,0.0154681
,,,1.41394e-007,0.0152471
,,,1.41794e-007,0.0154681
,,,1.42194e-007,0.0159101
,,,1.42594e-007,0.0154681
,,,1.42994e-007,0.0150262
,,,1.43394e-007,0.016131
,,,1.43794e-007,0.0148052
,,,1.44194e-007,0.0148052
,,,1.44594e-007,0.0152471
,,,1.44994e-007,0.0150262
,,,1.45394e-007,0.0145842
,,,1.45794e-007,0.0148052
,,,1.46194e-007,0.0143632
,,,1.46594e-007,0.0152471
,,,1.46994e-007,0.0150262
,,,1.47394e-007,0.0148052
,,,1.47794e-007,0.0150262
,,,1.48194e-007,0.0143632
,,,1.48594e-007,0.0141423
,,,1.48994e-007,0.0143632
,,,1.49394e-007,0.0137003
,,,1.49794e-007,0.0143632
,,,1.50194e-007,0.0148052
,,,1.50594e-007,0.0143632
,,,1.50994e-007,0.0143632
,,,1.51394e-007,0.0139213
,,,1.51794e-007,0.0145842
,,,1.52194e-007,0.0145842
,,,1.52594e-007,0.0141423
,,,1.52994e-007,0.0139213
,,,1.53394e-007,0.0143632
,,,1.53794e-007,0.0139213
,,,1.54194e-007,0.0134794
,,,1.54594e-007,0.0134794
,,,1.54994e-007,0.0128164
,,,1.55394e-007,0.0128164
,,,1.55794e-007,0.0117116
,,,1.56194e-007,0.0121535
,,,1.56594e-007,0.0112696
,,,1.56994e-007,0.0114906
,,,1.57394e-007,0.0123745
,,,1.57794e-007,0.0117116
,,,1.58194e-007,0.0119325
,,,1.58594e-007,0.0117116
,,,1.58994e-007,0.0121535
,,,1.59394e-007,0.0119325
,,,1.59794e-007,0.0125955
,,,1.60194e-007,0.0114906
,,,1.60594e-007,0.0119325
,,,1.60994e-007,0.0112696
,,,1.61394e-007,0.0110486
,,,1.61794e-007,0.0112696
,,,1.62194e-007,0.0117116
,,,1.62594e-007,0.0119325
,,,1.62994e-007,0.0119325
,,,1.63394e-007,0.0110486
,,,1.63794e-007,0.0121535
,,,1.64194e-007,0.0119325
,,,1.64594e-007,0.0119325
,,,1.64994e-007,0.0119325
,,,1.65394e-007,0.0121535
,,,1.65794e-007,0.0123745
,,,1.66194e-007,0.0123745
,,,1.66594e-007,0.0123745
,,,1.66994e-007,0.0121535
,,,1.67394e-007,0.0130374
,,,1.67794e-007,0.0123745
,,,1.68194e-007,0.0117116
,,,1.68594e-007,0.0123745
,,,1.68994e-007,0.0119325
,,,1.69394e-007,0.0119325
,,,1.69794e-007,0.0125955
,,,1.70194e-007,0.0117116
,,,1.70594e-007,0.0121535
,,,1.70994e-007,0.0123745
,,,1.71394e-007,0.0117116
,,,1.71794e-007,0.0114906
,,,1.72194e-007,0.0114906
,,,1.72594e-007,0.0121535
,,,1.72994e-007,0.0121535
,,,1.73394e-007,0.0128164
,,,1.73794e-007,0.0123745
,,,1.74194e-007,0.0125955
,,,1.74594e-007,0.0121535
,,,1.74994e-007,0.0121535
,,,1.75394e-007,0.0123745
,,,1.75794e-007,0.0128164
,,,1.76194e-007,0.0123745
,,,1.76594e-007,0.0128164
,,,1.76994e-007,0.0121535
,,,1.77394e-007,0.0125955
,,,1.77794e-007,0.0125955
,,,1.78194e-007,0.0121535
,,,1.78594e-007,0.0117116
,,,1.78994e-007,0.0121535
,,,1.79394e-007,0.0121535
,,,1.79794e-007,0.0123745
,,,1.80194e-007,0.0121535
,,,1.80594e-007,0.0130374
,,,1.80994e-007,0.0125955
,,,1.81394e-007,0.0125955
,,,1.81794e-007,0.0117116
,,,1.82194e-007,0.0121535
,,,1.82594e-007,0.0119325
,,,1.82994e-007,0.0114906
,,,1.83394e-007,0.0119325
,,,1.83794e-007,0.0121535
,,,1.84194e-007,0.0121535
,,,1.84594e-007,0.0117116
,,,1.84994e-007,0.0125955
,,,1.85394e-007,0.0130374
,,,1.85794e-007,0.0123745
,,,1.86194e-007,0.0123745
,,,1.86594e-007,0.0128164
,,,1.86994e-007,0.0119325
,,,1.87394e-007,0.0125955
,,,1.87794e-007,0.0130374
,,,1.88194e-007,0.0132584
,,,1.88594e-007,0.0134794
,,,1.88994e-007,0.0134794
,,,1.89394e-007,0.0130374
,,,1.89794e-007,0.0123745
,,,1.90194e-007,0.0134794
,,,1.90594e-007,0.0132584
,,,1.90994e-007,0.0132584
,,,1.91394e-007,0.0134794
,,,1.91794e-007,0.0145842
,,,1.92194e-007,0.0130374
,,,1.92594e-007,0.0134794
,,,1.92994e-007,0.0134794
,,,1.93394e-007,0.0132584
,,,1.93794e-007,0.0137003
,,,1.94194e-007,0.0130374
,,,1.94594e-007,0.0130374
,,,1.94994e-007,0.0132584
,,,1.95394e-007,0.0134794
,,,1.95794e-007,0.0132584
,,,1.96194e-007,0.0128164
,,,1.96594e-007,0.0123745
,,,1.96994e-007,0.0125955
,,,1.97394e-007,0.0123745
,,,1.97794e-007,0.0132584
,,,1.98194e-007,0.0128164
,,,1.98594e-007,0.0132584
,,,1.98994e-007,0.0130374
,,,1.99394e-007,0.0130374
,,,1.99794e-007,0.0123745
,,,2.00194e-007,0.0125955
,,,2.00594e-007,0.0130374
,,,2.00994e-007,0.0128164
,,,2.01394e-007,0.0119325
,,,2.01794e-007,0.0128164
,,,2.02194e-007,0.0130374
,,,2.02594e-007,0.0117116
,,,2.02994e-007,0.0117116
,,,2.03394e-007,0.0108277
,,,2.03794e-007,0.0112696
,,,2.04194e-007,0.0108277
,,,2.04594e-007,0.0125955
,,,2.04994e-007,0.0114906
,,,2.05394e-007,0.0114906
,,,2.05794e-007,0.0101648
,,,2.06194e-007,0.0110486
,,,2.06594e-007,0.0108277
,,,2.06994e-007,0.0108277
,,,2.07394e-007,0.0112696
,,,2.07794e-007,0.0101648
,,,2.08194e-007,0.00928087
,,,2.08594e-007,0.00883892
,,,2.08994e-007,0.00905989
,,,2.09394e-007,0.00861795
,,,2.09794e-007,0.00795503
,,,2.10194e-007,0.008176
,,,2.10594e-007,0.00707114
,,,2.10994e-007,0.00685016
,,,2.11394e-007,0.00596627
,,,2.11794e-007,0.00662919
,,,2.12194e-007,0.00596627
,,,2.12594e-007,0.00530335
,,,2.12994e-007,0.00508238
,,,2.13394e-007,0.00552432
,,,2.13794e-007,0.00486141
,,,2.14194e-007,0.00508238
,,,2.14594e-007,0.00419849
,,,2.14994e-007,0.00441946
,,,2.15394e-007,0.00397751
,,,2.15794e-007,0.00331459
,,,2.16194e-007,0.00353557
,,,2.16594e-007,0.00353557
,,,2.16994e-007,0.00353557
,,,2.17394e-007,0.00331459
,,,2.17794e-007,0.00265168
,,,2.18194e-007,0.00176778
,,,2.18594e-007,0.00220973
,,,2.18994e-007,0.00198876
,,,2.19394e-007,0.00198876
,,,2.19794e-007,0.00198876
,,,2.20194e-007,0.00198876
,,,2.20594e-007,0.00220973
,,,2.20994e-007,0.0024307
,,,2.21394e-007,0.00198876
,,,2.21794e-007,0.00309362
,,,2.22194e-007,0.00132584
,,,2.22594e-007,0.00110486
,,,2.22994e-007,0.000883892
,,,2.23394e-007,0.00110486
,,,2.23794e-007,0.00132584
,,,2.24194e-007,0.000441946
,,,2.24594e-007,0.00132584
,,,2.24994e-007,0.000662919
,,,2.25394e-007,0.00110486
,,,2.25794e-007,0.00110486
,,,2.26194e-007,0.000220973
,,,2.26594e-007,0.000662919
,,,2.26994e-007,0.000883892
,,,2.27394e-007,0
,,,2.27794e-007,0.000662919
,,,2.28194e-007,0.000441946
,,,2.28594e-007,0.00132584
,,,2.28994e-007,0.000662919
,,,2.29394e-007,0.000220973
,,,2.29794e-007,0.000220973
,,,2.30194e-007,0.000441946
,,,2.30594e-007,0.000662919
,,,2.30994e-007,0
,,,2.31394e-007,0.000441946
,,,2.31794e-007,0.000441946
,,,2.32194e-007,0.000662919
,,,2.32594e-007,0.000441946
,,,2.32994e-007,0.000662919
,,,2.33394e-007,0.000220973
,,,2.33794e-007,0.000662919
,,,2.34194e-007,0
,,,2.34594e-007,-0.000662919
,,,2.34994e-007,0
,,,2.35394e-007,0
,,,2.35794e-007,0.000441946
,,,2.36194e-007,-0.000220973
,,,2.36594e-007,0.000441946
,,,2.36994e-007,-0.000662919
,,,2.37394e-007,0.000441946
,,,2.37794e-007,0
,,,2.38194e-007,-0.000441946
,,,2.38594e-007,-0.000662919
,,,2.38994e-007,-0.000220973
,,,2.39394e-007,0.000220973
,,,2.39794e-007,-0.000441946
,,,2.40194e-007,-0.000441946
,,,2.40594e-007,-0.000441946
,,,2.40994e-007,-0.000662919
,,,2.41394e-007,-0.000441946
,,,2.41794e-007,-0.000662919
,,,2.42194e-007,-0.00154681
,,,2.42594e-007,-0.000662919
,,,2.42994e-007,-0.000441946
,,,2.43394e-007,-0.000662919
,,,2.43794e-007,-0.000220973
,,,2.44194e-007,-0.000220973
,,,2.44594e-007,-0.000883892
,,,2.44994e-007,-0.000220973
,,,2.45394e-007,-0.000883892
,,,2.45794e-007,-0.000441946
,,,2.46194e-007,-0.000220973
,,,2.46594e-007,0
,,,2.46994e-007,-0.000441946
,,,2.47394e-007,-0.000441946
,,,2.47794e-007,0
,,,2.48194e-007,-0.000220973
,,,2.48594e-007,0.000662919
,,,2.48994e-007,-0.000220973
,,,2.49394e-007,-0.000441946
,,,2.49794e-007,-0.000220973
,,,2.50194e-007,-0.000662919
