"Record Length",1252,"Points",-2.50184e-007,0
"Sample Interval",4e-010,s,-2.49784e-007,-0.000441946
"Trigger Point",625,"Samples",-2.49384e-007,0
"Trigger Time",0.460171,s,-2.48984e-007,-0.000441946
,,,-2.48584e-007,0
"Horizontal Offset",-2.50184e-007,s,-2.48184e-007,-0.000441946
,,,-2.47784e-007,0.000662919
,,,-2.47384e-007,0.000441946
,,,-2.46984e-007,0.000220973
,,,-2.46584e-007,-0.000441946
,,,-2.46184e-007,0.000441946
,,,-2.45784e-007,0.000220973
,,,-2.45384e-007,0
,,,-2.44984e-007,0.000662919
,,,-2.44584e-007,0.000220973
,,,-2.44184e-007,-0.000441946
,,,-2.43784e-007,0.000441946
,,,-2.43384e-007,0
,,,-2.42984e-007,0
,,,-2.42584e-007,0.000662919
,,,-2.42184e-007,0.000220973
,,,-2.41784e-007,-0.000220973
,,,-2.41384e-007,0
,,,-2.40984e-007,0.000662919
,,,-2.40584e-007,0.000220973
,,,-2.40184e-007,-0.000441946
,,,-2.39784e-007,0.000220973
,,,-2.39384e-007,0.000220973
,,,-2.38984e-007,0.000220973
,,,-2.38584e-007,0
,,,-2.38184e-007,0.000662919
,,,-2.37784e-007,0.000441946
,,,-2.37384e-007,0.000662919
,,,-2.36984e-007,0.000662919
,,,-2.36584e-007,0
,,,-2.36184e-007,0
,,,-2.35784e-007,0.000441946
,,,-2.35384e-007,0
,,,-2.34984e-007,-0.000662919
,,,-2.34584e-007,0.000220973
,,,-2.34184e-007,0.000441946
,,,-2.33784e-007,-0.000220973
,,,-2.33384e-007,0.000220973
,,,-2.32984e-007,0.000662919
,,,-2.32584e-007,0.000220973
,,,-2.32184e-007,0.000220973
,,,-2.31784e-007,0.000662919
,,,-2.31384e-007,0
,,,-2.30984e-007,0
,,,-2.30584e-007,0.000662919
,,,-2.30184e-007,0
,,,-2.29784e-007,0.000441946
,,,-2.29384e-007,0.000220973
,,,-2.28984e-007,0.000220973
,,,-2.28584e-007,0.000220973
,,,-2.28184e-007,0
,,,-2.27784e-007,0.000441946
,,,-2.27384e-007,0.000220973
,,,-2.26984e-007,0
,,,-2.26584e-007,0
,,,-2.26184e-007,0
,,,-2.25784e-007,0
,,,-2.25384e-007,0
,,,-2.24984e-007,-0.000220973
,,,-2.24584e-007,0.000441946
,,,-2.24184e-007,-0.000662919
,,,-2.23784e-007,0
,,,-2.23384e-007,0.000220973
,,,-2.22984e-007,-0.000220973
,,,-2.22584e-007,0.000662919
,,,-2.22184e-007,0.000662919
,,,-2.21784e-007,-0.000220973
,,,-2.21384e-007,0.000220973
,,,-2.20984e-007,-0.000220973
,,,-2.20584e-007,0.000220973
,,,-2.20184e-007,0
,,,-2.19784e-007,0
,,,-2.19384e-007,-0.000441946
,,,-2.18984e-007,0.000441946
,,,-2.18584e-007,-0.000220973
,,,-2.18184e-007,-0.000220973
,,,-2.17784e-007,-0.000220973
,,,-2.17384e-007,0.000441946
,,,-2.16984e-007,-0.000220973
,,,-2.16584e-007,0.000220973
,,,-2.16184e-007,-0.000441946
,,,-2.15784e-007,0.000441946
,,,-2.15384e-007,0.000220973
,,,-2.14984e-007,0.000441946
,,,-2.14584e-007,-0.000220973
,,,-2.14184e-007,0
,,,-2.13784e-007,0.00132584
,,,-2.13384e-007,0.000662919
,,,-2.12984e-007,0
,,,-2.12584e-007,0.000883892
,,,-2.12184e-007,0
,,,-2.11784e-007,0.000441946
,,,-2.11384e-007,0.000662919
,,,-2.10984e-007,-0.000220973
,,,-2.10584e-007,-0.000220973
,,,-2.10184e-007,-0.000220973
,,,-2.09784e-007,0.000220973
,,,-2.09384e-007,0.000441946
,,,-2.08984e-007,0.000883892
,,,-2.08584e-007,0.000441946
,,,-2.08184e-007,0.000220973
,,,-2.07784e-007,0.000883892
,,,-2.07384e-007,0
,,,-2.06984e-007,0.000441946
,,,-2.06584e-007,0.000220973
,,,-2.06184e-007,0
,,,-2.05784e-007,-0.000441946
,,,-2.05384e-007,-0.000220973
,,,-2.04984e-007,0.000441946
,,,-2.04584e-007,-0.000220973
,,,-2.04184e-007,0.000220973
,,,-2.03784e-007,-0.000441946
,,,-2.03384e-007,-0.000441946
,,,-2.02984e-007,-0.000220973
,,,-2.02584e-007,-0.000220973
,,,-2.02184e-007,-0.000441946
,,,-2.01784e-007,0
,,,-2.01384e-007,0
,,,-2.00984e-007,0
,,,-2.00584e-007,0.000883892
,,,-2.00184e-007,-0.000220973
,,,-1.99784e-007,0
,,,-1.99384e-007,0
,,,-1.98984e-007,-0.000220973
,,,-1.98584e-007,-0.000220973
,,,-1.98184e-007,0.000220973
,,,-1.97784e-007,0
,,,-1.97384e-007,0
,,,-1.96984e-007,-0.000220973
,,,-1.96584e-007,0
,,,-1.96184e-007,0
,,,-1.95784e-007,0
,,,-1.95384e-007,-0.000441946
,,,-1.94984e-007,-0.000883892
,,,-1.94584e-007,-0.000220973
,,,-1.94184e-007,0
,,,-1.93784e-007,-0.000441946
,,,-1.93384e-007,0.000441946
,,,-1.92984e-007,0.000220973
,,,-1.92584e-007,0.000883892
,,,-1.92184e-007,0.000441946
,,,-1.91784e-007,-0.000220973
,,,-1.91384e-007,0
,,,-1.90984e-007,0
,,,-1.90584e-007,0.000441946
,,,-1.90184e-007,0
,,,-1.89784e-007,-0.000220973
,,,-1.89384e-007,0.000220973
,,,-1.88984e-007,-0.000441946
,,,-1.88584e-007,0.000220973
,,,-1.88184e-007,0.000220973
,,,-1.87784e-007,-0.000220973
,,,-1.87384e-007,-0.000441946
,,,-1.86984e-007,-0.000441946
,,,-1.86584e-007,0
,,,-1.86184e-007,-0.000220973
,,,-1.85784e-007,0.000220973
,,,-1.85384e-007,0.000662919
,,,-1.84984e-007,0.000441946
,,,-1.84584e-007,-0.000220973
,,,-1.84184e-007,0
,,,-1.83784e-007,0.000883892
,,,-1.83384e-007,0.000220973
,,,-1.82984e-007,0
,,,-1.82584e-007,-0.000220973
,,,-1.82184e-007,0.000662919
,,,-1.81784e-007,0.000220973
,,,-1.81384e-007,0.000662919
,,,-1.80984e-007,0.000220973
,,,-1.80584e-007,0.000441946
,,,-1.80184e-007,0.000220973
,,,-1.79784e-007,0.000220973
,,,-1.79384e-007,0.000441946
,,,-1.78984e-007,0.000220973
,,,-1.78584e-007,0.000220973
,,,-1.78184e-007,0
,,,-1.77784e-007,-0.000220973
,,,-1.77384e-007,0
,,,-1.76984e-007,0.000441946
,,,-1.76584e-007,0.000441946
,,,-1.76184e-007,0.000441946
,,,-1.75784e-007,0
,,,-1.75384e-007,0.000441946
,,,-1.74984e-007,0.000220973
,,,-1.74584e-007,0.000220973
,,,-1.74184e-007,0.000662919
,,,-1.73784e-007,0.000220973
,,,-1.73384e-007,0.000662919
,,,-1.72984e-007,0.000441946
,,,-1.72584e-007,0
,,,-1.72184e-007,0
,,,-1.71784e-007,0.000220973
,,,-1.71384e-007,0
,,,-1.70984e-007,-0.000220973
,,,-1.70584e-007,-0.000662919
,,,-1.70184e-007,-0.000220973
,,,-1.69784e-007,0.000220973
,,,-1.69384e-007,-0.000220973
,,,-1.68984e-007,0.000441946
,,,-1.68584e-007,0.000662919
,,,-1.68184e-007,0.000220973
,,,-1.67784e-007,-0.000441946
,,,-1.67384e-007,0.000220973
,,,-1.66984e-007,0.000220973
,,,-1.66584e-007,0.000220973
,,,-1.66184e-007,0.000441946
,,,-1.65784e-007,0.000441946
,,,-1.65384e-007,0.000220973
,,,-1.64984e-007,0
,,,-1.64584e-007,0
,,,-1.64184e-007,0
,,,-1.63784e-007,0.000220973
,,,-1.63384e-007,0.000441946
,,,-1.62984e-007,0.000441946
,,,-1.62584e-007,-0.000220973
,,,-1.62184e-007,-0.000220973
,,,-1.61784e-007,0
,,,-1.61384e-007,0.000441946
,,,-1.60984e-007,0
,,,-1.60584e-007,0.000441946
,,,-1.60184e-007,0.000220973
,,,-1.59784e-007,0.000220973
,,,-1.59384e-007,0
,,,-1.58984e-007,0.000441946
,,,-1.58584e-007,0.000441946
,,,-1.58184e-007,0
,,,-1.57784e-007,0.000220973
,,,-1.57384e-007,0.000662919
,,,-1.56984e-007,0.000220973
,,,-1.56584e-007,0.000662919
,,,-1.56184e-007,0.000883892
,,,-1.55784e-007,-0.000441946
,,,-1.55384e-007,0
,,,-1.54984e-007,-0.000220973
,,,-1.54584e-007,-0.000220973
,,,-1.54184e-007,-0.000441946
,,,-1.53784e-007,-0.000220973
,,,-1.53384e-007,0.000883892
,,,-1.52984e-007,0.000220973
,,,-1.52584e-007,0.000662919
,,,-1.52184e-007,-0.000441946
,,,-1.51784e-007,0.00110486
,,,-1.51384e-007,0.000662919
,,,-1.50984e-007,0
,,,-1.50584e-007,0.000441946
,,,-1.50184e-007,0
,,,-1.49784e-007,-0.000662919
,,,-1.49384e-007,0
,,,-1.48984e-007,-0.000220973
,,,-1.48584e-007,0.000662919
,,,-1.48184e-007,0.000441946
,,,-1.47784e-007,-0.000441946
,,,-1.47384e-007,0
,,,-1.46984e-007,0.000441946
,,,-1.46584e-007,0.000441946
,,,-1.46184e-007,-0.000220973
,,,-1.45784e-007,-0.000883892
,,,-1.45384e-007,-0.000441946
,,,-1.44984e-007,0
,,,-1.44584e-007,0.000662919
,,,-1.44184e-007,0.000662919
,,,-1.43784e-007,0.000441946
,,,-1.43384e-007,0
,,,-1.42984e-007,0.000220973
,,,-1.42584e-007,0.000662919
,,,-1.42184e-007,0.000220973
,,,-1.41784e-007,0.000441946
,,,-1.41384e-007,0
,,,-1.40984e-007,0.000441946
,,,-1.40584e-007,0
,,,-1.40184e-007,0.000220973
,,,-1.39784e-007,0.000441946
,,,-1.39384e-007,0.000441946
,,,-1.38984e-007,0.000220973
,,,-1.38584e-007,-0.000662919
,,,-1.38184e-007,0
,,,-1.37784e-007,0.000220973
,,,-1.37384e-007,0.000662919
,,,-1.36984e-007,0.000441946
,,,-1.36584e-007,-0.000220973
,,,-1.36184e-007,0.000662919
,,,-1.35784e-007,0.000662919
,,,-1.35384e-007,0.000441946
,,,-1.34984e-007,0.000220973
,,,-1.34584e-007,0.000441946
,,,-1.34184e-007,0
,,,-1.33784e-007,0.000220973
,,,-1.33384e-007,0.000662919
,,,-1.32984e-007,0
,,,-1.32584e-007,0.000220973
,,,-1.32184e-007,-0.000441946
,,,-1.31784e-007,-0.000220973
,,,-1.31384e-007,0.000220973
,,,-1.30984e-007,0.000441946
,,,-1.30584e-007,0.000441946
,,,-1.30184e-007,0.000441946
,,,-1.29784e-007,-0.000441946
,,,-1.29384e-007,0
,,,-1.28984e-007,-0.000220973
,,,-1.28584e-007,0
,,,-1.28184e-007,-0.000441946
,,,-1.27784e-007,0.000220973
,,,-1.27384e-007,-0.000441946
,,,-1.26984e-007,0.000220973
,,,-1.26584e-007,0.000220973
,,,-1.26184e-007,0.000220973
,,,-1.25784e-007,0.000662919
,,,-1.25384e-007,0.000220973
,,,-1.24984e-007,0.000220973
,,,-1.24584e-007,-0.000220973
,,,-1.24184e-007,0.000441946
,,,-1.23784e-007,0.00110486
,,,-1.23384e-007,0
,,,-1.22984e-007,-0.000220973
,,,-1.22584e-007,0.000220973
,,,-1.22184e-007,0
,,,-1.21784e-007,-0.000662919
,,,-1.21384e-007,0
,,,-1.20984e-007,0.000220973
,,,-1.20584e-007,0.000662919
,,,-1.20184e-007,0
,,,-1.19784e-007,0.000220973
,,,-1.19384e-007,0.000220973
,,,-1.18984e-007,0.000662919
,,,-1.18584e-007,0.000662919
,,,-1.18184e-007,0.000220973
,,,-1.17784e-007,0
,,,-1.17384e-007,-0.000441946
,,,-1.16984e-007,0
,,,-1.16584e-007,0
,,,-1.16184e-007,0
,,,-1.15784e-007,-0.000441946
,,,-1.15384e-007,-0.000220973
,,,-1.14984e-007,-0.000220973
,,,-1.14584e-007,-0.000220973
,,,-1.14184e-007,0.000441946
,,,-1.13784e-007,-0.000220973
,,,-1.13384e-007,0.000441946
,,,-1.12984e-007,0.000883892
,,,-1.12584e-007,0.000220973
,,,-1.12184e-007,0.000441946
,,,-1.11784e-007,0.000662919
,,,-1.11384e-007,0
,,,-1.10984e-007,-0.000220973
,,,-1.10584e-007,-0.000220973
,,,-1.10184e-007,-0.000441946
,,,-1.09784e-007,0.000220973
,,,-1.09384e-007,0.000220973
,,,-1.08984e-007,0
,,,-1.08584e-007,0.000220973
,,,-1.08184e-007,0
,,,-1.07784e-007,0.000220973
,,,-1.07384e-007,0
,,,-1.06984e-007,0.000441946
,,,-1.06584e-007,0.000220973
,,,-1.06184e-007,0.000220973
,,,-1.05784e-007,0.00110486
,,,-1.05384e-007,0.000441946
,,,-1.04984e-007,0.000220973
,,,-1.04584e-007,0.000662919
,,,-1.04184e-007,0.000220973
,,,-1.03784e-007,0.000441946
,,,-1.03384e-007,0.000662919
,,,-1.02984e-007,0.000441946
,,,-1.02584e-007,0.000662919
,,,-1.02184e-007,0.00110486
,,,-1.01784e-007,0.000220973
,,,-1.01384e-007,0.000662919
,,,-1.00984e-007,0.00110486
,,,-1.00584e-007,0
,,,-1.00184e-007,0
,,,-9.97841e-008,0.000883892
,,,-9.93841e-008,0
,,,-9.89841e-008,0
,,,-9.85841e-008,-0.000220973
,,,-9.81841e-008,-0.000220973
,,,-9.77841e-008,0.000220973
,,,-9.73841e-008,0.000220973
,,,-9.69841e-008,0.000441946
,,,-9.65841e-008,-0.000220973
,,,-9.61841e-008,-0.000441946
,,,-9.57841e-008,-0.000441946
,,,-9.53841e-008,0
,,,-9.49841e-008,0.000220973
,,,-9.45841e-008,0.000441946
,,,-9.41841e-008,0.000662919
,,,-9.37841e-008,0
,,,-9.33841e-008,0.000220973
,,,-9.29841e-008,0
,,,-9.25841e-008,0.000662919
,,,-9.21841e-008,0.000220973
,,,-9.17841e-008,0
,,,-9.13841e-008,0
,,,-9.09841e-008,0
,,,-9.05841e-008,-0.000220973
,,,-9.01841e-008,0.000220973
,,,-8.97841e-008,-0.000220973
,,,-8.93841e-008,0.000441946
,,,-8.89841e-008,0.000220973
,,,-8.85841e-008,0
,,,-8.81841e-008,-0.000220973
,,,-8.77841e-008,0.000220973
,,,-8.73841e-008,0.000220973
,,,-8.69841e-008,0.000441946
,,,-8.65841e-008,0.000220973
,,,-8.61841e-008,0.000220973
,,,-8.57841e-008,0
,,,-8.53841e-008,0
,,,-8.49841e-008,-0.000441946
,,,-8.45841e-008,-0.000220973
,,,-8.41841e-008,-0.000220973
,,,-8.37841e-008,-0.000441946
,,,-8.33841e-008,0
,,,-8.29841e-008,0.000441946
,,,-8.25841e-008,-0.000662919
,,,-8.21841e-008,-0.000662919
,,,-8.17841e-008,0.000883892
,,,-8.13841e-008,0.000883892
,,,-8.09841e-008,0
,,,-8.05841e-008,0
,,,-8.01841e-008,0
,,,-7.97841e-008,0.000441946
,,,-7.93841e-008,0.000662919
,,,-7.89841e-008,0
,,,-7.85841e-008,-0.000441946
,,,-7.81841e-008,0.000220973
,,,-7.77841e-008,0.00110486
,,,-7.73841e-008,0.000441946
,,,-7.69841e-008,0.000441946
,,,-7.65841e-008,0.000662919
,,,-7.61841e-008,0.000441946
,,,-7.57841e-008,0.000441946
,,,-7.53841e-008,0
,,,-7.49841e-008,-0.000220973
,,,-7.45841e-008,-0.000220973
,,,-7.41841e-008,0.000441946
,,,-7.37841e-008,0.000441946
,,,-7.33841e-008,0.000220973
,,,-7.29841e-008,0
,,,-7.25841e-008,0.000441946
,,,-7.21841e-008,0
,,,-7.17841e-008,0.000220973
,,,-7.13841e-008,0
,,,-7.09841e-008,-0.000220973
,,,-7.05841e-008,0
,,,-7.01841e-008,0.000220973
,,,-6.97841e-008,0.00110486
,,,-6.93841e-008,0.000883892
,,,-6.89841e-008,0.000220973
,,,-6.85841e-008,0.000220973
,,,-6.81841e-008,0.000220973
,,,-6.77841e-008,-0.000662919
,,,-6.73841e-008,0.000662919
,,,-6.69841e-008,0.000220973
,,,-6.65841e-008,0.000220973
,,,-6.61841e-008,0.000220973
,,,-6.57841e-008,-0.000441946
,,,-6.53841e-008,0.000441946
,,,-6.49841e-008,0.000220973
,,,-6.45841e-008,0.000662919
,,,-6.41841e-008,-0.000220973
,,,-6.37841e-008,0.000441946
,,,-6.33841e-008,0
,,,-6.29841e-008,-0.000441946
,,,-6.25841e-008,-0.000441946
,,,-6.21841e-008,0
,,,-6.17841e-008,0
,,,-6.13841e-008,0.000220973
,,,-6.09841e-008,0.000220973
,,,-6.05841e-008,0.000662919
,,,-6.01841e-008,0.000662919
,,,-5.97841e-008,0
,,,-5.93841e-008,0
,,,-5.89841e-008,-0.000220973
,,,-5.85841e-008,-0.000220973
,,,-5.81841e-008,-0.000220973
,,,-5.77841e-008,0.000883892
,,,-5.73841e-008,0
,,,-5.69841e-008,0.000220973
,,,-5.65841e-008,0.000220973
,,,-5.61841e-008,-0.000220973
,,,-5.57841e-008,0.000220973
,,,-5.53841e-008,0.000441946
,,,-5.49841e-008,0.000220973
,,,-5.45841e-008,-0.000220973
,,,-5.41841e-008,0.000883892
,,,-5.37841e-008,0
,,,-5.33841e-008,0.000220973
,,,-5.29841e-008,-0.000220973
,,,-5.25841e-008,0
,,,-5.21841e-008,-0.000662919
,,,-5.17841e-008,0.000220973
,,,-5.13841e-008,0
,,,-5.09841e-008,0.000662919
,,,-5.05841e-008,-0.000220973
,,,-5.01841e-008,0.000441946
,,,-4.97841e-008,0.000220973
,,,-4.93841e-008,-0.000220973
,,,-4.89841e-008,-0.000441946
,,,-4.85841e-008,0.000441946
,,,-4.81841e-008,0.000441946
,,,-4.77841e-008,0.000441946
,,,-4.73841e-008,0.000441946
,,,-4.69841e-008,0.000662919
,,,-4.65841e-008,-0.000220973
,,,-4.61841e-008,0.000441946
,,,-4.57841e-008,0.000662919
,,,-4.53841e-008,0
,,,-4.49841e-008,0.000220973
,,,-4.45841e-008,0.000441946
,,,-4.41841e-008,0.000441946
,,,-4.37841e-008,0.000220973
,,,-4.33841e-008,0.000441946
,,,-4.29841e-008,0.000441946
,,,-4.25841e-008,0
,,,-4.21841e-008,-0.000220973
,,,-4.17841e-008,0
,,,-4.13841e-008,0.000441946
,,,-4.09841e-008,0.000883892
,,,-4.05841e-008,0.000441946
,,,-4.01841e-008,0
,,,-3.97841e-008,0.000883892
,,,-3.93841e-008,0.000441946
,,,-3.89841e-008,0.000441946
,,,-3.85841e-008,0.000441946
,,,-3.81841e-008,0.000441946
,,,-3.77841e-008,0.000441946
,,,-3.73841e-008,0.000662919
,,,-3.69841e-008,0.000662919
,,,-3.65841e-008,0.000220973
,,,-3.61841e-008,0.000220973
,,,-3.57841e-008,0
,,,-3.53841e-008,0.000220973
,,,-3.49841e-008,0
,,,-3.45841e-008,0
,,,-3.41841e-008,0.000220973
,,,-3.37841e-008,0.000441946
,,,-3.33841e-008,-0.000220973
,,,-3.29841e-008,0.00110486
,,,-3.25841e-008,0.000441946
,,,-3.21841e-008,0
,,,-3.17841e-008,0.000220973
,,,-3.13841e-008,0
,,,-3.09841e-008,-0.000441946
,,,-3.05841e-008,-0.000220973
,,,-3.01841e-008,0
,,,-2.97841e-008,0.000220973
,,,-2.93841e-008,0
,,,-2.89841e-008,0
,,,-2.85841e-008,-0.000220973
,,,-2.81841e-008,0.000220973
,,,-2.77841e-008,0
,,,-2.73841e-008,-0.000441946
,,,-2.69841e-008,0.000220973
,,,-2.65841e-008,0.000220973
,,,-2.61841e-008,0
,,,-2.57841e-008,-0.000441946
,,,-2.53841e-008,0.000883892
,,,-2.49841e-008,0.000220973
,,,-2.45841e-008,0.000662919
,,,-2.41841e-008,-0.000441946
,,,-2.37841e-008,0
,,,-2.33841e-008,0.000662919
,,,-2.29841e-008,0.000441946
,,,-2.25841e-008,0.000220973
,,,-2.21841e-008,0.000220973
,,,-2.17841e-008,0.000220973
,,,-2.13841e-008,0.000220973
,,,-2.09841e-008,0.000220973
,,,-2.05841e-008,0.000441946
,,,-2.01841e-008,0
,,,-1.97841e-008,-0.000220973
,,,-1.93841e-008,0
,,,-1.89841e-008,-0.000662919
,,,-1.85841e-008,0
,,,-1.81841e-008,0
,,,-1.77841e-008,0.000220973
,,,-1.73841e-008,0.000441946
,,,-1.69841e-008,0.000441946
,,,-1.65841e-008,0
,,,-1.61841e-008,0
,,,-1.57841e-008,0.000662919
,,,-1.53841e-008,0.000883892
,,,-1.49841e-008,0.000441946
,,,-1.45841e-008,-0.000662919
,,,-1.41841e-008,-0.000220973
,,,-1.37841e-008,0.000441946
,,,-1.33841e-008,0.000220973
,,,-1.29841e-008,-0.000220973
,,,-1.25841e-008,-0.000441946
,,,-1.21841e-008,0.000441946
,,,-1.17841e-008,0
,,,-1.13841e-008,0.000220973
,,,-1.09841e-008,0.000662919
,,,-1.05841e-008,0.000220973
,,,-1.01841e-008,0.000220973
,,,-9.78407e-009,0.000441946
,,,-9.38407e-009,0.000220973
,,,-8.98407e-009,0.000220973
,,,-8.58407e-009,0.000662919
,,,-8.18407e-009,-0.000441946
,,,-7.78407e-009,-0.000441946
,,,-7.38407e-009,0.000662919
,,,-6.98407e-009,-0.000220973
,,,-6.58407e-009,0.000220973
,,,-6.18407e-009,0.000220973
,,,-5.78407e-009,-0.000441946
,,,-5.38407e-009,-0.000662919
,,,-4.98407e-009,0.000441946
,,,-4.58407e-009,-0.000220973
,,,-4.18407e-009,0
,,,-3.78407e-009,0.000220973
,,,-3.38407e-009,0.000441946
,,,-2.98407e-009,-0.000441946
,,,-2.58407e-009,-0.000441946
,,,-2.18407e-009,0
,,,-1.78407e-009,0.000220973
,,,-1.38407e-009,0.000220973
,,,-9.84068e-010,0.000441946
,,,-5.84068e-010,0.000662919
,,,-1.84068e-010,-0.000220973
,,,2.15932e-010,0.000220973
,,,6.15932e-010,0
,,,1.01593e-009,0.000220973
,,,1.41593e-009,0.000441946
,,,1.81593e-009,0.000220973
,,,2.21593e-009,0.000662919
,,,2.61593e-009,-0.000220973
,,,3.01593e-009,-0.000220973
,,,3.41593e-009,-0.000220973
,,,3.81593e-009,0
,,,4.21593e-009,0
,,,4.61593e-009,0
,,,5.01593e-009,0
,,,5.41593e-009,-0.000220973
,,,5.81593e-009,-0.000220973
,,,6.21593e-009,-0.000220973
,,,6.61593e-009,0.000441946
,,,7.01593e-009,0.000441946
,,,7.41593e-009,0.000662919
,,,7.81593e-009,0.000220973
,,,8.21593e-009,0.000883892
,,,8.61593e-009,-0.000220973
,,,9.01593e-009,0
,,,9.41593e-009,-0.000220973
,,,9.81593e-009,-0.000220973
,,,1.02159e-008,0.000220973
,,,1.06159e-008,0.000662919
,,,1.10159e-008,0
,,,1.14159e-008,0.000220973
,,,1.18159e-008,0.000441946
,,,1.22159e-008,0.000220973
,,,1.26159e-008,0
,,,1.30159e-008,0.000220973
,,,1.34159e-008,-0.000220973
,,,1.38159e-008,0.000662919
,,,1.42159e-008,0.000662919
,,,1.46159e-008,-0.000220973
,,,1.50159e-008,0.000220973
,,,1.54159e-008,0.000220973
,,,1.58159e-008,0.000220973
,,,1.62159e-008,0
,,,1.66159e-008,-0.000220973
,,,1.70159e-008,0.000441946
,,,1.74159e-008,0.000220973
,,,1.78159e-008,0.000220973
,,,1.82159e-008,0.000220973
,,,1.86159e-008,0.000220973
,,,1.90159e-008,0.000441946
,,,1.94159e-008,-0.000220973
,,,1.98159e-008,0.000441946
,,,2.02159e-008,0.000441946
,,,2.06159e-008,-0.000441946
,,,2.10159e-008,-0.000662919
,,,2.14159e-008,0.000220973
,,,2.18159e-008,0
,,,2.22159e-008,0
,,,2.26159e-008,0.000883892
,,,2.30159e-008,0.000441946
,,,2.34159e-008,0.000883892
,,,2.38159e-008,-0.000220973
,,,2.42159e-008,0.000220973
,,,2.46159e-008,0.000662919
,,,2.50159e-008,0.00110486
,,,2.54159e-008,0.000441946
,,,2.58159e-008,0.000441946
,,,2.62159e-008,0.000662919
,,,2.66159e-008,0.000220973
,,,2.70159e-008,0.000441946
,,,2.74159e-008,0
,,,2.78159e-008,0
,,,2.82159e-008,-0.000441946
,,,2.86159e-008,0.000441946
,,,2.90159e-008,0.000883892
,,,2.94159e-008,-0.000220973
,,,2.98159e-008,-0.000220973
,,,3.02159e-008,-0.000220973
,,,3.06159e-008,0
,,,3.10159e-008,0.00110486
,,,3.14159e-008,0.000220973
,,,3.18159e-008,0
,,,3.22159e-008,0.000220973
,,,3.26159e-008,0.000220973
,,,3.30159e-008,-0.000441946
,,,3.34159e-008,0.000441946
,,,3.38159e-008,-0.000220973
,,,3.42159e-008,0.000662919
,,,3.46159e-008,0.000662919
,,,3.50159e-008,-0.000220973
,,,3.54159e-008,0.000220973
,,,3.58159e-008,0
,,,3.62159e-008,0.000441946
,,,3.66159e-008,0
,,,3.70159e-008,-0.000441946
,,,3.74159e-008,-0.000220973
,,,3.78159e-008,-0.000220973
,,,3.82159e-008,-0.000220973
,,,3.86159e-008,0.000220973
,,,3.90159e-008,0
,,,3.94159e-008,0.000883892
,,,3.98159e-008,-0.000662919
,,,4.02159e-008,0.000441946
,,,4.06159e-008,0.000220973
,,,4.10159e-008,0.000220973
,,,4.14159e-008,0.000220973
,,,4.18159e-008,0.000220973
,,,4.22159e-008,0
,,,4.26159e-008,0
,,,4.30159e-008,-0.000220973
,,,4.34159e-008,0.000662919
,,,4.38159e-008,0.000220973
,,,4.42159e-008,0.000441946
,,,4.46159e-008,-0.000441946
,,,4.50159e-008,0
,,,4.54159e-008,0
,,,4.58159e-008,-0.000220973
,,,4.62159e-008,0.000662919
,,,4.66159e-008,0.000883892
,,,4.70159e-008,0.000220973
,,,4.74159e-008,-0.000220973
,,,4.78159e-008,0.000220973
,,,4.82159e-008,0.000220973
,,,4.86159e-008,0.000220973
,,,4.90159e-008,0.000220973
,,,4.94159e-008,0.000441946
,,,4.98159e-008,0
,,,5.02159e-008,0.000662919
,,,5.06159e-008,0
,,,5.10159e-008,-0.000441946
,,,5.14159e-008,-0.000220973
,,,5.18159e-008,0.000441946
,,,5.22159e-008,-0.000220973
,,,5.26159e-008,-0.000220973
,,,5.30159e-008,0.000883892
,,,5.34159e-008,0.000220973
,,,5.38159e-008,0.000662919
,,,5.42159e-008,0
,,,5.46159e-008,0.000441946
,,,5.50159e-008,0.000662919
,,,5.54159e-008,0.000220973
,,,5.58159e-008,0.000662919
,,,5.62159e-008,0.000883892
,,,5.66159e-008,0.000220973
,,,5.70159e-008,0
,,,5.74159e-008,-0.000220973
,,,5.78159e-008,0.000662919
,,,5.82159e-008,0.000662919
,,,5.86159e-008,0.000883892
,,,5.90159e-008,-0.000220973
,,,5.94159e-008,-0.000220973
,,,5.98159e-008,0.000662919
,,,6.02159e-008,0
,,,6.06159e-008,-0.000220973
,,,6.10159e-008,0.000220973
,,,6.14159e-008,-0.000662919
,,,6.18159e-008,0.000220973
,,,6.22159e-008,0
,,,6.26159e-008,0.000441946
,,,6.30159e-008,0.000883892
,,,6.34159e-008,0.000220973
,,,6.38159e-008,0.000220973
,,,6.42159e-008,0.000220973
,,,6.46159e-008,0.000220973
,,,6.50159e-008,0.000220973
,,,6.54159e-008,0.000220973
,,,6.58159e-008,0.000662919
,,,6.62159e-008,0.000441946
,,,6.66159e-008,0.000662919
,,,6.70159e-008,0.000662919
,,,6.74159e-008,0.000220973
,,,6.78159e-008,-0.000220973
,,,6.82159e-008,0.000220973
,,,6.86159e-008,0.000220973
,,,6.90159e-008,0
,,,6.94159e-008,0
,,,6.98159e-008,0
,,,7.02159e-008,0.000220973
,,,7.06159e-008,0.000441946
,,,7.10159e-008,0.000220973
,,,7.14159e-008,0.000441946
,,,7.18159e-008,0
,,,7.22159e-008,0.000662919
,,,7.26159e-008,0
,,,7.30159e-008,0.000220973
,,,7.34159e-008,-0.000220973
,,,7.38159e-008,0.000220973
,,,7.42159e-008,0.00132584
,,,7.46159e-008,0.000662919
,,,7.50159e-008,0
,,,7.54159e-008,0.000220973
,,,7.58159e-008,0
,,,7.62159e-008,-0.000220973
,,,7.66159e-008,-0.000220973
,,,7.70159e-008,-0.000220973
,,,7.74159e-008,0.000220973
,,,7.78159e-008,0.000662919
,,,7.82159e-008,-0.000220973
,,,7.86159e-008,0.000662919
,,,7.90159e-008,0.000883892
,,,7.94159e-008,0
,,,7.98159e-008,0
,,,8.02159e-008,0.000662919
,,,8.06159e-008,0.000441946
,,,8.10159e-008,0.000441946
,,,8.14159e-008,0.00110486
,,,8.18159e-008,-0.000220973
,,,8.22159e-008,-0.000220973
,,,8.26159e-008,0.000441946
,,,8.30159e-008,0.000441946
,,,8.34159e-008,0
,,,8.38159e-008,0.000220973
,,,8.42159e-008,0.000220973
,,,8.46159e-008,0.000220973
,,,8.50159e-008,0
,,,8.54159e-008,0
,,,8.58159e-008,0.000441946
,,,8.62159e-008,0.000441946
,,,8.66159e-008,0.000883892
,,,8.70159e-008,0.000441946
,,,8.74159e-008,0
,,,8.78159e-008,-0.000220973
,,,8.82159e-008,0.000662919
,,,8.86159e-008,0.000441946
,,,8.90159e-008,0
,,,8.94159e-008,0.000662919
,,,8.98159e-008,0.000441946
,,,9.02159e-008,0.000220973
,,,9.06159e-008,0
,,,9.10159e-008,0.000883892
,,,9.14159e-008,0.000220973
,,,9.18159e-008,0.000441946
,,,9.22159e-008,0.000662919
,,,9.26159e-008,0.00110486
,,,9.30159e-008,0.000662919
,,,9.34159e-008,0.000883892
,,,9.38159e-008,0.00176778
,,,9.42159e-008,0.00176778
,,,9.46159e-008,0.0024307
,,,9.50159e-008,0.00331459
,,,9.54159e-008,0.00375654
,,,9.58159e-008,0.00508238
,,,9.62159e-008,0.00552432
,,,9.66159e-008,0.00685016
,,,9.70159e-008,0.00773405
,,,9.74159e-008,0.00883892
,,,9.78159e-008,0.0110486
,,,9.82159e-008,0.0121535
,,,9.86159e-008,0.0125955
,,,9.90159e-008,0.0130374
,,,9.94159e-008,0.0141423
,,,9.98159e-008,0.0152471
,,,1.00216e-007,0.0148052
,,,1.00616e-007,0.016131
,,,1.01016e-007,0.0167939
,,,1.01416e-007,0.0154681
,,,1.01816e-007,0.016573
,,,1.02216e-007,0.016573
,,,1.02616e-007,0.0174569
,,,1.03016e-007,0.0178988
,,,1.03416e-007,0.0176778
,,,1.03816e-007,0.0174569
,,,1.04216e-007,0.0185617
,,,1.04616e-007,0.0178988
,,,1.05016e-007,0.0178988
,,,1.05416e-007,0.0185617
,,,1.05816e-007,0.0178988
,,,1.06216e-007,0.0183408
,,,1.06616e-007,0.0178988
,,,1.07016e-007,0.0172359
,,,1.07416e-007,0.0181198
,,,1.07816e-007,0.0172359
,,,1.08216e-007,0.0176778
,,,1.08616e-007,0.0174569
,,,1.09016e-007,0.0174569
,,,1.09416e-007,0.0174569
,,,1.09816e-007,0.0181198
,,,1.10216e-007,0.0183408
,,,1.10616e-007,0.0176778
,,,1.11016e-007,0.0181198
,,,1.11416e-007,0.0185617
,,,1.11816e-007,0.0176778
,,,1.12216e-007,0.0185617
,,,1.12616e-007,0.0178988
,,,1.13016e-007,0.0174569
,,,1.13416e-007,0.0183408
,,,1.13816e-007,0.0181198
,,,1.14216e-007,0.0174569
,,,1.14616e-007,0.0181198
,,,1.15016e-007,0.0181198
,,,1.15416e-007,0.0172359
,,,1.15816e-007,0.0181198
,,,1.16216e-007,0.0178988
,,,1.16616e-007,0.0174569
,,,1.17016e-007,0.0174569
,,,1.17416e-007,0.0176778
,,,1.17816e-007,0.0174569
,,,1.18216e-007,0.0178988
,,,1.18616e-007,0.0183408
,,,1.19016e-007,0.0176778
,,,1.19416e-007,0.0178988
,,,1.19816e-007,0.0174569
,,,1.20216e-007,0.0181198
,,,1.20616e-007,0.0183408
,,,1.21016e-007,0.0181198
,,,1.21416e-007,0.0185617
,,,1.21816e-007,0.0183408
,,,1.22216e-007,0.0176778
,,,1.22616e-007,0.0190037
,,,1.23016e-007,0.0198876
,,,1.23416e-007,0.0192246
,,,1.23816e-007,0.0192246
,,,1.24216e-007,0.0198876
,,,1.24616e-007,0.0201085
,,,1.25016e-007,0.0196666
,,,1.25416e-007,0.0203295
,,,1.25816e-007,0.0205505
,,,1.26216e-007,0.0201085
,,,1.26616e-007,0.0205505
,,,1.27016e-007,0.0205505
,,,1.27416e-007,0.0203295
,,,1.27816e-007,0.0205505
,,,1.28216e-007,0.0201085
,,,1.28616e-007,0.0194456
,,,1.29016e-007,0.0194456
,,,1.29416e-007,0.0194456
,,,1.29816e-007,0.0183408
,,,1.30216e-007,0.0185617
,,,1.30616e-007,0.0190037
,,,1.31016e-007,0.0181198
,,,1.31416e-007,0.0181198
,,,1.31816e-007,0.0176778
,,,1.32216e-007,0.0176778
,,,1.32616e-007,0.0174569
,,,1.33016e-007,0.016573
,,,1.33416e-007,0.0167939
,,,1.33816e-007,0.0174569
,,,1.34216e-007,0.016573
,,,1.34616e-007,0.0172359
,,,1.35016e-007,0.0172359
,,,1.35416e-007,0.0172359
,,,1.35816e-007,0.016573
,,,1.36216e-007,0.0167939
,,,1.36616e-007,0.0167939
,,,1.37016e-007,0.0172359
,,,1.37416e-007,0.0167939
,,,1.37816e-007,0.0172359
,,,1.38216e-007,0.0170149
,,,1.38616e-007,0.0170149
,,,1.39016e-007,0.016573
,,,1.39416e-007,0.016573
,,,1.39816e-007,0.0159101
,,,1.40216e-007,0.016131
,,,1.40616e-007,0.016352
,,,1.41016e-007,0.0159101
,,,1.41416e-007,0.016352
,,,1.41816e-007,0.0159101
,,,1.42216e-007,0.0152471
,,,1.42616e-007,0.0156891
,,,1.43016e-007,0.0154681
,,,1.43416e-007,0.0150262
,,,1.43816e-007,0.0154681
,,,1.44216e-007,0.0156891
,,,1.44616e-007,0.0156891
,,,1.45016e-007,0.0152471
,,,1.45416e-007,0.0152471
,,,1.45816e-007,0.0150262
,,,1.46216e-007,0.0154681
,,,1.46616e-007,0.0148052
,,,1.47016e-007,0.0145842
,,,1.47416e-007,0.0148052
,,,1.47816e-007,0.0145842
,,,1.48216e-007,0.0148052
,,,1.48616e-007,0.0145842
,,,1.49016e-007,0.0137003
,,,1.49416e-007,0.0141423
,,,1.49816e-007,0.0145842
,,,1.50216e-007,0.0143632
,,,1.50616e-007,0.0145842
,,,1.51016e-007,0.0148052
,,,1.51416e-007,0.0143632
,,,1.51816e-007,0.0145842
,,,1.52216e-007,0.0143632
,,,1.52616e-007,0.0150262
,,,1.53016e-007,0.0141423
,,,1.53416e-007,0.0141423
,,,1.53816e-007,0.0139213
,,,1.54216e-007,0.0141423
,,,1.54616e-007,0.0137003
,,,1.55016e-007,0.0137003
,,,1.55416e-007,0.0141423
,,,1.55816e-007,0.0128164
,,,1.56216e-007,0.0123745
,,,1.56616e-007,0.0125955
,,,1.57016e-007,0.0123745
,,,1.57416e-007,0.0123745
,,,1.57816e-007,0.0121535
,,,1.58216e-007,0.0114906
,,,1.58616e-007,0.0119325
,,,1.59016e-007,0.0123745
,,,1.59416e-007,0.0123745
,,,1.59816e-007,0.0114906
,,,1.60216e-007,0.0119325
,,,1.60616e-007,0.0114906
,,,1.61016e-007,0.0121535
,,,1.61416e-007,0.0125955
,,,1.61816e-007,0.0130374
,,,1.62216e-007,0.0130374
,,,1.62616e-007,0.0123745
,,,1.63016e-007,0.0130374
,,,1.63416e-007,0.0119325
,,,1.63816e-007,0.0128164
,,,1.64216e-007,0.0123745
,,,1.64616e-007,0.0121535
,,,1.65016e-007,0.0117116
,,,1.65416e-007,0.0128164
,,,1.65816e-007,0.0134794
,,,1.66216e-007,0.0121535
,,,1.66616e-007,0.0132584
,,,1.67016e-007,0.0130374
,,,1.67416e-007,0.0132584
,,,1.67816e-007,0.0114906
,,,1.68216e-007,0.0121535
,,,1.68616e-007,0.0117116
,,,1.69016e-007,0.0128164
,,,1.69416e-007,0.0130374
,,,1.69816e-007,0.0128164
,,,1.70216e-007,0.0123745
,,,1.70616e-007,0.0125955
,,,1.71016e-007,0.0117116
,,,1.71416e-007,0.0132584
,,,1.71816e-007,0.0123745
,,,1.72216e-007,0.0119325
,,,1.72616e-007,0.0117116
,,,1.73016e-007,0.0128164
,,,1.73416e-007,0.0119325
,,,1.73816e-007,0.0123745
,,,1.74216e-007,0.0128164
,,,1.74616e-007,0.0119325
,,,1.75016e-007,0.0132584
,,,1.75416e-007,0.0125955
,,,1.75816e-007,0.0128164
,,,1.76216e-007,0.0125955
,,,1.76616e-007,0.0128164
,,,1.77016e-007,0.0128164
,,,1.77416e-007,0.0128164
,,,1.77816e-007,0.0134794
,,,1.78216e-007,0.0134794
,,,1.78616e-007,0.0134794
,,,1.79016e-007,0.0132584
,,,1.79416e-007,0.0123745
,,,1.79816e-007,0.0130374
,,,1.80216e-007,0.0132584
,,,1.80616e-007,0.0130374
,,,1.81016e-007,0.0125955
,,,1.81416e-007,0.0121535
,,,1.81816e-007,0.0130374
,,,1.82216e-007,0.0121535
,,,1.82616e-007,0.0123745
,,,1.83016e-007,0.0119325
,,,1.83416e-007,0.0125955
,,,1.83816e-007,0.0117116
,,,1.84216e-007,0.0117116
,,,1.84616e-007,0.0128164
,,,1.85016e-007,0.0123745
,,,1.85416e-007,0.0123745
,,,1.85816e-007,0.0123745
,,,1.86216e-007,0.0125955
,,,1.86616e-007,0.0130374
,,,1.87016e-007,0.0130374
,,,1.87416e-007,0.0132584
,,,1.87816e-007,0.0123745
,,,1.88216e-007,0.0132584
,,,1.88616e-007,0.0128164
,,,1.89016e-007,0.0132584
,,,1.89416e-007,0.0128164
,,,1.89816e-007,0.0134794
,,,1.90216e-007,0.0128164
,,,1.90616e-007,0.0134794
,,,1.91016e-007,0.0134794
,,,1.91416e-007,0.0139213
,,,1.91816e-007,0.0134794
,,,1.92216e-007,0.0134794
,,,1.92616e-007,0.0139213
,,,1.93016e-007,0.0130374
,,,1.93416e-007,0.0134794
,,,1.93816e-007,0.0141423
,,,1.94216e-007,0.0132584
,,,1.94616e-007,0.0134794
,,,1.95016e-007,0.0139213
,,,1.95416e-007,0.0130374
,,,1.95816e-007,0.0134794
,,,1.96216e-007,0.0145842
,,,1.96616e-007,0.0132584
,,,1.97016e-007,0.0132584
,,,1.97416e-007,0.0132584
,,,1.97816e-007,0.0132584
,,,1.98216e-007,0.0130374
,,,1.98616e-007,0.0134794
,,,1.99016e-007,0.0130374
,,,1.99416e-007,0.0134794
,,,1.99816e-007,0.0125955
,,,2.00216e-007,0.0134794
,,,2.00616e-007,0.0128164
,,,2.01016e-007,0.0123745
,,,2.01416e-007,0.0130374
,,,2.01816e-007,0.0128164
,,,2.02216e-007,0.0117116
,,,2.02616e-007,0.0117116
,,,2.03016e-007,0.0114906
,,,2.03416e-007,0.0121535
,,,2.03816e-007,0.0117116
,,,2.04216e-007,0.0110486
,,,2.04616e-007,0.0112696
,,,2.05016e-007,0.0112696
,,,2.05416e-007,0.0108277
,,,2.05816e-007,0.0114906
,,,2.06216e-007,0.0112696
,,,2.06616e-007,0.0108277
,,,2.07016e-007,0.0101648
,,,2.07416e-007,0.0103857
,,,2.07816e-007,0.00994378
,,,2.08216e-007,0.00994378
,,,2.08616e-007,0.00905989
,,,2.09016e-007,0.00883892
,,,2.09416e-007,0.00883892
,,,2.09816e-007,0.00861795
,,,2.10216e-007,0.00839697
,,,2.10616e-007,0.00707114
,,,2.11016e-007,0.008176
,,,2.11416e-007,0.00773405
,,,2.11816e-007,0.00618724
,,,2.12216e-007,0.00662919
,,,2.12616e-007,0.0057453
,,,2.13016e-007,0.00552432
,,,2.13416e-007,0.00552432
,,,2.13816e-007,0.00530335
,,,2.14216e-007,0.00486141
,,,2.14616e-007,0.00530335
,,,2.15016e-007,0.00464043
,,,2.15416e-007,0.00508238
,,,2.15816e-007,0.00419849
,,,2.16216e-007,0.00397751
,,,2.16616e-007,0.00375654
,,,2.17016e-007,0.00397751
,,,2.17416e-007,0.00287265
,,,2.17816e-007,0.00287265
,,,2.18216e-007,0.00220973
,,,2.18616e-007,0.00265168
,,,2.19016e-007,0.0024307
,,,2.19416e-007,0.00309362
,,,2.19816e-007,0.0024307
,,,2.20216e-007,0.00154681
,,,2.20616e-007,0.00176778
,,,2.21016e-007,0.00220973
,,,2.21416e-007,0.00154681
,,,2.21816e-007,0.00220973
,,,2.22216e-007,0.00110486
,,,2.22616e-007,0.00198876
,,,2.23016e-007,0.00198876
,,,2.23416e-007,0.00154681
,,,2.23816e-007,0.000441946
,,,2.24216e-007,0.00132584
,,,2.24616e-007,0.00110486
,,,2.25016e-007,0.000883892
,,,2.25416e-007,0.00110486
,,,2.25816e-007,0.00198876
,,,2.26216e-007,0.00110486
,,,2.26616e-007,0.00154681
,,,2.27016e-007,0.000441946
,,,2.27416e-007,0.000883892
,,,2.27816e-007,0.000883892
,,,2.28216e-007,0.000441946
,,,2.28616e-007,0.000220973
,,,2.29016e-007,0.00110486
,,,2.29416e-007,0.000441946
,,,2.29816e-007,0.000662919
,,,2.30216e-007,0.000662919
,,,2.30616e-007,0.000441946
,,,2.31016e-007,0.00132584
,,,2.31416e-007,0.00110486
,,,2.31816e-007,0.000220973
,,,2.32216e-007,0.000662919
,,,2.32616e-007,0.000441946
,,,2.33016e-007,-0.000220973
,,,2.33416e-007,0.000441946
,,,2.33816e-007,0.00132584
,,,2.34216e-007,0.00110486
,,,2.34616e-007,0.000220973
,,,2.35016e-007,0.000220973
,,,2.35416e-007,0.000220973
,,,2.35816e-007,-0.000220973
,,,2.36216e-007,0
,,,2.36616e-007,-0.000441946
,,,2.37016e-007,-0.000441946
,,,2.37416e-007,-0.000662919
,,,2.37816e-007,-0.000662919
,,,2.38216e-007,-0.000441946
,,,2.38616e-007,-0.000220973
,,,2.39016e-007,-0.000441946
,,,2.39416e-007,-0.000220973
,,,2.39816e-007,0.000441946
,,,2.40216e-007,-0.000441946
,,,2.40616e-007,0
,,,2.41016e-007,-0.000220973
,,,2.41416e-007,-0.000220973
,,,2.41816e-007,-0.000883892
,,,2.42216e-007,-0.000662919
,,,2.42616e-007,0
,,,2.43016e-007,0.000441946
,,,2.43416e-007,-0.000662919
,,,2.43816e-007,-0.000220973
,,,2.44216e-007,0
,,,2.44616e-007,-0.000441946
,,,2.45016e-007,0
,,,2.45416e-007,0
,,,2.45816e-007,-0.000662919
,,,2.46216e-007,-0.000662919
,,,2.46616e-007,0
,,,2.47016e-007,0.000220973
,,,2.47416e-007,-0.000441946
,,,2.47816e-007,-0.000220973
,,,2.48216e-007,0
,,,2.48616e-007,0.000441946
,,,2.49016e-007,0.000441946
,,,2.49416e-007,0
,,,2.49816e-007,0
,,,2.50216e-007,-0.000220973
