"Record Length",1252,"Points",-2.50314e-007,-0.000220973
"Sample Interval",4e-010,s,-2.49914e-007,0.000441946
"Trigger Point",625,"Samples",-2.49514e-007,0.000220973
"Trigger Time",0.784828,s,-2.49114e-007,-0.000441946
,,,-2.48714e-007,-0.000441946
"Horizontal Offset",-2.50314e-007,s,-2.48314e-007,0
,,,-2.47914e-007,0
,,,-2.47514e-007,0.000883892
,,,-2.47114e-007,0.000662919
,,,-2.46714e-007,0.000441946
,,,-2.46314e-007,0.000883892
,,,-2.45914e-007,-0.000220973
,,,-2.45514e-007,0
,,,-2.45114e-007,0.000220973
,,,-2.44714e-007,-0.000220973
,,,-2.44314e-007,0
,,,-2.43914e-007,0.000441946
,,,-2.43514e-007,0.000441946
,,,-2.43114e-007,0
,,,-2.42714e-007,0.000441946
,,,-2.42314e-007,0
,,,-2.41914e-007,0.000662919
,,,-2.41514e-007,-0.000220973
,,,-2.41114e-007,0
,,,-2.40714e-007,0.000441946
,,,-2.40314e-007,0.000662919
,,,-2.39914e-007,-0.000220973
,,,-2.39514e-007,0.000662919
,,,-2.39114e-007,0
,,,-2.38714e-007,-0.000220973
,,,-2.38314e-007,0.000220973
,,,-2.37914e-007,0.000441946
,,,-2.37514e-007,-0.000441946
,,,-2.37114e-007,0.000220973
,,,-2.36714e-007,-0.000220973
,,,-2.36314e-007,0.000441946
,,,-2.35914e-007,0.000883892
,,,-2.35514e-007,0.000662919
,,,-2.35114e-007,-0.000220973
,,,-2.34714e-007,0.000441946
,,,-2.34314e-007,0.000220973
,,,-2.33914e-007,0
,,,-2.33514e-007,0
,,,-2.33114e-007,-0.000220973
,,,-2.32714e-007,0
,,,-2.32314e-007,0.000220973
,,,-2.31914e-007,-0.000441946
,,,-2.31514e-007,0.000220973
,,,-2.31114e-007,0
,,,-2.30714e-007,0.000883892
,,,-2.30314e-007,0.000220973
,,,-2.29914e-007,0.000441946
,,,-2.29514e-007,-0.000441946
,,,-2.29114e-007,0.000220973
,,,-2.28714e-007,-0.000441946
,,,-2.28314e-007,0.000220973
,,,-2.27914e-007,0
,,,-2.27514e-007,0.000441946
,,,-2.27114e-007,0.000662919
,,,-2.26714e-007,0.00132584
,,,-2.26314e-007,0
,,,-2.25914e-007,0.000441946
,,,-2.25514e-007,0.000441946
,,,-2.25114e-007,0
,,,-2.24714e-007,0.000220973
,,,-2.24314e-007,-0.000441946
,,,-2.23914e-007,0
,,,-2.23514e-007,0
,,,-2.23114e-007,0.000662919
,,,-2.22714e-007,0
,,,-2.22314e-007,0.000883892
,,,-2.21914e-007,-0.000441946
,,,-2.21514e-007,0.000220973
,,,-2.21114e-007,0.000220973
,,,-2.20714e-007,0
,,,-2.20314e-007,0.000220973
,,,-2.19914e-007,-0.000220973
,,,-2.19514e-007,-0.000441946
,,,-2.19114e-007,-0.000220973
,,,-2.18714e-007,0.000662919
,,,-2.18314e-007,-0.000220973
,,,-2.17914e-007,0.000220973
,,,-2.17514e-007,0.000662919
,,,-2.17114e-007,0
,,,-2.16714e-007,-0.000220973
,,,-2.16314e-007,0.000220973
,,,-2.15914e-007,0
,,,-2.15514e-007,-0.000220973
,,,-2.15114e-007,0
,,,-2.14714e-007,0.000441946
,,,-2.14314e-007,0.000441946
,,,-2.13914e-007,0.000220973
,,,-2.13514e-007,0.000441946
,,,-2.13114e-007,0.000662919
,,,-2.12714e-007,0.000883892
,,,-2.12314e-007,0
,,,-2.11914e-007,0.000220973
,,,-2.11514e-007,0.000220973
,,,-2.11114e-007,0.000220973
,,,-2.10714e-007,0
,,,-2.10314e-007,0.000220973
,,,-2.09914e-007,0.000441946
,,,-2.09514e-007,0.000220973
,,,-2.09114e-007,-0.000220973
,,,-2.08714e-007,-0.000220973
,,,-2.08314e-007,-0.000441946
,,,-2.07914e-007,0.000220973
,,,-2.07514e-007,0.000441946
,,,-2.07114e-007,-0.000662919
,,,-2.06714e-007,0
,,,-2.06314e-007,0.000662919
,,,-2.05914e-007,0.000441946
,,,-2.05514e-007,0.000441946
,,,-2.05114e-007,0.000220973
,,,-2.04714e-007,0.000220973
,,,-2.04314e-007,-0.000220973
,,,-2.03914e-007,0
,,,-2.03514e-007,0.000220973
,,,-2.03114e-007,0.000220973
,,,-2.02714e-007,-0.000220973
,,,-2.02314e-007,0
,,,-2.01914e-007,0.000883892
,,,-2.01514e-007,0.000441946
,,,-2.01114e-007,0
,,,-2.00714e-007,0
,,,-2.00314e-007,0.000220973
,,,-1.99914e-007,0
,,,-1.99514e-007,0.000662919
,,,-1.99114e-007,0.000441946
,,,-1.98714e-007,0.000662919
,,,-1.98314e-007,-0.000220973
,,,-1.97914e-007,-0.000220973
,,,-1.97514e-007,0
,,,-1.97114e-007,0.000883892
,,,-1.96714e-007,0.000883892
,,,-1.96314e-007,0
,,,-1.95914e-007,0.000220973
,,,-1.95514e-007,0
,,,-1.95114e-007,0.000220973
,,,-1.94714e-007,0.000220973
,,,-1.94314e-007,-0.000441946
,,,-1.93914e-007,0.000441946
,,,-1.93514e-007,0.000441946
,,,-1.93114e-007,0.000220973
,,,-1.92714e-007,0
,,,-1.92314e-007,0.000441946
,,,-1.91914e-007,0
,,,-1.91514e-007,-0.000662919
,,,-1.91114e-007,0.000441946
,,,-1.90714e-007,0.000220973
,,,-1.90314e-007,0.000220973
,,,-1.89914e-007,0.000441946
,,,-1.89514e-007,0
,,,-1.89114e-007,0.000441946
,,,-1.88714e-007,-0.000220973
,,,-1.88314e-007,0.000441946
,,,-1.87914e-007,0.000220973
,,,-1.87514e-007,0.000662919
,,,-1.87114e-007,0.000662919
,,,-1.86714e-007,0
,,,-1.86314e-007,0
,,,-1.85914e-007,-0.000441946
,,,-1.85514e-007,0.000220973
,,,-1.85114e-007,0.000441946
,,,-1.84714e-007,-0.000220973
,,,-1.84314e-007,-0.000220973
,,,-1.83914e-007,0
,,,-1.83514e-007,0
,,,-1.83114e-007,0
,,,-1.82714e-007,0.000441946
,,,-1.82314e-007,0.000441946
,,,-1.81914e-007,0.000220973
,,,-1.81514e-007,0
,,,-1.81114e-007,0
,,,-1.80714e-007,0.000662919
,,,-1.80314e-007,-0.000220973
,,,-1.79914e-007,0
,,,-1.79514e-007,-0.000220973
,,,-1.79114e-007,0.000441946
,,,-1.78714e-007,0.000883892
,,,-1.78314e-007,0.000441946
,,,-1.77914e-007,-0.000662919
,,,-1.77514e-007,0
,,,-1.77114e-007,0.000220973
,,,-1.76714e-007,0.000441946
,,,-1.76314e-007,0.000220973
,,,-1.75914e-007,0.000220973
,,,-1.75514e-007,0.00110486
,,,-1.75114e-007,0.000441946
,,,-1.74714e-007,0
,,,-1.74314e-007,-0.000662919
,,,-1.73914e-007,0.000883892
,,,-1.73514e-007,0.000220973
,,,-1.73114e-007,0.00110486
,,,-1.72714e-007,-0.000220973
,,,-1.72314e-007,-0.000441946
,,,-1.71914e-007,0.000220973
,,,-1.71514e-007,0.000220973
,,,-1.71114e-007,0.000220973
,,,-1.70714e-007,0.000662919
,,,-1.70314e-007,0.000220973
,,,-1.69914e-007,0.000662919
,,,-1.69514e-007,0.000220973
,,,-1.69114e-007,0.000441946
,,,-1.68714e-007,0.000441946
,,,-1.68314e-007,0
,,,-1.67914e-007,-0.000662919
,,,-1.67514e-007,-0.000220973
,,,-1.67114e-007,-0.000220973
,,,-1.66714e-007,-0.000220973
,,,-1.66314e-007,0
,,,-1.65914e-007,-0.000662919
,,,-1.65514e-007,-0.000441946
,,,-1.65114e-007,0.000441946
,,,-1.64714e-007,0.000662919
,,,-1.64314e-007,0
,,,-1.63914e-007,0.000883892
,,,-1.63514e-007,0.000441946
,,,-1.63114e-007,0.000441946
,,,-1.62714e-007,0.000883892
,,,-1.62314e-007,0.000441946
,,,-1.61914e-007,0
,,,-1.61514e-007,0.000441946
,,,-1.61114e-007,0.000662919
,,,-1.60714e-007,0.000220973
,,,-1.60314e-007,-0.000220973
,,,-1.59914e-007,0.000662919
,,,-1.59514e-007,0
,,,-1.59114e-007,0
,,,-1.58714e-007,0.000883892
,,,-1.58314e-007,0.000220973
,,,-1.57914e-007,-0.000441946
,,,-1.57514e-007,-0.000220973
,,,-1.57114e-007,-0.000220973
,,,-1.56714e-007,0
,,,-1.56314e-007,0.000220973
,,,-1.55914e-007,0.000220973
,,,-1.55514e-007,0
,,,-1.55114e-007,0
,,,-1.54714e-007,0
,,,-1.54314e-007,0.000220973
,,,-1.53914e-007,0
,,,-1.53514e-007,0
,,,-1.53114e-007,0
,,,-1.52714e-007,0.000441946
,,,-1.52314e-007,-0.000220973
,,,-1.51914e-007,-0.000220973
,,,-1.51514e-007,0
,,,-1.51114e-007,0
,,,-1.50714e-007,0.000662919
,,,-1.50314e-007,0.000883892
,,,-1.49914e-007,0.000662919
,,,-1.49514e-007,0
,,,-1.49114e-007,-0.000220973
,,,-1.48714e-007,0.000220973
,,,-1.48314e-007,0.000441946
,,,-1.47914e-007,0.00110486
,,,-1.47514e-007,0.000662919
,,,-1.47114e-007,0.000441946
,,,-1.46714e-007,0.000441946
,,,-1.46314e-007,0.000662919
,,,-1.45914e-007,0.000441946
,,,-1.45514e-007,0.000662919
,,,-1.45114e-007,-0.000220973
,,,-1.44714e-007,0
,,,-1.44314e-007,0.00110486
,,,-1.43914e-007,-0.000220973
,,,-1.43514e-007,0.000662919
,,,-1.43114e-007,0
,,,-1.42714e-007,0.000883892
,,,-1.42314e-007,0.000883892
,,,-1.41914e-007,0.00110486
,,,-1.41514e-007,0.000220973
,,,-1.41114e-007,0.000220973
,,,-1.40714e-007,0.000220973
,,,-1.40314e-007,-0.000220973
,,,-1.39914e-007,0.000441946
,,,-1.39514e-007,0.000441946
,,,-1.39114e-007,-0.000220973
,,,-1.38714e-007,0
,,,-1.38314e-007,-0.000220973
,,,-1.37914e-007,-0.000220973
,,,-1.37514e-007,0
,,,-1.37114e-007,0.000220973
,,,-1.36714e-007,0.000441946
,,,-1.36314e-007,0
,,,-1.35914e-007,0.000441946
,,,-1.35514e-007,0.000441946
,,,-1.35114e-007,0.000662919
,,,-1.34714e-007,0.000441946
,,,-1.34314e-007,0.000220973
,,,-1.33914e-007,0.000662919
,,,-1.33514e-007,-0.000883892
,,,-1.33114e-007,0.000220973
,,,-1.32714e-007,0.000220973
,,,-1.32314e-007,0.000220973
,,,-1.31914e-007,0.000662919
,,,-1.31514e-007,0
,,,-1.31114e-007,0.000220973
,,,-1.30714e-007,0
,,,-1.30314e-007,0.000441946
,,,-1.29914e-007,0.000662919
,,,-1.29514e-007,0.000220973
,,,-1.29114e-007,-0.000220973
,,,-1.28714e-007,0.000662919
,,,-1.28314e-007,0
,,,-1.27914e-007,-0.000220973
,,,-1.27514e-007,0.000883892
,,,-1.27114e-007,0.000662919
,,,-1.26714e-007,0
,,,-1.26314e-007,-0.000220973
,,,-1.25914e-007,0.000662919
,,,-1.25514e-007,0.000220973
,,,-1.25114e-007,0
,,,-1.24714e-007,0
,,,-1.24314e-007,0.000220973
,,,-1.23914e-007,0.000662919
,,,-1.23514e-007,0.000441946
,,,-1.23114e-007,0.000883892
,,,-1.22714e-007,0.000220973
,,,-1.22314e-007,0.000220973
,,,-1.21914e-007,0
,,,-1.21514e-007,0.000220973
,,,-1.21114e-007,-0.000220973
,,,-1.20714e-007,-0.000220973
,,,-1.20314e-007,-0.000441946
,,,-1.19914e-007,-0.000220973
,,,-1.19514e-007,0.000220973
,,,-1.19114e-007,0.000662919
,,,-1.18714e-007,0
,,,-1.18314e-007,0.000220973
,,,-1.17914e-007,0.000220973
,,,-1.17514e-007,-0.000662919
,,,-1.17114e-007,-0.000220973
,,,-1.16714e-007,0.000662919
,,,-1.16314e-007,-0.000220973
,,,-1.15914e-007,0.000662919
,,,-1.15514e-007,0.000441946
,,,-1.15114e-007,0.000441946
,,,-1.14714e-007,0.000220973
,,,-1.14314e-007,0.000441946
,,,-1.13914e-007,-0.000220973
,,,-1.13514e-007,-0.000441946
,,,-1.13114e-007,-0.000883892
,,,-1.12714e-007,0.000220973
,,,-1.12314e-007,0
,,,-1.11914e-007,0.000441946
,,,-1.11514e-007,-0.000441946
,,,-1.11114e-007,0
,,,-1.10714e-007,0.000662919
,,,-1.10314e-007,0.000220973
,,,-1.09914e-007,0
,,,-1.09514e-007,0.000662919
,,,-1.09114e-007,0.000662919
,,,-1.08714e-007,0.000441946
,,,-1.08314e-007,0.000883892
,,,-1.07914e-007,0.000662919
,,,-1.07514e-007,0.00110486
,,,-1.07114e-007,0.000662919
,,,-1.06714e-007,0.000220973
,,,-1.06314e-007,-0.000220973
,,,-1.05914e-007,-0.000220973
,,,-1.05514e-007,0.000220973
,,,-1.05114e-007,0
,,,-1.04714e-007,0
,,,-1.04314e-007,0
,,,-1.03914e-007,-0.000220973
,,,-1.03514e-007,0.000220973
,,,-1.03114e-007,0.000220973
,,,-1.02714e-007,0.000662919
,,,-1.02314e-007,0
,,,-1.01914e-007,0
,,,-1.01514e-007,0.000220973
,,,-1.01114e-007,0.000883892
,,,-1.00714e-007,0.000220973
,,,-1.00314e-007,0.000220973
,,,-9.99139e-008,0.000662919
,,,-9.95139e-008,0.000220973
,,,-9.91139e-008,0
,,,-9.87139e-008,0.000441946
,,,-9.83139e-008,0.000441946
,,,-9.79139e-008,0.000662919
,,,-9.75139e-008,0.000220973
,,,-9.71139e-008,0
,,,-9.67139e-008,0.000220973
,,,-9.63139e-008,0.000662919
,,,-9.59139e-008,0.000441946
,,,-9.55139e-008,0
,,,-9.51139e-008,0.000662919
,,,-9.47139e-008,0.000441946
,,,-9.43139e-008,0.000662919
,,,-9.39139e-008,0.000441946
,,,-9.35139e-008,0.000441946
,,,-9.31139e-008,0
,,,-9.27139e-008,0.000662919
,,,-9.23139e-008,0.000441946
,,,-9.19139e-008,0.000662919
,,,-9.15139e-008,0.000220973
,,,-9.11139e-008,0.000662919
,,,-9.07139e-008,0.000220973
,,,-9.03139e-008,0.000220973
,,,-8.99139e-008,0.000220973
,,,-8.95139e-008,0.000441946
,,,-8.91139e-008,0.000220973
,,,-8.87139e-008,-0.000220973
,,,-8.83139e-008,0.000220973
,,,-8.79139e-008,0.000441946
,,,-8.75139e-008,-0.000441946
,,,-8.71139e-008,0.000441946
,,,-8.67139e-008,0.000662919
,,,-8.63139e-008,0.000220973
,,,-8.59139e-008,-0.000441946
,,,-8.55139e-008,0
,,,-8.51139e-008,0
,,,-8.47139e-008,0.000220973
,,,-8.43139e-008,0.000441946
,,,-8.39139e-008,0.000441946
,,,-8.35139e-008,0
,,,-8.31139e-008,0.000220973
,,,-8.27139e-008,0.000220973
,,,-8.23139e-008,0.000220973
,,,-8.19139e-008,-0.000220973
,,,-8.15139e-008,-0.000441946
,,,-8.11139e-008,0.000220973
,,,-8.07139e-008,0.00110486
,,,-8.03139e-008,0.000662919
,,,-7.99139e-008,0.000662919
,,,-7.95139e-008,0.000883892
,,,-7.91139e-008,0
,,,-7.87139e-008,0.000220973
,,,-7.83139e-008,0.000662919
,,,-7.79139e-008,-0.000220973
,,,-7.75139e-008,0.000441946
,,,-7.71139e-008,0.00132584
,,,-7.67139e-008,0.000220973
,,,-7.63139e-008,-0.000220973
,,,-7.59139e-008,0.000662919
,,,-7.55139e-008,0.000441946
,,,-7.51139e-008,0.000662919
,,,-7.47139e-008,0.000883892
,,,-7.43139e-008,0.000220973
,,,-7.39139e-008,0
,,,-7.35139e-008,0.000883892
,,,-7.31139e-008,0
,,,-7.27139e-008,0.000220973
,,,-7.23139e-008,0.000441946
,,,-7.19139e-008,0
,,,-7.15139e-008,0.000441946
,,,-7.11139e-008,0.000662919
,,,-7.07139e-008,0.000883892
,,,-7.03139e-008,0
,,,-6.99139e-008,0.000220973
,,,-6.95139e-008,0
,,,-6.91139e-008,0.000441946
,,,-6.87139e-008,0.000220973
,,,-6.83139e-008,-0.000441946
,,,-6.79139e-008,0.000220973
,,,-6.75139e-008,0
,,,-6.71139e-008,0.000441946
,,,-6.67139e-008,0.000220973
,,,-6.63139e-008,-0.000220973
,,,-6.59139e-008,0.000220973
,,,-6.55139e-008,0.000220973
,,,-6.51139e-008,0.000441946
,,,-6.47139e-008,0.000441946
,,,-6.43139e-008,-0.000220973
,,,-6.39139e-008,-0.000662919
,,,-6.35139e-008,-0.000441946
,,,-6.31139e-008,0
,,,-6.27139e-008,0
,,,-6.23139e-008,0.000883892
,,,-6.19139e-008,0.000662919
,,,-6.15139e-008,0.000220973
,,,-6.11139e-008,0.000220973
,,,-6.07139e-008,-0.000220973
,,,-6.03139e-008,0.000662919
,,,-5.99139e-008,0.000441946
,,,-5.95139e-008,0.000441946
,,,-5.91139e-008,0.000220973
,,,-5.87139e-008,0.000220973
,,,-5.83139e-008,0.000441946
,,,-5.79139e-008,0.000441946
,,,-5.75139e-008,0.000662919
,,,-5.71139e-008,0.000220973
,,,-5.67139e-008,0.000662919
,,,-5.63139e-008,-0.000220973
,,,-5.59139e-008,-0.000441946
,,,-5.55139e-008,-0.000220973
,,,-5.51139e-008,-0.000441946
,,,-5.47139e-008,0.000662919
,,,-5.43139e-008,0.000220973
,,,-5.39139e-008,-0.000220973
,,,-5.35139e-008,-0.000220973
,,,-5.31139e-008,0.000662919
,,,-5.27139e-008,0
,,,-5.23139e-008,0.000441946
,,,-5.19139e-008,-0.000220973
,,,-5.15139e-008,0.000220973
,,,-5.11139e-008,0.000441946
,,,-5.07139e-008,0.000441946
,,,-5.03139e-008,0.000220973
,,,-4.99139e-008,0.000220973
,,,-4.95139e-008,0.000441946
,,,-4.91139e-008,0
,,,-4.87139e-008,0
,,,-4.83139e-008,0
,,,-4.79139e-008,0
,,,-4.75139e-008,-0.000220973
,,,-4.71139e-008,-0.000220973
,,,-4.67139e-008,0.000220973
,,,-4.63139e-008,0.000220973
,,,-4.59139e-008,0.000662919
,,,-4.55139e-008,0.000662919
,,,-4.51139e-008,0.000662919
,,,-4.47139e-008,0.00110486
,,,-4.43139e-008,0.000441946
,,,-4.39139e-008,0.000220973
,,,-4.35139e-008,0.000441946
,,,-4.31139e-008,0
,,,-4.27139e-008,0.000662919
,,,-4.23139e-008,0.000662919
,,,-4.19139e-008,-0.000220973
,,,-4.15139e-008,-0.000441946
,,,-4.11139e-008,0.000220973
,,,-4.07139e-008,-0.000441946
,,,-4.03139e-008,-0.000220973
,,,-3.99139e-008,0.000220973
,,,-3.95139e-008,0.000662919
,,,-3.91139e-008,0
,,,-3.87139e-008,0.000662919
,,,-3.83139e-008,0
,,,-3.79139e-008,-0.000441946
,,,-3.75139e-008,-0.000441946
,,,-3.71139e-008,0.000220973
,,,-3.67139e-008,0
,,,-3.63139e-008,0.000441946
,,,-3.59139e-008,0
,,,-3.55139e-008,0
,,,-3.51139e-008,0.000883892
,,,-3.47139e-008,0.000220973
,,,-3.43139e-008,-0.000662919
,,,-3.39139e-008,0.000220973
,,,-3.35139e-008,0
,,,-3.31139e-008,0
,,,-3.27139e-008,0
,,,-3.23139e-008,0
,,,-3.19139e-008,0.000220973
,,,-3.15139e-008,0.000441946
,,,-3.11139e-008,0
,,,-3.07139e-008,0.000662919
,,,-3.03139e-008,0.000883892
,,,-2.99139e-008,0.000662919
,,,-2.95139e-008,-0.000220973
,,,-2.91139e-008,0.000662919
,,,-2.87139e-008,0.000662919
,,,-2.83139e-008,0
,,,-2.79139e-008,0.000220973
,,,-2.75139e-008,0.000220973
,,,-2.71139e-008,0.000662919
,,,-2.67139e-008,0.000662919
,,,-2.63139e-008,0.000662919
,,,-2.59139e-008,0.000220973
,,,-2.55139e-008,0.000883892
,,,-2.51139e-008,0.000220973
,,,-2.47139e-008,0.000220973
,,,-2.43139e-008,0.000441946
,,,-2.39139e-008,-0.000220973
,,,-2.35139e-008,0.000441946
,,,-2.31139e-008,0
,,,-2.27139e-008,0.000441946
,,,-2.23139e-008,0.000441946
,,,-2.19139e-008,0.000883892
,,,-2.15139e-008,0.000220973
,,,-2.11139e-008,0.00110486
,,,-2.07139e-008,0.000441946
,,,-2.03139e-008,0.000441946
,,,-1.99139e-008,0.000220973
,,,-1.95139e-008,0.000662919
,,,-1.91139e-008,-0.000220973
,,,-1.87139e-008,0.000220973
,,,-1.83139e-008,0
,,,-1.79139e-008,0.000441946
,,,-1.75139e-008,0
,,,-1.71139e-008,-0.000662919
,,,-1.67139e-008,0.000220973
,,,-1.63139e-008,0
,,,-1.59139e-008,-0.000441946
,,,-1.55139e-008,0
,,,-1.51139e-008,-0.000220973
,,,-1.47139e-008,0.000883892
,,,-1.43139e-008,0.000441946
,,,-1.39139e-008,0.000220973
,,,-1.35139e-008,0.00154681
,,,-1.31139e-008,0.000883892
,,,-1.27139e-008,-0.000441946
,,,-1.23139e-008,-0.000220973
,,,-1.19139e-008,0.000441946
,,,-1.15139e-008,0.000441946
,,,-1.11139e-008,-0.000220973
,,,-1.07139e-008,0.000220973
,,,-1.03139e-008,0
,,,-9.91393e-009,0
,,,-9.51393e-009,0.000220973
,,,-9.11393e-009,0
,,,-8.71393e-009,0
,,,-8.31393e-009,0
,,,-7.91393e-009,0.000220973
,,,-7.51393e-009,-0.000220973
,,,-7.11393e-009,0
,,,-6.71393e-009,0
,,,-6.31393e-009,0
,,,-5.91393e-009,0.000883892
,,,-5.51393e-009,0
,,,-5.11393e-009,0.000662919
,,,-4.71393e-009,-0.000220973
,,,-4.31393e-009,-0.000441946
,,,-3.91393e-009,-0.000220973
,,,-3.51393e-009,0.000220973
,,,-3.11393e-009,0.000441946
,,,-2.71393e-009,0.000441946
,,,-2.31393e-009,0.000220973
,,,-1.91393e-009,0.000662919
,,,-1.51393e-009,0.000220973
,,,-1.11393e-009,0
,,,-7.13931e-010,-0.000220973
,,,-3.13931e-010,0.000662919
,,,8.6069e-011,-0.000662919
,,,4.86069e-010,0.000441946
,,,8.86069e-010,0
,,,1.28607e-009,0.000662919
,,,1.68607e-009,0.000220973
,,,2.08607e-009,0
,,,2.48607e-009,0
,,,2.88607e-009,0.000662919
,,,3.28607e-009,0.000220973
,,,3.68607e-009,-0.000220973
,,,4.08607e-009,0.000662919
,,,4.48607e-009,0.000441946
,,,4.88607e-009,0.000662919
,,,5.28607e-009,0.000662919
,,,5.68607e-009,0.000220973
,,,6.08607e-009,0.000220973
,,,6.48607e-009,0.000441946
,,,6.88607e-009,0.000220973
,,,7.28607e-009,-0.000441946
,,,7.68607e-009,-0.000220973
,,,8.08607e-009,0.000441946
,,,8.48607e-009,0.000220973
,,,8.88607e-009,0.000220973
,,,9.28607e-009,0.00110486
,,,9.68607e-009,0.000220973
,,,1.00861e-008,-0.000220973
,,,1.04861e-008,-0.000441946
,,,1.08861e-008,-0.000220973
,,,1.12861e-008,0.000220973
,,,1.16861e-008,0.000441946
,,,1.20861e-008,0.000441946
,,,1.24861e-008,0.000883892
,,,1.28861e-008,0.000883892
,,,1.32861e-008,0.000883892
,,,1.36861e-008,0.000220973
,,,1.40861e-008,0.000220973
,,,1.44861e-008,0.000220973
,,,1.48861e-008,-0.000220973
,,,1.52861e-008,0
,,,1.56861e-008,-0.000220973
,,,1.60861e-008,0.000441946
,,,1.64861e-008,-0.000220973
,,,1.68861e-008,0
,,,1.72861e-008,0
,,,1.76861e-008,0
,,,1.80861e-008,0.000220973
,,,1.84861e-008,0.000220973
,,,1.88861e-008,0.000220973
,,,1.92861e-008,0.000441946
,,,1.96861e-008,0.000662919
,,,2.00861e-008,0.000662919
,,,2.04861e-008,0.000220973
,,,2.08861e-008,0.000883892
,,,2.12861e-008,0.000220973
,,,2.16861e-008,0
,,,2.20861e-008,0
,,,2.24861e-008,0.000220973
,,,2.28861e-008,0.000441946
,,,2.32861e-008,0.000662919
,,,2.36861e-008,0.000220973
,,,2.40861e-008,0
,,,2.44861e-008,0.000220973
,,,2.48861e-008,0.000441946
,,,2.52861e-008,0.000220973
,,,2.56861e-008,0
,,,2.60861e-008,0.00110486
,,,2.64861e-008,-0.000220973
,,,2.68861e-008,0.00132584
,,,2.72861e-008,0.000883892
,,,2.76861e-008,0
,,,2.80861e-008,0
,,,2.84861e-008,0.000662919
,,,2.88861e-008,0
,,,2.92861e-008,0.000220973
,,,2.96861e-008,0
,,,3.00861e-008,0.000220973
,,,3.04861e-008,0.000220973
,,,3.08861e-008,0.000441946
,,,3.12861e-008,0
,,,3.16861e-008,-0.000220973
,,,3.20861e-008,0
,,,3.24861e-008,0.000441946
,,,3.28861e-008,0.000441946
,,,3.32861e-008,0.00110486
,,,3.36861e-008,0.000220973
,,,3.40861e-008,0.000441946
,,,3.44861e-008,0.000220973
,,,3.48861e-008,0.000220973
,,,3.52861e-008,0.000441946
,,,3.56861e-008,0.000883892
,,,3.60861e-008,0.000220973
,,,3.64861e-008,-0.000220973
,,,3.68861e-008,0.000220973
,,,3.72861e-008,0.000220973
,,,3.76861e-008,0.000220973
,,,3.80861e-008,0
,,,3.84861e-008,0.000441946
,,,3.88861e-008,0.000441946
,,,3.92861e-008,-0.000220973
,,,3.96861e-008,0
,,,4.00861e-008,0
,,,4.04861e-008,0.000220973
,,,4.08861e-008,0
,,,4.12861e-008,0.000662919
,,,4.16861e-008,0.00110486
,,,4.20861e-008,0.000220973
,,,4.24861e-008,0.000220973
,,,4.28861e-008,0.000662919
,,,4.32861e-008,0.000220973
,,,4.36861e-008,0.000220973
,,,4.40861e-008,0.000662919
,,,4.44861e-008,0.000441946
,,,4.48861e-008,0.000220973
,,,4.52861e-008,0.000220973
,,,4.56861e-008,0.000220973
,,,4.60861e-008,0.000662919
,,,4.64861e-008,0
,,,4.68861e-008,-0.000220973
,,,4.72861e-008,0.000441946
,,,4.76861e-008,0.000441946
,,,4.80861e-008,0.000441946
,,,4.84861e-008,0
,,,4.88861e-008,0.000220973
,,,4.92861e-008,0
,,,4.96861e-008,0.000220973
,,,5.00861e-008,0.000220973
,,,5.04861e-008,0.000220973
,,,5.08861e-008,0.000662919
,,,5.12861e-008,0.000441946
,,,5.16861e-008,0
,,,5.20861e-008,0
,,,5.24861e-008,0
,,,5.28861e-008,0.000441946
,,,5.32861e-008,0.000441946
,,,5.36861e-008,0.000220973
,,,5.40861e-008,0.000220973
,,,5.44861e-008,0.000662919
,,,5.48861e-008,0
,,,5.52861e-008,-0.000220973
,,,5.56861e-008,-0.000441946
,,,5.60861e-008,-0.000220973
,,,5.64861e-008,0
,,,5.68861e-008,-0.000220973
,,,5.72861e-008,0.000441946
,,,5.76861e-008,0.000220973
,,,5.80861e-008,0.000220973
,,,5.84861e-008,0.000441946
,,,5.88861e-008,0.000220973
,,,5.92861e-008,-0.000662919
,,,5.96861e-008,0.000220973
,,,6.00861e-008,0.000220973
,,,6.04861e-008,0.000441946
,,,6.08861e-008,0.000220973
,,,6.12861e-008,0.000220973
,,,6.16861e-008,-0.000662919
,,,6.20861e-008,0.000220973
,,,6.24861e-008,0
,,,6.28861e-008,0.000220973
,,,6.32861e-008,0.000220973
,,,6.36861e-008,0.000220973
,,,6.40861e-008,-0.000220973
,,,6.44861e-008,0.000662919
,,,6.48861e-008,0.000220973
,,,6.52861e-008,0.000220973
,,,6.56861e-008,0
,,,6.60861e-008,0.000220973
,,,6.64861e-008,-0.000220973
,,,6.68861e-008,0.000662919
,,,6.72861e-008,0
,,,6.76861e-008,0
,,,6.80861e-008,0.000662919
,,,6.84861e-008,0.000220973
,,,6.88861e-008,0.000441946
,,,6.92861e-008,0.000662919
,,,6.96861e-008,0.000441946
,,,7.00861e-008,0
,,,7.04861e-008,0.000441946
,,,7.08861e-008,0
,,,7.12861e-008,0
,,,7.16861e-008,-0.000441946
,,,7.20861e-008,0
,,,7.24861e-008,0.000220973
,,,7.28861e-008,0.000662919
,,,7.32861e-008,0.000220973
,,,7.36861e-008,0.000441946
,,,7.40861e-008,0.000662919
,,,7.44861e-008,0
,,,7.48861e-008,0.000220973
,,,7.52861e-008,0.000441946
,,,7.56861e-008,0.000662919
,,,7.60861e-008,0.000441946
,,,7.64861e-008,0.00110486
,,,7.68861e-008,0.000220973
,,,7.72861e-008,0.000220973
,,,7.76861e-008,0.000662919
,,,7.80861e-008,0.000662919
,,,7.84861e-008,0
,,,7.88861e-008,0.000441946
,,,7.92861e-008,0.000220973
,,,7.96861e-008,0
,,,8.00861e-008,0
,,,8.04861e-008,0.000441946
,,,8.08861e-008,-0.000220973
,,,8.12861e-008,0
,,,8.16861e-008,0.000441946
,,,8.20861e-008,0.000662919
,,,8.24861e-008,0.000662919
,,,8.28861e-008,0.000883892
,,,8.32861e-008,-0.000220973
,,,8.36861e-008,0
,,,8.40861e-008,0.000220973
,,,8.44861e-008,0.000441946
,,,8.48861e-008,0.000220973
,,,8.52861e-008,0.00110486
,,,8.56861e-008,0.000220973
,,,8.60861e-008,0
,,,8.64861e-008,0
,,,8.68861e-008,-0.000441946
,,,8.72861e-008,0.000220973
,,,8.76861e-008,0
,,,8.80861e-008,0
,,,8.84861e-008,0.000441946
,,,8.88861e-008,-0.000441946
,,,8.92861e-008,0
,,,8.96861e-008,0.000441946
,,,9.00861e-008,0.000220973
,,,9.04861e-008,0.000220973
,,,9.08861e-008,0.000883892
,,,9.12861e-008,0.000662919
,,,9.16861e-008,0
,,,9.20861e-008,0.000220973
,,,9.24861e-008,0.000883892
,,,9.28861e-008,0.000883892
,,,9.32861e-008,0.00110486
,,,9.36861e-008,0.000662919
,,,9.40861e-008,0.00110486
,,,9.44861e-008,0.0024307
,,,9.48861e-008,0.00309362
,,,9.52861e-008,0.00331459
,,,9.56861e-008,0.00397751
,,,9.60861e-008,0.00552432
,,,9.64861e-008,0.00618724
,,,9.68861e-008,0.00773405
,,,9.72861e-008,0.00950184
,,,9.76861e-008,0.0106067
,,,9.80861e-008,0.0119325
,,,9.84861e-008,0.0128164
,,,9.88861e-008,0.0137003
,,,9.92861e-008,0.0134794
,,,9.96861e-008,0.0141423
,,,1.00086e-007,0.0152471
,,,1.00486e-007,0.016131
,,,1.00886e-007,0.016352
,,,1.01286e-007,0.016573
,,,1.01686e-007,0.0167939
,,,1.02086e-007,0.0167939
,,,1.02486e-007,0.0170149
,,,1.02886e-007,0.0174569
,,,1.03286e-007,0.0176778
,,,1.03686e-007,0.0172359
,,,1.04086e-007,0.016573
,,,1.04486e-007,0.0174569
,,,1.04886e-007,0.0176778
,,,1.05286e-007,0.0183408
,,,1.05686e-007,0.0176778
,,,1.06086e-007,0.0178988
,,,1.06486e-007,0.0174569
,,,1.06886e-007,0.0176778
,,,1.07286e-007,0.0183408
,,,1.07686e-007,0.0181198
,,,1.08086e-007,0.0178988
,,,1.08486e-007,0.0178988
,,,1.08886e-007,0.0174569
,,,1.09286e-007,0.0185617
,,,1.09686e-007,0.0187827
,,,1.10086e-007,0.0183408
,,,1.10486e-007,0.0178988
,,,1.10886e-007,0.0176778
,,,1.11286e-007,0.0174569
,,,1.11686e-007,0.0181198
,,,1.12086e-007,0.0181198
,,,1.12486e-007,0.0181198
,,,1.12886e-007,0.0172359
,,,1.13286e-007,0.0174569
,,,1.13686e-007,0.0167939
,,,1.14086e-007,0.0183408
,,,1.14486e-007,0.0183408
,,,1.14886e-007,0.0181198
,,,1.15286e-007,0.0178988
,,,1.15686e-007,0.0170149
,,,1.16086e-007,0.0176778
,,,1.16486e-007,0.0183408
,,,1.16886e-007,0.0181198
,,,1.17286e-007,0.0183408
,,,1.17686e-007,0.0178988
,,,1.18086e-007,0.0183408
,,,1.18486e-007,0.0181198
,,,1.18886e-007,0.0172359
,,,1.19286e-007,0.0181198
,,,1.19686e-007,0.0172359
,,,1.20086e-007,0.0183408
,,,1.20486e-007,0.0194456
,,,1.20886e-007,0.0183408
,,,1.21286e-007,0.0192246
,,,1.21686e-007,0.0187827
,,,1.22086e-007,0.0187827
,,,1.22486e-007,0.0185617
,,,1.22886e-007,0.0194456
,,,1.23286e-007,0.0192246
,,,1.23686e-007,0.0194456
,,,1.24086e-007,0.0207715
,,,1.24486e-007,0.0203295
,,,1.24886e-007,0.0212134
,,,1.25286e-007,0.0212134
,,,1.25686e-007,0.0207715
,,,1.26086e-007,0.0209924
,,,1.26486e-007,0.0212134
,,,1.26886e-007,0.0207715
,,,1.27286e-007,0.0201085
,,,1.27686e-007,0.0201085
,,,1.28086e-007,0.0198876
,,,1.28486e-007,0.0203295
,,,1.28886e-007,0.0196666
,,,1.29286e-007,0.0192246
,,,1.29686e-007,0.0190037
,,,1.30086e-007,0.0190037
,,,1.30486e-007,0.0183408
,,,1.30886e-007,0.0187827
,,,1.31286e-007,0.0185617
,,,1.31686e-007,0.0187827
,,,1.32086e-007,0.0178988
,,,1.32486e-007,0.0176778
,,,1.32886e-007,0.0174569
,,,1.33286e-007,0.0170149
,,,1.33686e-007,0.0172359
,,,1.34086e-007,0.0170149
,,,1.34486e-007,0.016573
,,,1.34886e-007,0.016573
,,,1.35286e-007,0.0170149
,,,1.35686e-007,0.0170149
,,,1.36086e-007,0.0167939
,,,1.36486e-007,0.0167939
,,,1.36886e-007,0.016573
,,,1.37286e-007,0.0172359
,,,1.37686e-007,0.0167939
,,,1.38086e-007,0.016573
,,,1.38486e-007,0.0156891
,,,1.38886e-007,0.0167939
,,,1.39286e-007,0.0170149
,,,1.39686e-007,0.016352
,,,1.40086e-007,0.0154681
,,,1.40486e-007,0.0170149
,,,1.40886e-007,0.0159101
,,,1.41286e-007,0.016573
,,,1.41686e-007,0.016352
,,,1.42086e-007,0.016131
,,,1.42486e-007,0.0152471
,,,1.42886e-007,0.0150262
,,,1.43286e-007,0.0156891
,,,1.43686e-007,0.0159101
,,,1.44086e-007,0.0150262
,,,1.44486e-007,0.0148052
,,,1.44886e-007,0.0156891
,,,1.45286e-007,0.0150262
,,,1.45686e-007,0.0152471
,,,1.46086e-007,0.0145842
,,,1.46486e-007,0.0154681
,,,1.46886e-007,0.0150262
,,,1.47286e-007,0.0150262
,,,1.47686e-007,0.0143632
,,,1.48086e-007,0.0148052
,,,1.48486e-007,0.0152471
,,,1.48886e-007,0.0154681
,,,1.49286e-007,0.0148052
,,,1.49686e-007,0.0134794
,,,1.50086e-007,0.0145842
,,,1.50486e-007,0.0141423
,,,1.50886e-007,0.0143632
,,,1.51286e-007,0.0143632
,,,1.51686e-007,0.0145842
,,,1.52086e-007,0.0150262
,,,1.52486e-007,0.0141423
,,,1.52886e-007,0.0141423
,,,1.53286e-007,0.0148052
,,,1.53686e-007,0.0143632
,,,1.54086e-007,0.0141423
,,,1.54486e-007,0.0134794
,,,1.54886e-007,0.0139213
,,,1.55286e-007,0.0137003
,,,1.55686e-007,0.0128164
,,,1.56086e-007,0.0132584
,,,1.56486e-007,0.0132584
,,,1.56886e-007,0.0125955
,,,1.57286e-007,0.0123745
,,,1.57686e-007,0.0117116
,,,1.58086e-007,0.0125955
,,,1.58486e-007,0.0125955
,,,1.58886e-007,0.0119325
,,,1.59286e-007,0.0125955
,,,1.59686e-007,0.0121535
,,,1.60086e-007,0.0119325
,,,1.60486e-007,0.0125955
,,,1.60886e-007,0.0128164
,,,1.61286e-007,0.0119325
,,,1.61686e-007,0.0123745
,,,1.62086e-007,0.0123745
,,,1.62486e-007,0.0114906
,,,1.62886e-007,0.0128164
,,,1.63286e-007,0.0134794
,,,1.63686e-007,0.0130374
,,,1.64086e-007,0.0128164
,,,1.64486e-007,0.0125955
,,,1.64886e-007,0.0121535
,,,1.65286e-007,0.0123745
,,,1.65686e-007,0.0125955
,,,1.66086e-007,0.0125955
,,,1.66486e-007,0.0121535
,,,1.66886e-007,0.0125955
,,,1.67286e-007,0.0123745
,,,1.67686e-007,0.0125955
,,,1.68086e-007,0.0119325
,,,1.68486e-007,0.0123745
,,,1.68886e-007,0.0119325
,,,1.69286e-007,0.0128164
,,,1.69686e-007,0.0130374
,,,1.70086e-007,0.0121535
,,,1.70486e-007,0.0125955
,,,1.70886e-007,0.0132584
,,,1.71286e-007,0.0132584
,,,1.71686e-007,0.0128164
,,,1.72086e-007,0.0123745
,,,1.72486e-007,0.0123745
,,,1.72886e-007,0.0125955
,,,1.73286e-007,0.0119325
,,,1.73686e-007,0.0121535
,,,1.74086e-007,0.0121535
,,,1.74486e-007,0.0114906
,,,1.74886e-007,0.0121535
,,,1.75286e-007,0.0123745
,,,1.75686e-007,0.0119325
,,,1.76086e-007,0.0119325
,,,1.76486e-007,0.0121535
,,,1.76886e-007,0.0125955
,,,1.77286e-007,0.0125955
,,,1.77686e-007,0.0130374
,,,1.78086e-007,0.0128164
,,,1.78486e-007,0.0128164
,,,1.78886e-007,0.0130374
,,,1.79286e-007,0.0119325
,,,1.79686e-007,0.0125955
,,,1.80086e-007,0.0132584
,,,1.80486e-007,0.0128164
,,,1.80886e-007,0.0123745
,,,1.81286e-007,0.0125955
,,,1.81686e-007,0.0119325
,,,1.82086e-007,0.0125955
,,,1.82486e-007,0.0128164
,,,1.82886e-007,0.0117116
,,,1.83286e-007,0.0123745
,,,1.83686e-007,0.0121535
,,,1.84086e-007,0.0119325
,,,1.84486e-007,0.0123745
,,,1.84886e-007,0.0119325
,,,1.85286e-007,0.0121535
,,,1.85686e-007,0.0130374
,,,1.86086e-007,0.0130374
,,,1.86486e-007,0.0117116
,,,1.86886e-007,0.0119325
,,,1.87286e-007,0.0128164
,,,1.87686e-007,0.0132584
,,,1.88086e-007,0.0134794
,,,1.88486e-007,0.0132584
,,,1.88886e-007,0.0123745
,,,1.89286e-007,0.0132584
,,,1.89686e-007,0.0137003
,,,1.90086e-007,0.0130374
,,,1.90486e-007,0.0130374
,,,1.90886e-007,0.0130374
,,,1.91286e-007,0.0143632
,,,1.91686e-007,0.0134794
,,,1.92086e-007,0.0141423
,,,1.92486e-007,0.0134794
,,,1.92886e-007,0.0132584
,,,1.93286e-007,0.0141423
,,,1.93686e-007,0.0130374
,,,1.94086e-007,0.0137003
,,,1.94486e-007,0.0139213
,,,1.94886e-007,0.0141423
,,,1.95286e-007,0.0134794
,,,1.95686e-007,0.0132584
,,,1.96086e-007,0.0139213
,,,1.96486e-007,0.0134794
,,,1.96886e-007,0.0139213
,,,1.97286e-007,0.0137003
,,,1.97686e-007,0.0132584
,,,1.98086e-007,0.0125955
,,,1.98486e-007,0.0130374
,,,1.98886e-007,0.0130374
,,,1.99286e-007,0.0132584
,,,1.99686e-007,0.0123745
,,,2.00086e-007,0.0130374
,,,2.00486e-007,0.0128164
,,,2.00886e-007,0.0121535
,,,2.01286e-007,0.0130374
,,,2.01686e-007,0.0132584
,,,2.02086e-007,0.0121535
,,,2.02486e-007,0.0121535
,,,2.02886e-007,0.0130374
,,,2.03286e-007,0.0121535
,,,2.03686e-007,0.0119325
,,,2.04086e-007,0.0119325
,,,2.04486e-007,0.0119325
,,,2.04886e-007,0.0114906
,,,2.05286e-007,0.0117116
,,,2.05686e-007,0.0119325
,,,2.06086e-007,0.0108277
,,,2.06486e-007,0.0108277
,,,2.06886e-007,0.0101648
,,,2.07286e-007,0.00972281
,,,2.07686e-007,0.0101648
,,,2.08086e-007,0.00972281
,,,2.08486e-007,0.00994378
,,,2.08886e-007,0.00883892
,,,2.09286e-007,0.00928087
,,,2.09686e-007,0.00861795
,,,2.10086e-007,0.008176
,,,2.10486e-007,0.00707114
,,,2.10886e-007,0.00773405
,,,2.11286e-007,0.00707114
,,,2.11686e-007,0.0057453
,,,2.12086e-007,0.00596627
,,,2.12486e-007,0.00596627
,,,2.12886e-007,0.0057453
,,,2.13286e-007,0.00640822
,,,2.13686e-007,0.00508238
,,,2.14086e-007,0.00486141
,,,2.14486e-007,0.00441946
,,,2.14886e-007,0.00375654
,,,2.15286e-007,0.00441946
,,,2.15686e-007,0.00419849
,,,2.16086e-007,0.00287265
,,,2.16486e-007,0.00309362
,,,2.16886e-007,0.00441946
,,,2.17286e-007,0.00309362
,,,2.17686e-007,0.00287265
,,,2.18086e-007,0.00287265
,,,2.18486e-007,0.00265168
,,,2.18886e-007,0.00265168
,,,2.19286e-007,0.0024307
,,,2.19686e-007,0.00154681
,,,2.20086e-007,0.00176778
,,,2.20486e-007,0.00198876
,,,2.20886e-007,0.0024307
,,,2.21286e-007,0.00176778
,,,2.21686e-007,0.00132584
,,,2.22086e-007,0.00110486
,,,2.22486e-007,0.00110486
,,,2.22886e-007,0.00176778
,,,2.23286e-007,0.00154681
,,,2.23686e-007,0.00132584
,,,2.24086e-007,0.00154681
,,,2.24486e-007,0.000883892
,,,2.24886e-007,0.000883892
,,,2.25286e-007,0.00176778
,,,2.25686e-007,0.00198876
,,,2.26086e-007,0.000883892
,,,2.26486e-007,0.000662919
,,,2.26886e-007,0.000441946
,,,2.27286e-007,0.000662919
,,,2.27686e-007,0.00110486
,,,2.28086e-007,0.00154681
,,,2.28486e-007,0.000883892
,,,2.28886e-007,0.00176778
,,,2.29286e-007,0.00154681
,,,2.29686e-007,0.000883892
,,,2.30086e-007,0.00132584
,,,2.30486e-007,0.00132584
,,,2.30886e-007,0.00132584
,,,2.31286e-007,0
,,,2.31686e-007,0.000220973
,,,2.32086e-007,0.000662919
,,,2.32486e-007,0.00132584
,,,2.32886e-007,0.000662919
,,,2.33286e-007,0.000662919
,,,2.33686e-007,0.00110486
,,,2.34086e-007,0.000441946
,,,2.34486e-007,0
,,,2.34886e-007,0.000883892
,,,2.35286e-007,0.000662919
,,,2.35686e-007,0.000441946
,,,2.36086e-007,0
,,,2.36486e-007,0.000220973
,,,2.36886e-007,0.000662919
,,,2.37286e-007,0.000220973
,,,2.37686e-007,0.000220973
,,,2.38086e-007,-0.000441946
,,,2.38486e-007,-0.000662919
,,,2.38886e-007,-0.000441946
,,,2.39286e-007,-0.000441946
,,,2.39686e-007,0.000220973
,,,2.40086e-007,-0.000883892
,,,2.40486e-007,-0.000662919
,,,2.40886e-007,-0.000441946
,,,2.41286e-007,-0.000441946
,,,2.41686e-007,0.000220973
,,,2.42086e-007,0.000883892
,,,2.42486e-007,0
,,,2.42886e-007,0
,,,2.43286e-007,-0.000662919
,,,2.43686e-007,-0.000441946
,,,2.44086e-007,0
,,,2.44486e-007,-0.000220973
,,,2.44886e-007,-0.000441946
,,,2.45286e-007,-0.000662919
,,,2.45686e-007,-0.000441946
,,,2.46086e-007,0.000220973
,,,2.46486e-007,-0.000441946
,,,2.46886e-007,0
,,,2.47286e-007,-0.000441946
,,,2.47686e-007,-0.000883892
,,,2.48086e-007,-0.000441946
,,,2.48486e-007,-0.000662919
,,,2.48886e-007,0
,,,2.49286e-007,0.000220973
,,,2.49686e-007,0.000662919
,,,2.50086e-007,0.000220973
