"Record Length",1252,"Points",-2.50128e-007,0.000220973
"Sample Interval",4e-010,s,-2.49728e-007,0.000441946
"Trigger Point",625,"Samples",-2.49328e-007,0.000220973
"Trigger Time",0.319173,s,-2.48928e-007,0
,,,-2.48528e-007,0.000220973
"Horizontal Offset",-2.50128e-007,s,-2.48128e-007,0.00110486
,,,-2.47728e-007,0
,,,-2.47328e-007,0.000662919
,,,-2.46928e-007,0.000441946
,,,-2.46528e-007,0
,,,-2.46128e-007,0.000883892
,,,-2.45728e-007,-0.000220973
,,,-2.45328e-007,-0.000441946
,,,-2.44928e-007,0.000883892
,,,-2.44528e-007,0.000220973
,,,-2.44128e-007,-0.000441946
,,,-2.43728e-007,0.000662919
,,,-2.43328e-007,0.000441946
,,,-2.42928e-007,0.000220973
,,,-2.42528e-007,0.000662919
,,,-2.42128e-007,0.000662919
,,,-2.41728e-007,0.000220973
,,,-2.41328e-007,-0.000220973
,,,-2.40928e-007,0
,,,-2.40528e-007,-0.000441946
,,,-2.40128e-007,-0.000662919
,,,-2.39728e-007,0.000220973
,,,-2.39328e-007,0.000441946
,,,-2.38928e-007,0.000220973
,,,-2.38528e-007,0.00154681
,,,-2.38128e-007,0.000220973
,,,-2.37728e-007,0.000883892
,,,-2.37328e-007,0.000441946
,,,-2.36928e-007,0.00154681
,,,-2.36528e-007,-0.000220973
,,,-2.36128e-007,0.000662919
,,,-2.35728e-007,0.000220973
,,,-2.35328e-007,0.000662919
,,,-2.34928e-007,0.000220973
,,,-2.34528e-007,0.000441946
,,,-2.34128e-007,0
,,,-2.33728e-007,0.000883892
,,,-2.33328e-007,0
,,,-2.32928e-007,0
,,,-2.32528e-007,0.000883892
,,,-2.32128e-007,0.000441946
,,,-2.31728e-007,0.000220973
,,,-2.31328e-007,0.000441946
,,,-2.30928e-007,0
,,,-2.30528e-007,0.000662919
,,,-2.30128e-007,0.000441946
,,,-2.29728e-007,0.000662919
,,,-2.29328e-007,0.000441946
,,,-2.28928e-007,0.000662919
,,,-2.28528e-007,0.000220973
,,,-2.28128e-007,0.000220973
,,,-2.27728e-007,0.000441946
,,,-2.27328e-007,-0.000441946
,,,-2.26928e-007,0.000220973
,,,-2.26528e-007,0.00110486
,,,-2.26128e-007,0
,,,-2.25728e-007,-0.000220973
,,,-2.25328e-007,0.000441946
,,,-2.24928e-007,0.000220973
,,,-2.24528e-007,0.000883892
,,,-2.24128e-007,0.000441946
,,,-2.23728e-007,0.000441946
,,,-2.23328e-007,0.000441946
,,,-2.22928e-007,0.000441946
,,,-2.22528e-007,0.000662919
,,,-2.22128e-007,0.000662919
,,,-2.21728e-007,0.000441946
,,,-2.21328e-007,0.000662919
,,,-2.20928e-007,0.000220973
,,,-2.20528e-007,0.00154681
,,,-2.20128e-007,0.000662919
,,,-2.19728e-007,0
,,,-2.19328e-007,0.000883892
,,,-2.18928e-007,0.000220973
,,,-2.18528e-007,0.000883892
,,,-2.18128e-007,0.000883892
,,,-2.17728e-007,0
,,,-2.17328e-007,0.000220973
,,,-2.16928e-007,-0.000883892
,,,-2.16528e-007,0.000441946
,,,-2.16128e-007,0.000220973
,,,-2.15728e-007,-0.000220973
,,,-2.15328e-007,0.000662919
,,,-2.14928e-007,0
,,,-2.14528e-007,0.000441946
,,,-2.14128e-007,0.000441946
,,,-2.13728e-007,0
,,,-2.13328e-007,0.000662919
,,,-2.12928e-007,0.000441946
,,,-2.12528e-007,0
,,,-2.12128e-007,-0.000220973
,,,-2.11728e-007,0
,,,-2.11328e-007,0.000883892
,,,-2.10928e-007,0.000883892
,,,-2.10528e-007,0.000883892
,,,-2.10128e-007,0.000441946
,,,-2.09728e-007,0.000662919
,,,-2.09328e-007,0.000441946
,,,-2.08928e-007,0.000441946
,,,-2.08528e-007,0.000662919
,,,-2.08128e-007,0.000441946
,,,-2.07728e-007,0.000441946
,,,-2.07328e-007,0.000883892
,,,-2.06928e-007,0.000883892
,,,-2.06528e-007,0.000662919
,,,-2.06128e-007,0.000883892
,,,-2.05728e-007,0
,,,-2.05328e-007,0
,,,-2.04928e-007,0.00132584
,,,-2.04528e-007,0.000441946
,,,-2.04128e-007,0.000441946
,,,-2.03728e-007,0.000662919
,,,-2.03328e-007,0.00110486
,,,-2.02928e-007,0.000220973
,,,-2.02528e-007,0.000441946
,,,-2.02128e-007,-0.000441946
,,,-2.01728e-007,0.000883892
,,,-2.01328e-007,0.000441946
,,,-2.00928e-007,0.000441946
,,,-2.00528e-007,-0.000662919
,,,-2.00128e-007,-0.000220973
,,,-1.99728e-007,0.000441946
,,,-1.99328e-007,-0.000220973
,,,-1.98928e-007,0.000220973
,,,-1.98528e-007,0.000441946
,,,-1.98128e-007,0.000220973
,,,-1.97728e-007,0.000220973
,,,-1.97328e-007,0
,,,-1.96928e-007,0.000662919
,,,-1.96528e-007,0.000441946
,,,-1.96128e-007,0.000662919
,,,-1.95728e-007,0.000662919
,,,-1.95328e-007,0.000662919
,,,-1.94928e-007,0.000441946
,,,-1.94528e-007,0
,,,-1.94128e-007,0.000441946
,,,-1.93728e-007,0
,,,-1.93328e-007,0.000662919
,,,-1.92928e-007,0.00154681
,,,-1.92528e-007,0.00110486
,,,-1.92128e-007,0
,,,-1.91728e-007,-0.000662919
,,,-1.91328e-007,0.000441946
,,,-1.90928e-007,0.000220973
,,,-1.90528e-007,0.000662919
,,,-1.90128e-007,0.000662919
,,,-1.89728e-007,0.000441946
,,,-1.89328e-007,0.000662919
,,,-1.88928e-007,0.000220973
,,,-1.88528e-007,0.000441946
,,,-1.88128e-007,0.00132584
,,,-1.87728e-007,0.000883892
,,,-1.87328e-007,0
,,,-1.86928e-007,0.000662919
,,,-1.86528e-007,0.000883892
,,,-1.86128e-007,-0.000441946
,,,-1.85728e-007,0.000662919
,,,-1.85328e-007,-0.000441946
,,,-1.84928e-007,0
,,,-1.84528e-007,0.000220973
,,,-1.84128e-007,0.000220973
,,,-1.83728e-007,-0.000441946
,,,-1.83328e-007,0.000220973
,,,-1.82928e-007,0.000220973
,,,-1.82528e-007,0.000662919
,,,-1.82128e-007,0.000662919
,,,-1.81728e-007,0
,,,-1.81328e-007,0
,,,-1.80928e-007,-0.000220973
,,,-1.80528e-007,0
,,,-1.80128e-007,0
,,,-1.79728e-007,0.000883892
,,,-1.79328e-007,0.000441946
,,,-1.78928e-007,0.000220973
,,,-1.78528e-007,0.000883892
,,,-1.78128e-007,0
,,,-1.77728e-007,0.000662919
,,,-1.77328e-007,0.000662919
,,,-1.76928e-007,0.000220973
,,,-1.76528e-007,0
,,,-1.76128e-007,-0.000662919
,,,-1.75728e-007,0.000220973
,,,-1.75328e-007,0.000662919
,,,-1.74928e-007,0.000662919
,,,-1.74528e-007,0.00110486
,,,-1.74128e-007,0.000441946
,,,-1.73728e-007,0.000662919
,,,-1.73328e-007,0
,,,-1.72928e-007,0.000441946
,,,-1.72528e-007,0
,,,-1.72128e-007,0.000662919
,,,-1.71728e-007,0.000441946
,,,-1.71328e-007,0.000662919
,,,-1.70928e-007,0.000220973
,,,-1.70528e-007,0.00110486
,,,-1.70128e-007,0.000883892
,,,-1.69728e-007,0.000220973
,,,-1.69328e-007,0.000441946
,,,-1.68928e-007,0.000441946
,,,-1.68528e-007,0.000220973
,,,-1.68128e-007,0.000441946
,,,-1.67728e-007,0
,,,-1.67328e-007,0.000220973
,,,-1.66928e-007,0.000441946
,,,-1.66528e-007,0.000883892
,,,-1.66128e-007,0.000441946
,,,-1.65728e-007,0
,,,-1.65328e-007,0.000441946
,,,-1.64928e-007,0.000441946
,,,-1.64528e-007,0
,,,-1.64128e-007,0.00132584
,,,-1.63728e-007,0.00110486
,,,-1.63328e-007,0.000662919
,,,-1.62928e-007,0.00132584
,,,-1.62528e-007,0.000220973
,,,-1.62128e-007,0.000441946
,,,-1.61728e-007,0.00110486
,,,-1.61328e-007,-0.000220973
,,,-1.60928e-007,0
,,,-1.60528e-007,0.000662919
,,,-1.60128e-007,0.000220973
,,,-1.59728e-007,0
,,,-1.59328e-007,0.000220973
,,,-1.58928e-007,0.000220973
,,,-1.58528e-007,0.000883892
,,,-1.58128e-007,0.000220973
,,,-1.57728e-007,0
,,,-1.57328e-007,0.000220973
,,,-1.56928e-007,0.000662919
,,,-1.56528e-007,0.000441946
,,,-1.56128e-007,0
,,,-1.55728e-007,0.000220973
,,,-1.55328e-007,0.000441946
,,,-1.54928e-007,0.000662919
,,,-1.54528e-007,0.000883892
,,,-1.54128e-007,0.000220973
,,,-1.53728e-007,0.000220973
,,,-1.53328e-007,0.000441946
,,,-1.52928e-007,-0.000220973
,,,-1.52528e-007,0.000220973
,,,-1.52128e-007,0
,,,-1.51728e-007,0.000220973
,,,-1.51328e-007,0
,,,-1.50928e-007,-0.000220973
,,,-1.50528e-007,0
,,,-1.50128e-007,0.000441946
,,,-1.49728e-007,0.000441946
,,,-1.49328e-007,0.000883892
,,,-1.48928e-007,0.00110486
,,,-1.48528e-007,0.000662919
,,,-1.48128e-007,0.000220973
,,,-1.47728e-007,0.000441946
,,,-1.47328e-007,0.000883892
,,,-1.46928e-007,0.000220973
,,,-1.46528e-007,-0.000220973
,,,-1.46128e-007,-0.000220973
,,,-1.45728e-007,0.000220973
,,,-1.45328e-007,0.000220973
,,,-1.44928e-007,-0.000220973
,,,-1.44528e-007,0.000220973
,,,-1.44128e-007,0.000662919
,,,-1.43728e-007,0.000220973
,,,-1.43328e-007,0.000441946
,,,-1.42928e-007,0
,,,-1.42528e-007,0.000441946
,,,-1.42128e-007,0.000662919
,,,-1.41728e-007,0.000441946
,,,-1.41328e-007,0.000220973
,,,-1.40928e-007,0.000441946
,,,-1.40528e-007,0.000662919
,,,-1.40128e-007,0.000662919
,,,-1.39728e-007,0.000220973
,,,-1.39328e-007,0.000220973
,,,-1.38928e-007,0.000220973
,,,-1.38528e-007,0.000220973
,,,-1.38128e-007,0.000220973
,,,-1.37728e-007,0.000662919
,,,-1.37328e-007,0
,,,-1.36928e-007,-0.000220973
,,,-1.36528e-007,0.000662919
,,,-1.36128e-007,0.000220973
,,,-1.35728e-007,0.000220973
,,,-1.35328e-007,0.000883892
,,,-1.34928e-007,0.000662919
,,,-1.34528e-007,0.000441946
,,,-1.34128e-007,0.000662919
,,,-1.33728e-007,0.000662919
,,,-1.33328e-007,0.000441946
,,,-1.32928e-007,0.000220973
,,,-1.32528e-007,0.000220973
,,,-1.32128e-007,0.000441946
,,,-1.31728e-007,0.000441946
,,,-1.31328e-007,0
,,,-1.30928e-007,0.000662919
,,,-1.30528e-007,0.000441946
,,,-1.30128e-007,0.000220973
,,,-1.29728e-007,0
,,,-1.29328e-007,0.000441946
,,,-1.28928e-007,0.000220973
,,,-1.28528e-007,0
,,,-1.28128e-007,0
,,,-1.27728e-007,0
,,,-1.27328e-007,0
,,,-1.26928e-007,0.00110486
,,,-1.26528e-007,0.000220973
,,,-1.26128e-007,-0.000220973
,,,-1.25728e-007,0.000662919
,,,-1.25328e-007,0.000441946
,,,-1.24928e-007,0.00110486
,,,-1.24528e-007,0.00132584
,,,-1.24128e-007,0
,,,-1.23728e-007,0
,,,-1.23328e-007,0.000441946
,,,-1.22928e-007,0.000662919
,,,-1.22528e-007,0.000883892
,,,-1.22128e-007,0.000441946
,,,-1.21728e-007,0.000441946
,,,-1.21328e-007,0.000220973
,,,-1.20928e-007,0.000662919
,,,-1.20528e-007,0.000662919
,,,-1.20128e-007,0.000220973
,,,-1.19728e-007,0.000441946
,,,-1.19328e-007,0.000220973
,,,-1.18928e-007,-0.000220973
,,,-1.18528e-007,0.000883892
,,,-1.18128e-007,0.000220973
,,,-1.17728e-007,0
,,,-1.17328e-007,0.000441946
,,,-1.16928e-007,0.000220973
,,,-1.16528e-007,0.000220973
,,,-1.16128e-007,0.00110486
,,,-1.15728e-007,0.000662919
,,,-1.15328e-007,0.000220973
,,,-1.14928e-007,0
,,,-1.14528e-007,0.000220973
,,,-1.14128e-007,-0.000441946
,,,-1.13728e-007,0.000662919
,,,-1.13328e-007,0.000441946
,,,-1.12928e-007,0.000883892
,,,-1.12528e-007,-0.000220973
,,,-1.12128e-007,-0.000441946
,,,-1.11728e-007,-0.000220973
,,,-1.11328e-007,0.000441946
,,,-1.10928e-007,0.000220973
,,,-1.10528e-007,0.000883892
,,,-1.10128e-007,0.00154681
,,,-1.09728e-007,0.000662919
,,,-1.09328e-007,-0.000441946
,,,-1.08928e-007,0.000441946
,,,-1.08528e-007,0.000662919
,,,-1.08128e-007,0.000220973
,,,-1.07728e-007,0.000441946
,,,-1.07328e-007,0.000220973
,,,-1.06928e-007,0.000441946
,,,-1.06528e-007,0.000662919
,,,-1.06128e-007,0.000441946
,,,-1.05728e-007,0.000441946
,,,-1.05328e-007,0.000662919
,,,-1.04928e-007,0
,,,-1.04528e-007,0
,,,-1.04128e-007,0.00110486
,,,-1.03728e-007,0.000662919
,,,-1.03328e-007,0.000662919
,,,-1.02928e-007,-0.000220973
,,,-1.02528e-007,0.000883892
,,,-1.02128e-007,0.000883892
,,,-1.01728e-007,0.000662919
,,,-1.01328e-007,0.000441946
,,,-1.00928e-007,-0.000220973
,,,-1.00528e-007,0.000441946
,,,-1.00128e-007,0.000662919
,,,-9.97277e-008,0.000883892
,,,-9.93277e-008,0.000441946
,,,-9.89277e-008,0.000220973
,,,-9.85277e-008,0
,,,-9.81277e-008,0.000441946
,,,-9.77277e-008,0.000441946
,,,-9.73277e-008,0.000220973
,,,-9.69277e-008,0.000441946
,,,-9.65277e-008,0.000220973
,,,-9.61277e-008,0.000220973
,,,-9.57277e-008,0.000441946
,,,-9.53277e-008,0.000441946
,,,-9.49277e-008,0.000883892
,,,-9.45277e-008,0.000441946
,,,-9.41277e-008,0.000441946
,,,-9.37277e-008,0.000441946
,,,-9.33277e-008,0.000662919
,,,-9.29277e-008,0.000441946
,,,-9.25277e-008,0
,,,-9.21277e-008,0.000441946
,,,-9.17277e-008,0.000441946
,,,-9.13277e-008,0.000883892
,,,-9.09277e-008,0.000883892
,,,-9.05277e-008,0.000662919
,,,-9.01277e-008,0.000662919
,,,-8.97277e-008,0.000883892
,,,-8.93277e-008,-0.000441946
,,,-8.89277e-008,0
,,,-8.85277e-008,0.000883892
,,,-8.81277e-008,0.000441946
,,,-8.77277e-008,0.000220973
,,,-8.73277e-008,0.000441946
,,,-8.69277e-008,0
,,,-8.65277e-008,0.000441946
,,,-8.61277e-008,0.000883892
,,,-8.57277e-008,0.000220973
,,,-8.53277e-008,0.000441946
,,,-8.49277e-008,0.000883892
,,,-8.45277e-008,0.000883892
,,,-8.41277e-008,0.000220973
,,,-8.37277e-008,0.00110486
,,,-8.33277e-008,0.000662919
,,,-8.29277e-008,0.000220973
,,,-8.25277e-008,0.000441946
,,,-8.21277e-008,0.000220973
,,,-8.17277e-008,0.000883892
,,,-8.13277e-008,0.000220973
,,,-8.09277e-008,0.000441946
,,,-8.05277e-008,0.000662919
,,,-8.01277e-008,0.000662919
,,,-7.97277e-008,0.000883892
,,,-7.93277e-008,0.000220973
,,,-7.89277e-008,0.00110486
,,,-7.85277e-008,0.00110486
,,,-7.81277e-008,0.000662919
,,,-7.77277e-008,0
,,,-7.73277e-008,0.000662919
,,,-7.69277e-008,0.000883892
,,,-7.65277e-008,0.000220973
,,,-7.61277e-008,-0.000220973
,,,-7.57277e-008,0.000441946
,,,-7.53277e-008,0.000662919
,,,-7.49277e-008,0.000441946
,,,-7.45277e-008,0.000662919
,,,-7.41277e-008,-0.000220973
,,,-7.37277e-008,0
,,,-7.33277e-008,-0.000441946
,,,-7.29277e-008,0
,,,-7.25277e-008,0.000441946
,,,-7.21277e-008,0.000662919
,,,-7.17277e-008,0.000883892
,,,-7.13277e-008,0.000662919
,,,-7.09277e-008,0
,,,-7.05277e-008,0.00110486
,,,-7.01277e-008,0.000883892
,,,-6.97277e-008,0.000220973
,,,-6.93277e-008,0
,,,-6.89277e-008,0
,,,-6.85277e-008,0.000441946
,,,-6.81277e-008,0.00132584
,,,-6.77277e-008,0.000441946
,,,-6.73277e-008,-0.000220973
,,,-6.69277e-008,0.000441946
,,,-6.65277e-008,0.000220973
,,,-6.61277e-008,0.000441946
,,,-6.57277e-008,0
,,,-6.53277e-008,0.000220973
,,,-6.49277e-008,0
,,,-6.45277e-008,0.000662919
,,,-6.41277e-008,0
,,,-6.37277e-008,0
,,,-6.33277e-008,0.000441946
,,,-6.29277e-008,0.000220973
,,,-6.25277e-008,0.000662919
,,,-6.21277e-008,0.000662919
,,,-6.17277e-008,-0.000220973
,,,-6.13277e-008,0.000220973
,,,-6.09277e-008,0.000662919
,,,-6.05277e-008,0.000883892
,,,-6.01277e-008,0.000883892
,,,-5.97277e-008,0.000441946
,,,-5.93277e-008,0.000662919
,,,-5.89277e-008,0.000441946
,,,-5.85277e-008,0.000883892
,,,-5.81277e-008,0
,,,-5.77277e-008,0.000441946
,,,-5.73277e-008,-0.000220973
,,,-5.69277e-008,0.000220973
,,,-5.65277e-008,0.000220973
,,,-5.61277e-008,0
,,,-5.57277e-008,-0.000441946
,,,-5.53277e-008,0.000441946
,,,-5.49277e-008,0.000220973
,,,-5.45277e-008,0.000220973
,,,-5.41277e-008,-0.000220973
,,,-5.37277e-008,0.000883892
,,,-5.33277e-008,0.000220973
,,,-5.29277e-008,0.000662919
,,,-5.25277e-008,0
,,,-5.21277e-008,0.000220973
,,,-5.17277e-008,0.00110486
,,,-5.13277e-008,0.000883892
,,,-5.09277e-008,-0.000220973
,,,-5.05277e-008,0.000441946
,,,-5.01277e-008,0.000662919
,,,-4.97277e-008,0.000662919
,,,-4.93277e-008,0.000441946
,,,-4.89277e-008,0.000441946
,,,-4.85277e-008,0.000220973
,,,-4.81277e-008,0.000441946
,,,-4.77277e-008,0.000662919
,,,-4.73277e-008,0.000220973
,,,-4.69277e-008,0
,,,-4.65277e-008,0.00110486
,,,-4.61277e-008,0.000441946
,,,-4.57277e-008,0.000883892
,,,-4.53277e-008,0.000220973
,,,-4.49277e-008,0.000441946
,,,-4.45277e-008,0
,,,-4.41277e-008,0.000441946
,,,-4.37277e-008,0.000220973
,,,-4.33277e-008,0.000662919
,,,-4.29277e-008,0.000662919
,,,-4.25277e-008,0
,,,-4.21277e-008,0
,,,-4.17277e-008,0.000883892
,,,-4.13277e-008,0.000883892
,,,-4.09277e-008,0.00110486
,,,-4.05277e-008,0.000441946
,,,-4.01277e-008,0
,,,-3.97277e-008,0.000220973
,,,-3.93277e-008,0.000662919
,,,-3.89277e-008,-0.000441946
,,,-3.85277e-008,0.000441946
,,,-3.81277e-008,0.000883892
,,,-3.77277e-008,0.000662919
,,,-3.73277e-008,0.000220973
,,,-3.69277e-008,0.000883892
,,,-3.65277e-008,0
,,,-3.61277e-008,0.000220973
,,,-3.57277e-008,0.000220973
,,,-3.53277e-008,0
,,,-3.49277e-008,0.000883892
,,,-3.45277e-008,0.000662919
,,,-3.41277e-008,0.00110486
,,,-3.37277e-008,0.000441946
,,,-3.33277e-008,0.000662919
,,,-3.29277e-008,0.000441946
,,,-3.25277e-008,0
,,,-3.21277e-008,0.000441946
,,,-3.17277e-008,0.000441946
,,,-3.13277e-008,0.00132584
,,,-3.09277e-008,0.000441946
,,,-3.05277e-008,0
,,,-3.01277e-008,0.000662919
,,,-2.97277e-008,0.000662919
,,,-2.93277e-008,0.000441946
,,,-2.89277e-008,0.000441946
,,,-2.85277e-008,0.000220973
,,,-2.81277e-008,0.000441946
,,,-2.77277e-008,0.000883892
,,,-2.73277e-008,0.000883892
,,,-2.69277e-008,0.000662919
,,,-2.65277e-008,0.000662919
,,,-2.61277e-008,0.000220973
,,,-2.57277e-008,0
,,,-2.53277e-008,0
,,,-2.49277e-008,-0.000662919
,,,-2.45277e-008,0
,,,-2.41277e-008,0.000441946
,,,-2.37277e-008,0
,,,-2.33277e-008,0
,,,-2.29277e-008,0
,,,-2.25277e-008,0.000220973
,,,-2.21277e-008,0.000220973
,,,-2.17277e-008,0.000662919
,,,-2.13277e-008,0.00132584
,,,-2.09277e-008,0.000441946
,,,-2.05277e-008,0.000883892
,,,-2.01277e-008,0.000441946
,,,-1.97277e-008,0.000883892
,,,-1.93277e-008,0.000662919
,,,-1.89277e-008,0.000883892
,,,-1.85277e-008,0.000220973
,,,-1.81277e-008,0
,,,-1.77277e-008,0.000441946
,,,-1.73277e-008,0.000662919
,,,-1.69277e-008,0.000662919
,,,-1.65277e-008,0.000662919
,,,-1.61277e-008,0.000441946
,,,-1.57277e-008,-0.000220973
,,,-1.53277e-008,-0.000441946
,,,-1.49277e-008,0.000220973
,,,-1.45277e-008,0.000441946
,,,-1.41277e-008,0.000220973
,,,-1.37277e-008,0.000662919
,,,-1.33277e-008,0.000441946
,,,-1.29277e-008,0.00110486
,,,-1.25277e-008,0.000441946
,,,-1.21277e-008,0.000220973
,,,-1.17277e-008,0.000662919
,,,-1.13277e-008,0.000883892
,,,-1.09277e-008,0.000441946
,,,-1.05277e-008,0.000220973
,,,-1.01277e-008,0.000662919
,,,-9.72767e-009,0.000441946
,,,-9.32767e-009,0.000441946
,,,-8.92767e-009,-0.000220973
,,,-8.52767e-009,0.00110486
,,,-8.12767e-009,0.000441946
,,,-7.72767e-009,-0.000441946
,,,-7.32767e-009,0.000662919
,,,-6.92767e-009,0.000883892
,,,-6.52767e-009,0.000441946
,,,-6.12767e-009,-0.000441946
,,,-5.72767e-009,0.000662919
,,,-5.32767e-009,0.000662919
,,,-4.92767e-009,0.000662919
,,,-4.52767e-009,0.000883892
,,,-4.12767e-009,0.000220973
,,,-3.72767e-009,0.000662919
,,,-3.32767e-009,-0.000220973
,,,-2.92767e-009,0.000220973
,,,-2.52767e-009,0.000662919
,,,-2.12767e-009,0.00132584
,,,-1.72767e-009,0.000220973
,,,-1.32767e-009,0.000220973
,,,-9.27669e-010,0.00110486
,,,-5.27669e-010,0.000662919
,,,-1.27669e-010,0.000220973
,,,2.72331e-010,-0.000662919
,,,6.72331e-010,-0.000220973
,,,1.07233e-009,0.000220973
,,,1.47233e-009,0.00132584
,,,1.87233e-009,0
,,,2.27233e-009,0.000441946
,,,2.67233e-009,0
,,,3.07233e-009,0.000220973
,,,3.47233e-009,0.000662919
,,,3.87233e-009,0.000441946
,,,4.27233e-009,0.000441946
,,,4.67233e-009,0.000662919
,,,5.07233e-009,0
,,,5.47233e-009,0.000883892
,,,5.87233e-009,-0.000220973
,,,6.27233e-009,0
,,,6.67233e-009,-0.000441946
,,,7.07233e-009,0.000220973
,,,7.47233e-009,0.000441946
,,,7.87233e-009,-0.000220973
,,,8.27233e-009,-0.000441946
,,,8.67233e-009,0.000441946
,,,9.07233e-009,0.000220973
,,,9.47233e-009,0.000441946
,,,9.87233e-009,0.000220973
,,,1.02723e-008,0
,,,1.06723e-008,0.000220973
,,,1.10723e-008,0.000883892
,,,1.14723e-008,0.000220973
,,,1.18723e-008,0
,,,1.22723e-008,0.000883892
,,,1.26723e-008,0.000662919
,,,1.30723e-008,-0.000220973
,,,1.34723e-008,0.00110486
,,,1.38723e-008,0.000662919
,,,1.42723e-008,0.000441946
,,,1.46723e-008,0.000220973
,,,1.50723e-008,0
,,,1.54723e-008,0.000441946
,,,1.58723e-008,0.000883892
,,,1.62723e-008,0
,,,1.66723e-008,0
,,,1.70723e-008,0.000662919
,,,1.74723e-008,0.000662919
,,,1.78723e-008,0.000441946
,,,1.82723e-008,0.000883892
,,,1.86723e-008,0
,,,1.90723e-008,0.000662919
,,,1.94723e-008,0.000662919
,,,1.98723e-008,0.000441946
,,,2.02723e-008,0.000662919
,,,2.06723e-008,0.000883892
,,,2.10723e-008,0.000220973
,,,2.14723e-008,0.000662919
,,,2.18723e-008,-0.000220973
,,,2.22723e-008,0.000441946
,,,2.26723e-008,0.000441946
,,,2.30723e-008,0.000883892
,,,2.34723e-008,0.000220973
,,,2.38723e-008,0.000662919
,,,2.42723e-008,0.000220973
,,,2.46723e-008,0.000441946
,,,2.50723e-008,0.000220973
,,,2.54723e-008,0.000662919
,,,2.58723e-008,0.000441946
,,,2.62723e-008,0.000220973
,,,2.66723e-008,0
,,,2.70723e-008,0.000220973
,,,2.74723e-008,0.000220973
,,,2.78723e-008,0.00110486
,,,2.82723e-008,0.000441946
,,,2.86723e-008,0
,,,2.90723e-008,0.00110486
,,,2.94723e-008,0
,,,2.98723e-008,0.000883892
,,,3.02723e-008,0.00110486
,,,3.06723e-008,-0.000220973
,,,3.10723e-008,0
,,,3.14723e-008,0.000220973
,,,3.18723e-008,-0.000220973
,,,3.22723e-008,0
,,,3.26723e-008,0.000441946
,,,3.30723e-008,0.000441946
,,,3.34723e-008,0.00132584
,,,3.38723e-008,0.000662919
,,,3.42723e-008,0.000662919
,,,3.46723e-008,0
,,,3.50723e-008,0.000883892
,,,3.54723e-008,0.000883892
,,,3.58723e-008,0.000662919
,,,3.62723e-008,0
,,,3.66723e-008,0.000441946
,,,3.70723e-008,0.000220973
,,,3.74723e-008,0.000662919
,,,3.78723e-008,0.000662919
,,,3.82723e-008,0.00110486
,,,3.86723e-008,0.00110486
,,,3.90723e-008,0.000441946
,,,3.94723e-008,0.000662919
,,,3.98723e-008,0.000662919
,,,4.02723e-008,0.000220973
,,,4.06723e-008,0.000441946
,,,4.10723e-008,0.000220973
,,,4.14723e-008,0.000441946
,,,4.18723e-008,0.000441946
,,,4.22723e-008,0.000662919
,,,4.26723e-008,0.000441946
,,,4.30723e-008,0.000662919
,,,4.34723e-008,0.000662919
,,,4.38723e-008,0.000220973
,,,4.42723e-008,0.000220973
,,,4.46723e-008,0.000662919
,,,4.50723e-008,0.000662919
,,,4.54723e-008,0.000662919
,,,4.58723e-008,0.000883892
,,,4.62723e-008,0
,,,4.66723e-008,0.000220973
,,,4.70723e-008,0.000441946
,,,4.74723e-008,0.000441946
,,,4.78723e-008,0
,,,4.82723e-008,0.000662919
,,,4.86723e-008,0.000220973
,,,4.90723e-008,0.000220973
,,,4.94723e-008,0.00110486
,,,4.98723e-008,0.000662919
,,,5.02723e-008,0.000662919
,,,5.06723e-008,0.000662919
,,,5.10723e-008,0.000662919
,,,5.14723e-008,0.000662919
,,,5.18723e-008,0.000220973
,,,5.22723e-008,0
,,,5.26723e-008,0.000441946
,,,5.30723e-008,0.000662919
,,,5.34723e-008,0.000220973
,,,5.38723e-008,0.000441946
,,,5.42723e-008,0.000883892
,,,5.46723e-008,0.000662919
,,,5.50723e-008,0
,,,5.54723e-008,-0.000220973
,,,5.58723e-008,0
,,,5.62723e-008,0.000220973
,,,5.66723e-008,0.000662919
,,,5.70723e-008,0.000220973
,,,5.74723e-008,0.000220973
,,,5.78723e-008,0.000883892
,,,5.82723e-008,0.00132584
,,,5.86723e-008,0.000441946
,,,5.90723e-008,0.000220973
,,,5.94723e-008,0.000220973
,,,5.98723e-008,0.000441946
,,,6.02723e-008,0.00110486
,,,6.06723e-008,0.00132584
,,,6.10723e-008,0.000441946
,,,6.14723e-008,0.000220973
,,,6.18723e-008,0.000883892
,,,6.22723e-008,0.00110486
,,,6.26723e-008,0.000662919
,,,6.30723e-008,0
,,,6.34723e-008,-0.000220973
,,,6.38723e-008,0
,,,6.42723e-008,-0.000220973
,,,6.46723e-008,-0.000220973
,,,6.50723e-008,0.000220973
,,,6.54723e-008,0.000220973
,,,6.58723e-008,0.00132584
,,,6.62723e-008,0.000883892
,,,6.66723e-008,-0.000441946
,,,6.70723e-008,0.000441946
,,,6.74723e-008,0.000883892
,,,6.78723e-008,0.000662919
,,,6.82723e-008,0.000883892
,,,6.86723e-008,0.000662919
,,,6.90723e-008,0.000883892
,,,6.94723e-008,0.000662919
,,,6.98723e-008,0.000441946
,,,7.02723e-008,0
,,,7.06723e-008,0.000220973
,,,7.10723e-008,0.000441946
,,,7.14723e-008,0.000883892
,,,7.18723e-008,0
,,,7.22723e-008,0.000220973
,,,7.26723e-008,0.000220973
,,,7.30723e-008,0.000441946
,,,7.34723e-008,0.000220973
,,,7.38723e-008,0.000662919
,,,7.42723e-008,0.000883892
,,,7.46723e-008,0.000662919
,,,7.50723e-008,0.000220973
,,,7.54723e-008,0.000441946
,,,7.58723e-008,0.00132584
,,,7.62723e-008,0.000441946
,,,7.66723e-008,0.000441946
,,,7.70723e-008,0.000883892
,,,7.74723e-008,0.000883892
,,,7.78723e-008,0.000220973
,,,7.82723e-008,0.000883892
,,,7.86723e-008,0.000441946
,,,7.90723e-008,0.000220973
,,,7.94723e-008,0.000441946
,,,7.98723e-008,0.000220973
,,,8.02723e-008,0.000220973
,,,8.06723e-008,0.00132584
,,,8.10723e-008,0.000441946
,,,8.14723e-008,0.000883892
,,,8.18723e-008,0.000441946
,,,8.22723e-008,0.000662919
,,,8.26723e-008,0.000441946
,,,8.30723e-008,0.000883892
,,,8.34723e-008,0.000220973
,,,8.38723e-008,0.000441946
,,,8.42723e-008,0.000662919
,,,8.46723e-008,0.00110486
,,,8.50723e-008,0
,,,8.54723e-008,0.000883892
,,,8.58723e-008,0
,,,8.62723e-008,0.000441946
,,,8.66723e-008,0
,,,8.70723e-008,-0.000220973
,,,8.74723e-008,0.000220973
,,,8.78723e-008,0.000662919
,,,8.82723e-008,0.000220973
,,,8.86723e-008,0.000662919
,,,8.90723e-008,0.00110486
,,,8.94723e-008,-0.000220973
,,,8.98723e-008,0.000441946
,,,9.02723e-008,0.000662919
,,,9.06723e-008,0.000220973
,,,9.10723e-008,0
,,,9.14723e-008,0.000883892
,,,9.18723e-008,0.000220973
,,,9.22723e-008,0.00132584
,,,9.26723e-008,0.00110486
,,,9.30723e-008,0.000441946
,,,9.34723e-008,0.00110486
,,,9.38723e-008,0.00198876
,,,9.42723e-008,0.00220973
,,,9.46723e-008,0.00309362
,,,9.50723e-008,0.00375654
,,,9.54723e-008,0.00375654
,,,9.58723e-008,0.00486141
,,,9.62723e-008,0.00618724
,,,9.66723e-008,0.00729211
,,,9.70723e-008,0.008176
,,,9.74723e-008,0.0101648
,,,9.78723e-008,0.0117116
,,,9.82723e-008,0.0114906
,,,9.86723e-008,0.0130374
,,,9.90723e-008,0.0143632
,,,9.94723e-008,0.0150262
,,,9.98723e-008,0.0156891
,,,1.00272e-007,0.0154681
,,,1.00672e-007,0.016573
,,,1.01072e-007,0.016131
,,,1.01472e-007,0.0167939
,,,1.01872e-007,0.0167939
,,,1.02272e-007,0.0174569
,,,1.02672e-007,0.0172359
,,,1.03072e-007,0.0181198
,,,1.03472e-007,0.0172359
,,,1.03872e-007,0.0185617
,,,1.04272e-007,0.0172359
,,,1.04672e-007,0.0183408
,,,1.05072e-007,0.0176778
,,,1.05472e-007,0.0172359
,,,1.05872e-007,0.0183408
,,,1.06272e-007,0.0183408
,,,1.06672e-007,0.0174569
,,,1.07072e-007,0.0174569
,,,1.07472e-007,0.0176778
,,,1.07872e-007,0.0183408
,,,1.08272e-007,0.0181198
,,,1.08672e-007,0.0174569
,,,1.09072e-007,0.0181198
,,,1.09472e-007,0.0183408
,,,1.09872e-007,0.0185617
,,,1.10272e-007,0.0187827
,,,1.10672e-007,0.0181198
,,,1.11072e-007,0.0181198
,,,1.11472e-007,0.0174569
,,,1.11872e-007,0.0181198
,,,1.12272e-007,0.0178988
,,,1.12672e-007,0.0178988
,,,1.13072e-007,0.0176778
,,,1.13472e-007,0.0185617
,,,1.13872e-007,0.0181198
,,,1.14272e-007,0.0178988
,,,1.14672e-007,0.0172359
,,,1.15072e-007,0.0183408
,,,1.15472e-007,0.0183408
,,,1.15872e-007,0.0183408
,,,1.16272e-007,0.0185617
,,,1.16672e-007,0.0176778
,,,1.17072e-007,0.0178988
,,,1.17472e-007,0.0185617
,,,1.17872e-007,0.0178988
,,,1.18272e-007,0.0185617
,,,1.18672e-007,0.0183408
,,,1.19072e-007,0.0178988
,,,1.19472e-007,0.0176778
,,,1.19872e-007,0.0178988
,,,1.20272e-007,0.0183408
,,,1.20672e-007,0.0187827
,,,1.21072e-007,0.0185617
,,,1.21472e-007,0.0190037
,,,1.21872e-007,0.0190037
,,,1.22272e-007,0.0192246
,,,1.22672e-007,0.0185617
,,,1.23072e-007,0.0194456
,,,1.23472e-007,0.0201085
,,,1.23872e-007,0.0198876
,,,1.24272e-007,0.0198876
,,,1.24672e-007,0.0207715
,,,1.25072e-007,0.0209924
,,,1.25472e-007,0.0214344
,,,1.25872e-007,0.0214344
,,,1.26272e-007,0.0205505
,,,1.26672e-007,0.0201085
,,,1.27072e-007,0.0209924
,,,1.27472e-007,0.0209924
,,,1.27872e-007,0.0196666
,,,1.28272e-007,0.0196666
,,,1.28672e-007,0.0196666
,,,1.29072e-007,0.0190037
,,,1.29472e-007,0.0198876
,,,1.29872e-007,0.0194456
,,,1.30272e-007,0.0192246
,,,1.30672e-007,0.0187827
,,,1.31072e-007,0.0176778
,,,1.31472e-007,0.0176778
,,,1.31872e-007,0.0181198
,,,1.32272e-007,0.0185617
,,,1.32672e-007,0.0172359
,,,1.33072e-007,0.0178988
,,,1.33472e-007,0.0167939
,,,1.33872e-007,0.0174569
,,,1.34272e-007,0.0178988
,,,1.34672e-007,0.016573
,,,1.35072e-007,0.016573
,,,1.35472e-007,0.0159101
,,,1.35872e-007,0.0167939
,,,1.36272e-007,0.016352
,,,1.36672e-007,0.016131
,,,1.37072e-007,0.016352
,,,1.37472e-007,0.0156891
,,,1.37872e-007,0.016352
,,,1.38272e-007,0.016352
,,,1.38672e-007,0.016131
,,,1.39072e-007,0.016352
,,,1.39472e-007,0.016573
,,,1.39872e-007,0.016131
,,,1.40272e-007,0.016573
,,,1.40672e-007,0.016573
,,,1.41072e-007,0.0156891
,,,1.41472e-007,0.0156891
,,,1.41872e-007,0.0156891
,,,1.42272e-007,0.016352
,,,1.42672e-007,0.0159101
,,,1.43072e-007,0.0152471
,,,1.43472e-007,0.0150262
,,,1.43872e-007,0.0152471
,,,1.44272e-007,0.0150262
,,,1.44672e-007,0.0156891
,,,1.45072e-007,0.0150262
,,,1.45472e-007,0.0152471
,,,1.45872e-007,0.0154681
,,,1.46272e-007,0.0152471
,,,1.46672e-007,0.0148052
,,,1.47072e-007,0.0150262
,,,1.47472e-007,0.0148052
,,,1.47872e-007,0.0150262
,,,1.48272e-007,0.0150262
,,,1.48672e-007,0.0150262
,,,1.49072e-007,0.0150262
,,,1.49472e-007,0.0143632
,,,1.49872e-007,0.0143632
,,,1.50272e-007,0.0154681
,,,1.50672e-007,0.0145842
,,,1.51072e-007,0.0143632
,,,1.51472e-007,0.0148052
,,,1.51872e-007,0.0152471
,,,1.52272e-007,0.0148052
,,,1.52672e-007,0.0148052
,,,1.53072e-007,0.0150262
,,,1.53472e-007,0.0143632
,,,1.53872e-007,0.0141423
,,,1.54272e-007,0.0141423
,,,1.54672e-007,0.0134794
,,,1.55072e-007,0.0134794
,,,1.55472e-007,0.0134794
,,,1.55872e-007,0.0137003
,,,1.56272e-007,0.0130374
,,,1.56672e-007,0.0123745
,,,1.57072e-007,0.0125955
,,,1.57472e-007,0.0123745
,,,1.57872e-007,0.0121535
,,,1.58272e-007,0.0114906
,,,1.58672e-007,0.0128164
,,,1.59072e-007,0.0117116
,,,1.59472e-007,0.0114906
,,,1.59872e-007,0.0117116
,,,1.60272e-007,0.0125955
,,,1.60672e-007,0.0128164
,,,1.61072e-007,0.0125955
,,,1.61472e-007,0.0128164
,,,1.61872e-007,0.0125955
,,,1.62272e-007,0.0128164
,,,1.62672e-007,0.0130374
,,,1.63072e-007,0.0125955
,,,1.63472e-007,0.0123745
,,,1.63872e-007,0.0123745
,,,1.64272e-007,0.0130374
,,,1.64672e-007,0.0128164
,,,1.65072e-007,0.0128164
,,,1.65472e-007,0.0125955
,,,1.65872e-007,0.0125955
,,,1.66272e-007,0.0125955
,,,1.66672e-007,0.0123745
,,,1.67072e-007,0.0119325
,,,1.67472e-007,0.0125955
,,,1.67872e-007,0.0128164
,,,1.68272e-007,0.0123745
,,,1.68672e-007,0.0134794
,,,1.69072e-007,0.0123745
,,,1.69472e-007,0.0121535
,,,1.69872e-007,0.0128164
,,,1.70272e-007,0.0125955
,,,1.70672e-007,0.0123745
,,,1.71072e-007,0.0130374
,,,1.71472e-007,0.0128164
,,,1.71872e-007,0.0128164
,,,1.72272e-007,0.0128164
,,,1.72672e-007,0.0125955
,,,1.73072e-007,0.0128164
,,,1.73472e-007,0.0121535
,,,1.73872e-007,0.0125955
,,,1.74272e-007,0.0130374
,,,1.74672e-007,0.0128164
,,,1.75072e-007,0.0123745
,,,1.75472e-007,0.0130374
,,,1.75872e-007,0.0125955
,,,1.76272e-007,0.0117116
,,,1.76672e-007,0.0121535
,,,1.77072e-007,0.0123745
,,,1.77472e-007,0.0123745
,,,1.77872e-007,0.0128164
,,,1.78272e-007,0.0125955
,,,1.78672e-007,0.0128164
,,,1.79072e-007,0.0128164
,,,1.79472e-007,0.0123745
,,,1.79872e-007,0.0128164
,,,1.80272e-007,0.0125955
,,,1.80672e-007,0.0130374
,,,1.81072e-007,0.0132584
,,,1.81472e-007,0.0130374
,,,1.81872e-007,0.0121535
,,,1.82272e-007,0.0130374
,,,1.82672e-007,0.0128164
,,,1.83072e-007,0.0123745
,,,1.83472e-007,0.0121535
,,,1.83872e-007,0.0123745
,,,1.84272e-007,0.0123745
,,,1.84672e-007,0.0119325
,,,1.85072e-007,0.0123745
,,,1.85472e-007,0.0125955
,,,1.85872e-007,0.0130374
,,,1.86272e-007,0.0128164
,,,1.86672e-007,0.0134794
,,,1.87072e-007,0.0130374
,,,1.87472e-007,0.0128164
,,,1.87872e-007,0.0125955
,,,1.88272e-007,0.0123745
,,,1.88672e-007,0.0130374
,,,1.89072e-007,0.0128164
,,,1.89472e-007,0.0130374
,,,1.89872e-007,0.0139213
,,,1.90272e-007,0.0139213
,,,1.90672e-007,0.0121535
,,,1.91072e-007,0.0128164
,,,1.91472e-007,0.0125955
,,,1.91872e-007,0.0134794
,,,1.92272e-007,0.0132584
,,,1.92672e-007,0.0141423
,,,1.93072e-007,0.0132584
,,,1.93472e-007,0.0137003
,,,1.93872e-007,0.0141423
,,,1.94272e-007,0.0143632
,,,1.94672e-007,0.0132584
,,,1.95072e-007,0.0134794
,,,1.95472e-007,0.0141423
,,,1.95872e-007,0.0134794
,,,1.96272e-007,0.0134794
,,,1.96672e-007,0.0137003
,,,1.97072e-007,0.0132584
,,,1.97472e-007,0.0132584
,,,1.97872e-007,0.0130374
,,,1.98272e-007,0.0132584
,,,1.98672e-007,0.0130374
,,,1.99072e-007,0.0128164
,,,1.99472e-007,0.0134794
,,,1.99872e-007,0.0132584
,,,2.00272e-007,0.0128164
,,,2.00672e-007,0.0130374
,,,2.01072e-007,0.0134794
,,,2.01472e-007,0.0123745
,,,2.01872e-007,0.0130374
,,,2.02272e-007,0.0123745
,,,2.02672e-007,0.0119325
,,,2.03072e-007,0.0130374
,,,2.03472e-007,0.0123745
,,,2.03872e-007,0.0119325
,,,2.04272e-007,0.0119325
,,,2.04672e-007,0.0121535
,,,2.05072e-007,0.0119325
,,,2.05472e-007,0.0125955
,,,2.05872e-007,0.0110486
,,,2.06272e-007,0.0114906
,,,2.06672e-007,0.0110486
,,,2.07072e-007,0.0106067
,,,2.07472e-007,0.00994378
,,,2.07872e-007,0.0101648
,,,2.08272e-007,0.00928087
,,,2.08672e-007,0.00972281
,,,2.09072e-007,0.00950184
,,,2.09472e-007,0.00861795
,,,2.09872e-007,0.00839697
,,,2.10272e-007,0.00883892
,,,2.10672e-007,0.00751308
,,,2.11072e-007,0.00773405
,,,2.11472e-007,0.00773405
,,,2.11872e-007,0.00707114
,,,2.12272e-007,0.00729211
,,,2.12672e-007,0.00685016
,,,2.13072e-007,0.00552432
,,,2.13472e-007,0.0057453
,,,2.13872e-007,0.00530335
,,,2.14272e-007,0.00419849
,,,2.14672e-007,0.00464043
,,,2.15072e-007,0.00419849
,,,2.15472e-007,0.00397751
,,,2.15872e-007,0.00419849
,,,2.16272e-007,0.00397751
,,,2.16672e-007,0.00309362
,,,2.17072e-007,0.00265168
,,,2.17472e-007,0.00331459
,,,2.17872e-007,0.00331459
,,,2.18272e-007,0.00331459
,,,2.18672e-007,0.00309362
,,,2.19072e-007,0.00287265
,,,2.19472e-007,0.00287265
,,,2.19872e-007,0.00220973
,,,2.20272e-007,0.0024307
,,,2.20672e-007,0.00198876
,,,2.21072e-007,0.00220973
,,,2.21472e-007,0.00176778
,,,2.21872e-007,0.00176778
,,,2.22272e-007,0.00220973
,,,2.22672e-007,0.00132584
,,,2.23072e-007,0.00132584
,,,2.23472e-007,0.00176778
,,,2.23872e-007,0.00176778
,,,2.24272e-007,0.00154681
,,,2.24672e-007,0.00110486
,,,2.25072e-007,0.000662919
,,,2.25472e-007,0.000883892
,,,2.25872e-007,0.00176778
,,,2.26272e-007,0.00110486
,,,2.26672e-007,0.000662919
,,,2.27072e-007,0.00110486
,,,2.27472e-007,0.00110486
,,,2.27872e-007,0.000883892
,,,2.28272e-007,0.000662919
,,,2.28672e-007,0.000441946
,,,2.29072e-007,0.000883892
,,,2.29472e-007,0.00132584
,,,2.29872e-007,0.000883892
,,,2.30272e-007,0.000883892
,,,2.30672e-007,0.00110486
,,,2.31072e-007,0.000883892
,,,2.31472e-007,0.000883892
,,,2.31872e-007,0.00110486
,,,2.32272e-007,0.000662919
,,,2.32672e-007,0.000883892
,,,2.33072e-007,0.000883892
,,,2.33472e-007,0.00110486
,,,2.33872e-007,0.000220973
,,,2.34272e-007,0.000662919
,,,2.34672e-007,0.000220973
,,,2.35072e-007,0.000662919
,,,2.35472e-007,-0.000441946
,,,2.35872e-007,-0.000441946
,,,2.36272e-007,0.000220973
,,,2.36672e-007,0.000220973
,,,2.37072e-007,-0.000662919
,,,2.37472e-007,-0.000441946
,,,2.37872e-007,-0.00110486
,,,2.38272e-007,-0.000662919
,,,2.38672e-007,0
,,,2.39072e-007,0.000441946
,,,2.39472e-007,-0.000662919
,,,2.39872e-007,-0.000441946
,,,2.40272e-007,-0.000662919
,,,2.40672e-007,0.000441946
,,,2.41072e-007,0
,,,2.41472e-007,-0.000220973
,,,2.41872e-007,0
,,,2.42272e-007,-0.000441946
,,,2.42672e-007,-0.000441946
,,,2.43072e-007,0
,,,2.43472e-007,0.000220973
,,,2.43872e-007,-0.000220973
,,,2.44272e-007,0.000220973
,,,2.44672e-007,0.000220973
,,,2.45072e-007,0.000220973
,,,2.45472e-007,0
,,,2.45872e-007,-0.000220973
,,,2.46272e-007,0.000662919
,,,2.46672e-007,-0.000441946
,,,2.47072e-007,0.000441946
,,,2.47472e-007,0.000441946
,,,2.47872e-007,0.000883892
,,,2.48272e-007,0.000220973
,,,2.48672e-007,0.000883892
,,,2.49072e-007,0.000662919
,,,2.49472e-007,0.000441946
,,,2.49872e-007,0.000883892
,,,2.50272e-007,0.000662919
