"Record Length",1252,"Points",-2.50273e-007,0.000662919
"Sample Interval",4e-010,s,-2.49873e-007,0.000662919
"Trigger Point",625,"Samples",-2.49473e-007,0.000441946
"Trigger Time",0.682152,s,-2.49073e-007,0.000883892
,,,-2.48673e-007,0
"Horizontal Offset",-2.50273e-007,s,-2.48273e-007,0.000441946
,,,-2.47873e-007,0.000662919
,,,-2.47473e-007,-0.000220973
,,,-2.47073e-007,0
,,,-2.46673e-007,0.000220973
,,,-2.46273e-007,0.000220973
,,,-2.45873e-007,0.000441946
,,,-2.45473e-007,0.000220973
,,,-2.45073e-007,-0.000662919
,,,-2.44673e-007,0.000220973
,,,-2.44273e-007,0.000662919
,,,-2.43873e-007,0
,,,-2.43473e-007,0
,,,-2.43073e-007,0.000662919
,,,-2.42673e-007,0.00110486
,,,-2.42273e-007,0.000441946
,,,-2.41873e-007,0.000662919
,,,-2.41473e-007,0.000220973
,,,-2.41073e-007,0.000662919
,,,-2.40673e-007,0.000662919
,,,-2.40273e-007,0.000220973
,,,-2.39873e-007,0.000220973
,,,-2.39473e-007,-0.000441946
,,,-2.39073e-007,0
,,,-2.38673e-007,0.000220973
,,,-2.38273e-007,0.000220973
,,,-2.37873e-007,0
,,,-2.37473e-007,0.000883892
,,,-2.37073e-007,0.000883892
,,,-2.36673e-007,0
,,,-2.36273e-007,0.000441946
,,,-2.35873e-007,0.000883892
,,,-2.35473e-007,0.000662919
,,,-2.35073e-007,0.000220973
,,,-2.34673e-007,0.000883892
,,,-2.34273e-007,0.000220973
,,,-2.33873e-007,0.000441946
,,,-2.33473e-007,-0.000883892
,,,-2.33073e-007,0.000883892
,,,-2.32673e-007,0.000441946
,,,-2.32273e-007,0.000662919
,,,-2.31873e-007,0.000220973
,,,-2.31473e-007,0
,,,-2.31073e-007,0.000662919
,,,-2.30673e-007,0.000220973
,,,-2.30273e-007,0.000220973
,,,-2.29873e-007,0.000883892
,,,-2.29473e-007,0.000220973
,,,-2.29073e-007,0.000220973
,,,-2.28673e-007,0.000883892
,,,-2.28273e-007,0.000220973
,,,-2.27873e-007,-0.000220973
,,,-2.27473e-007,0
,,,-2.27073e-007,0.000441946
,,,-2.26673e-007,0.000441946
,,,-2.26273e-007,0.000662919
,,,-2.25873e-007,0.000220973
,,,-2.25473e-007,0.000220973
,,,-2.25073e-007,0.000662919
,,,-2.24673e-007,0.000662919
,,,-2.24273e-007,0.000441946
,,,-2.23873e-007,0.000441946
,,,-2.23473e-007,0
,,,-2.23073e-007,0.000441946
,,,-2.22673e-007,0.000662919
,,,-2.22273e-007,0.000441946
,,,-2.21873e-007,0.000883892
,,,-2.21473e-007,0.000883892
,,,-2.21073e-007,-0.000220973
,,,-2.20673e-007,-0.000220973
,,,-2.20273e-007,0.00110486
,,,-2.19873e-007,0.00110486
,,,-2.19473e-007,0.000662919
,,,-2.19073e-007,0.000662919
,,,-2.18673e-007,0.000441946
,,,-2.18273e-007,0.000220973
,,,-2.17873e-007,0.00154681
,,,-2.17473e-007,0
,,,-2.17073e-007,0.000441946
,,,-2.16673e-007,0.000662919
,,,-2.16273e-007,0.000441946
,,,-2.15873e-007,0
,,,-2.15473e-007,-0.000220973
,,,-2.15073e-007,0.000220973
,,,-2.14673e-007,0.000883892
,,,-2.14273e-007,0.000662919
,,,-2.13873e-007,0.000662919
,,,-2.13473e-007,0.000662919
,,,-2.13073e-007,0.000441946
,,,-2.12673e-007,0.000441946
,,,-2.12273e-007,0.000662919
,,,-2.11873e-007,0.000441946
,,,-2.11473e-007,0.000441946
,,,-2.11073e-007,0.000220973
,,,-2.10673e-007,0.000662919
,,,-2.10273e-007,0.000662919
,,,-2.09873e-007,0.000441946
,,,-2.09473e-007,0.000662919
,,,-2.09073e-007,0
,,,-2.08673e-007,0.000441946
,,,-2.08273e-007,-0.000441946
,,,-2.07873e-007,-0.000220973
,,,-2.07473e-007,0.000441946
,,,-2.07073e-007,-0.000220973
,,,-2.06673e-007,-0.000220973
,,,-2.06273e-007,0.000441946
,,,-2.05873e-007,0.000662919
,,,-2.05473e-007,-0.000220973
,,,-2.05073e-007,0.000441946
,,,-2.04673e-007,0
,,,-2.04273e-007,0.000662919
,,,-2.03873e-007,0
,,,-2.03473e-007,0.000220973
,,,-2.03073e-007,0.000662919
,,,-2.02673e-007,0
,,,-2.02273e-007,0
,,,-2.01873e-007,0
,,,-2.01473e-007,0.000220973
,,,-2.01073e-007,0.000883892
,,,-2.00673e-007,0.000441946
,,,-2.00273e-007,-0.000441946
,,,-1.99873e-007,-0.000220973
,,,-1.99473e-007,-0.000220973
,,,-1.99073e-007,0.000220973
,,,-1.98673e-007,0.00110486
,,,-1.98273e-007,0
,,,-1.97873e-007,0.000662919
,,,-1.97473e-007,0.000220973
,,,-1.97073e-007,0.000883892
,,,-1.96673e-007,-0.000220973
,,,-1.96273e-007,0
,,,-1.95873e-007,0.000441946
,,,-1.95473e-007,0.000883892
,,,-1.95073e-007,0.000883892
,,,-1.94673e-007,0
,,,-1.94273e-007,0.000662919
,,,-1.93873e-007,0.000883892
,,,-1.93473e-007,0.000220973
,,,-1.93073e-007,0.000220973
,,,-1.92673e-007,0.000441946
,,,-1.92273e-007,0.000220973
,,,-1.91873e-007,-0.000220973
,,,-1.91473e-007,0.000441946
,,,-1.91073e-007,0
,,,-1.90673e-007,0
,,,-1.90273e-007,0.000662919
,,,-1.89873e-007,0.00110486
,,,-1.89473e-007,0.000441946
,,,-1.89073e-007,0.000662919
,,,-1.88673e-007,0.000220973
,,,-1.88273e-007,0.000883892
,,,-1.87873e-007,0.000883892
,,,-1.87473e-007,0.000220973
,,,-1.87073e-007,0.000441946
,,,-1.86673e-007,-0.000220973
,,,-1.86273e-007,0
,,,-1.85873e-007,0.000220973
,,,-1.85473e-007,0.000441946
,,,-1.85073e-007,0.000662919
,,,-1.84673e-007,0.000220973
,,,-1.84273e-007,-0.000220973
,,,-1.83873e-007,0
,,,-1.83473e-007,0.000441946
,,,-1.83073e-007,0.000220973
,,,-1.82673e-007,0.000883892
,,,-1.82273e-007,0.00110486
,,,-1.81873e-007,0.00110486
,,,-1.81473e-007,0.000662919
,,,-1.81073e-007,0.000220973
,,,-1.80673e-007,0.000662919
,,,-1.80273e-007,0.000220973
,,,-1.79873e-007,0.000220973
,,,-1.79473e-007,0.000662919
,,,-1.79073e-007,0.000883892
,,,-1.78673e-007,0.000441946
,,,-1.78273e-007,0.000883892
,,,-1.77873e-007,0.000441946
,,,-1.77473e-007,0
,,,-1.77073e-007,0.000883892
,,,-1.76673e-007,0.000220973
,,,-1.76273e-007,0.000220973
,,,-1.75873e-007,0.000662919
,,,-1.75473e-007,-0.000220973
,,,-1.75073e-007,0.000883892
,,,-1.74673e-007,0.000441946
,,,-1.74273e-007,0
,,,-1.73873e-007,0.000662919
,,,-1.73473e-007,0.000220973
,,,-1.73073e-007,0.000441946
,,,-1.72673e-007,0.000662919
,,,-1.72273e-007,0.000883892
,,,-1.71873e-007,0.000441946
,,,-1.71473e-007,0.000441946
,,,-1.71073e-007,0.000441946
,,,-1.70673e-007,0.000441946
,,,-1.70273e-007,0.000441946
,,,-1.69873e-007,0.000883892
,,,-1.69473e-007,0.000220973
,,,-1.69073e-007,0.000662919
,,,-1.68673e-007,0.000662919
,,,-1.68273e-007,0.000662919
,,,-1.67873e-007,-0.000220973
,,,-1.67473e-007,0
,,,-1.67073e-007,0
,,,-1.66673e-007,0
,,,-1.66273e-007,0.000662919
,,,-1.65873e-007,0.000441946
,,,-1.65473e-007,0.000441946
,,,-1.65073e-007,0.000883892
,,,-1.64673e-007,0.000441946
,,,-1.64273e-007,0.000441946
,,,-1.63873e-007,0
,,,-1.63473e-007,0
,,,-1.63073e-007,0.000441946
,,,-1.62673e-007,0
,,,-1.62273e-007,0.000662919
,,,-1.61873e-007,-0.000441946
,,,-1.61473e-007,0.000220973
,,,-1.61073e-007,0
,,,-1.60673e-007,-0.000441946
,,,-1.60273e-007,0
,,,-1.59873e-007,0.000441946
,,,-1.59473e-007,0.000220973
,,,-1.59073e-007,0.000883892
,,,-1.58673e-007,0.000220973
,,,-1.58273e-007,0.000662919
,,,-1.57873e-007,0.000883892
,,,-1.57473e-007,0.000662919
,,,-1.57073e-007,0
,,,-1.56673e-007,0
,,,-1.56273e-007,0.000441946
,,,-1.55873e-007,0.000662919
,,,-1.55473e-007,0.000662919
,,,-1.55073e-007,0.000220973
,,,-1.54673e-007,0
,,,-1.54273e-007,0.000220973
,,,-1.53873e-007,0.000662919
,,,-1.53473e-007,0
,,,-1.53073e-007,0.000662919
,,,-1.52673e-007,-0.000441946
,,,-1.52273e-007,0
,,,-1.51873e-007,0.000883892
,,,-1.51473e-007,0
,,,-1.51073e-007,-0.000220973
,,,-1.50673e-007,0.000220973
,,,-1.50273e-007,-0.000220973
,,,-1.49873e-007,0.000883892
,,,-1.49473e-007,0.000441946
,,,-1.49073e-007,0.000220973
,,,-1.48673e-007,0.000220973
,,,-1.48273e-007,0.000662919
,,,-1.47873e-007,0.000662919
,,,-1.47473e-007,0.000441946
,,,-1.47073e-007,0.000883892
,,,-1.46673e-007,0.000220973
,,,-1.46273e-007,0.000441946
,,,-1.45873e-007,0.000441946
,,,-1.45473e-007,0
,,,-1.45073e-007,0.000441946
,,,-1.44673e-007,0.000441946
,,,-1.44273e-007,0.000662919
,,,-1.43873e-007,0.000883892
,,,-1.43473e-007,0.000662919
,,,-1.43073e-007,-0.000220973
,,,-1.42673e-007,0.000662919
,,,-1.42273e-007,0.000662919
,,,-1.41873e-007,0.000220973
,,,-1.41473e-007,0.000441946
,,,-1.41073e-007,0
,,,-1.40673e-007,0
,,,-1.40273e-007,0.000662919
,,,-1.39873e-007,0.000220973
,,,-1.39473e-007,0.000441946
,,,-1.39073e-007,0.000883892
,,,-1.38673e-007,0.000662919
,,,-1.38273e-007,0.000441946
,,,-1.37873e-007,0.000220973
,,,-1.37473e-007,-0.000662919
,,,-1.37073e-007,0.000220973
,,,-1.36673e-007,0.000220973
,,,-1.36273e-007,-0.000220973
,,,-1.35873e-007,0
,,,-1.35473e-007,0.000662919
,,,-1.35073e-007,0.00110486
,,,-1.34673e-007,0.000883892
,,,-1.34273e-007,0.000220973
,,,-1.33873e-007,0.00110486
,,,-1.33473e-007,0.000662919
,,,-1.33073e-007,0.000441946
,,,-1.32673e-007,0.000662919
,,,-1.32273e-007,-0.000220973
,,,-1.31873e-007,0
,,,-1.31473e-007,0
,,,-1.31073e-007,0.000441946
,,,-1.30673e-007,0.00110486
,,,-1.30273e-007,0.000883892
,,,-1.29873e-007,0.000441946
,,,-1.29473e-007,0
,,,-1.29073e-007,0
,,,-1.28673e-007,0
,,,-1.28273e-007,0.000441946
,,,-1.27873e-007,0.000220973
,,,-1.27473e-007,0.000662919
,,,-1.27073e-007,0.000220973
,,,-1.26673e-007,-0.000220973
,,,-1.26273e-007,0.000220973
,,,-1.25873e-007,0.000883892
,,,-1.25473e-007,0.000441946
,,,-1.25073e-007,0.000662919
,,,-1.24673e-007,0.000220973
,,,-1.24273e-007,0.000883892
,,,-1.23873e-007,0.000441946
,,,-1.23473e-007,0.000220973
,,,-1.23073e-007,0.000220973
,,,-1.22673e-007,0.00154681
,,,-1.22273e-007,0.000662919
,,,-1.21873e-007,0.000883892
,,,-1.21473e-007,0.000220973
,,,-1.21073e-007,0.000883892
,,,-1.20673e-007,0.000220973
,,,-1.20273e-007,0
,,,-1.19873e-007,0
,,,-1.19473e-007,0.000883892
,,,-1.19073e-007,0.000220973
,,,-1.18673e-007,0.000220973
,,,-1.18273e-007,0.000220973
,,,-1.17873e-007,0.000441946
,,,-1.17473e-007,0.000662919
,,,-1.17073e-007,0
,,,-1.16673e-007,0.000662919
,,,-1.16273e-007,0.000220973
,,,-1.15873e-007,0.000441946
,,,-1.15473e-007,0.000220973
,,,-1.15073e-007,0.000883892
,,,-1.14673e-007,0.00110486
,,,-1.14273e-007,0.000883892
,,,-1.13873e-007,0.000220973
,,,-1.13473e-007,0
,,,-1.13073e-007,0.000441946
,,,-1.12673e-007,0.000220973
,,,-1.12273e-007,0.000220973
,,,-1.11873e-007,0.000220973
,,,-1.11473e-007,0
,,,-1.11073e-007,0.000441946
,,,-1.10673e-007,0.000441946
,,,-1.10273e-007,0.000220973
,,,-1.09873e-007,0.00110486
,,,-1.09473e-007,0.000220973
,,,-1.09073e-007,0.000441946
,,,-1.08673e-007,-0.000220973
,,,-1.08273e-007,0.00110486
,,,-1.07873e-007,0.000662919
,,,-1.07473e-007,0.000441946
,,,-1.07073e-007,0.000220973
,,,-1.06673e-007,0.000220973
,,,-1.06273e-007,0
,,,-1.05873e-007,0.000441946
,,,-1.05473e-007,0.000220973
,,,-1.05073e-007,0.00110486
,,,-1.04673e-007,0.000220973
,,,-1.04273e-007,-0.000441946
,,,-1.03873e-007,0.000220973
,,,-1.03473e-007,0.000220973
,,,-1.03073e-007,0.000662919
,,,-1.02673e-007,0.000883892
,,,-1.02273e-007,0.000220973
,,,-1.01873e-007,0.000441946
,,,-1.01473e-007,0.00110486
,,,-1.01073e-007,0.000441946
,,,-1.00673e-007,0.000220973
,,,-1.00273e-007,0
,,,-9.98729e-008,0.000662919
,,,-9.94729e-008,0.000662919
,,,-9.90729e-008,0.000883892
,,,-9.86729e-008,0.000220973
,,,-9.82729e-008,0.000220973
,,,-9.78729e-008,0.00110486
,,,-9.74729e-008,0.000220973
,,,-9.70729e-008,0.000441946
,,,-9.66729e-008,0.000883892
,,,-9.62729e-008,0.000883892
,,,-9.58729e-008,0.000662919
,,,-9.54729e-008,0
,,,-9.50729e-008,-0.000220973
,,,-9.46729e-008,0.000220973
,,,-9.42729e-008,0.000662919
,,,-9.38729e-008,0.000883892
,,,-9.34729e-008,0.000662919
,,,-9.30729e-008,0.00110486
,,,-9.26729e-008,0.000441946
,,,-9.22729e-008,0.000441946
,,,-9.18729e-008,0.000220973
,,,-9.14729e-008,0.00110486
,,,-9.10729e-008,0.000220973
,,,-9.06729e-008,0.000220973
,,,-9.02729e-008,-0.000220973
,,,-8.98729e-008,0.00110486
,,,-8.94729e-008,0.000662919
,,,-8.90729e-008,0.000220973
,,,-8.86729e-008,0.000441946
,,,-8.82729e-008,0.000220973
,,,-8.78729e-008,0.000441946
,,,-8.74729e-008,0.000220973
,,,-8.70729e-008,0.000220973
,,,-8.66729e-008,0
,,,-8.62729e-008,0.000220973
,,,-8.58729e-008,0.00110486
,,,-8.54729e-008,0.000220973
,,,-8.50729e-008,0.000220973
,,,-8.46729e-008,0.000220973
,,,-8.42729e-008,0
,,,-8.38729e-008,0
,,,-8.34729e-008,0.000883892
,,,-8.30729e-008,0.000662919
,,,-8.26729e-008,0.000662919
,,,-8.22729e-008,0.000220973
,,,-8.18729e-008,0.000220973
,,,-8.14729e-008,-0.000883892
,,,-8.10729e-008,0.000220973
,,,-8.06729e-008,-0.000220973
,,,-8.02729e-008,0.000441946
,,,-7.98729e-008,0.000662919
,,,-7.94729e-008,-0.000441946
,,,-7.90729e-008,-0.000220973
,,,-7.86729e-008,0
,,,-7.82729e-008,0.000441946
,,,-7.78729e-008,0.00110486
,,,-7.74729e-008,0.00110486
,,,-7.70729e-008,0.000220973
,,,-7.66729e-008,0
,,,-7.62729e-008,0.000662919
,,,-7.58729e-008,0.000441946
,,,-7.54729e-008,0
,,,-7.50729e-008,0.000662919
,,,-7.46729e-008,0.000220973
,,,-7.42729e-008,0.000441946
,,,-7.38729e-008,0.000662919
,,,-7.34729e-008,0
,,,-7.30729e-008,0.000883892
,,,-7.26729e-008,0.000662919
,,,-7.22729e-008,0.000662919
,,,-7.18729e-008,0.000441946
,,,-7.14729e-008,0.00110486
,,,-7.10729e-008,0.000220973
,,,-7.06729e-008,0.000883892
,,,-7.02729e-008,0.000662919
,,,-6.98729e-008,0.000883892
,,,-6.94729e-008,0.000662919
,,,-6.90729e-008,0.000883892
,,,-6.86729e-008,0.000883892
,,,-6.82729e-008,0.000662919
,,,-6.78729e-008,0
,,,-6.74729e-008,0.000220973
,,,-6.70729e-008,0.000441946
,,,-6.66729e-008,0.000883892
,,,-6.62729e-008,0.000662919
,,,-6.58729e-008,0.000441946
,,,-6.54729e-008,0.000441946
,,,-6.50729e-008,0.000220973
,,,-6.46729e-008,0.000883892
,,,-6.42729e-008,0.000883892
,,,-6.38729e-008,0.000441946
,,,-6.34729e-008,0
,,,-6.30729e-008,0
,,,-6.26729e-008,-0.000220973
,,,-6.22729e-008,0.000441946
,,,-6.18729e-008,0.00154681
,,,-6.14729e-008,0.000441946
,,,-6.10729e-008,0.000220973
,,,-6.06729e-008,0.000220973
,,,-6.02729e-008,0.000441946
,,,-5.98729e-008,-0.000220973
,,,-5.94729e-008,-0.000220973
,,,-5.90729e-008,0
,,,-5.86729e-008,0.000441946
,,,-5.82729e-008,0
,,,-5.78729e-008,0.000441946
,,,-5.74729e-008,0
,,,-5.70729e-008,0.000662919
,,,-5.66729e-008,0.000662919
,,,-5.62729e-008,0.000220973
,,,-5.58729e-008,0.00110486
,,,-5.54729e-008,0.000220973
,,,-5.50729e-008,-0.000220973
,,,-5.46729e-008,0.00110486
,,,-5.42729e-008,0.000220973
,,,-5.38729e-008,0.000441946
,,,-5.34729e-008,0
,,,-5.30729e-008,0
,,,-5.26729e-008,0.000441946
,,,-5.22729e-008,0.000662919
,,,-5.18729e-008,0
,,,-5.14729e-008,0
,,,-5.10729e-008,0.00132584
,,,-5.06729e-008,0.000662919
,,,-5.02729e-008,0.000441946
,,,-4.98729e-008,0.000441946
,,,-4.94729e-008,0.000441946
,,,-4.90729e-008,0.000441946
,,,-4.86729e-008,0.000883892
,,,-4.82729e-008,0.000883892
,,,-4.78729e-008,0
,,,-4.74729e-008,0.000662919
,,,-4.70729e-008,-0.000220973
,,,-4.66729e-008,0.000441946
,,,-4.62729e-008,0.00110486
,,,-4.58729e-008,0.000662919
,,,-4.54729e-008,-0.000220973
,,,-4.50729e-008,-0.000220973
,,,-4.46729e-008,0
,,,-4.42729e-008,0.000220973
,,,-4.38729e-008,0
,,,-4.34729e-008,-0.000662919
,,,-4.30729e-008,0.000220973
,,,-4.26729e-008,0.000662919
,,,-4.22729e-008,0.000883892
,,,-4.18729e-008,0.000441946
,,,-4.14729e-008,-0.000220973
,,,-4.10729e-008,0.000220973
,,,-4.06729e-008,0
,,,-4.02729e-008,0.000220973
,,,-3.98729e-008,-0.000220973
,,,-3.94729e-008,0.000662919
,,,-3.90729e-008,0.000662919
,,,-3.86729e-008,0
,,,-3.82729e-008,0.000220973
,,,-3.78729e-008,0.00110486
,,,-3.74729e-008,0.000441946
,,,-3.70729e-008,0.000441946
,,,-3.66729e-008,0.000662919
,,,-3.62729e-008,0.000220973
,,,-3.58729e-008,0
,,,-3.54729e-008,0.000662919
,,,-3.50729e-008,0.000441946
,,,-3.46729e-008,0.000441946
,,,-3.42729e-008,0.000883892
,,,-3.38729e-008,0.000441946
,,,-3.34729e-008,0.000220973
,,,-3.30729e-008,0.000441946
,,,-3.26729e-008,0
,,,-3.22729e-008,0.000883892
,,,-3.18729e-008,0
,,,-3.14729e-008,0
,,,-3.10729e-008,0.000220973
,,,-3.06729e-008,0
,,,-3.02729e-008,0.000883892
,,,-2.98729e-008,0.000662919
,,,-2.94729e-008,0.000441946
,,,-2.90729e-008,0.000883892
,,,-2.86729e-008,0.000441946
,,,-2.82729e-008,0.000883892
,,,-2.78729e-008,0.000441946
,,,-2.74729e-008,0.000441946
,,,-2.70729e-008,0.000662919
,,,-2.66729e-008,0.000220973
,,,-2.62729e-008,0
,,,-2.58729e-008,0.000883892
,,,-2.54729e-008,0
,,,-2.50729e-008,0.000441946
,,,-2.46729e-008,0.000883892
,,,-2.42729e-008,0
,,,-2.38729e-008,0.000220973
,,,-2.34729e-008,0.000883892
,,,-2.30729e-008,0.000220973
,,,-2.26729e-008,0.000220973
,,,-2.22729e-008,-0.000220973
,,,-2.18729e-008,0.00110486
,,,-2.14729e-008,0.000220973
,,,-2.10729e-008,0.000220973
,,,-2.06729e-008,0.000220973
,,,-2.02729e-008,0.000441946
,,,-1.98729e-008,0
,,,-1.94729e-008,0
,,,-1.90729e-008,0.000441946
,,,-1.86729e-008,0.000441946
,,,-1.82729e-008,-0.000220973
,,,-1.78729e-008,0.000441946
,,,-1.74729e-008,0.000441946
,,,-1.70729e-008,0.000441946
,,,-1.66729e-008,0.000662919
,,,-1.62729e-008,0.000662919
,,,-1.58729e-008,0.000441946
,,,-1.54729e-008,0.000662919
,,,-1.50729e-008,0.000662919
,,,-1.46729e-008,-0.000220973
,,,-1.42729e-008,0
,,,-1.38729e-008,0.00110486
,,,-1.34729e-008,0.000220973
,,,-1.30729e-008,0.000220973
,,,-1.26729e-008,-0.000441946
,,,-1.22729e-008,0.000220973
,,,-1.18729e-008,0.000220973
,,,-1.14729e-008,0.000883892
,,,-1.10729e-008,0.000441946
,,,-1.06729e-008,0.000220973
,,,-1.02729e-008,0.000441946
,,,-9.87286e-009,0.000220973
,,,-9.47286e-009,0
,,,-9.07286e-009,0.000220973
,,,-8.67286e-009,0.000220973
,,,-8.27286e-009,-0.000441946
,,,-7.87286e-009,0.000220973
,,,-7.47286e-009,0
,,,-7.07286e-009,0.000662919
,,,-6.67286e-009,0.000883892
,,,-6.27286e-009,0.000662919
,,,-5.87286e-009,0.000441946
,,,-5.47286e-009,0.000662919
,,,-5.07286e-009,0.000441946
,,,-4.67286e-009,0.000441946
,,,-4.27286e-009,0.000883892
,,,-3.87286e-009,0.000220973
,,,-3.47286e-009,0.000662919
,,,-3.07286e-009,0.000662919
,,,-2.67286e-009,0
,,,-2.27286e-009,0.000441946
,,,-1.87286e-009,0.000441946
,,,-1.47286e-009,0.000441946
,,,-1.07286e-009,0.000220973
,,,-6.72861e-010,0.000662919
,,,-2.72861e-010,0
,,,1.27139e-010,0.000662919
,,,5.27139e-010,-0.000220973
,,,9.27139e-010,0.000220973
,,,1.32714e-009,0.000220973
,,,1.72714e-009,0.000883892
,,,2.12714e-009,-0.000662919
,,,2.52714e-009,0.000441946
,,,2.92714e-009,0.000662919
,,,3.32714e-009,0.000220973
,,,3.72714e-009,0.000662919
,,,4.12714e-009,0.000220973
,,,4.52714e-009,0.000220973
,,,4.92714e-009,0.000662919
,,,5.32714e-009,0.000883892
,,,5.72714e-009,0.000662919
,,,6.12714e-009,0.000883892
,,,6.52714e-009,0.000441946
,,,6.92714e-009,0.000441946
,,,7.32714e-009,0.000220973
,,,7.72714e-009,0.000220973
,,,8.12714e-009,0.000220973
,,,8.52714e-009,0.000441946
,,,8.92714e-009,0.00110486
,,,9.32714e-009,0.000220973
,,,9.72714e-009,0.000441946
,,,1.01271e-008,0.000662919
,,,1.05271e-008,0.000220973
,,,1.09271e-008,0.000220973
,,,1.13271e-008,0.000883892
,,,1.17271e-008,0.00110486
,,,1.21271e-008,0.000220973
,,,1.25271e-008,0.000662919
,,,1.29271e-008,0.000441946
,,,1.33271e-008,0.000441946
,,,1.37271e-008,0.000220973
,,,1.41271e-008,0.000220973
,,,1.45271e-008,0.000441946
,,,1.49271e-008,0.000441946
,,,1.53271e-008,0
,,,1.57271e-008,0.000220973
,,,1.61271e-008,0.000220973
,,,1.65271e-008,0
,,,1.69271e-008,0
,,,1.73271e-008,0.000441946
,,,1.77271e-008,0.000662919
,,,1.81271e-008,0.00110486
,,,1.85271e-008,0.000441946
,,,1.89271e-008,0.000883892
,,,1.93271e-008,0
,,,1.97271e-008,0.000883892
,,,2.01271e-008,0.000662919
,,,2.05271e-008,0.000441946
,,,2.09271e-008,0.000220973
,,,2.13271e-008,0.000662919
,,,2.17271e-008,0.000441946
,,,2.21271e-008,0.000883892
,,,2.25271e-008,0.000441946
,,,2.29271e-008,0.000441946
,,,2.33271e-008,0.000220973
,,,2.37271e-008,0.000441946
,,,2.41271e-008,0.000441946
,,,2.45271e-008,0.000220973
,,,2.49271e-008,0.000441946
,,,2.53271e-008,0.000662919
,,,2.57271e-008,0.000441946
,,,2.61271e-008,0.000883892
,,,2.65271e-008,0.000662919
,,,2.69271e-008,0.000220973
,,,2.73271e-008,0
,,,2.77271e-008,0.000662919
,,,2.81271e-008,0.000441946
,,,2.85271e-008,0.000441946
,,,2.89271e-008,0.000441946
,,,2.93271e-008,0.000662919
,,,2.97271e-008,0.000883892
,,,3.01271e-008,0.000220973
,,,3.05271e-008,0.000662919
,,,3.09271e-008,0.000662919
,,,3.13271e-008,0.000662919
,,,3.17271e-008,0.000220973
,,,3.21271e-008,0.000883892
,,,3.25271e-008,0.000220973
,,,3.29271e-008,0.000441946
,,,3.33271e-008,0.000220973
,,,3.37271e-008,0.000662919
,,,3.41271e-008,0.00132584
,,,3.45271e-008,0
,,,3.49271e-008,0.000220973
,,,3.53271e-008,-0.000220973
,,,3.57271e-008,0.000662919
,,,3.61271e-008,0.00110486
,,,3.65271e-008,0.000883892
,,,3.69271e-008,0.000441946
,,,3.73271e-008,0.000220973
,,,3.77271e-008,0.000441946
,,,3.81271e-008,0.000662919
,,,3.85271e-008,-0.000441946
,,,3.89271e-008,0.000441946
,,,3.93271e-008,0.000220973
,,,3.97271e-008,0.000662919
,,,4.01271e-008,0.00132584
,,,4.05271e-008,0.000883892
,,,4.09271e-008,-0.000220973
,,,4.13271e-008,0.000220973
,,,4.17271e-008,0
,,,4.21271e-008,0.000662919
,,,4.25271e-008,0.000220973
,,,4.29271e-008,0.000220973
,,,4.33271e-008,0.000441946
,,,4.37271e-008,0.000883892
,,,4.41271e-008,0.000220973
,,,4.45271e-008,0.000220973
,,,4.49271e-008,0.000662919
,,,4.53271e-008,0.00110486
,,,4.57271e-008,0.000220973
,,,4.61271e-008,0.000662919
,,,4.65271e-008,0
,,,4.69271e-008,0
,,,4.73271e-008,0.000883892
,,,4.77271e-008,0.000220973
,,,4.81271e-008,0
,,,4.85271e-008,0.000883892
,,,4.89271e-008,0.000441946
,,,4.93271e-008,0.000662919
,,,4.97271e-008,0.000662919
,,,5.01271e-008,0.000441946
,,,5.05271e-008,0.000662919
,,,5.09271e-008,0.00132584
,,,5.13271e-008,0.000220973
,,,5.17271e-008,0.000662919
,,,5.21271e-008,0.000441946
,,,5.25271e-008,0.000220973
,,,5.29271e-008,0.00110486
,,,5.33271e-008,0.00110486
,,,5.37271e-008,0.00132584
,,,5.41271e-008,0
,,,5.45271e-008,0
,,,5.49271e-008,0
,,,5.53271e-008,0.000662919
,,,5.57271e-008,0.000441946
,,,5.61271e-008,0.000220973
,,,5.65271e-008,0.000220973
,,,5.69271e-008,0.000662919
,,,5.73271e-008,0
,,,5.77271e-008,0
,,,5.81271e-008,0.00132584
,,,5.85271e-008,0.000441946
,,,5.89271e-008,0
,,,5.93271e-008,0.000441946
,,,5.97271e-008,0.000220973
,,,6.01271e-008,0.000220973
,,,6.05271e-008,0
,,,6.09271e-008,0.000220973
,,,6.13271e-008,0
,,,6.17271e-008,0.00132584
,,,6.21271e-008,0.000662919
,,,6.25271e-008,0.000883892
,,,6.29271e-008,0
,,,6.33271e-008,-0.000220973
,,,6.37271e-008,0.000220973
,,,6.41271e-008,0.000441946
,,,6.45271e-008,0
,,,6.49271e-008,0
,,,6.53271e-008,0.000662919
,,,6.57271e-008,0.000220973
,,,6.61271e-008,0.000441946
,,,6.65271e-008,0.000441946
,,,6.69271e-008,0.000883892
,,,6.73271e-008,0
,,,6.77271e-008,0.00110486
,,,6.81271e-008,0.000883892
,,,6.85271e-008,0.000662919
,,,6.89271e-008,-0.000220973
,,,6.93271e-008,0.000662919
,,,6.97271e-008,0.000883892
,,,7.01271e-008,0.000441946
,,,7.05271e-008,0
,,,7.09271e-008,-0.000220973
,,,7.13271e-008,0.000220973
,,,7.17271e-008,0
,,,7.21271e-008,-0.000441946
,,,7.25271e-008,0.000441946
,,,7.29271e-008,-0.000220973
,,,7.33271e-008,0.000441946
,,,7.37271e-008,0.00132584
,,,7.41271e-008,0.000883892
,,,7.45271e-008,-0.000220973
,,,7.49271e-008,0.000662919
,,,7.53271e-008,0.000441946
,,,7.57271e-008,0.00110486
,,,7.61271e-008,-0.000220973
,,,7.65271e-008,-0.000662919
,,,7.69271e-008,0.000662919
,,,7.73271e-008,0.000220973
,,,7.77271e-008,0.000441946
,,,7.81271e-008,-0.000220973
,,,7.85271e-008,0.000220973
,,,7.89271e-008,0
,,,7.93271e-008,0.000662919
,,,7.97271e-008,0.000220973
,,,8.01271e-008,0.000662919
,,,8.05271e-008,0
,,,8.09271e-008,0.000220973
,,,8.13271e-008,0.000662919
,,,8.17271e-008,0
,,,8.21271e-008,0.000883892
,,,8.25271e-008,0.000220973
,,,8.29271e-008,0.000441946
,,,8.33271e-008,0.000441946
,,,8.37271e-008,0.000662919
,,,8.41271e-008,0.000441946
,,,8.45271e-008,0.000662919
,,,8.49271e-008,0.00132584
,,,8.53271e-008,0.000662919
,,,8.57271e-008,0.000883892
,,,8.61271e-008,0.000441946
,,,8.65271e-008,0.000220973
,,,8.69271e-008,0.000441946
,,,8.73271e-008,0.000662919
,,,8.77271e-008,0.000220973
,,,8.81271e-008,0.000662919
,,,8.85271e-008,0
,,,8.89271e-008,0.000662919
,,,8.93271e-008,0.000441946
,,,8.97271e-008,0.000883892
,,,9.01271e-008,0.000441946
,,,9.05271e-008,0.000662919
,,,9.09271e-008,0.000220973
,,,9.13271e-008,0.000662919
,,,9.17271e-008,0.00110486
,,,9.21271e-008,0.000220973
,,,9.25271e-008,0.000662919
,,,9.29271e-008,0.000883892
,,,9.33271e-008,0.00154681
,,,9.37271e-008,0.000883892
,,,9.41271e-008,0.00176778
,,,9.45271e-008,0.00176778
,,,9.49271e-008,0.00287265
,,,9.53271e-008,0.00419849
,,,9.57271e-008,0.00397751
,,,9.61271e-008,0.00552432
,,,9.65271e-008,0.00596627
,,,9.69271e-008,0.00685016
,,,9.73271e-008,0.00773405
,,,9.77271e-008,0.00905989
,,,9.81271e-008,0.0106067
,,,9.85271e-008,0.0121535
,,,9.89271e-008,0.0134794
,,,9.93271e-008,0.0139213
,,,9.97271e-008,0.0148052
,,,1.00127e-007,0.0148052
,,,1.00527e-007,0.016131
,,,1.00927e-007,0.0154681
,,,1.01327e-007,0.0167939
,,,1.01727e-007,0.0172359
,,,1.02127e-007,0.0174569
,,,1.02527e-007,0.016352
,,,1.02927e-007,0.0170149
,,,1.03327e-007,0.0174569
,,,1.03727e-007,0.0176778
,,,1.04127e-007,0.0176778
,,,1.04527e-007,0.0172359
,,,1.04927e-007,0.0174569
,,,1.05327e-007,0.0178988
,,,1.05727e-007,0.0178988
,,,1.06127e-007,0.0178988
,,,1.06527e-007,0.0172359
,,,1.06927e-007,0.0181198
,,,1.07327e-007,0.0176778
,,,1.07727e-007,0.0181198
,,,1.08127e-007,0.0178988
,,,1.08527e-007,0.0181198
,,,1.08927e-007,0.0181198
,,,1.09327e-007,0.0185617
,,,1.09727e-007,0.0176778
,,,1.10127e-007,0.0174569
,,,1.10527e-007,0.0181198
,,,1.10927e-007,0.0176778
,,,1.11327e-007,0.0181198
,,,1.11727e-007,0.0183408
,,,1.12127e-007,0.0172359
,,,1.12527e-007,0.0174569
,,,1.12927e-007,0.0172359
,,,1.13327e-007,0.0181198
,,,1.13727e-007,0.0176778
,,,1.14127e-007,0.0183408
,,,1.14527e-007,0.0181198
,,,1.14927e-007,0.0181198
,,,1.15327e-007,0.0183408
,,,1.15727e-007,0.0187827
,,,1.16127e-007,0.0176778
,,,1.16527e-007,0.0187827
,,,1.16927e-007,0.0181198
,,,1.17327e-007,0.0178988
,,,1.17727e-007,0.0187827
,,,1.18127e-007,0.0183408
,,,1.18527e-007,0.0178988
,,,1.18927e-007,0.0187827
,,,1.19327e-007,0.0190037
,,,1.19727e-007,0.0178988
,,,1.20127e-007,0.0183408
,,,1.20527e-007,0.0183408
,,,1.20927e-007,0.0183408
,,,1.21327e-007,0.0187827
,,,1.21727e-007,0.0183408
,,,1.22127e-007,0.0187827
,,,1.22527e-007,0.0192246
,,,1.22927e-007,0.0196666
,,,1.23327e-007,0.0190037
,,,1.23727e-007,0.0201085
,,,1.24127e-007,0.0201085
,,,1.24527e-007,0.0198876
,,,1.24927e-007,0.0205505
,,,1.25327e-007,0.0205505
,,,1.25727e-007,0.0207715
,,,1.26127e-007,0.0212134
,,,1.26527e-007,0.0209924
,,,1.26927e-007,0.0205505
,,,1.27327e-007,0.0203295
,,,1.27727e-007,0.0205505
,,,1.28127e-007,0.0205505
,,,1.28527e-007,0.0196666
,,,1.28927e-007,0.0196666
,,,1.29327e-007,0.0196666
,,,1.29727e-007,0.0192246
,,,1.30127e-007,0.0192246
,,,1.30527e-007,0.0181198
,,,1.30927e-007,0.0185617
,,,1.31327e-007,0.0185617
,,,1.31727e-007,0.0178988
,,,1.32127e-007,0.0185617
,,,1.32527e-007,0.0174569
,,,1.32927e-007,0.0176778
,,,1.33327e-007,0.0172359
,,,1.33727e-007,0.0170149
,,,1.34127e-007,0.0176778
,,,1.34527e-007,0.0176778
,,,1.34927e-007,0.0167939
,,,1.35327e-007,0.0170149
,,,1.35727e-007,0.016352
,,,1.36127e-007,0.016352
,,,1.36527e-007,0.0170149
,,,1.36927e-007,0.016573
,,,1.37327e-007,0.0167939
,,,1.37727e-007,0.0170149
,,,1.38127e-007,0.016573
,,,1.38527e-007,0.016573
,,,1.38927e-007,0.016352
,,,1.39327e-007,0.0170149
,,,1.39727e-007,0.0167939
,,,1.40127e-007,0.016573
,,,1.40527e-007,0.0159101
,,,1.40927e-007,0.0167939
,,,1.41327e-007,0.016131
,,,1.41727e-007,0.0159101
,,,1.42127e-007,0.0159101
,,,1.42527e-007,0.0156891
,,,1.42927e-007,0.0150262
,,,1.43327e-007,0.0156891
,,,1.43727e-007,0.0154681
,,,1.44127e-007,0.0150262
,,,1.44527e-007,0.0152471
,,,1.44927e-007,0.0143632
,,,1.45327e-007,0.0154681
,,,1.45727e-007,0.0150262
,,,1.46127e-007,0.0159101
,,,1.46527e-007,0.0150262
,,,1.46927e-007,0.0154681
,,,1.47327e-007,0.0154681
,,,1.47727e-007,0.0150262
,,,1.48127e-007,0.0141423
,,,1.48527e-007,0.0145842
,,,1.48927e-007,0.0143632
,,,1.49327e-007,0.0145842
,,,1.49727e-007,0.0148052
,,,1.50127e-007,0.0148052
,,,1.50527e-007,0.0148052
,,,1.50927e-007,0.0143632
,,,1.51327e-007,0.0150262
,,,1.51727e-007,0.0141423
,,,1.52127e-007,0.0141423
,,,1.52527e-007,0.0141423
,,,1.52927e-007,0.0148052
,,,1.53327e-007,0.0145842
,,,1.53727e-007,0.0143632
,,,1.54127e-007,0.0139213
,,,1.54527e-007,0.0141423
,,,1.54927e-007,0.0141423
,,,1.55327e-007,0.0130374
,,,1.55727e-007,0.0137003
,,,1.56127e-007,0.0132584
,,,1.56527e-007,0.0130374
,,,1.56927e-007,0.0137003
,,,1.57327e-007,0.0121535
,,,1.57727e-007,0.0121535
,,,1.58127e-007,0.0125955
,,,1.58527e-007,0.0121535
,,,1.58927e-007,0.0121535
,,,1.59327e-007,0.0123745
,,,1.59727e-007,0.0123745
,,,1.60127e-007,0.0121535
,,,1.60527e-007,0.0123745
,,,1.60927e-007,0.0114906
,,,1.61327e-007,0.0125955
,,,1.61727e-007,0.0114906
,,,1.62127e-007,0.0125955
,,,1.62527e-007,0.0125955
,,,1.62927e-007,0.0123745
,,,1.63327e-007,0.0125955
,,,1.63727e-007,0.0123745
,,,1.64127e-007,0.0132584
,,,1.64527e-007,0.0125955
,,,1.64927e-007,0.0119325
,,,1.65327e-007,0.0128164
,,,1.65727e-007,0.0125955
,,,1.66127e-007,0.0128164
,,,1.66527e-007,0.0121535
,,,1.66927e-007,0.0123745
,,,1.67327e-007,0.0121535
,,,1.67727e-007,0.0119325
,,,1.68127e-007,0.0128164
,,,1.68527e-007,0.0123745
,,,1.68927e-007,0.0119325
,,,1.69327e-007,0.0128164
,,,1.69727e-007,0.0128164
,,,1.70127e-007,0.0125955
,,,1.70527e-007,0.0125955
,,,1.70927e-007,0.0121535
,,,1.71327e-007,0.0123745
,,,1.71727e-007,0.0134794
,,,1.72127e-007,0.0123745
,,,1.72527e-007,0.0128164
,,,1.72927e-007,0.0128164
,,,1.73327e-007,0.0128164
,,,1.73727e-007,0.0125955
,,,1.74127e-007,0.0128164
,,,1.74527e-007,0.0121535
,,,1.74927e-007,0.0132584
,,,1.75327e-007,0.0123745
,,,1.75727e-007,0.0125955
,,,1.76127e-007,0.0112696
,,,1.76527e-007,0.0125955
,,,1.76927e-007,0.0121535
,,,1.77327e-007,0.0117116
,,,1.77727e-007,0.0119325
,,,1.78127e-007,0.0130374
,,,1.78527e-007,0.0125955
,,,1.78927e-007,0.0128164
,,,1.79327e-007,0.0132584
,,,1.79727e-007,0.0132584
,,,1.80127e-007,0.0128164
,,,1.80527e-007,0.0128164
,,,1.80927e-007,0.0128164
,,,1.81327e-007,0.0128164
,,,1.81727e-007,0.0130374
,,,1.82127e-007,0.0123745
,,,1.82527e-007,0.0117116
,,,1.82927e-007,0.0125955
,,,1.83327e-007,0.0125955
,,,1.83727e-007,0.0123745
,,,1.84127e-007,0.0121535
,,,1.84527e-007,0.0117116
,,,1.84927e-007,0.0130374
,,,1.85327e-007,0.0121535
,,,1.85727e-007,0.0123745
,,,1.86127e-007,0.0128164
,,,1.86527e-007,0.0132584
,,,1.86927e-007,0.0132584
,,,1.87327e-007,0.0130374
,,,1.87727e-007,0.0130374
,,,1.88127e-007,0.0132584
,,,1.88527e-007,0.0139213
,,,1.88927e-007,0.0137003
,,,1.89327e-007,0.0128164
,,,1.89727e-007,0.0143632
,,,1.90127e-007,0.0139213
,,,1.90527e-007,0.0132584
,,,1.90927e-007,0.0128164
,,,1.91327e-007,0.0128164
,,,1.91727e-007,0.0137003
,,,1.92127e-007,0.0134794
,,,1.92527e-007,0.0134794
,,,1.92927e-007,0.0132584
,,,1.93327e-007,0.0130374
,,,1.93727e-007,0.0137003
,,,1.94127e-007,0.0145842
,,,1.94527e-007,0.0143632
,,,1.94927e-007,0.0139213
,,,1.95327e-007,0.0141423
,,,1.95727e-007,0.0139213
,,,1.96127e-007,0.0137003
,,,1.96527e-007,0.0134794
,,,1.96927e-007,0.0137003
,,,1.97327e-007,0.0137003
,,,1.97727e-007,0.0130374
,,,1.98127e-007,0.0139213
,,,1.98527e-007,0.0132584
,,,1.98927e-007,0.0139213
,,,1.99327e-007,0.0139213
,,,1.99727e-007,0.0123745
,,,2.00127e-007,0.0128164
,,,2.00527e-007,0.0130374
,,,2.00927e-007,0.0119325
,,,2.01327e-007,0.0128164
,,,2.01727e-007,0.0125955
,,,2.02127e-007,0.0130374
,,,2.02527e-007,0.0123745
,,,2.02927e-007,0.0123745
,,,2.03327e-007,0.0121535
,,,2.03727e-007,0.0128164
,,,2.04127e-007,0.0117116
,,,2.04527e-007,0.0119325
,,,2.04927e-007,0.0121535
,,,2.05327e-007,0.0117116
,,,2.05727e-007,0.0114906
,,,2.06127e-007,0.0119325
,,,2.06527e-007,0.0112696
,,,2.06927e-007,0.0103857
,,,2.07327e-007,0.0110486
,,,2.07727e-007,0.0106067
,,,2.08127e-007,0.0101648
,,,2.08527e-007,0.00972281
,,,2.08927e-007,0.00883892
,,,2.09327e-007,0.00928087
,,,2.09727e-007,0.00905989
,,,2.10127e-007,0.00883892
,,,2.10527e-007,0.00883892
,,,2.10927e-007,0.008176
,,,2.11327e-007,0.00685016
,,,2.11727e-007,0.00751308
,,,2.12127e-007,0.00773405
,,,2.12527e-007,0.00751308
,,,2.12927e-007,0.00618724
,,,2.13327e-007,0.00486141
,,,2.13727e-007,0.00596627
,,,2.14127e-007,0.0057453
,,,2.14527e-007,0.00486141
,,,2.14927e-007,0.00464043
,,,2.15327e-007,0.00419849
,,,2.15727e-007,0.00397751
,,,2.16127e-007,0.00353557
,,,2.16527e-007,0.00397751
,,,2.16927e-007,0.00353557
,,,2.17327e-007,0.00397751
,,,2.17727e-007,0.00287265
,,,2.18127e-007,0.00309362
,,,2.18527e-007,0.00309362
,,,2.18927e-007,0.00287265
,,,2.19327e-007,0.00220973
,,,2.19727e-007,0.0024307
,,,2.20127e-007,0.00265168
,,,2.20527e-007,0.0024307
,,,2.20927e-007,0.00176778
,,,2.21327e-007,0.00198876
,,,2.21727e-007,0.00220973
,,,2.22127e-007,0.00220973
,,,2.22527e-007,0.00220973
,,,2.22927e-007,0.00132584
,,,2.23327e-007,0.00154681
,,,2.23727e-007,0.00198876
,,,2.24127e-007,0.000883892
,,,2.24527e-007,0.000883892
,,,2.24927e-007,0.0024307
,,,2.25327e-007,0.00110486
,,,2.25727e-007,0.00110486
,,,2.26127e-007,0.00198876
,,,2.26527e-007,0.00132584
,,,2.26927e-007,0.00110486
,,,2.27327e-007,0.000883892
,,,2.27727e-007,0.000662919
,,,2.28127e-007,0.000662919
,,,2.28527e-007,0.000883892
,,,2.28927e-007,0.000662919
,,,2.29327e-007,0.00132584
,,,2.29727e-007,0.000662919
,,,2.30127e-007,0.00132584
,,,2.30527e-007,0.00110486
,,,2.30927e-007,0.000662919
,,,2.31327e-007,0.000883892
,,,2.31727e-007,0.000220973
,,,2.32127e-007,0.000662919
,,,2.32527e-007,0.00110486
,,,2.32927e-007,-0.000662919
,,,2.33327e-007,0.000441946
,,,2.33727e-007,0.000220973
,,,2.34127e-007,0.00110486
,,,2.34527e-007,0.00132584
,,,2.34927e-007,0.000883892
,,,2.35327e-007,0
,,,2.35727e-007,0.000220973
,,,2.36127e-007,0
,,,2.36527e-007,0.000441946
,,,2.36927e-007,0.000662919
,,,2.37327e-007,0
,,,2.37727e-007,0
,,,2.38127e-007,0
,,,2.38527e-007,-0.000441946
,,,2.38927e-007,-0.000662919
,,,2.39327e-007,-0.000220973
,,,2.39727e-007,0
,,,2.40127e-007,0
,,,2.40527e-007,0
,,,2.40927e-007,-0.000883892
,,,2.41327e-007,0.000441946
,,,2.41727e-007,0
,,,2.42127e-007,0.000441946
,,,2.42527e-007,-0.000220973
,,,2.42927e-007,-0.000441946
,,,2.43327e-007,-0.00132584
,,,2.43727e-007,0.000220973
,,,2.44127e-007,0.000220973
,,,2.44527e-007,0.000220973
,,,2.44927e-007,0.000220973
,,,2.45327e-007,0
,,,2.45727e-007,0.000220973
,,,2.46127e-007,0.000662919
,,,2.46527e-007,0
,,,2.46927e-007,0.000441946
,,,2.47327e-007,0.000662919
,,,2.47727e-007,0
,,,2.48127e-007,0.000441946
,,,2.48527e-007,0.000441946
,,,2.48927e-007,0.000441946
,,,2.49327e-007,0.000220973
,,,2.49727e-007,0.000441946
,,,2.50127e-007,0.000220973
