"Record Length",1252,"Points",-2.50109e-007,0.000220973
"Sample Interval",4e-010,s,-2.49709e-007,-0.000220973
"Trigger Point",625,"Samples",-2.49309e-007,0.000220973
"Trigger Time",0.271451,s,-2.48909e-007,-0.000441946
,,,-2.48509e-007,0.000220973
"Horizontal Offset",-2.50109e-007,s,-2.48109e-007,0
,,,-2.47709e-007,-0.000662919
,,,-2.47309e-007,0
,,,-2.46909e-007,0.000441946
,,,-2.46509e-007,0
,,,-2.46109e-007,0
,,,-2.45709e-007,-0.000220973
,,,-2.45309e-007,0.000220973
,,,-2.44909e-007,0.000220973
,,,-2.44509e-007,-0.000220973
,,,-2.44109e-007,0.000883892
,,,-2.43709e-007,-0.000441946
,,,-2.43309e-007,0.000220973
,,,-2.42909e-007,0.000220973
,,,-2.42509e-007,0
,,,-2.42109e-007,-0.000441946
,,,-2.41709e-007,-0.000441946
,,,-2.41309e-007,0.000220973
,,,-2.40909e-007,0.000441946
,,,-2.40509e-007,0.000220973
,,,-2.40109e-007,0.000662919
,,,-2.39709e-007,-0.000441946
,,,-2.39309e-007,0.000220973
,,,-2.38909e-007,-0.000662919
,,,-2.38509e-007,-0.000662919
,,,-2.38109e-007,-0.000662919
,,,-2.37709e-007,-0.000662919
,,,-2.37309e-007,-0.000662919
,,,-2.36909e-007,0.000883892
,,,-2.36509e-007,0
,,,-2.36109e-007,0.000220973
,,,-2.35709e-007,0.000883892
,,,-2.35309e-007,0.000220973
,,,-2.34909e-007,-0.000662919
,,,-2.34509e-007,-0.000441946
,,,-2.34109e-007,0
,,,-2.33709e-007,0
,,,-2.33309e-007,0.000220973
,,,-2.32909e-007,-0.000441946
,,,-2.32509e-007,0
,,,-2.32109e-007,-0.000662919
,,,-2.31709e-007,-0.000441946
,,,-2.31309e-007,0
,,,-2.30909e-007,0.000220973
,,,-2.30509e-007,-0.000220973
,,,-2.30109e-007,-0.000662919
,,,-2.29709e-007,-0.000662919
,,,-2.29309e-007,-0.000220973
,,,-2.28909e-007,-0.000220973
,,,-2.28509e-007,-0.000220973
,,,-2.28109e-007,0.000220973
,,,-2.27709e-007,0.000220973
,,,-2.27309e-007,0
,,,-2.26909e-007,0.000441946
,,,-2.26509e-007,0.000441946
,,,-2.26109e-007,-0.000220973
,,,-2.25709e-007,0
,,,-2.25309e-007,0.000220973
,,,-2.24909e-007,0.000220973
,,,-2.24509e-007,0.000220973
,,,-2.24109e-007,0
,,,-2.23709e-007,0
,,,-2.23309e-007,-0.000220973
,,,-2.22909e-007,-0.000220973
,,,-2.22509e-007,0.000220973
,,,-2.22109e-007,0
,,,-2.21709e-007,0.000441946
,,,-2.21309e-007,-0.000220973
,,,-2.20909e-007,-0.000220973
,,,-2.20509e-007,0.000220973
,,,-2.20109e-007,0.000220973
,,,-2.19709e-007,-0.000441946
,,,-2.19309e-007,0
,,,-2.18909e-007,0
,,,-2.18509e-007,0
,,,-2.18109e-007,-0.000220973
,,,-2.17709e-007,-0.000220973
,,,-2.17309e-007,0.000220973
,,,-2.16909e-007,0.000220973
,,,-2.16509e-007,0.000220973
,,,-2.16109e-007,0
,,,-2.15709e-007,-0.000662919
,,,-2.15309e-007,-0.000220973
,,,-2.14909e-007,-0.000662919
,,,-2.14509e-007,-0.000441946
,,,-2.14109e-007,0.000441946
,,,-2.13709e-007,0
,,,-2.13309e-007,0
,,,-2.12909e-007,0
,,,-2.12509e-007,-0.000220973
,,,-2.12109e-007,0.000220973
,,,-2.11709e-007,-0.000883892
,,,-2.11309e-007,0.000441946
,,,-2.10909e-007,-0.000441946
,,,-2.10509e-007,0.000441946
,,,-2.10109e-007,-0.000220973
,,,-2.09709e-007,0.000441946
,,,-2.09309e-007,-0.000662919
,,,-2.08909e-007,0.000220973
,,,-2.08509e-007,0.000220973
,,,-2.08109e-007,0.000662919
,,,-2.07709e-007,0
,,,-2.07309e-007,-0.000220973
,,,-2.06909e-007,0
,,,-2.06509e-007,-0.000220973
,,,-2.06109e-007,-0.000441946
,,,-2.05709e-007,0
,,,-2.05309e-007,0
,,,-2.04909e-007,0.000220973
,,,-2.04509e-007,0.000441946
,,,-2.04109e-007,-0.000441946
,,,-2.03709e-007,0.000441946
,,,-2.03309e-007,0
,,,-2.02909e-007,-0.000220973
,,,-2.02509e-007,0
,,,-2.02109e-007,0.000662919
,,,-2.01709e-007,0
,,,-2.01309e-007,-0.000441946
,,,-2.00909e-007,0.000662919
,,,-2.00509e-007,0
,,,-2.00109e-007,0.000220973
,,,-1.99709e-007,-0.000441946
,,,-1.99309e-007,-0.000441946
,,,-1.98909e-007,-0.000220973
,,,-1.98509e-007,-0.000220973
,,,-1.98109e-007,-0.000220973
,,,-1.97709e-007,0
,,,-1.97309e-007,0
,,,-1.96909e-007,0.000220973
,,,-1.96509e-007,0.000220973
,,,-1.96109e-007,-0.000441946
,,,-1.95709e-007,-0.000441946
,,,-1.95309e-007,-0.000883892
,,,-1.94909e-007,0
,,,-1.94509e-007,0.000220973
,,,-1.94109e-007,-0.000220973
,,,-1.93709e-007,0
,,,-1.93309e-007,0
,,,-1.92909e-007,0
,,,-1.92509e-007,-0.000220973
,,,-1.92109e-007,-0.000441946
,,,-1.91709e-007,-0.000441946
,,,-1.91309e-007,-0.000441946
,,,-1.90909e-007,-0.000441946
,,,-1.90509e-007,-0.000441946
,,,-1.90109e-007,-0.000220973
,,,-1.89709e-007,-0.000220973
,,,-1.89309e-007,-0.000220973
,,,-1.88909e-007,0.000220973
,,,-1.88509e-007,0
,,,-1.88109e-007,0.000441946
,,,-1.87709e-007,0.000441946
,,,-1.87309e-007,0
,,,-1.86909e-007,0
,,,-1.86509e-007,0.000662919
,,,-1.86109e-007,0
,,,-1.85709e-007,0.000220973
,,,-1.85309e-007,0.000662919
,,,-1.84909e-007,0.000441946
,,,-1.84509e-007,-0.000662919
,,,-1.84109e-007,0.000220973
,,,-1.83709e-007,-0.000441946
,,,-1.83309e-007,0.000441946
,,,-1.82909e-007,0.000220973
,,,-1.82509e-007,-0.000662919
,,,-1.82109e-007,-0.000220973
,,,-1.81709e-007,-0.000220973
,,,-1.81309e-007,0
,,,-1.80909e-007,0.000220973
,,,-1.80509e-007,-0.000441946
,,,-1.80109e-007,0.000220973
,,,-1.79709e-007,-0.000220973
,,,-1.79309e-007,0.000883892
,,,-1.78909e-007,0.000220973
,,,-1.78509e-007,0.000662919
,,,-1.78109e-007,0.000662919
,,,-1.77709e-007,-0.000220973
,,,-1.77309e-007,0
,,,-1.76909e-007,0.000220973
,,,-1.76509e-007,0
,,,-1.76109e-007,0.000441946
,,,-1.75709e-007,0.000662919
,,,-1.75309e-007,-0.000220973
,,,-1.74909e-007,-0.000441946
,,,-1.74509e-007,-0.000220973
,,,-1.74109e-007,0.000441946
,,,-1.73709e-007,0.000220973
,,,-1.73309e-007,0.000220973
,,,-1.72909e-007,-0.000220973
,,,-1.72509e-007,-0.000441946
,,,-1.72109e-007,0.000441946
,,,-1.71709e-007,0.000441946
,,,-1.71309e-007,-0.000441946
,,,-1.70909e-007,-0.000441946
,,,-1.70509e-007,0
,,,-1.70109e-007,0.000220973
,,,-1.69709e-007,0.000662919
,,,-1.69309e-007,0.000441946
,,,-1.68909e-007,-0.000220973
,,,-1.68509e-007,0.000220973
,,,-1.68109e-007,0.000220973
,,,-1.67709e-007,0.000441946
,,,-1.67309e-007,-0.000220973
,,,-1.66909e-007,0
,,,-1.66509e-007,-0.000441946
,,,-1.66109e-007,-0.000662919
,,,-1.65709e-007,-0.000662919
,,,-1.65309e-007,0
,,,-1.64909e-007,0.000441946
,,,-1.64509e-007,-0.000220973
,,,-1.64109e-007,-0.000441946
,,,-1.63709e-007,0.000220973
,,,-1.63309e-007,0
,,,-1.62909e-007,0
,,,-1.62509e-007,0.000662919
,,,-1.62109e-007,0.000220973
,,,-1.61709e-007,-0.000441946
,,,-1.61309e-007,0.000662919
,,,-1.60909e-007,0.000662919
,,,-1.60509e-007,0.000220973
,,,-1.60109e-007,0.000220973
,,,-1.59709e-007,-0.000441946
,,,-1.59309e-007,-0.000441946
,,,-1.58909e-007,0
,,,-1.58509e-007,0.000441946
,,,-1.58109e-007,0
,,,-1.57709e-007,0.000441946
,,,-1.57309e-007,-0.000441946
,,,-1.56909e-007,0
,,,-1.56509e-007,-0.000441946
,,,-1.56109e-007,-0.000220973
,,,-1.55709e-007,-0.000220973
,,,-1.55309e-007,0
,,,-1.54909e-007,-0.00110486
,,,-1.54509e-007,0.000220973
,,,-1.54109e-007,0.000441946
,,,-1.53709e-007,-0.000662919
,,,-1.53309e-007,0
,,,-1.52909e-007,0.000662919
,,,-1.52509e-007,0
,,,-1.52109e-007,-0.000662919
,,,-1.51709e-007,-0.000662919
,,,-1.51309e-007,0.000662919
,,,-1.50909e-007,0.000220973
,,,-1.50509e-007,0
,,,-1.50109e-007,-0.000220973
,,,-1.49709e-007,-0.000220973
,,,-1.49309e-007,0
,,,-1.48909e-007,-0.000220973
,,,-1.48509e-007,0
,,,-1.48109e-007,0.000662919
,,,-1.47709e-007,-0.000220973
,,,-1.47309e-007,0
,,,-1.46909e-007,0
,,,-1.46509e-007,0
,,,-1.46109e-007,-0.000220973
,,,-1.45709e-007,0.000220973
,,,-1.45309e-007,0.000220973
,,,-1.44909e-007,0
,,,-1.44509e-007,0.000441946
,,,-1.44109e-007,0.000441946
,,,-1.43709e-007,-0.000220973
,,,-1.43309e-007,-0.000220973
,,,-1.42909e-007,-0.000441946
,,,-1.42509e-007,-0.000441946
,,,-1.42109e-007,-0.000441946
,,,-1.41709e-007,-0.000441946
,,,-1.41309e-007,-0.000662919
,,,-1.40909e-007,-0.000441946
,,,-1.40509e-007,-0.000220973
,,,-1.40109e-007,0.000441946
,,,-1.39709e-007,0.000441946
,,,-1.39309e-007,-0.000220973
,,,-1.38909e-007,0.000220973
,,,-1.38509e-007,0.000662919
,,,-1.38109e-007,0
,,,-1.37709e-007,0.000441946
,,,-1.37309e-007,0.000883892
,,,-1.36909e-007,-0.000441946
,,,-1.36509e-007,0.000441946
,,,-1.36109e-007,0.000662919
,,,-1.35709e-007,-0.000220973
,,,-1.35309e-007,-0.000441946
,,,-1.34909e-007,0
,,,-1.34509e-007,0
,,,-1.34109e-007,-0.000220973
,,,-1.33709e-007,0.000441946
,,,-1.33309e-007,0
,,,-1.32909e-007,-0.000220973
,,,-1.32509e-007,0.000220973
,,,-1.32109e-007,0
,,,-1.31709e-007,-0.000220973
,,,-1.31309e-007,0
,,,-1.30909e-007,-0.000220973
,,,-1.30509e-007,-0.000220973
,,,-1.30109e-007,0.000441946
,,,-1.29709e-007,-0.000220973
,,,-1.29309e-007,0
,,,-1.28909e-007,0
,,,-1.28509e-007,-0.000220973
,,,-1.28109e-007,0
,,,-1.27709e-007,0
,,,-1.27309e-007,0.000441946
,,,-1.26909e-007,0.000441946
,,,-1.26509e-007,0.000662919
,,,-1.26109e-007,0.000441946
,,,-1.25709e-007,0.000220973
,,,-1.25309e-007,0.000220973
,,,-1.24909e-007,-0.000220973
,,,-1.24509e-007,0
,,,-1.24109e-007,0.000441946
,,,-1.23709e-007,-0.000220973
,,,-1.23309e-007,-0.000220973
,,,-1.22909e-007,-0.000662919
,,,-1.22509e-007,0
,,,-1.22109e-007,0
,,,-1.21709e-007,0.000662919
,,,-1.21309e-007,0.000220973
,,,-1.20909e-007,-0.000220973
,,,-1.20509e-007,0.000220973
,,,-1.20109e-007,0.000220973
,,,-1.19709e-007,-0.000220973
,,,-1.19309e-007,-0.000220973
,,,-1.18909e-007,-0.000441946
,,,-1.18509e-007,0
,,,-1.18109e-007,-0.000220973
,,,-1.17709e-007,-0.000441946
,,,-1.17309e-007,-0.000441946
,,,-1.16909e-007,0.000220973
,,,-1.16509e-007,-0.000662919
,,,-1.16109e-007,0.000220973
,,,-1.15709e-007,0
,,,-1.15309e-007,0.000441946
,,,-1.14909e-007,-0.000220973
,,,-1.14509e-007,0.000220973
,,,-1.14109e-007,-0.000441946
,,,-1.13709e-007,-0.000883892
,,,-1.13309e-007,-0.000220973
,,,-1.12909e-007,0.000220973
,,,-1.12509e-007,0.000220973
,,,-1.12109e-007,0.000883892
,,,-1.11709e-007,-0.000220973
,,,-1.11309e-007,-0.000441946
,,,-1.10909e-007,-0.000220973
,,,-1.10509e-007,-0.000220973
,,,-1.10109e-007,-0.000220973
,,,-1.09709e-007,-0.000441946
,,,-1.09309e-007,-0.000883892
,,,-1.08909e-007,-0.000220973
,,,-1.08509e-007,-0.000220973
,,,-1.08109e-007,-0.000220973
,,,-1.07709e-007,0.000662919
,,,-1.07309e-007,0.000220973
,,,-1.06909e-007,0
,,,-1.06509e-007,-0.000220973
,,,-1.06109e-007,0.000441946
,,,-1.05709e-007,0.000441946
,,,-1.05309e-007,0.000220973
,,,-1.04909e-007,-0.000662919
,,,-1.04509e-007,0
,,,-1.04109e-007,-0.000220973
,,,-1.03709e-007,0
,,,-1.03309e-007,0.000220973
,,,-1.02909e-007,0
,,,-1.02509e-007,0.000220973
,,,-1.02109e-007,-0.000220973
,,,-1.01709e-007,-0.000220973
,,,-1.01309e-007,0
,,,-1.00909e-007,0
,,,-1.00509e-007,0.000220973
,,,-1.00109e-007,0.000662919
,,,-9.97086e-008,0.000883892
,,,-9.93086e-008,0.000220973
,,,-9.89086e-008,0.000441946
,,,-9.85086e-008,0.000220973
,,,-9.81086e-008,0
,,,-9.77086e-008,0.000220973
,,,-9.73086e-008,0.000441946
,,,-9.69086e-008,0.000220973
,,,-9.65086e-008,0.00110486
,,,-9.61086e-008,0
,,,-9.57086e-008,-0.000441946
,,,-9.53086e-008,0.000220973
,,,-9.49086e-008,0
,,,-9.45086e-008,0.000441946
,,,-9.41086e-008,0.000662919
,,,-9.37086e-008,-0.000220973
,,,-9.33086e-008,-0.000662919
,,,-9.29086e-008,0.000220973
,,,-9.25086e-008,-0.000220973
,,,-9.21086e-008,-0.000220973
,,,-9.17086e-008,0
,,,-9.13086e-008,-0.000220973
,,,-9.09086e-008,0.000441946
,,,-9.05086e-008,0.000441946
,,,-9.01086e-008,-0.000220973
,,,-8.97086e-008,0
,,,-8.93086e-008,0.000662919
,,,-8.89086e-008,0.000441946
,,,-8.85086e-008,-0.000441946
,,,-8.81086e-008,0.000220973
,,,-8.77086e-008,-0.000441946
,,,-8.73086e-008,0
,,,-8.69086e-008,0.000662919
,,,-8.65086e-008,0.000441946
,,,-8.61086e-008,0
,,,-8.57086e-008,-0.000883892
,,,-8.53086e-008,-0.000220973
,,,-8.49086e-008,-0.000441946
,,,-8.45086e-008,0
,,,-8.41086e-008,0.000220973
,,,-8.37086e-008,0.000441946
,,,-8.33086e-008,0.000220973
,,,-8.29086e-008,-0.000662919
,,,-8.25086e-008,0.000883892
,,,-8.21086e-008,-0.000441946
,,,-8.17086e-008,-0.000441946
,,,-8.13086e-008,-0.000220973
,,,-8.09086e-008,0.000441946
,,,-8.05086e-008,0.00110486
,,,-8.01086e-008,0
,,,-7.97086e-008,-0.000220973
,,,-7.93086e-008,0.000220973
,,,-7.89086e-008,0.000662919
,,,-7.85086e-008,-0.000220973
,,,-7.81086e-008,0
,,,-7.77086e-008,0.000220973
,,,-7.73086e-008,-0.000220973
,,,-7.69086e-008,-0.000441946
,,,-7.65086e-008,0.000220973
,,,-7.61086e-008,0.000441946
,,,-7.57086e-008,-0.000220973
,,,-7.53086e-008,-0.000441946
,,,-7.49086e-008,-0.000662919
,,,-7.45086e-008,0.000220973
,,,-7.41086e-008,0.000220973
,,,-7.37086e-008,-0.000220973
,,,-7.33086e-008,-0.000441946
,,,-7.29086e-008,0.000220973
,,,-7.25086e-008,0.000662919
,,,-7.21086e-008,-0.000441946
,,,-7.17086e-008,0
,,,-7.13086e-008,-0.000662919
,,,-7.09086e-008,0
,,,-7.05086e-008,0.000220973
,,,-7.01086e-008,0
,,,-6.97086e-008,-0.000662919
,,,-6.93086e-008,0
,,,-6.89086e-008,0.000662919
,,,-6.85086e-008,0.000662919
,,,-6.81086e-008,0.000441946
,,,-6.77086e-008,0
,,,-6.73086e-008,0
,,,-6.69086e-008,0
,,,-6.65086e-008,0.000883892
,,,-6.61086e-008,0
,,,-6.57086e-008,-0.000441946
,,,-6.53086e-008,-0.000220973
,,,-6.49086e-008,-0.000220973
,,,-6.45086e-008,0
,,,-6.41086e-008,0
,,,-6.37086e-008,0
,,,-6.33086e-008,-0.000662919
,,,-6.29086e-008,-0.000441946
,,,-6.25086e-008,-0.000220973
,,,-6.21086e-008,-0.000441946
,,,-6.17086e-008,0
,,,-6.13086e-008,-0.000220973
,,,-6.09086e-008,0
,,,-6.05086e-008,0.000220973
,,,-6.01086e-008,-0.000220973
,,,-5.97086e-008,0.000220973
,,,-5.93086e-008,-0.000662919
,,,-5.89086e-008,-0.000662919
,,,-5.85086e-008,-0.000662919
,,,-5.81086e-008,-0.000220973
,,,-5.77086e-008,-0.000662919
,,,-5.73086e-008,-0.000220973
,,,-5.69086e-008,0.000441946
,,,-5.65086e-008,0
,,,-5.61086e-008,0.000662919
,,,-5.57086e-008,0.000220973
,,,-5.53086e-008,0.000220973
,,,-5.49086e-008,0
,,,-5.45086e-008,0
,,,-5.41086e-008,-0.000220973
,,,-5.37086e-008,-0.000220973
,,,-5.33086e-008,0
,,,-5.29086e-008,0
,,,-5.25086e-008,0
,,,-5.21086e-008,0.000441946
,,,-5.17086e-008,0.000220973
,,,-5.13086e-008,0
,,,-5.09086e-008,0.000220973
,,,-5.05086e-008,0.000883892
,,,-5.01086e-008,0
,,,-4.97086e-008,0.000662919
,,,-4.93086e-008,0.000441946
,,,-4.89086e-008,0.000220973
,,,-4.85086e-008,0
,,,-4.81086e-008,0.000662919
,,,-4.77086e-008,0.000220973
,,,-4.73086e-008,0.000220973
,,,-4.69086e-008,-0.000220973
,,,-4.65086e-008,0
,,,-4.61086e-008,0.000662919
,,,-4.57086e-008,-0.000220973
,,,-4.53086e-008,-0.000220973
,,,-4.49086e-008,0.000662919
,,,-4.45086e-008,0.000220973
,,,-4.41086e-008,0.000441946
,,,-4.37086e-008,0.000662919
,,,-4.33086e-008,0.000441946
,,,-4.29086e-008,-0.000441946
,,,-4.25086e-008,0.000662919
,,,-4.21086e-008,0.000220973
,,,-4.17086e-008,0
,,,-4.13086e-008,0.000441946
,,,-4.09086e-008,0.000220973
,,,-4.05086e-008,0.000220973
,,,-4.01086e-008,-0.000220973
,,,-3.97086e-008,-0.000220973
,,,-3.93086e-008,0.000441946
,,,-3.89086e-008,-0.000441946
,,,-3.85086e-008,-0.000441946
,,,-3.81086e-008,-0.000220973
,,,-3.77086e-008,-0.000441946
,,,-3.73086e-008,-0.000220973
,,,-3.69086e-008,-0.000441946
,,,-3.65086e-008,0
,,,-3.61086e-008,0.000220973
,,,-3.57086e-008,-0.000220973
,,,-3.53086e-008,0
,,,-3.49086e-008,0.000220973
,,,-3.45086e-008,0.000441946
,,,-3.41086e-008,0
,,,-3.37086e-008,-0.000441946
,,,-3.33086e-008,-0.000220973
,,,-3.29086e-008,-0.000220973
,,,-3.25086e-008,0
,,,-3.21086e-008,-0.000441946
,,,-3.17086e-008,0
,,,-3.13086e-008,-0.000220973
,,,-3.09086e-008,-0.000220973
,,,-3.05086e-008,0
,,,-3.01086e-008,-0.000441946
,,,-2.97086e-008,0.000220973
,,,-2.93086e-008,-0.000441946
,,,-2.89086e-008,0
,,,-2.85086e-008,0.000220973
,,,-2.81086e-008,0.000220973
,,,-2.77086e-008,0
,,,-2.73086e-008,0.000441946
,,,-2.69086e-008,-0.000441946
,,,-2.65086e-008,-0.000220973
,,,-2.61086e-008,-0.000441946
,,,-2.57086e-008,0
,,,-2.53086e-008,0.000220973
,,,-2.49086e-008,0.000441946
,,,-2.45086e-008,0
,,,-2.41086e-008,0.000220973
,,,-2.37086e-008,0
,,,-2.33086e-008,0.000441946
,,,-2.29086e-008,-0.000662919
,,,-2.25086e-008,0.000220973
,,,-2.21086e-008,0.000441946
,,,-2.17086e-008,0.000220973
,,,-2.13086e-008,-0.00110486
,,,-2.09086e-008,-0.000662919
,,,-2.05086e-008,-0.000220973
,,,-2.01086e-008,0.000220973
,,,-1.97086e-008,0.000441946
,,,-1.93086e-008,0.000220973
,,,-1.89086e-008,-0.000662919
,,,-1.85086e-008,0.000662919
,,,-1.81086e-008,-0.000220973
,,,-1.77086e-008,0.000220973
,,,-1.73086e-008,0
,,,-1.69086e-008,0.000220973
,,,-1.65086e-008,-0.000220973
,,,-1.61086e-008,-0.000220973
,,,-1.57086e-008,0
,,,-1.53086e-008,0.000662919
,,,-1.49086e-008,-0.000220973
,,,-1.45086e-008,-0.000220973
,,,-1.41086e-008,0
,,,-1.37086e-008,0
,,,-1.33086e-008,-0.000441946
,,,-1.29086e-008,0.000220973
,,,-1.25086e-008,0.000220973
,,,-1.21086e-008,-0.000220973
,,,-1.17086e-008,0
,,,-1.13086e-008,-0.000220973
,,,-1.09086e-008,0
,,,-1.05086e-008,0.000220973
,,,-1.01086e-008,-0.000220973
,,,-9.70858e-009,0.000220973
,,,-9.30858e-009,0.000220973
,,,-8.90858e-009,0
,,,-8.50858e-009,0.000220973
,,,-8.10858e-009,0
,,,-7.70858e-009,0.000441946
,,,-7.30858e-009,0.000662919
,,,-6.90858e-009,0
,,,-6.50858e-009,0
,,,-6.10858e-009,0
,,,-5.70858e-009,0
,,,-5.30858e-009,-0.000662919
,,,-4.90858e-009,-0.000441946
,,,-4.50858e-009,-0.000662919
,,,-4.10858e-009,-0.000220973
,,,-3.70858e-009,0.000220973
,,,-3.30858e-009,0.000441946
,,,-2.90858e-009,-0.000220973
,,,-2.50858e-009,0.000662919
,,,-2.10858e-009,0.000220973
,,,-1.70858e-009,0.000220973
,,,-1.30858e-009,0
,,,-9.0858e-010,0.000662919
,,,-5.0858e-010,0.000662919
,,,-1.0858e-010,0
,,,2.9142e-010,0.000441946
,,,6.9142e-010,0.000441946
,,,1.09142e-009,-0.000441946
,,,1.49142e-009,-0.000220973
,,,1.89142e-009,0.000441946
,,,2.29142e-009,0.000220973
,,,2.69142e-009,0
,,,3.09142e-009,-0.000220973
,,,3.49142e-009,0
,,,3.89142e-009,0.000441946
,,,4.29142e-009,0.000883892
,,,4.69142e-009,-0.000662919
,,,5.09142e-009,-0.000441946
,,,5.49142e-009,0
,,,5.89142e-009,0.000220973
,,,6.29142e-009,0.000662919
,,,6.69142e-009,-0.000441946
,,,7.09142e-009,-0.000441946
,,,7.49142e-009,0
,,,7.89142e-009,0.000441946
,,,8.29142e-009,0
,,,8.69142e-009,0.000441946
,,,9.09142e-009,0.000883892
,,,9.49142e-009,0
,,,9.89142e-009,-0.000220973
,,,1.02914e-008,0.000662919
,,,1.06914e-008,0.000220973
,,,1.10914e-008,0.000441946
,,,1.14914e-008,-0.000441946
,,,1.18914e-008,0.000220973
,,,1.22914e-008,0.000220973
,,,1.26914e-008,0.000441946
,,,1.30914e-008,-0.000220973
,,,1.34914e-008,0.000662919
,,,1.38914e-008,0
,,,1.42914e-008,-0.000441946
,,,1.46914e-008,0.000220973
,,,1.50914e-008,0.000441946
,,,1.54914e-008,0
,,,1.58914e-008,0.000441946
,,,1.62914e-008,0.000220973
,,,1.66914e-008,0.000220973
,,,1.70914e-008,-0.000441946
,,,1.74914e-008,-0.000220973
,,,1.78914e-008,-0.000220973
,,,1.82914e-008,-0.000220973
,,,1.86914e-008,-0.000441946
,,,1.90914e-008,-0.000220973
,,,1.94914e-008,-0.000441946
,,,1.98914e-008,-0.000441946
,,,2.02914e-008,-0.000220973
,,,2.06914e-008,0
,,,2.10914e-008,-0.000441946
,,,2.14914e-008,0
,,,2.18914e-008,0.000220973
,,,2.22914e-008,0.000883892
,,,2.26914e-008,-0.000220973
,,,2.30914e-008,-0.000662919
,,,2.34914e-008,-0.000220973
,,,2.38914e-008,0
,,,2.42914e-008,-0.000662919
,,,2.46914e-008,-0.000441946
,,,2.50914e-008,-0.000220973
,,,2.54914e-008,0.000441946
,,,2.58914e-008,0.000441946
,,,2.62914e-008,-0.000220973
,,,2.66914e-008,0
,,,2.70914e-008,0
,,,2.74914e-008,0.000220973
,,,2.78914e-008,0.000220973
,,,2.82914e-008,0.000220973
,,,2.86914e-008,-0.000441946
,,,2.90914e-008,-0.000220973
,,,2.94914e-008,-0.000220973
,,,2.98914e-008,-0.000220973
,,,3.02914e-008,-0.000441946
,,,3.06914e-008,0
,,,3.10914e-008,0
,,,3.14914e-008,0
,,,3.18914e-008,0.000441946
,,,3.22914e-008,-0.000220973
,,,3.26914e-008,-0.000662919
,,,3.30914e-008,0
,,,3.34914e-008,0
,,,3.38914e-008,0
,,,3.42914e-008,0.000220973
,,,3.46914e-008,0
,,,3.50914e-008,0
,,,3.54914e-008,0.000441946
,,,3.58914e-008,-0.000220973
,,,3.62914e-008,0.000441946
,,,3.66914e-008,0.000441946
,,,3.70914e-008,-0.000220973
,,,3.74914e-008,0
,,,3.78914e-008,-0.000220973
,,,3.82914e-008,-0.000220973
,,,3.86914e-008,0
,,,3.90914e-008,0.000662919
,,,3.94914e-008,0
,,,3.98914e-008,0
,,,4.02914e-008,0
,,,4.06914e-008,-0.000662919
,,,4.10914e-008,-0.000220973
,,,4.14914e-008,-0.000220973
,,,4.18914e-008,-0.000441946
,,,4.22914e-008,0
,,,4.26914e-008,0
,,,4.30914e-008,0.000220973
,,,4.34914e-008,-0.000441946
,,,4.38914e-008,0.000662919
,,,4.42914e-008,-0.000220973
,,,4.46914e-008,0.000220973
,,,4.50914e-008,-0.000662919
,,,4.54914e-008,-0.000220973
,,,4.58914e-008,0.000220973
,,,4.62914e-008,-0.000220973
,,,4.66914e-008,0
,,,4.70914e-008,0
,,,4.74914e-008,-0.000220973
,,,4.78914e-008,0
,,,4.82914e-008,-0.000441946
,,,4.86914e-008,0.000220973
,,,4.90914e-008,0
,,,4.94914e-008,0
,,,4.98914e-008,0.000220973
,,,5.02914e-008,0
,,,5.06914e-008,-0.000662919
,,,5.10914e-008,0.000220973
,,,5.14914e-008,0.000220973
,,,5.18914e-008,0.000441946
,,,5.22914e-008,0.000220973
,,,5.26914e-008,-0.000883892
,,,5.30914e-008,0
,,,5.34914e-008,0.000441946
,,,5.38914e-008,0
,,,5.42914e-008,0.000441946
,,,5.46914e-008,0.000441946
,,,5.50914e-008,-0.000220973
,,,5.54914e-008,0.000220973
,,,5.58914e-008,0.000662919
,,,5.62914e-008,0
,,,5.66914e-008,-0.000220973
,,,5.70914e-008,0.000662919
,,,5.74914e-008,-0.000220973
,,,5.78914e-008,-0.000441946
,,,5.82914e-008,0
,,,5.86914e-008,-0.000441946
,,,5.90914e-008,-0.000441946
,,,5.94914e-008,-0.000441946
,,,5.98914e-008,0
,,,6.02914e-008,0.000220973
,,,6.06914e-008,0.000662919
,,,6.10914e-008,0.000220973
,,,6.14914e-008,0.000441946
,,,6.18914e-008,0.000662919
,,,6.22914e-008,0.000662919
,,,6.26914e-008,0.000441946
,,,6.30914e-008,0.000441946
,,,6.34914e-008,0
,,,6.38914e-008,0
,,,6.42914e-008,-0.000220973
,,,6.46914e-008,0.000220973
,,,6.50914e-008,0
,,,6.54914e-008,0.000220973
,,,6.58914e-008,-0.000220973
,,,6.62914e-008,-0.000220973
,,,6.66914e-008,0
,,,6.70914e-008,0
,,,6.74914e-008,-0.000662919
,,,6.78914e-008,0.000220973
,,,6.82914e-008,-0.000220973
,,,6.86914e-008,0.000441946
,,,6.90914e-008,0.000662919
,,,6.94914e-008,0.000220973
,,,6.98914e-008,-0.000441946
,,,7.02914e-008,0
,,,7.06914e-008,0
,,,7.10914e-008,0.000441946
,,,7.14914e-008,0.000883892
,,,7.18914e-008,0.000441946
,,,7.22914e-008,0
,,,7.26914e-008,0.000220973
,,,7.30914e-008,0
,,,7.34914e-008,-0.000220973
,,,7.38914e-008,0.000220973
,,,7.42914e-008,-0.000441946
,,,7.46914e-008,-0.000441946
,,,7.50914e-008,-0.000220973
,,,7.54914e-008,-0.000220973
,,,7.58914e-008,0.000662919
,,,7.62914e-008,0
,,,7.66914e-008,0.000220973
,,,7.70914e-008,-0.000662919
,,,7.74914e-008,0.000662919
,,,7.78914e-008,-0.000220973
,,,7.82914e-008,-0.000220973
,,,7.86914e-008,0.000220973
,,,7.90914e-008,0
,,,7.94914e-008,0.000662919
,,,7.98914e-008,0.000220973
,,,8.02914e-008,-0.000441946
,,,8.06914e-008,0.000662919
,,,8.10914e-008,0.000220973
,,,8.14914e-008,-0.000220973
,,,8.18914e-008,0
,,,8.22914e-008,0.000220973
,,,8.26914e-008,0.000220973
,,,8.30914e-008,0.000220973
,,,8.34914e-008,-0.000220973
,,,8.38914e-008,0
,,,8.42914e-008,0.000441946
,,,8.46914e-008,0
,,,8.50914e-008,-0.000441946
,,,8.54914e-008,0.000662919
,,,8.58914e-008,-0.000220973
,,,8.62914e-008,0
,,,8.66914e-008,0.000220973
,,,8.70914e-008,0.000441946
,,,8.74914e-008,0.000441946
,,,8.78914e-008,0.000441946
,,,8.82914e-008,0
,,,8.86914e-008,-0.000220973
,,,8.90914e-008,-0.000662919
,,,8.94914e-008,0.00110486
,,,8.98914e-008,-0.000220973
,,,9.02914e-008,-0.000220973
,,,9.06914e-008,0
,,,9.10914e-008,0.000220973
,,,9.14914e-008,-0.000220973
,,,9.18914e-008,-0.000220973
,,,9.22914e-008,0
,,,9.26914e-008,0.000220973
,,,9.30914e-008,0.000441946
,,,9.34914e-008,0.000883892
,,,9.38914e-008,0.000662919
,,,9.42914e-008,0.00198876
,,,9.46914e-008,0.00220973
,,,9.50914e-008,0.0024307
,,,9.54914e-008,0.00331459
,,,9.58914e-008,0.00441946
,,,9.62914e-008,0.00441946
,,,9.66914e-008,0.00596627
,,,9.70914e-008,0.00640822
,,,9.74914e-008,0.00861795
,,,9.78914e-008,0.00994378
,,,9.82914e-008,0.0114906
,,,9.86914e-008,0.0121535
,,,9.90914e-008,0.0139213
,,,9.94914e-008,0.0143632
,,,9.98914e-008,0.0150262
,,,1.00291e-007,0.0152471
,,,1.00691e-007,0.0152471
,,,1.01091e-007,0.0156891
,,,1.01491e-007,0.0159101
,,,1.01891e-007,0.0170149
,,,1.02291e-007,0.016573
,,,1.02691e-007,0.016573
,,,1.03091e-007,0.0174569
,,,1.03491e-007,0.0172359
,,,1.03891e-007,0.0170149
,,,1.04291e-007,0.0172359
,,,1.04691e-007,0.0174569
,,,1.05091e-007,0.0178988
,,,1.05491e-007,0.0181198
,,,1.05891e-007,0.0183408
,,,1.06291e-007,0.0167939
,,,1.06691e-007,0.0176778
,,,1.07091e-007,0.0178988
,,,1.07491e-007,0.0167939
,,,1.07891e-007,0.0176778
,,,1.08291e-007,0.0181198
,,,1.08691e-007,0.0181198
,,,1.09091e-007,0.0172359
,,,1.09491e-007,0.0185617
,,,1.09891e-007,0.0181198
,,,1.10291e-007,0.0176778
,,,1.10691e-007,0.0172359
,,,1.11091e-007,0.0178988
,,,1.11491e-007,0.0178988
,,,1.11891e-007,0.0181198
,,,1.12291e-007,0.0174569
,,,1.12691e-007,0.0178988
,,,1.13091e-007,0.0178988
,,,1.13491e-007,0.0174569
,,,1.13891e-007,0.0174569
,,,1.14291e-007,0.0174569
,,,1.14691e-007,0.0174569
,,,1.15091e-007,0.016573
,,,1.15491e-007,0.0176778
,,,1.15891e-007,0.0174569
,,,1.16291e-007,0.0174569
,,,1.16691e-007,0.0178988
,,,1.17091e-007,0.0174569
,,,1.17491e-007,0.0176778
,,,1.17891e-007,0.0176778
,,,1.18291e-007,0.0172359
,,,1.18691e-007,0.0176778
,,,1.19091e-007,0.0181198
,,,1.19491e-007,0.0181198
,,,1.19891e-007,0.0178988
,,,1.20291e-007,0.0183408
,,,1.20691e-007,0.0176778
,,,1.21091e-007,0.0176778
,,,1.21491e-007,0.0185617
,,,1.21891e-007,0.0185617
,,,1.22291e-007,0.0176778
,,,1.22691e-007,0.0187827
,,,1.23091e-007,0.0185617
,,,1.23491e-007,0.0194456
,,,1.23891e-007,0.0192246
,,,1.24291e-007,0.0196666
,,,1.24691e-007,0.0201085
,,,1.25091e-007,0.0201085
,,,1.25491e-007,0.0207715
,,,1.25891e-007,0.0207715
,,,1.26291e-007,0.0214344
,,,1.26691e-007,0.0207715
,,,1.27091e-007,0.0207715
,,,1.27491e-007,0.0212134
,,,1.27891e-007,0.0203295
,,,1.28291e-007,0.0196666
,,,1.28691e-007,0.0194456
,,,1.29091e-007,0.0185617
,,,1.29491e-007,0.0183408
,,,1.29891e-007,0.0190037
,,,1.30291e-007,0.0190037
,,,1.30691e-007,0.0183408
,,,1.31091e-007,0.0192246
,,,1.31491e-007,0.0185617
,,,1.31891e-007,0.0181198
,,,1.32291e-007,0.0181198
,,,1.32691e-007,0.0174569
,,,1.33091e-007,0.0172359
,,,1.33491e-007,0.0178988
,,,1.33891e-007,0.016352
,,,1.34291e-007,0.0167939
,,,1.34691e-007,0.0170149
,,,1.35091e-007,0.0167939
,,,1.35491e-007,0.016573
,,,1.35891e-007,0.016573
,,,1.36291e-007,0.016131
,,,1.36691e-007,0.0159101
,,,1.37091e-007,0.016131
,,,1.37491e-007,0.016352
,,,1.37891e-007,0.016131
,,,1.38291e-007,0.0159101
,,,1.38691e-007,0.016131
,,,1.39091e-007,0.0167939
,,,1.39491e-007,0.0156891
,,,1.39891e-007,0.0154681
,,,1.40291e-007,0.0159101
,,,1.40691e-007,0.0154681
,,,1.41091e-007,0.016131
,,,1.41491e-007,0.0154681
,,,1.41891e-007,0.0154681
,,,1.42291e-007,0.0152471
,,,1.42691e-007,0.0156891
,,,1.43091e-007,0.016131
,,,1.43491e-007,0.0159101
,,,1.43891e-007,0.0159101
,,,1.44291e-007,0.0152471
,,,1.44691e-007,0.0156891
,,,1.45091e-007,0.0152471
,,,1.45491e-007,0.0148052
,,,1.45891e-007,0.0152471
,,,1.46291e-007,0.0141423
,,,1.46691e-007,0.0143632
,,,1.47091e-007,0.0148052
,,,1.47491e-007,0.0143632
,,,1.47891e-007,0.0145842
,,,1.48291e-007,0.0141423
,,,1.48691e-007,0.0139213
,,,1.49091e-007,0.0145842
,,,1.49491e-007,0.0148052
,,,1.49891e-007,0.0150262
,,,1.50291e-007,0.0145842
,,,1.50691e-007,0.0139213
,,,1.51091e-007,0.0148052
,,,1.51491e-007,0.0150262
,,,1.51891e-007,0.0143632
,,,1.52291e-007,0.0137003
,,,1.52691e-007,0.0145842
,,,1.53091e-007,0.0141423
,,,1.53491e-007,0.0139213
,,,1.53891e-007,0.0134794
,,,1.54291e-007,0.0134794
,,,1.54691e-007,0.0130374
,,,1.55091e-007,0.0130374
,,,1.55491e-007,0.0130374
,,,1.55891e-007,0.0130374
,,,1.56291e-007,0.0123745
,,,1.56691e-007,0.0117116
,,,1.57091e-007,0.0117116
,,,1.57491e-007,0.0119325
,,,1.57891e-007,0.0114906
,,,1.58291e-007,0.0112696
,,,1.58691e-007,0.0121535
,,,1.59091e-007,0.0117116
,,,1.59491e-007,0.0117116
,,,1.59891e-007,0.0114906
,,,1.60291e-007,0.0114906
,,,1.60691e-007,0.0123745
,,,1.61091e-007,0.0112696
,,,1.61491e-007,0.0114906
,,,1.61891e-007,0.0119325
,,,1.62291e-007,0.0117116
,,,1.62691e-007,0.0114906
,,,1.63091e-007,0.0117116
,,,1.63491e-007,0.0114906
,,,1.63891e-007,0.0117116
,,,1.64291e-007,0.0123745
,,,1.64691e-007,0.0130374
,,,1.65091e-007,0.0121535
,,,1.65491e-007,0.0123745
,,,1.65891e-007,0.0119325
,,,1.66291e-007,0.0125955
,,,1.66691e-007,0.0119325
,,,1.67091e-007,0.0119325
,,,1.67491e-007,0.0130374
,,,1.67891e-007,0.0125955
,,,1.68291e-007,0.0121535
,,,1.68691e-007,0.0121535
,,,1.69091e-007,0.0123745
,,,1.69491e-007,0.0117116
,,,1.69891e-007,0.0121535
,,,1.70291e-007,0.0119325
,,,1.70691e-007,0.0119325
,,,1.71091e-007,0.0121535
,,,1.71491e-007,0.0121535
,,,1.71891e-007,0.0125955
,,,1.72291e-007,0.0121535
,,,1.72691e-007,0.0121535
,,,1.73091e-007,0.0119325
,,,1.73491e-007,0.0123745
,,,1.73891e-007,0.0123745
,,,1.74291e-007,0.0121535
,,,1.74691e-007,0.0117116
,,,1.75091e-007,0.0121535
,,,1.75491e-007,0.0123745
,,,1.75891e-007,0.0123745
,,,1.76291e-007,0.0123745
,,,1.76691e-007,0.0121535
,,,1.77091e-007,0.0123745
,,,1.77491e-007,0.0123745
,,,1.77891e-007,0.0114906
,,,1.78291e-007,0.0119325
,,,1.78691e-007,0.0117116
,,,1.79091e-007,0.0125955
,,,1.79491e-007,0.0123745
,,,1.79891e-007,0.0130374
,,,1.80291e-007,0.0125955
,,,1.80691e-007,0.0125955
,,,1.81091e-007,0.0125955
,,,1.81491e-007,0.0130374
,,,1.81891e-007,0.0125955
,,,1.82291e-007,0.0121535
,,,1.82691e-007,0.0121535
,,,1.83091e-007,0.0125955
,,,1.83491e-007,0.0123745
,,,1.83891e-007,0.0121535
,,,1.84291e-007,0.0121535
,,,1.84691e-007,0.0121535
,,,1.85091e-007,0.0119325
,,,1.85491e-007,0.0125955
,,,1.85891e-007,0.0123745
,,,1.86291e-007,0.0117116
,,,1.86691e-007,0.0121535
,,,1.87091e-007,0.0132584
,,,1.87491e-007,0.0130374
,,,1.87891e-007,0.0132584
,,,1.88291e-007,0.0134794
,,,1.88691e-007,0.0132584
,,,1.89091e-007,0.0130374
,,,1.89491e-007,0.0132584
,,,1.89891e-007,0.0132584
,,,1.90291e-007,0.0125955
,,,1.90691e-007,0.0137003
,,,1.91091e-007,0.0132584
,,,1.91491e-007,0.0130374
,,,1.91891e-007,0.0134794
,,,1.92291e-007,0.0132584
,,,1.92691e-007,0.0132584
,,,1.93091e-007,0.0132584
,,,1.93491e-007,0.0139213
,,,1.93891e-007,0.0130374
,,,1.94291e-007,0.0130374
,,,1.94691e-007,0.0125955
,,,1.95091e-007,0.0134794
,,,1.95491e-007,0.0128164
,,,1.95891e-007,0.0130374
,,,1.96291e-007,0.0132584
,,,1.96691e-007,0.0141423
,,,1.97091e-007,0.0134794
,,,1.97491e-007,0.0132584
,,,1.97891e-007,0.0130374
,,,1.98291e-007,0.0128164
,,,1.98691e-007,0.0132584
,,,1.99091e-007,0.0130374
,,,1.99491e-007,0.0125955
,,,1.99891e-007,0.0125955
,,,2.00291e-007,0.0132584
,,,2.00691e-007,0.0130374
,,,2.01091e-007,0.0128164
,,,2.01491e-007,0.0128164
,,,2.01891e-007,0.0121535
,,,2.02291e-007,0.0119325
,,,2.02691e-007,0.0119325
,,,2.03091e-007,0.0121535
,,,2.03491e-007,0.0123745
,,,2.03891e-007,0.0121535
,,,2.04291e-007,0.0117116
,,,2.04691e-007,0.0114906
,,,2.05091e-007,0.0103857
,,,2.05491e-007,0.0121535
,,,2.05891e-007,0.0112696
,,,2.06291e-007,0.0108277
,,,2.06691e-007,0.0106067
,,,2.07091e-007,0.0101648
,,,2.07491e-007,0.00972281
,,,2.07891e-007,0.00994378
,,,2.08291e-007,0.00905989
,,,2.08691e-007,0.00928087
,,,2.09091e-007,0.00839697
,,,2.09491e-007,0.008176
,,,2.09891e-007,0.00795503
,,,2.10291e-007,0.00729211
,,,2.10691e-007,0.00795503
,,,2.11091e-007,0.00707114
,,,2.11491e-007,0.00707114
,,,2.11891e-007,0.00662919
,,,2.12291e-007,0.0057453
,,,2.12691e-007,0.0057453
,,,2.13091e-007,0.00618724
,,,2.13491e-007,0.00530335
,,,2.13891e-007,0.00486141
,,,2.14291e-007,0.00486141
,,,2.14691e-007,0.00530335
,,,2.15091e-007,0.00486141
,,,2.15491e-007,0.00397751
,,,2.15891e-007,0.00486141
,,,2.16291e-007,0.00353557
,,,2.16691e-007,0.00309362
,,,2.17091e-007,0.00287265
,,,2.17491e-007,0.00331459
,,,2.17891e-007,0.00265168
,,,2.18291e-007,0.00220973
,,,2.18691e-007,0.00198876
,,,2.19091e-007,0.0024307
,,,2.19491e-007,0.00220973
,,,2.19891e-007,0.00265168
,,,2.20291e-007,0.00287265
,,,2.20691e-007,0.00198876
,,,2.21091e-007,0.00176778
,,,2.21491e-007,0.00198876
,,,2.21891e-007,0.00132584
,,,2.22291e-007,0.00110486
,,,2.22691e-007,0.00154681
,,,2.23091e-007,0.00154681
,,,2.23491e-007,0.00132584
,,,2.23891e-007,0.00176778
,,,2.24291e-007,0.00154681
,,,2.24691e-007,0.000662919
,,,2.25091e-007,0.00110486
,,,2.25491e-007,0.000883892
,,,2.25891e-007,0.000662919
,,,2.26291e-007,0.000441946
,,,2.26691e-007,0.000662919
,,,2.27091e-007,0.000883892
,,,2.27491e-007,0.000883892
,,,2.27891e-007,0.000220973
,,,2.28291e-007,0.000220973
,,,2.28691e-007,0.00110486
,,,2.29091e-007,0.000662919
,,,2.29491e-007,0.000662919
,,,2.29891e-007,0.000662919
,,,2.30291e-007,0.000220973
,,,2.30691e-007,0.000883892
,,,2.31091e-007,0.00110486
,,,2.31491e-007,0.000662919
,,,2.31891e-007,0.000220973
,,,2.32291e-007,0
,,,2.32691e-007,0.00110486
,,,2.33091e-007,0.000220973
,,,2.33491e-007,0.000220973
,,,2.33891e-007,0.000220973
,,,2.34291e-007,0.000441946
,,,2.34691e-007,0.000220973
,,,2.35091e-007,0.000441946
,,,2.35491e-007,0.000220973
,,,2.35891e-007,0.00110486
,,,2.36291e-007,0.000441946
,,,2.36691e-007,-0.000220973
,,,2.37091e-007,0
,,,2.37491e-007,0.000220973
,,,2.37891e-007,0
,,,2.38291e-007,0
,,,2.38691e-007,-0.000441946
,,,2.39091e-007,-0.00110486
,,,2.39491e-007,-0.000883892
,,,2.39891e-007,-0.000883892
,,,2.40291e-007,-0.000883892
,,,2.40691e-007,-0.000883892
,,,2.41091e-007,-0.000662919
,,,2.41491e-007,-0.000662919
,,,2.41891e-007,-0.000883892
,,,2.42291e-007,-0.00154681
,,,2.42691e-007,-0.000883892
,,,2.43091e-007,-0.000220973
,,,2.43491e-007,-0.000220973
,,,2.43891e-007,0.000220973
,,,2.44291e-007,0.000662919
,,,2.44691e-007,0
,,,2.45091e-007,-0.000220973
,,,2.45491e-007,-0.000220973
,,,2.45891e-007,-0.000662919
,,,2.46291e-007,-0.000662919
,,,2.46691e-007,-0.000662919
,,,2.47091e-007,-0.000220973
,,,2.47491e-007,-0.000220973
,,,2.47891e-007,0
,,,2.48291e-007,-0.000441946
,,,2.48691e-007,-0.000441946
,,,2.49091e-007,-0.000220973
,,,2.49491e-007,-0.000441946
,,,2.49891e-007,-0.000662919
,,,2.50291e-007,-0.000662919
