"Record Length",1252,"Points",-2.50229e-007,0
"Sample Interval",4e-010,s,-2.49829e-007,0.000441946
"Trigger Point",625,"Samples",-2.49429e-007,-0.000220973
"Trigger Time",0.572969,s,-2.49029e-007,-0.000220973
,,,-2.48629e-007,0.000662919
"Horizontal Offset",-2.50229e-007,s,-2.48229e-007,0
,,,-2.47829e-007,-0.000220973
,,,-2.47429e-007,0.000220973
,,,-2.47029e-007,0.000441946
,,,-2.46629e-007,-0.000220973
,,,-2.46229e-007,0.000441946
,,,-2.45829e-007,0.000441946
,,,-2.45429e-007,0.000441946
,,,-2.45029e-007,-0.000220973
,,,-2.44629e-007,0.000220973
,,,-2.44229e-007,0.000220973
,,,-2.43829e-007,0.000220973
,,,-2.43429e-007,0
,,,-2.43029e-007,0.000220973
,,,-2.42629e-007,0
,,,-2.42229e-007,0.000662919
,,,-2.41829e-007,0.000220973
,,,-2.41429e-007,0.000441946
,,,-2.41029e-007,0.000441946
,,,-2.40629e-007,0.000662919
,,,-2.40229e-007,0.000220973
,,,-2.39829e-007,0.000662919
,,,-2.39429e-007,0.000220973
,,,-2.39029e-007,-0.000220973
,,,-2.38629e-007,-0.000441946
,,,-2.38229e-007,-0.000220973
,,,-2.37829e-007,0
,,,-2.37429e-007,0.000441946
,,,-2.37029e-007,0.000220973
,,,-2.36629e-007,0.000883892
,,,-2.36229e-007,0.00110486
,,,-2.35829e-007,0.000662919
,,,-2.35429e-007,-0.000220973
,,,-2.35029e-007,0.000220973
,,,-2.34629e-007,-0.000220973
,,,-2.34229e-007,0.000662919
,,,-2.33829e-007,0.000441946
,,,-2.33429e-007,0
,,,-2.33029e-007,-0.000441946
,,,-2.32629e-007,0
,,,-2.32229e-007,0.000441946
,,,-2.31829e-007,0.000662919
,,,-2.31429e-007,0.000441946
,,,-2.31029e-007,0.000662919
,,,-2.30629e-007,0.000220973
,,,-2.30229e-007,0.000220973
,,,-2.29829e-007,0.000220973
,,,-2.29429e-007,0
,,,-2.29029e-007,0.000220973
,,,-2.28629e-007,0.000662919
,,,-2.28229e-007,0.000220973
,,,-2.27829e-007,0.000662919
,,,-2.27429e-007,0
,,,-2.27029e-007,0.000220973
,,,-2.26629e-007,0.000220973
,,,-2.26229e-007,0
,,,-2.25829e-007,0.000220973
,,,-2.25429e-007,0.000220973
,,,-2.25029e-007,0
,,,-2.24629e-007,0.000662919
,,,-2.24229e-007,0.000662919
,,,-2.23829e-007,-0.000441946
,,,-2.23429e-007,0
,,,-2.23029e-007,0.000220973
,,,-2.22629e-007,0
,,,-2.22229e-007,-0.000220973
,,,-2.21829e-007,-0.000441946
,,,-2.21429e-007,0.000220973
,,,-2.21029e-007,-0.000220973
,,,-2.20629e-007,0.000662919
,,,-2.20229e-007,0.000220973
,,,-2.19829e-007,0
,,,-2.19429e-007,0.000220973
,,,-2.19029e-007,0
,,,-2.18629e-007,0.000220973
,,,-2.18229e-007,0.000441946
,,,-2.17829e-007,-0.000220973
,,,-2.17429e-007,0.000662919
,,,-2.17029e-007,0.000220973
,,,-2.16629e-007,0
,,,-2.16229e-007,-0.000220973
,,,-2.15829e-007,0.000441946
,,,-2.15429e-007,0
,,,-2.15029e-007,-0.000441946
,,,-2.14629e-007,0.000220973
,,,-2.14229e-007,0.000662919
,,,-2.13829e-007,-0.000220973
,,,-2.13429e-007,0.000220973
,,,-2.13029e-007,0.000441946
,,,-2.12629e-007,0
,,,-2.12229e-007,0.000220973
,,,-2.11829e-007,0
,,,-2.11429e-007,-0.000662919
,,,-2.11029e-007,0.000662919
,,,-2.10629e-007,0.000220973
,,,-2.10229e-007,-0.000441946
,,,-2.09829e-007,0.000883892
,,,-2.09429e-007,0.000441946
,,,-2.09029e-007,0.000220973
,,,-2.08629e-007,0.00110486
,,,-2.08229e-007,0.000220973
,,,-2.07829e-007,0.000220973
,,,-2.07429e-007,0.00110486
,,,-2.07029e-007,-0.000220973
,,,-2.06629e-007,0.000220973
,,,-2.06229e-007,-0.000441946
,,,-2.05829e-007,-0.000220973
,,,-2.05429e-007,0
,,,-2.05029e-007,0.000441946
,,,-2.04629e-007,0.00110486
,,,-2.04229e-007,0.000441946
,,,-2.03829e-007,-0.000441946
,,,-2.03429e-007,-0.000441946
,,,-2.03029e-007,0.00132584
,,,-2.02629e-007,0.000441946
,,,-2.02229e-007,0
,,,-2.01829e-007,0
,,,-2.01429e-007,0.000441946
,,,-2.01029e-007,0.000220973
,,,-2.00629e-007,0.000662919
,,,-2.00229e-007,0.000662919
,,,-1.99829e-007,0.000220973
,,,-1.99429e-007,0
,,,-1.99029e-007,-0.000220973
,,,-1.98629e-007,-0.000220973
,,,-1.98229e-007,0
,,,-1.97829e-007,0.000220973
,,,-1.97429e-007,-0.000220973
,,,-1.97029e-007,0
,,,-1.96629e-007,0.000662919
,,,-1.96229e-007,0.000220973
,,,-1.95829e-007,-0.000220973
,,,-1.95429e-007,-0.000220973
,,,-1.95029e-007,0
,,,-1.94629e-007,0
,,,-1.94229e-007,0.000441946
,,,-1.93829e-007,0
,,,-1.93429e-007,0.000441946
,,,-1.93029e-007,0.000220973
,,,-1.92629e-007,0
,,,-1.92229e-007,0.000441946
,,,-1.91829e-007,0.000220973
,,,-1.91429e-007,-0.000220973
,,,-1.91029e-007,0
,,,-1.90629e-007,0
,,,-1.90229e-007,-0.000441946
,,,-1.89829e-007,-0.000441946
,,,-1.89429e-007,0.000662919
,,,-1.89029e-007,0.000220973
,,,-1.88629e-007,0.000220973
,,,-1.88229e-007,0.000441946
,,,-1.87829e-007,0.000220973
,,,-1.87429e-007,0
,,,-1.87029e-007,0.000220973
,,,-1.86629e-007,0
,,,-1.86229e-007,0
,,,-1.85829e-007,0.000441946
,,,-1.85429e-007,0.000441946
,,,-1.85029e-007,0
,,,-1.84629e-007,0.000662919
,,,-1.84229e-007,0
,,,-1.83829e-007,0
,,,-1.83429e-007,0.000220973
,,,-1.83029e-007,0
,,,-1.82629e-007,0.000441946
,,,-1.82229e-007,0
,,,-1.81829e-007,0
,,,-1.81429e-007,0
,,,-1.81029e-007,0.000220973
,,,-1.80629e-007,0
,,,-1.80229e-007,-0.000220973
,,,-1.79829e-007,-0.000220973
,,,-1.79429e-007,0.000220973
,,,-1.79029e-007,0
,,,-1.78629e-007,0.000662919
,,,-1.78229e-007,0.000441946
,,,-1.77829e-007,0
,,,-1.77429e-007,0.000220973
,,,-1.77029e-007,-0.000441946
,,,-1.76629e-007,0.000441946
,,,-1.76229e-007,0
,,,-1.75829e-007,0.000220973
,,,-1.75429e-007,0.000220973
,,,-1.75029e-007,0.000220973
,,,-1.74629e-007,0.000220973
,,,-1.74229e-007,0.000220973
,,,-1.73829e-007,0
,,,-1.73429e-007,0
,,,-1.73029e-007,-0.000662919
,,,-1.72629e-007,0.000883892
,,,-1.72229e-007,0.000441946
,,,-1.71829e-007,0.000441946
,,,-1.71429e-007,-0.000220973
,,,-1.71029e-007,0.000883892
,,,-1.70629e-007,0.000220973
,,,-1.70229e-007,0.000441946
,,,-1.69829e-007,0.000441946
,,,-1.69429e-007,0.000441946
,,,-1.69029e-007,0.000662919
,,,-1.68629e-007,0.000220973
,,,-1.68229e-007,0
,,,-1.67829e-007,0.000441946
,,,-1.67429e-007,-0.000220973
,,,-1.67029e-007,0.000220973
,,,-1.66629e-007,-0.000441946
,,,-1.66229e-007,-0.000220973
,,,-1.65829e-007,0
,,,-1.65429e-007,0.000441946
,,,-1.65029e-007,0.000220973
,,,-1.64629e-007,0.000220973
,,,-1.64229e-007,-0.000662919
,,,-1.63829e-007,-0.000441946
,,,-1.63429e-007,0
,,,-1.63029e-007,0.00110486
,,,-1.62629e-007,-0.000220973
,,,-1.62229e-007,0
,,,-1.61829e-007,0.000441946
,,,-1.61429e-007,0.000441946
,,,-1.61029e-007,0.000441946
,,,-1.60629e-007,0.000883892
,,,-1.60229e-007,-0.000220973
,,,-1.59829e-007,0.000220973
,,,-1.59429e-007,0.000220973
,,,-1.59029e-007,0.000220973
,,,-1.58629e-007,0.000441946
,,,-1.58229e-007,0
,,,-1.57829e-007,0.000220973
,,,-1.57429e-007,0
,,,-1.57029e-007,0.000220973
,,,-1.56629e-007,0.000441946
,,,-1.56229e-007,0.000220973
,,,-1.55829e-007,0.000662919
,,,-1.55429e-007,0.000441946
,,,-1.55029e-007,0.000662919
,,,-1.54629e-007,0.000883892
,,,-1.54229e-007,-0.000220973
,,,-1.53829e-007,0.000220973
,,,-1.53429e-007,0.000220973
,,,-1.53029e-007,0
,,,-1.52629e-007,0.000662919
,,,-1.52229e-007,-0.000441946
,,,-1.51829e-007,0
,,,-1.51429e-007,0.000220973
,,,-1.51029e-007,0.000441946
,,,-1.50629e-007,-0.000441946
,,,-1.50229e-007,-0.00110486
,,,-1.49829e-007,0
,,,-1.49429e-007,0.000662919
,,,-1.49029e-007,0
,,,-1.48629e-007,0.00110486
,,,-1.48229e-007,0
,,,-1.47829e-007,0.000441946
,,,-1.47429e-007,0.000883892
,,,-1.47029e-007,-0.000220973
,,,-1.46629e-007,-0.000883892
,,,-1.46229e-007,0.000441946
,,,-1.45829e-007,0.000662919
,,,-1.45429e-007,0.000220973
,,,-1.45029e-007,0
,,,-1.44629e-007,0.000220973
,,,-1.44229e-007,0.000220973
,,,-1.43829e-007,0.000883892
,,,-1.43429e-007,0.000441946
,,,-1.43029e-007,0.000220973
,,,-1.42629e-007,-0.000220973
,,,-1.42229e-007,0.000220973
,,,-1.41829e-007,0
,,,-1.41429e-007,-0.000441946
,,,-1.41029e-007,-0.000220973
,,,-1.40629e-007,0.000883892
,,,-1.40229e-007,0.000662919
,,,-1.39829e-007,0
,,,-1.39429e-007,-0.000220973
,,,-1.39029e-007,0
,,,-1.38629e-007,0.000220973
,,,-1.38229e-007,0
,,,-1.37829e-007,0.000220973
,,,-1.37429e-007,0.000220973
,,,-1.37029e-007,0.000220973
,,,-1.36629e-007,-0.000441946
,,,-1.36229e-007,0
,,,-1.35829e-007,0.000220973
,,,-1.35429e-007,0
,,,-1.35029e-007,-0.000220973
,,,-1.34629e-007,-0.000220973
,,,-1.34229e-007,0.000883892
,,,-1.33829e-007,0
,,,-1.33429e-007,-0.000662919
,,,-1.33029e-007,0.000220973
,,,-1.32629e-007,0.000662919
,,,-1.32229e-007,0.000883892
,,,-1.31829e-007,0.000883892
,,,-1.31429e-007,0
,,,-1.31029e-007,0.000441946
,,,-1.30629e-007,0
,,,-1.30229e-007,0.000220973
,,,-1.29829e-007,0.000220973
,,,-1.29429e-007,0
,,,-1.29029e-007,0
,,,-1.28629e-007,0
,,,-1.28229e-007,0.000220973
,,,-1.27829e-007,0
,,,-1.27429e-007,-0.000441946
,,,-1.27029e-007,0.000441946
,,,-1.26629e-007,0.000220973
,,,-1.26229e-007,-0.000220973
,,,-1.25829e-007,-0.000441946
,,,-1.25429e-007,-0.000220973
,,,-1.25029e-007,0
,,,-1.24629e-007,0.000441946
,,,-1.24229e-007,0.000662919
,,,-1.23829e-007,0.000220973
,,,-1.23429e-007,-0.000220973
,,,-1.23029e-007,0.000220973
,,,-1.22629e-007,0
,,,-1.22229e-007,0.000441946
,,,-1.21829e-007,0
,,,-1.21429e-007,0.000441946
,,,-1.21029e-007,0.000441946
,,,-1.20629e-007,0.000220973
,,,-1.20229e-007,0
,,,-1.19829e-007,0.000662919
,,,-1.19429e-007,0.000220973
,,,-1.19029e-007,-0.00110486
,,,-1.18629e-007,0.000220973
,,,-1.18229e-007,-0.000220973
,,,-1.17829e-007,-0.000220973
,,,-1.17429e-007,0.000441946
,,,-1.17029e-007,0
,,,-1.16629e-007,0.000441946
,,,-1.16229e-007,0.000662919
,,,-1.15829e-007,0.000441946
,,,-1.15429e-007,0.000662919
,,,-1.15029e-007,0.00154681
,,,-1.14629e-007,-0.000220973
,,,-1.14229e-007,0
,,,-1.13829e-007,0.000662919
,,,-1.13429e-007,0
,,,-1.13029e-007,0.000441946
,,,-1.12629e-007,-0.000220973
,,,-1.12229e-007,-0.000220973
,,,-1.11829e-007,0
,,,-1.11429e-007,0.000220973
,,,-1.11029e-007,0
,,,-1.10629e-007,0.000662919
,,,-1.10229e-007,0.000441946
,,,-1.09829e-007,0
,,,-1.09429e-007,0
,,,-1.09029e-007,0.000662919
,,,-1.08629e-007,0.000220973
,,,-1.08229e-007,0.000662919
,,,-1.07829e-007,0.000883892
,,,-1.07429e-007,0.000220973
,,,-1.07029e-007,0.000662919
,,,-1.06629e-007,0.000220973
,,,-1.06229e-007,-0.000441946
,,,-1.05829e-007,-0.000441946
,,,-1.05429e-007,0.000441946
,,,-1.05029e-007,0.000883892
,,,-1.04629e-007,0.000441946
,,,-1.04229e-007,0.000441946
,,,-1.03829e-007,0.000220973
,,,-1.03429e-007,0.000662919
,,,-1.03029e-007,0
,,,-1.02629e-007,0
,,,-1.02229e-007,-0.000220973
,,,-1.01829e-007,0.000220973
,,,-1.01429e-007,-0.000662919
,,,-1.01029e-007,-0.000220973
,,,-1.00629e-007,0.000662919
,,,-1.00229e-007,-0.000220973
,,,-9.98292e-008,0
,,,-9.94292e-008,0.000883892
,,,-9.90292e-008,0.000662919
,,,-9.86292e-008,0.000220973
,,,-9.82292e-008,-0.000441946
,,,-9.78292e-008,0.000662919
,,,-9.74292e-008,0.00110486
,,,-9.70292e-008,0.000883892
,,,-9.66292e-008,0.000662919
,,,-9.62292e-008,-0.000441946
,,,-9.58292e-008,0.000441946
,,,-9.54292e-008,0
,,,-9.50292e-008,-0.000220973
,,,-9.46292e-008,-0.000441946
,,,-9.42292e-008,-0.00110486
,,,-9.38292e-008,-0.000220973
,,,-9.34292e-008,0.000441946
,,,-9.30292e-008,0
,,,-9.26292e-008,0.000441946
,,,-9.22292e-008,0.000220973
,,,-9.18292e-008,0.000220973
,,,-9.14292e-008,0.000441946
,,,-9.10292e-008,0.000662919
,,,-9.06292e-008,0.000441946
,,,-9.02292e-008,0.000220973
,,,-8.98292e-008,0
,,,-8.94292e-008,0.000220973
,,,-8.90292e-008,-0.000441946
,,,-8.86292e-008,0.000441946
,,,-8.82292e-008,0.000220973
,,,-8.78292e-008,0.000220973
,,,-8.74292e-008,-0.000220973
,,,-8.70292e-008,-0.000220973
,,,-8.66292e-008,0.000220973
,,,-8.62292e-008,-0.000220973
,,,-8.58292e-008,0
,,,-8.54292e-008,-0.000883892
,,,-8.50292e-008,-0.000220973
,,,-8.46292e-008,0
,,,-8.42292e-008,0.000441946
,,,-8.38292e-008,0.000662919
,,,-8.34292e-008,0.000220973
,,,-8.30292e-008,0.000441946
,,,-8.26292e-008,-0.000441946
,,,-8.22292e-008,0
,,,-8.18292e-008,-0.000220973
,,,-8.14292e-008,0.000662919
,,,-8.10292e-008,0
,,,-8.06292e-008,0.000662919
,,,-8.02292e-008,0.000220973
,,,-7.98292e-008,-0.000441946
,,,-7.94292e-008,0
,,,-7.90292e-008,0.000662919
,,,-7.86292e-008,-0.000220973
,,,-7.82292e-008,-0.000441946
,,,-7.78292e-008,0
,,,-7.74292e-008,0.000220973
,,,-7.70292e-008,-0.000441946
,,,-7.66292e-008,0.000441946
,,,-7.62292e-008,0
,,,-7.58292e-008,0
,,,-7.54292e-008,0.000220973
,,,-7.50292e-008,0.000883892
,,,-7.46292e-008,0.000883892
,,,-7.42292e-008,-0.000220973
,,,-7.38292e-008,-0.000220973
,,,-7.34292e-008,0
,,,-7.30292e-008,0.000441946
,,,-7.26292e-008,0.000441946
,,,-7.22292e-008,0
,,,-7.18292e-008,0
,,,-7.14292e-008,-0.000441946
,,,-7.10292e-008,-0.000220973
,,,-7.06292e-008,0
,,,-7.02292e-008,0
,,,-6.98292e-008,0
,,,-6.94292e-008,0.000883892
,,,-6.90292e-008,0.000441946
,,,-6.86292e-008,0.000220973
,,,-6.82292e-008,0.000220973
,,,-6.78292e-008,0.000441946
,,,-6.74292e-008,-0.000220973
,,,-6.70292e-008,0.000662919
,,,-6.66292e-008,0.000441946
,,,-6.62292e-008,0
,,,-6.58292e-008,0.000220973
,,,-6.54292e-008,-0.000441946
,,,-6.50292e-008,0
,,,-6.46292e-008,0
,,,-6.42292e-008,0.000220973
,,,-6.38292e-008,0.000220973
,,,-6.34292e-008,0
,,,-6.30292e-008,0
,,,-6.26292e-008,-0.000441946
,,,-6.22292e-008,-0.000220973
,,,-6.18292e-008,-0.000220973
,,,-6.14292e-008,0
,,,-6.10292e-008,-0.000220973
,,,-6.06292e-008,-0.000441946
,,,-6.02292e-008,0.000441946
,,,-5.98292e-008,0.000662919
,,,-5.94292e-008,-0.000441946
,,,-5.90292e-008,0.000441946
,,,-5.86292e-008,0.000441946
,,,-5.82292e-008,0.000220973
,,,-5.78292e-008,-0.000441946
,,,-5.74292e-008,0
,,,-5.70292e-008,-0.000441946
,,,-5.66292e-008,0.000441946
,,,-5.62292e-008,0.000883892
,,,-5.58292e-008,0.000220973
,,,-5.54292e-008,0
,,,-5.50292e-008,-0.000220973
,,,-5.46292e-008,0.000220973
,,,-5.42292e-008,0
,,,-5.38292e-008,-0.000220973
,,,-5.34292e-008,-0.000220973
,,,-5.30292e-008,0.000220973
,,,-5.26292e-008,0.000662919
,,,-5.22292e-008,-0.000441946
,,,-5.18292e-008,-0.000220973
,,,-5.14292e-008,0
,,,-5.10292e-008,-0.000220973
,,,-5.06292e-008,0
,,,-5.02292e-008,0.000220973
,,,-4.98292e-008,0.000220973
,,,-4.94292e-008,0.000662919
,,,-4.90292e-008,0.000220973
,,,-4.86292e-008,0.000220973
,,,-4.82292e-008,0.000220973
,,,-4.78292e-008,-0.000220973
,,,-4.74292e-008,0.000441946
,,,-4.70292e-008,-0.000220973
,,,-4.66292e-008,0.000220973
,,,-4.62292e-008,0
,,,-4.58292e-008,0.000220973
,,,-4.54292e-008,-0.000220973
,,,-4.50292e-008,0
,,,-4.46292e-008,0.000662919
,,,-4.42292e-008,0.000220973
,,,-4.38292e-008,0.000441946
,,,-4.34292e-008,0
,,,-4.30292e-008,0.000883892
,,,-4.26292e-008,0
,,,-4.22292e-008,0.000220973
,,,-4.18292e-008,0
,,,-4.14292e-008,0
,,,-4.10292e-008,0.000220973
,,,-4.06292e-008,0.000883892
,,,-4.02292e-008,0.000220973
,,,-3.98292e-008,0
,,,-3.94292e-008,-0.000220973
,,,-3.90292e-008,-0.000220973
,,,-3.86292e-008,0.000220973
,,,-3.82292e-008,0.000883892
,,,-3.78292e-008,-0.000220973
,,,-3.74292e-008,0
,,,-3.70292e-008,0.000441946
,,,-3.66292e-008,0.000662919
,,,-3.62292e-008,0
,,,-3.58292e-008,0.000220973
,,,-3.54292e-008,0.000220973
,,,-3.50292e-008,0.000220973
,,,-3.46292e-008,0.000662919
,,,-3.42292e-008,-0.000220973
,,,-3.38292e-008,0
,,,-3.34292e-008,0
,,,-3.30292e-008,0.000662919
,,,-3.26292e-008,0
,,,-3.22292e-008,-0.000220973
,,,-3.18292e-008,0.000441946
,,,-3.14292e-008,0
,,,-3.10292e-008,0.000883892
,,,-3.06292e-008,0.000883892
,,,-3.02292e-008,0.000441946
,,,-2.98292e-008,-0.000441946
,,,-2.94292e-008,0
,,,-2.90292e-008,0
,,,-2.86292e-008,0.000662919
,,,-2.82292e-008,0.000662919
,,,-2.78292e-008,0
,,,-2.74292e-008,0
,,,-2.70292e-008,0.000662919
,,,-2.66292e-008,0.000441946
,,,-2.62292e-008,-0.000441946
,,,-2.58292e-008,-0.000441946
,,,-2.54292e-008,0
,,,-2.50292e-008,-0.000441946
,,,-2.46292e-008,0.000220973
,,,-2.42292e-008,-0.000883892
,,,-2.38292e-008,0.000220973
,,,-2.34292e-008,-0.000441946
,,,-2.30292e-008,0.000220973
,,,-2.26292e-008,-0.000220973
,,,-2.22292e-008,0.000220973
,,,-2.18292e-008,0
,,,-2.14292e-008,0
,,,-2.10292e-008,0.000662919
,,,-2.06292e-008,0.000662919
,,,-2.02292e-008,0.000662919
,,,-1.98292e-008,0.000220973
,,,-1.94292e-008,0.000441946
,,,-1.90292e-008,0.00110486
,,,-1.86292e-008,0
,,,-1.82292e-008,0.000220973
,,,-1.78292e-008,0
,,,-1.74292e-008,0.000220973
,,,-1.70292e-008,0
,,,-1.66292e-008,0.000441946
,,,-1.62292e-008,0.000662919
,,,-1.58292e-008,0.000441946
,,,-1.54292e-008,0.000441946
,,,-1.50292e-008,-0.000220973
,,,-1.46292e-008,0.000220973
,,,-1.42292e-008,0.000220973
,,,-1.38292e-008,-0.000220973
,,,-1.34292e-008,0
,,,-1.30292e-008,0.000220973
,,,-1.26292e-008,0
,,,-1.22292e-008,0.000662919
,,,-1.18292e-008,0.000662919
,,,-1.14292e-008,-0.000220973
,,,-1.10292e-008,-0.000220973
,,,-1.06292e-008,-0.000220973
,,,-1.02292e-008,-0.000441946
,,,-9.82919e-009,0
,,,-9.42919e-009,0.000441946
,,,-9.02919e-009,0.000220973
,,,-8.62919e-009,0
,,,-8.22919e-009,0
,,,-7.82919e-009,0.000220973
,,,-7.42919e-009,-0.000220973
,,,-7.02919e-009,-0.000220973
,,,-6.62919e-009,0.000220973
,,,-6.22919e-009,0.000883892
,,,-5.82919e-009,0.000662919
,,,-5.42919e-009,0
,,,-5.02919e-009,0.000220973
,,,-4.62919e-009,0
,,,-4.22919e-009,-0.000441946
,,,-3.82919e-009,0
,,,-3.42919e-009,-0.000883892
,,,-3.02919e-009,-0.000220973
,,,-2.62919e-009,-0.000220973
,,,-2.22919e-009,0.000441946
,,,-1.82919e-009,0.000441946
,,,-1.42919e-009,0.000220973
,,,-1.02919e-009,0.000441946
,,,-6.29188e-010,-0.000220973
,,,-2.29188e-010,-0.000220973
,,,1.70812e-010,0.000220973
,,,5.70812e-010,-0.000441946
,,,9.70812e-010,0.000220973
,,,1.37081e-009,0
,,,1.77081e-009,0
,,,2.17081e-009,-0.000662919
,,,2.57081e-009,0.000220973
,,,2.97081e-009,0.000441946
,,,3.37081e-009,0.000662919
,,,3.77081e-009,0.000662919
,,,4.17081e-009,0.000883892
,,,4.57081e-009,-0.000662919
,,,4.97081e-009,0.000441946
,,,5.37081e-009,0.000220973
,,,5.77081e-009,0.000220973
,,,6.17081e-009,0.000220973
,,,6.57081e-009,0.000220973
,,,6.97081e-009,-0.000220973
,,,7.37081e-009,0.000441946
,,,7.77081e-009,0
,,,8.17081e-009,0.000220973
,,,8.57081e-009,0
,,,8.97081e-009,-0.000883892
,,,9.37081e-009,-0.000220973
,,,9.77081e-009,0.000662919
,,,1.01708e-008,0
,,,1.05708e-008,-0.000441946
,,,1.09708e-008,-0.000220973
,,,1.13708e-008,-0.000220973
,,,1.17708e-008,0.000441946
,,,1.21708e-008,0
,,,1.25708e-008,0
,,,1.29708e-008,0.000662919
,,,1.33708e-008,0
,,,1.37708e-008,-0.000662919
,,,1.41708e-008,0.000220973
,,,1.45708e-008,0.000662919
,,,1.49708e-008,-0.000220973
,,,1.53708e-008,0.000220973
,,,1.57708e-008,0.000220973
,,,1.61708e-008,0.000220973
,,,1.65708e-008,-0.000441946
,,,1.69708e-008,0
,,,1.73708e-008,0
,,,1.77708e-008,-0.000220973
,,,1.81708e-008,0.000441946
,,,1.85708e-008,0.000441946
,,,1.89708e-008,0
,,,1.93708e-008,0.000883892
,,,1.97708e-008,0
,,,2.01708e-008,-0.000441946
,,,2.05708e-008,-0.000441946
,,,2.09708e-008,0.00110486
,,,2.13708e-008,0.000441946
,,,2.17708e-008,0.000441946
,,,2.21708e-008,0.000220973
,,,2.25708e-008,0.000220973
,,,2.29708e-008,0.000662919
,,,2.33708e-008,0.000662919
,,,2.37708e-008,-0.000441946
,,,2.41708e-008,0.000441946
,,,2.45708e-008,0.000441946
,,,2.49708e-008,-0.000441946
,,,2.53708e-008,0.000662919
,,,2.57708e-008,0.000220973
,,,2.61708e-008,0
,,,2.65708e-008,0.000441946
,,,2.69708e-008,0.000441946
,,,2.73708e-008,0.000441946
,,,2.77708e-008,0.000662919
,,,2.81708e-008,0
,,,2.85708e-008,0.000441946
,,,2.89708e-008,0.000441946
,,,2.93708e-008,-0.000220973
,,,2.97708e-008,0.000220973
,,,3.01708e-008,0.000220973
,,,3.05708e-008,0.000441946
,,,3.09708e-008,0
,,,3.13708e-008,0.000883892
,,,3.17708e-008,0.000220973
,,,3.21708e-008,0
,,,3.25708e-008,-0.000220973
,,,3.29708e-008,0.000441946
,,,3.33708e-008,0
,,,3.37708e-008,0
,,,3.41708e-008,0.000441946
,,,3.45708e-008,0.000220973
,,,3.49708e-008,-0.000220973
,,,3.53708e-008,-0.000441946
,,,3.57708e-008,0
,,,3.61708e-008,-0.000220973
,,,3.65708e-008,0.000441946
,,,3.69708e-008,0.000883892
,,,3.73708e-008,-0.000441946
,,,3.77708e-008,0.000220973
,,,3.81708e-008,0
,,,3.85708e-008,0.000883892
,,,3.89708e-008,-0.000220973
,,,3.93708e-008,0
,,,3.97708e-008,0.000220973
,,,4.01708e-008,0.000662919
,,,4.05708e-008,-0.000441946
,,,4.09708e-008,0.000441946
,,,4.13708e-008,0
,,,4.17708e-008,0.000662919
,,,4.21708e-008,0.000220973
,,,4.25708e-008,-0.000441946
,,,4.29708e-008,-0.000220973
,,,4.33708e-008,0.000441946
,,,4.37708e-008,0.000883892
,,,4.41708e-008,0.000220973
,,,4.45708e-008,-0.000220973
,,,4.49708e-008,0
,,,4.53708e-008,0
,,,4.57708e-008,0.000220973
,,,4.61708e-008,0
,,,4.65708e-008,0.000883892
,,,4.69708e-008,0.000662919
,,,4.73708e-008,0.000220973
,,,4.77708e-008,-0.000662919
,,,4.81708e-008,-0.000220973
,,,4.85708e-008,0.000441946
,,,4.89708e-008,-0.000441946
,,,4.93708e-008,0.000441946
,,,4.97708e-008,-0.000441946
,,,5.01708e-008,-0.000662919
,,,5.05708e-008,0.000441946
,,,5.09708e-008,0.000220973
,,,5.13708e-008,0.000883892
,,,5.17708e-008,0.000662919
,,,5.21708e-008,0.000220973
,,,5.25708e-008,-0.000441946
,,,5.29708e-008,0.000883892
,,,5.33708e-008,0.000220973
,,,5.37708e-008,0
,,,5.41708e-008,0.000441946
,,,5.45708e-008,0.000662919
,,,5.49708e-008,0.000220973
,,,5.53708e-008,0.000662919
,,,5.57708e-008,-0.000220973
,,,5.61708e-008,0.000220973
,,,5.65708e-008,-0.000883892
,,,5.69708e-008,-0.000220973
,,,5.73708e-008,-0.000220973
,,,5.77708e-008,0.000441946
,,,5.81708e-008,-0.000220973
,,,5.85708e-008,0.000220973
,,,5.89708e-008,-0.000662919
,,,5.93708e-008,0.000662919
,,,5.97708e-008,0.000883892
,,,6.01708e-008,0.000441946
,,,6.05708e-008,0
,,,6.09708e-008,0.000662919
,,,6.13708e-008,0.000441946
,,,6.17708e-008,0
,,,6.21708e-008,-0.000220973
,,,6.25708e-008,0.000883892
,,,6.29708e-008,0.000662919
,,,6.33708e-008,-0.000441946
,,,6.37708e-008,-0.000220973
,,,6.41708e-008,0
,,,6.45708e-008,0
,,,6.49708e-008,-0.000220973
,,,6.53708e-008,0
,,,6.57708e-008,-0.000220973
,,,6.61708e-008,-0.000441946
,,,6.65708e-008,0.000441946
,,,6.69708e-008,0.000441946
,,,6.73708e-008,0.000883892
,,,6.77708e-008,0.000441946
,,,6.81708e-008,0
,,,6.85708e-008,0.000883892
,,,6.89708e-008,0.000662919
,,,6.93708e-008,-0.000441946
,,,6.97708e-008,-0.000220973
,,,7.01708e-008,0
,,,7.05708e-008,0
,,,7.09708e-008,0.000441946
,,,7.13708e-008,0.000220973
,,,7.17708e-008,0.000441946
,,,7.21708e-008,0.000220973
,,,7.25708e-008,0
,,,7.29708e-008,0
,,,7.33708e-008,0
,,,7.37708e-008,0.000220973
,,,7.41708e-008,-0.000441946
,,,7.45708e-008,0.000662919
,,,7.49708e-008,0.000441946
,,,7.53708e-008,0.000220973
,,,7.57708e-008,0.00154681
,,,7.61708e-008,-0.000220973
,,,7.65708e-008,-0.000441946
,,,7.69708e-008,0.000441946
,,,7.73708e-008,0.000441946
,,,7.77708e-008,0
,,,7.81708e-008,0.00110486
,,,7.85708e-008,0.000883892
,,,7.89708e-008,0.000220973
,,,7.93708e-008,0.000883892
,,,7.97708e-008,0.000220973
,,,8.01708e-008,0.000441946
,,,8.05708e-008,0.000441946
,,,8.09708e-008,0.000220973
,,,8.13708e-008,0.000220973
,,,8.17708e-008,-0.000441946
,,,8.21708e-008,-0.000220973
,,,8.25708e-008,0
,,,8.29708e-008,-0.000220973
,,,8.33708e-008,0.000220973
,,,8.37708e-008,0.000220973
,,,8.41708e-008,0.000662919
,,,8.45708e-008,-0.000883892
,,,8.49708e-008,0.000441946
,,,8.53708e-008,0.000662919
,,,8.57708e-008,0.000441946
,,,8.61708e-008,-0.000220973
,,,8.65708e-008,0.000662919
,,,8.69708e-008,0.000883892
,,,8.73708e-008,0.000220973
,,,8.77708e-008,0.000441946
,,,8.81708e-008,0.000441946
,,,8.85708e-008,0.000220973
,,,8.89708e-008,0.000662919
,,,8.93708e-008,0.000220973
,,,8.97708e-008,0.000220973
,,,9.01708e-008,0
,,,9.05708e-008,-0.000220973
,,,9.09708e-008,0.000220973
,,,9.13708e-008,0.000883892
,,,9.17708e-008,0.000662919
,,,9.21708e-008,0
,,,9.25708e-008,0.000662919
,,,9.29708e-008,0.000662919
,,,9.33708e-008,0.000883892
,,,9.37708e-008,0.00176778
,,,9.41708e-008,0.000883892
,,,9.45708e-008,0.00220973
,,,9.49708e-008,0.00265168
,,,9.53708e-008,0.00397751
,,,9.57708e-008,0.00464043
,,,9.61708e-008,0.0057453
,,,9.65708e-008,0.00640822
,,,9.69708e-008,0.00839697
,,,9.73708e-008,0.00861795
,,,9.77708e-008,0.00905989
,,,9.81708e-008,0.0103857
,,,9.85708e-008,0.0132584
,,,9.89708e-008,0.0141423
,,,9.93708e-008,0.0139213
,,,9.97708e-008,0.0143632
,,,1.00171e-007,0.0152471
,,,1.00571e-007,0.0152471
,,,1.00971e-007,0.0156891
,,,1.01371e-007,0.016573
,,,1.01771e-007,0.0170149
,,,1.02171e-007,0.0174569
,,,1.02571e-007,0.0174569
,,,1.02971e-007,0.0176778
,,,1.03371e-007,0.0178988
,,,1.03771e-007,0.0176778
,,,1.04171e-007,0.0176778
,,,1.04571e-007,0.0170149
,,,1.04971e-007,0.0172359
,,,1.05371e-007,0.0170149
,,,1.05771e-007,0.0174569
,,,1.06171e-007,0.0170149
,,,1.06571e-007,0.0178988
,,,1.06971e-007,0.0172359
,,,1.07371e-007,0.0181198
,,,1.07771e-007,0.0183408
,,,1.08171e-007,0.0178988
,,,1.08571e-007,0.0185617
,,,1.08971e-007,0.0187827
,,,1.09371e-007,0.0181198
,,,1.09771e-007,0.0178988
,,,1.10171e-007,0.0181198
,,,1.10571e-007,0.0183408
,,,1.10971e-007,0.0174569
,,,1.11371e-007,0.0183408
,,,1.11771e-007,0.0181198
,,,1.12171e-007,0.0181198
,,,1.12571e-007,0.0181198
,,,1.12971e-007,0.0174569
,,,1.13371e-007,0.0176778
,,,1.13771e-007,0.0185617
,,,1.14171e-007,0.0176778
,,,1.14571e-007,0.0174569
,,,1.14971e-007,0.0183408
,,,1.15371e-007,0.0185617
,,,1.15771e-007,0.0176778
,,,1.16171e-007,0.0183408
,,,1.16571e-007,0.0181198
,,,1.16971e-007,0.0178988
,,,1.17371e-007,0.0178988
,,,1.17771e-007,0.0172359
,,,1.18171e-007,0.0178988
,,,1.18571e-007,0.0176778
,,,1.18971e-007,0.0172359
,,,1.19371e-007,0.0178988
,,,1.19771e-007,0.0176778
,,,1.20171e-007,0.0183408
,,,1.20571e-007,0.0181198
,,,1.20971e-007,0.0181198
,,,1.21371e-007,0.0181198
,,,1.21771e-007,0.0181198
,,,1.22171e-007,0.0194456
,,,1.22571e-007,0.0187827
,,,1.22971e-007,0.0192246
,,,1.23371e-007,0.0201085
,,,1.23771e-007,0.0201085
,,,1.24171e-007,0.0198876
,,,1.24571e-007,0.0205505
,,,1.24971e-007,0.0209924
,,,1.25371e-007,0.0203295
,,,1.25771e-007,0.0212134
,,,1.26171e-007,0.0205505
,,,1.26571e-007,0.0207715
,,,1.26971e-007,0.0212134
,,,1.27371e-007,0.0205505
,,,1.27771e-007,0.0205505
,,,1.28171e-007,0.0203295
,,,1.28571e-007,0.0192246
,,,1.28971e-007,0.0190037
,,,1.29371e-007,0.0192246
,,,1.29771e-007,0.0185617
,,,1.30171e-007,0.0181198
,,,1.30571e-007,0.0181198
,,,1.30971e-007,0.0176778
,,,1.31371e-007,0.0174569
,,,1.31771e-007,0.0178988
,,,1.32171e-007,0.0174569
,,,1.32571e-007,0.0176778
,,,1.32971e-007,0.0176778
,,,1.33371e-007,0.0167939
,,,1.33771e-007,0.0172359
,,,1.34171e-007,0.016573
,,,1.34571e-007,0.016573
,,,1.34971e-007,0.0170149
,,,1.35371e-007,0.0176778
,,,1.35771e-007,0.0170149
,,,1.36171e-007,0.0167939
,,,1.36571e-007,0.016131
,,,1.36971e-007,0.016573
,,,1.37371e-007,0.0159101
,,,1.37771e-007,0.016131
,,,1.38171e-007,0.0159101
,,,1.38571e-007,0.016352
,,,1.38971e-007,0.0156891
,,,1.39371e-007,0.016131
,,,1.39771e-007,0.016131
,,,1.40171e-007,0.0159101
,,,1.40571e-007,0.016352
,,,1.40971e-007,0.0159101
,,,1.41371e-007,0.0154681
,,,1.41771e-007,0.0154681
,,,1.42171e-007,0.0167939
,,,1.42571e-007,0.016352
,,,1.42971e-007,0.0156891
,,,1.43371e-007,0.0156891
,,,1.43771e-007,0.0148052
,,,1.44171e-007,0.0150262
,,,1.44571e-007,0.0152471
,,,1.44971e-007,0.0148052
,,,1.45371e-007,0.0152471
,,,1.45771e-007,0.0139213
,,,1.46171e-007,0.0143632
,,,1.46571e-007,0.0148052
,,,1.46971e-007,0.0148052
,,,1.47371e-007,0.0148052
,,,1.47771e-007,0.0150262
,,,1.48171e-007,0.0154681
,,,1.48571e-007,0.0143632
,,,1.48971e-007,0.0152471
,,,1.49371e-007,0.0145842
,,,1.49771e-007,0.0141423
,,,1.50171e-007,0.0141423
,,,1.50571e-007,0.0143632
,,,1.50971e-007,0.0145842
,,,1.51371e-007,0.0145842
,,,1.51771e-007,0.0148052
,,,1.52171e-007,0.0143632
,,,1.52571e-007,0.0145842
,,,1.52971e-007,0.0137003
,,,1.53371e-007,0.0141423
,,,1.53771e-007,0.0141423
,,,1.54171e-007,0.0134794
,,,1.54571e-007,0.0132584
,,,1.54971e-007,0.0132584
,,,1.55371e-007,0.0125955
,,,1.55771e-007,0.0130374
,,,1.56171e-007,0.0128164
,,,1.56571e-007,0.0121535
,,,1.56971e-007,0.0128164
,,,1.57371e-007,0.0125955
,,,1.57771e-007,0.0119325
,,,1.58171e-007,0.0117116
,,,1.58571e-007,0.0125955
,,,1.58971e-007,0.0125955
,,,1.59371e-007,0.0117116
,,,1.59771e-007,0.0128164
,,,1.60171e-007,0.0119325
,,,1.60571e-007,0.0121535
,,,1.60971e-007,0.0121535
,,,1.61371e-007,0.0130374
,,,1.61771e-007,0.0121535
,,,1.62171e-007,0.0114906
,,,1.62571e-007,0.0128164
,,,1.62971e-007,0.0121535
,,,1.63371e-007,0.0128164
,,,1.63771e-007,0.0125955
,,,1.64171e-007,0.0125955
,,,1.64571e-007,0.0121535
,,,1.64971e-007,0.0121535
,,,1.65371e-007,0.0121535
,,,1.65771e-007,0.0121535
,,,1.66171e-007,0.0128164
,,,1.66571e-007,0.0123745
,,,1.66971e-007,0.0117116
,,,1.67371e-007,0.0132584
,,,1.67771e-007,0.0123745
,,,1.68171e-007,0.0119325
,,,1.68571e-007,0.0123745
,,,1.68971e-007,0.0119325
,,,1.69371e-007,0.0125955
,,,1.69771e-007,0.0121535
,,,1.70171e-007,0.0117116
,,,1.70571e-007,0.0121535
,,,1.70971e-007,0.0112696
,,,1.71371e-007,0.0121535
,,,1.71771e-007,0.0123745
,,,1.72171e-007,0.0121535
,,,1.72571e-007,0.0117116
,,,1.72971e-007,0.0125955
,,,1.73371e-007,0.0123745
,,,1.73771e-007,0.0121535
,,,1.74171e-007,0.0123745
,,,1.74571e-007,0.0132584
,,,1.74971e-007,0.0123745
,,,1.75371e-007,0.0123745
,,,1.75771e-007,0.0128164
,,,1.76171e-007,0.0128164
,,,1.76571e-007,0.0130374
,,,1.76971e-007,0.0128164
,,,1.77371e-007,0.0125955
,,,1.77771e-007,0.0128164
,,,1.78171e-007,0.0117116
,,,1.78571e-007,0.0130374
,,,1.78971e-007,0.0128164
,,,1.79371e-007,0.0137003
,,,1.79771e-007,0.0130374
,,,1.80171e-007,0.0132584
,,,1.80571e-007,0.0125955
,,,1.80971e-007,0.0132584
,,,1.81371e-007,0.0130374
,,,1.81771e-007,0.0128164
,,,1.82171e-007,0.0130374
,,,1.82571e-007,0.0128164
,,,1.82971e-007,0.0125955
,,,1.83371e-007,0.0121535
,,,1.83771e-007,0.0121535
,,,1.84171e-007,0.0125955
,,,1.84571e-007,0.0117116
,,,1.84971e-007,0.0121535
,,,1.85371e-007,0.0128164
,,,1.85771e-007,0.0125955
,,,1.86171e-007,0.0130374
,,,1.86571e-007,0.0128164
,,,1.86971e-007,0.0128164
,,,1.87371e-007,0.0132584
,,,1.87771e-007,0.0132584
,,,1.88171e-007,0.0132584
,,,1.88571e-007,0.0132584
,,,1.88971e-007,0.0134794
,,,1.89371e-007,0.0134794
,,,1.89771e-007,0.0132584
,,,1.90171e-007,0.0134794
,,,1.90571e-007,0.0132584
,,,1.90971e-007,0.0130374
,,,1.91371e-007,0.0139213
,,,1.91771e-007,0.0139213
,,,1.92171e-007,0.0139213
,,,1.92571e-007,0.0137003
,,,1.92971e-007,0.0139213
,,,1.93371e-007,0.0132584
,,,1.93771e-007,0.0132584
,,,1.94171e-007,0.0132584
,,,1.94571e-007,0.0132584
,,,1.94971e-007,0.0134794
,,,1.95371e-007,0.0134794
,,,1.95771e-007,0.0132584
,,,1.96171e-007,0.0139213
,,,1.96571e-007,0.0132584
,,,1.96971e-007,0.0132584
,,,1.97371e-007,0.0137003
,,,1.97771e-007,0.0123745
,,,1.98171e-007,0.0132584
,,,1.98571e-007,0.0137003
,,,1.98971e-007,0.0132584
,,,1.99371e-007,0.0130374
,,,1.99771e-007,0.0130374
,,,2.00171e-007,0.0125955
,,,2.00571e-007,0.0130374
,,,2.00971e-007,0.0125955
,,,2.01371e-007,0.0117116
,,,2.01771e-007,0.0121535
,,,2.02171e-007,0.0114906
,,,2.02571e-007,0.0121535
,,,2.02971e-007,0.0119325
,,,2.03371e-007,0.0121535
,,,2.03771e-007,0.0121535
,,,2.04171e-007,0.0121535
,,,2.04571e-007,0.0114906
,,,2.04971e-007,0.0119325
,,,2.05371e-007,0.0110486
,,,2.05771e-007,0.0110486
,,,2.06171e-007,0.0112696
,,,2.06571e-007,0.0112696
,,,2.06971e-007,0.0103857
,,,2.07371e-007,0.00972281
,,,2.07771e-007,0.00972281
,,,2.08171e-007,0.00905989
,,,2.08571e-007,0.00883892
,,,2.08971e-007,0.00861795
,,,2.09371e-007,0.00905989
,,,2.09771e-007,0.008176
,,,2.10171e-007,0.00773405
,,,2.10571e-007,0.00685016
,,,2.10971e-007,0.00685016
,,,2.11371e-007,0.00729211
,,,2.11771e-007,0.00685016
,,,2.12171e-007,0.00662919
,,,2.12571e-007,0.0057453
,,,2.12971e-007,0.00596627
,,,2.13371e-007,0.00552432
,,,2.13771e-007,0.00552432
,,,2.14171e-007,0.00419849
,,,2.14571e-007,0.00464043
,,,2.14971e-007,0.00441946
,,,2.15371e-007,0.00331459
,,,2.15771e-007,0.00309362
,,,2.16171e-007,0.00331459
,,,2.16571e-007,0.00287265
,,,2.16971e-007,0.00309362
,,,2.17371e-007,0.0024307
,,,2.17771e-007,0.00287265
,,,2.18171e-007,0.00287265
,,,2.18571e-007,0.00265168
,,,2.18971e-007,0.00198876
,,,2.19371e-007,0.00132584
,,,2.19771e-007,0.00265168
,,,2.20171e-007,0.00198876
,,,2.20571e-007,0.00176778
,,,2.20971e-007,0.0024307
,,,2.21371e-007,0.00198876
,,,2.21771e-007,0.00176778
,,,2.22171e-007,0.00132584
,,,2.22571e-007,0.00220973
,,,2.22971e-007,0.00154681
,,,2.23371e-007,0.00132584
,,,2.23771e-007,0.00154681
,,,2.24171e-007,0.000883892
,,,2.24571e-007,0.00198876
,,,2.24971e-007,0.000441946
,,,2.25371e-007,0.000883892
,,,2.25771e-007,0.000441946
,,,2.26171e-007,0.00110486
,,,2.26571e-007,0.000662919
,,,2.26971e-007,0.00110486
,,,2.27371e-007,0.00110486
,,,2.27771e-007,0.000883892
,,,2.28171e-007,0.00154681
,,,2.28571e-007,0.000441946
,,,2.28971e-007,0.000662919
,,,2.29371e-007,0.00154681
,,,2.29771e-007,0.000662919
,,,2.30171e-007,0.000883892
,,,2.30571e-007,0.000883892
,,,2.30971e-007,0
,,,2.31371e-007,0.000883892
,,,2.31771e-007,0.000883892
,,,2.32171e-007,0.000662919
,,,2.32571e-007,0.000441946
,,,2.32971e-007,-0.000220973
,,,2.33371e-007,0.000441946
,,,2.33771e-007,-0.000441946
,,,2.34171e-007,0
,,,2.34571e-007,0.000441946
,,,2.34971e-007,0.000220973
,,,2.35371e-007,0.000441946
,,,2.35771e-007,0
,,,2.36171e-007,-0.000662919
,,,2.36571e-007,-0.000883892
,,,2.36971e-007,0.000220973
,,,2.37371e-007,0
,,,2.37771e-007,-0.000662919
,,,2.38171e-007,0.000220973
,,,2.38571e-007,-0.000220973
,,,2.38971e-007,0.000220973
,,,2.39371e-007,-0.000441946
,,,2.39771e-007,-0.00132584
,,,2.40171e-007,-0.000662919
,,,2.40571e-007,-0.000441946
,,,2.40971e-007,-0.000441946
,,,2.41371e-007,-0.000662919
,,,2.41771e-007,-0.000883892
,,,2.42171e-007,0
,,,2.42571e-007,0
,,,2.42971e-007,-0.000220973
,,,2.43371e-007,0.000220973
,,,2.43771e-007,0.000220973
,,,2.44171e-007,0.000220973
,,,2.44571e-007,-0.000883892
,,,2.44971e-007,-0.000220973
,,,2.45371e-007,0
,,,2.45771e-007,0
,,,2.46171e-007,0.000662919
,,,2.46571e-007,0.000441946
,,,2.46971e-007,0
,,,2.47371e-007,0.000441946
,,,2.47771e-007,0.000220973
,,,2.48171e-007,0.000662919
,,,2.48571e-007,0.000441946
,,,2.48971e-007,0
,,,2.49371e-007,0.000441946
,,,2.49771e-007,0.000220973
,,,2.50171e-007,-0.000220973
