"Record Length",1252,"Points",-2.50261e-007,0.000662919
"Sample Interval",4e-010,s,-2.49861e-007,0.000883892
"Trigger Point",625,"Samples",-2.49461e-007,0.000220973
"Trigger Time",0.652507,s,-2.49061e-007,0.000662919
,,,-2.48661e-007,0.000662919
"Horizontal Offset",-2.50261e-007,s,-2.48261e-007,0.000220973
,,,-2.47861e-007,0.000883892
,,,-2.47461e-007,0.000662919
,,,-2.47061e-007,0
,,,-2.46661e-007,0.000441946
,,,-2.46261e-007,0.000441946
,,,-2.45861e-007,0.000220973
,,,-2.45461e-007,0
,,,-2.45061e-007,0.000662919
,,,-2.44661e-007,0.000220973
,,,-2.44261e-007,0
,,,-2.43861e-007,0.000220973
,,,-2.43461e-007,0.000220973
,,,-2.43061e-007,0.000220973
,,,-2.42661e-007,0
,,,-2.42261e-007,0.000220973
,,,-2.41861e-007,0.000883892
,,,-2.41461e-007,-0.000220973
,,,-2.41061e-007,-0.000441946
,,,-2.40661e-007,0.000441946
,,,-2.40261e-007,0.000441946
,,,-2.39861e-007,-0.000220973
,,,-2.39461e-007,0.000662919
,,,-2.39061e-007,0.000662919
,,,-2.38661e-007,0
,,,-2.38261e-007,0.000220973
,,,-2.37861e-007,0
,,,-2.37461e-007,-0.000220973
,,,-2.37061e-007,0
,,,-2.36661e-007,-0.000220973
,,,-2.36261e-007,-0.000441946
,,,-2.35861e-007,0.000220973
,,,-2.35461e-007,0
,,,-2.35061e-007,-0.000662919
,,,-2.34661e-007,0.000883892
,,,-2.34261e-007,0.000220973
,,,-2.33861e-007,0.000441946
,,,-2.33461e-007,0.000220973
,,,-2.33061e-007,0
,,,-2.32661e-007,0.000662919
,,,-2.32261e-007,0.000883892
,,,-2.31861e-007,0
,,,-2.31461e-007,0.000220973
,,,-2.31061e-007,0.000441946
,,,-2.30661e-007,-0.000220973
,,,-2.30261e-007,0.000441946
,,,-2.29861e-007,0.000220973
,,,-2.29461e-007,0.000220973
,,,-2.29061e-007,0
,,,-2.28661e-007,0
,,,-2.28261e-007,-0.000220973
,,,-2.27861e-007,0.000220973
,,,-2.27461e-007,0.000220973
,,,-2.27061e-007,0.000220973
,,,-2.26661e-007,-0.000441946
,,,-2.26261e-007,0.000441946
,,,-2.25861e-007,0.000220973
,,,-2.25461e-007,0.000441946
,,,-2.25061e-007,0.000441946
,,,-2.24661e-007,0.000662919
,,,-2.24261e-007,0.000662919
,,,-2.23861e-007,0.000441946
,,,-2.23461e-007,0.000441946
,,,-2.23061e-007,0
,,,-2.22661e-007,0.000441946
,,,-2.22261e-007,0
,,,-2.21861e-007,-0.000441946
,,,-2.21461e-007,0.000662919
,,,-2.21061e-007,0.000441946
,,,-2.20661e-007,-0.000441946
,,,-2.20261e-007,-0.000441946
,,,-2.19861e-007,-0.000220973
,,,-2.19461e-007,-0.000220973
,,,-2.19061e-007,0.000220973
,,,-2.18661e-007,0.000220973
,,,-2.18261e-007,0
,,,-2.17861e-007,0.000441946
,,,-2.17461e-007,0.000220973
,,,-2.17061e-007,-0.000220973
,,,-2.16661e-007,0.000883892
,,,-2.16261e-007,0.000220973
,,,-2.15861e-007,0.000220973
,,,-2.15461e-007,0.000662919
,,,-2.15061e-007,0.000441946
,,,-2.14661e-007,0.000662919
,,,-2.14261e-007,0.000220973
,,,-2.13861e-007,0
,,,-2.13461e-007,-0.000220973
,,,-2.13061e-007,0
,,,-2.12661e-007,-0.000662919
,,,-2.12261e-007,0
,,,-2.11861e-007,-0.000220973
,,,-2.11461e-007,0.000441946
,,,-2.11061e-007,0.000220973
,,,-2.10661e-007,0
,,,-2.10261e-007,0.000662919
,,,-2.09861e-007,0.000220973
,,,-2.09461e-007,-0.000220973
,,,-2.09061e-007,-0.000220973
,,,-2.08661e-007,0.000883892
,,,-2.08261e-007,0
,,,-2.07861e-007,0
,,,-2.07461e-007,0.000220973
,,,-2.07061e-007,0.000662919
,,,-2.06661e-007,0.000220973
,,,-2.06261e-007,0.000441946
,,,-2.05861e-007,-0.000441946
,,,-2.05461e-007,0.000220973
,,,-2.05061e-007,-0.000441946
,,,-2.04661e-007,0.000220973
,,,-2.04261e-007,0.000220973
,,,-2.03861e-007,0
,,,-2.03461e-007,-0.000220973
,,,-2.03061e-007,0.000220973
,,,-2.02661e-007,0.000220973
,,,-2.02261e-007,0.000441946
,,,-2.01861e-007,0
,,,-2.01461e-007,0
,,,-2.01061e-007,0.000220973
,,,-2.00661e-007,0
,,,-2.00261e-007,-0.000220973
,,,-1.99861e-007,0.000441946
,,,-1.99461e-007,0.000441946
,,,-1.99061e-007,0.000441946
,,,-1.98661e-007,0.000662919
,,,-1.98261e-007,0.000441946
,,,-1.97861e-007,-0.000662919
,,,-1.97461e-007,0.000441946
,,,-1.97061e-007,0
,,,-1.96661e-007,0.000441946
,,,-1.96261e-007,0.00110486
,,,-1.95861e-007,0.000220973
,,,-1.95461e-007,0.000220973
,,,-1.95061e-007,0.000220973
,,,-1.94661e-007,0
,,,-1.94261e-007,0.000220973
,,,-1.93861e-007,0.000220973
,,,-1.93461e-007,0.000220973
,,,-1.93061e-007,0.000441946
,,,-1.92661e-007,-0.000220973
,,,-1.92261e-007,0.000220973
,,,-1.91861e-007,0
,,,-1.91461e-007,0.000662919
,,,-1.91061e-007,0.000441946
,,,-1.90661e-007,0.000220973
,,,-1.90261e-007,-0.000441946
,,,-1.89861e-007,0
,,,-1.89461e-007,0.000662919
,,,-1.89061e-007,0.000220973
,,,-1.88661e-007,-0.000662919
,,,-1.88261e-007,0
,,,-1.87861e-007,0
,,,-1.87461e-007,0
,,,-1.87061e-007,0.000441946
,,,-1.86661e-007,-0.000220973
,,,-1.86261e-007,0.000662919
,,,-1.85861e-007,0
,,,-1.85461e-007,0.000883892
,,,-1.85061e-007,0
,,,-1.84661e-007,0
,,,-1.84261e-007,0
,,,-1.83861e-007,0.000220973
,,,-1.83461e-007,0.000220973
,,,-1.83061e-007,0.000220973
,,,-1.82661e-007,0.000662919
,,,-1.82261e-007,0
,,,-1.81861e-007,0.000220973
,,,-1.81461e-007,0.000220973
,,,-1.81061e-007,0.000662919
,,,-1.80661e-007,-0.000441946
,,,-1.80261e-007,-0.000220973
,,,-1.79861e-007,0.000662919
,,,-1.79461e-007,0.000220973
,,,-1.79061e-007,0.000441946
,,,-1.78661e-007,0
,,,-1.78261e-007,0
,,,-1.77861e-007,0
,,,-1.77461e-007,0.000220973
,,,-1.77061e-007,-0.000220973
,,,-1.76661e-007,0.000220973
,,,-1.76261e-007,0.000220973
,,,-1.75861e-007,0
,,,-1.75461e-007,0.000441946
,,,-1.75061e-007,0.000220973
,,,-1.74661e-007,-0.000220973
,,,-1.74261e-007,0.000220973
,,,-1.73861e-007,-0.000220973
,,,-1.73461e-007,0.000883892
,,,-1.73061e-007,0.000220973
,,,-1.72661e-007,0.000441946
,,,-1.72261e-007,-0.000220973
,,,-1.71861e-007,0
,,,-1.71461e-007,-0.000220973
,,,-1.71061e-007,0.000662919
,,,-1.70661e-007,0.000220973
,,,-1.70261e-007,0.000441946
,,,-1.69861e-007,0.000220973
,,,-1.69461e-007,0.000441946
,,,-1.69061e-007,0
,,,-1.68661e-007,0.000441946
,,,-1.68261e-007,-0.000441946
,,,-1.67861e-007,0.000441946
,,,-1.67461e-007,0.000662919
,,,-1.67061e-007,0.000441946
,,,-1.66661e-007,0.000441946
,,,-1.66261e-007,-0.000220973
,,,-1.65861e-007,0
,,,-1.65461e-007,-0.000441946
,,,-1.65061e-007,0.000662919
,,,-1.64661e-007,0.000220973
,,,-1.64261e-007,0
,,,-1.63861e-007,0.000441946
,,,-1.63461e-007,0.000220973
,,,-1.63061e-007,0.000220973
,,,-1.62661e-007,-0.000662919
,,,-1.62261e-007,0.000220973
,,,-1.61861e-007,0
,,,-1.61461e-007,0
,,,-1.61061e-007,0
,,,-1.60661e-007,0.000662919
,,,-1.60261e-007,0.000662919
,,,-1.59861e-007,-0.000441946
,,,-1.59461e-007,-0.000220973
,,,-1.59061e-007,0.000220973
,,,-1.58661e-007,0
,,,-1.58261e-007,0.000220973
,,,-1.57861e-007,-0.000220973
,,,-1.57461e-007,0.000220973
,,,-1.57061e-007,0.000220973
,,,-1.56661e-007,-0.000441946
,,,-1.56261e-007,-0.000662919
,,,-1.55861e-007,-0.000220973
,,,-1.55461e-007,-0.000662919
,,,-1.55061e-007,0.000220973
,,,-1.54661e-007,-0.000441946
,,,-1.54261e-007,0
,,,-1.53861e-007,0
,,,-1.53461e-007,-0.000220973
,,,-1.53061e-007,0.000441946
,,,-1.52661e-007,0.000441946
,,,-1.52261e-007,0
,,,-1.51861e-007,0
,,,-1.51461e-007,0
,,,-1.51061e-007,0.000220973
,,,-1.50661e-007,0.00132584
,,,-1.50261e-007,0.000441946
,,,-1.49861e-007,0
,,,-1.49461e-007,0.000220973
,,,-1.49061e-007,-0.000662919
,,,-1.48661e-007,0
,,,-1.48261e-007,0.000441946
,,,-1.47861e-007,-0.000441946
,,,-1.47461e-007,-0.000662919
,,,-1.47061e-007,-0.000441946
,,,-1.46661e-007,-0.000220973
,,,-1.46261e-007,0
,,,-1.45861e-007,0.000441946
,,,-1.45461e-007,0.000441946
,,,-1.45061e-007,0.000441946
,,,-1.44661e-007,0.000441946
,,,-1.44261e-007,0
,,,-1.43861e-007,0
,,,-1.43461e-007,0.000441946
,,,-1.43061e-007,0.000220973
,,,-1.42661e-007,0.000220973
,,,-1.42261e-007,0.000441946
,,,-1.41861e-007,-0.000441946
,,,-1.41461e-007,0
,,,-1.41061e-007,-0.000441946
,,,-1.40661e-007,-0.000441946
,,,-1.40261e-007,0.000220973
,,,-1.39861e-007,0
,,,-1.39461e-007,-0.000441946
,,,-1.39061e-007,0
,,,-1.38661e-007,0.000220973
,,,-1.38261e-007,0.000220973
,,,-1.37861e-007,-0.000220973
,,,-1.37461e-007,0
,,,-1.37061e-007,0.000662919
,,,-1.36661e-007,0.000220973
,,,-1.36261e-007,0.000662919
,,,-1.35861e-007,-0.000220973
,,,-1.35461e-007,-0.000220973
,,,-1.35061e-007,0
,,,-1.34661e-007,0.000220973
,,,-1.34261e-007,0.000220973
,,,-1.33861e-007,0.000220973
,,,-1.33461e-007,-0.000220973
,,,-1.33061e-007,-0.000441946
,,,-1.32661e-007,-0.000662919
,,,-1.32261e-007,0.000220973
,,,-1.31861e-007,-0.000441946
,,,-1.31461e-007,0.000220973
,,,-1.31061e-007,0.000220973
,,,-1.30661e-007,0
,,,-1.30261e-007,0.000441946
,,,-1.29861e-007,0.000220973
,,,-1.29461e-007,0.000220973
,,,-1.29061e-007,-0.000220973
,,,-1.28661e-007,0
,,,-1.28261e-007,0.000220973
,,,-1.27861e-007,0.000662919
,,,-1.27461e-007,0.000220973
,,,-1.27061e-007,0.000662919
,,,-1.26661e-007,0.000662919
,,,-1.26261e-007,0.000220973
,,,-1.25861e-007,0.000441946
,,,-1.25461e-007,0.00110486
,,,-1.25061e-007,0.000441946
,,,-1.24661e-007,-0.000220973
,,,-1.24261e-007,0
,,,-1.23861e-007,0.000220973
,,,-1.23461e-007,0.000220973
,,,-1.23061e-007,0.000441946
,,,-1.22661e-007,0
,,,-1.22261e-007,-0.000662919
,,,-1.21861e-007,-0.000220973
,,,-1.21461e-007,-0.000441946
,,,-1.21061e-007,0.000220973
,,,-1.20661e-007,0.000662919
,,,-1.20261e-007,-0.000441946
,,,-1.19861e-007,0.000662919
,,,-1.19461e-007,0.000662919
,,,-1.19061e-007,0.000220973
,,,-1.18661e-007,0.000220973
,,,-1.18261e-007,0.000662919
,,,-1.17861e-007,0.000441946
,,,-1.17461e-007,-0.000662919
,,,-1.17061e-007,-0.000662919
,,,-1.16661e-007,-0.000441946
,,,-1.16261e-007,0.00110486
,,,-1.15861e-007,0.000220973
,,,-1.15461e-007,0.000220973
,,,-1.15061e-007,0
,,,-1.14661e-007,0
,,,-1.14261e-007,0.000883892
,,,-1.13861e-007,0
,,,-1.13461e-007,0.000662919
,,,-1.13061e-007,0.000220973
,,,-1.12661e-007,0.000662919
,,,-1.12261e-007,0.000220973
,,,-1.11861e-007,0.000220973
,,,-1.11461e-007,0
,,,-1.11061e-007,0.000662919
,,,-1.10661e-007,0.000220973
,,,-1.10261e-007,0.000441946
,,,-1.09861e-007,0.000662919
,,,-1.09461e-007,0
,,,-1.09061e-007,-0.000883892
,,,-1.08661e-007,-0.000220973
,,,-1.08261e-007,0.000220973
,,,-1.07861e-007,0
,,,-1.07461e-007,-0.000220973
,,,-1.07061e-007,0
,,,-1.06661e-007,0
,,,-1.06261e-007,0.000441946
,,,-1.05861e-007,0
,,,-1.05461e-007,0.000220973
,,,-1.05061e-007,0.000220973
,,,-1.04661e-007,0
,,,-1.04261e-007,-0.000220973
,,,-1.03861e-007,0
,,,-1.03461e-007,0.000220973
,,,-1.03061e-007,0.000441946
,,,-1.02661e-007,0
,,,-1.02261e-007,-0.000220973
,,,-1.01861e-007,0
,,,-1.01461e-007,0.000441946
,,,-1.01061e-007,0.000220973
,,,-1.00661e-007,0
,,,-1.00261e-007,-0.000662919
,,,-9.9861e-008,-0.000220973
,,,-9.9461e-008,-0.000220973
,,,-9.9061e-008,-0.000662919
,,,-9.8661e-008,0.000441946
,,,-9.8261e-008,0.000441946
,,,-9.7861e-008,0
,,,-9.7461e-008,0.000441946
,,,-9.7061e-008,-0.000220973
,,,-9.6661e-008,0.000662919
,,,-9.6261e-008,0.000220973
,,,-9.5861e-008,-0.000220973
,,,-9.5461e-008,-0.000441946
,,,-9.5061e-008,0.000220973
,,,-9.4661e-008,-0.000220973
,,,-9.4261e-008,0.000220973
,,,-9.3861e-008,-0.000441946
,,,-9.3461e-008,0.000883892
,,,-9.3061e-008,0.000883892
,,,-9.2661e-008,-0.000441946
,,,-9.2261e-008,-0.000220973
,,,-9.1861e-008,0
,,,-9.1461e-008,-0.000220973
,,,-9.1061e-008,-0.000220973
,,,-9.0661e-008,0.000220973
,,,-9.0261e-008,-0.000220973
,,,-8.9861e-008,0.000220973
,,,-8.9461e-008,0
,,,-8.9061e-008,0.000441946
,,,-8.8661e-008,0.000220973
,,,-8.8261e-008,0.000662919
,,,-8.7861e-008,-0.00132584
,,,-8.7461e-008,0.000220973
,,,-8.7061e-008,0.000441946
,,,-8.6661e-008,0.000441946
,,,-8.6261e-008,0.000441946
,,,-8.5861e-008,0
,,,-8.5461e-008,0
,,,-8.5061e-008,0.000220973
,,,-8.4661e-008,-0.000220973
,,,-8.4261e-008,-0.000441946
,,,-8.3861e-008,-0.000220973
,,,-8.3461e-008,-0.000220973
,,,-8.3061e-008,0
,,,-8.2661e-008,0.000220973
,,,-8.2261e-008,0.000220973
,,,-8.1861e-008,0
,,,-8.1461e-008,0
,,,-8.1061e-008,-0.000220973
,,,-8.0661e-008,0.000220973
,,,-8.0261e-008,0.000220973
,,,-7.9861e-008,0.000662919
,,,-7.9461e-008,0
,,,-7.9061e-008,0
,,,-7.8661e-008,0.000441946
,,,-7.8261e-008,0.000220973
,,,-7.7861e-008,0.000220973
,,,-7.7461e-008,0
,,,-7.7061e-008,0
,,,-7.6661e-008,0.000220973
,,,-7.6261e-008,0.000883892
,,,-7.5861e-008,-0.000220973
,,,-7.5461e-008,-0.000662919
,,,-7.5061e-008,-0.000220973
,,,-7.4661e-008,-0.000220973
,,,-7.4261e-008,0.000441946
,,,-7.3861e-008,0.000883892
,,,-7.3461e-008,0
,,,-7.3061e-008,-0.000220973
,,,-7.2661e-008,0.000441946
,,,-7.2261e-008,-0.000220973
,,,-7.1861e-008,-0.000220973
,,,-7.1461e-008,0.000662919
,,,-7.1061e-008,0.000220973
,,,-7.0661e-008,0
,,,-7.0261e-008,0
,,,-6.9861e-008,0
,,,-6.9461e-008,0
,,,-6.9061e-008,-0.000220973
,,,-6.8661e-008,-0.000441946
,,,-6.8261e-008,0
,,,-6.7861e-008,0.000662919
,,,-6.7461e-008,-0.000441946
,,,-6.7061e-008,0.000441946
,,,-6.6661e-008,0.000441946
,,,-6.6261e-008,-0.000220973
,,,-6.5861e-008,-0.000220973
,,,-6.5461e-008,0.000220973
,,,-6.5061e-008,0.000441946
,,,-6.4661e-008,0.000441946
,,,-6.4261e-008,-0.000220973
,,,-6.3861e-008,0.000220973
,,,-6.3461e-008,0
,,,-6.3061e-008,0.000441946
,,,-6.2661e-008,0.000441946
,,,-6.2261e-008,0.000441946
,,,-6.1861e-008,0.000662919
,,,-6.1461e-008,0.000220973
,,,-6.1061e-008,-0.000441946
,,,-6.0661e-008,-0.000220973
,,,-6.0261e-008,0
,,,-5.9861e-008,-0.000441946
,,,-5.9461e-008,-0.000220973
,,,-5.9061e-008,0
,,,-5.8661e-008,0.000220973
,,,-5.8261e-008,0.000441946
,,,-5.7861e-008,0.000441946
,,,-5.7461e-008,0.000220973
,,,-5.7061e-008,-0.000220973
,,,-5.6661e-008,0
,,,-5.6261e-008,-0.000662919
,,,-5.5861e-008,-0.000441946
,,,-5.5461e-008,0
,,,-5.5061e-008,0.000441946
,,,-5.4661e-008,-0.000220973
,,,-5.4261e-008,0.000441946
,,,-5.3861e-008,0
,,,-5.3461e-008,-0.000220973
,,,-5.3061e-008,-0.000441946
,,,-5.2661e-008,0
,,,-5.2261e-008,0.000662919
,,,-5.1861e-008,-0.000220973
,,,-5.1461e-008,-0.000441946
,,,-5.1061e-008,-0.000220973
,,,-5.0661e-008,0.000220973
,,,-5.0261e-008,0.000662919
,,,-4.9861e-008,0.000883892
,,,-4.9461e-008,0.000220973
,,,-4.9061e-008,0.000220973
,,,-4.8661e-008,0.000441946
,,,-4.8261e-008,0.000220973
,,,-4.7861e-008,0.000220973
,,,-4.7461e-008,0.000220973
,,,-4.7061e-008,0
,,,-4.6661e-008,-0.000441946
,,,-4.6261e-008,0.000220973
,,,-4.5861e-008,-0.000220973
,,,-4.5461e-008,0.000220973
,,,-4.5061e-008,0.000441946
,,,-4.4661e-008,-0.000441946
,,,-4.4261e-008,-0.000662919
,,,-4.3861e-008,0.000441946
,,,-4.3461e-008,-0.000883892
,,,-4.3061e-008,-0.000662919
,,,-4.2661e-008,0.000220973
,,,-4.2261e-008,-0.000220973
,,,-4.1861e-008,0.000220973
,,,-4.1461e-008,-0.000220973
,,,-4.1061e-008,0
,,,-4.0661e-008,0.000441946
,,,-4.0261e-008,0.000220973
,,,-3.9861e-008,-0.000220973
,,,-3.9461e-008,0.000883892
,,,-3.9061e-008,0.00132584
,,,-3.8661e-008,0.000441946
,,,-3.8261e-008,0.000662919
,,,-3.7861e-008,0.000441946
,,,-3.7461e-008,-0.000220973
,,,-3.7061e-008,0
,,,-3.6661e-008,0
,,,-3.6261e-008,-0.000220973
,,,-3.5861e-008,0.000220973
,,,-3.5461e-008,-0.000441946
,,,-3.5061e-008,0
,,,-3.4661e-008,0.000220973
,,,-3.4261e-008,0.00132584
,,,-3.3861e-008,0
,,,-3.3461e-008,-0.000220973
,,,-3.3061e-008,-0.000441946
,,,-3.2661e-008,0
,,,-3.2261e-008,-0.000220973
,,,-3.1861e-008,0
,,,-3.1461e-008,0.000441946
,,,-3.1061e-008,0.000662919
,,,-3.0661e-008,0.000441946
,,,-3.0261e-008,0.000220973
,,,-2.9861e-008,-0.000220973
,,,-2.9461e-008,0.000220973
,,,-2.9061e-008,-0.000220973
,,,-2.8661e-008,-0.000662919
,,,-2.8261e-008,-0.000220973
,,,-2.7861e-008,-0.000441946
,,,-2.7461e-008,0.000220973
,,,-2.7061e-008,0
,,,-2.6661e-008,-0.000220973
,,,-2.6261e-008,0.000220973
,,,-2.5861e-008,0
,,,-2.5461e-008,-0.000662919
,,,-2.5061e-008,-0.000220973
,,,-2.4661e-008,-0.000220973
,,,-2.4261e-008,-0.000220973
,,,-2.3861e-008,0
,,,-2.3461e-008,-0.000220973
,,,-2.3061e-008,-0.000220973
,,,-2.2661e-008,-0.000441946
,,,-2.2261e-008,0.000220973
,,,-2.1861e-008,0.000662919
,,,-2.1461e-008,0.000662919
,,,-2.1061e-008,-0.000220973
,,,-2.0661e-008,0
,,,-2.0261e-008,0
,,,-1.9861e-008,0.000883892
,,,-1.9461e-008,-0.000220973
,,,-1.9061e-008,-0.000441946
,,,-1.8661e-008,0.000441946
,,,-1.8261e-008,0.000220973
,,,-1.7861e-008,0.000220973
,,,-1.7461e-008,0
,,,-1.7061e-008,-0.000220973
,,,-1.6661e-008,0
,,,-1.6261e-008,-0.000220973
,,,-1.5861e-008,0.000662919
,,,-1.5461e-008,0
,,,-1.5061e-008,0.000662919
,,,-1.4661e-008,0.000220973
,,,-1.4261e-008,0.000441946
,,,-1.3861e-008,0.000883892
,,,-1.3461e-008,0.000662919
,,,-1.3061e-008,0.000220973
,,,-1.2661e-008,0
,,,-1.2261e-008,0
,,,-1.1861e-008,0
,,,-1.1461e-008,-0.000220973
,,,-1.1061e-008,-0.000220973
,,,-1.0661e-008,-0.000441946
,,,-1.0261e-008,0
,,,-9.861e-009,0
,,,-9.461e-009,0
,,,-9.061e-009,0.000220973
,,,-8.661e-009,-0.000441946
,,,-8.261e-009,-0.000220973
,,,-7.861e-009,-0.000441946
,,,-7.461e-009,0
,,,-7.061e-009,0.000662919
,,,-6.661e-009,0.000441946
,,,-6.261e-009,0.000220973
,,,-5.861e-009,-0.000441946
,,,-5.461e-009,0.000220973
,,,-5.061e-009,0
,,,-4.661e-009,0.000883892
,,,-4.261e-009,0.000441946
,,,-3.861e-009,0
,,,-3.461e-009,-0.000220973
,,,-3.061e-009,-0.000220973
,,,-2.661e-009,0
,,,-2.261e-009,0.000883892
,,,-1.861e-009,0
,,,-1.461e-009,0
,,,-1.061e-009,-0.000441946
,,,-6.61003e-010,0.000883892
,,,-2.61003e-010,0
,,,1.38997e-010,0.000441946
,,,5.38997e-010,0
,,,9.38997e-010,0.000662919
,,,1.339e-009,0.000220973
,,,1.739e-009,-0.000220973
,,,2.139e-009,0
,,,2.539e-009,0.000441946
,,,2.939e-009,0
,,,3.339e-009,0.000220973
,,,3.739e-009,0
,,,4.139e-009,0.000441946
,,,4.539e-009,0
,,,4.939e-009,0.000220973
,,,5.339e-009,-0.000220973
,,,5.739e-009,0
,,,6.139e-009,0.000441946
,,,6.539e-009,0
,,,6.939e-009,-0.000441946
,,,7.339e-009,0.000662919
,,,7.739e-009,0.000220973
,,,8.139e-009,0.000441946
,,,8.539e-009,0.000883892
,,,8.939e-009,-0.000220973
,,,9.339e-009,-0.000220973
,,,9.739e-009,0.000441946
,,,1.0139e-008,-0.000441946
,,,1.0539e-008,0
,,,1.0939e-008,0.000220973
,,,1.1339e-008,0.000220973
,,,1.1739e-008,0
,,,1.2139e-008,0
,,,1.2539e-008,-0.000662919
,,,1.2939e-008,0
,,,1.3339e-008,0.000441946
,,,1.3739e-008,0.000662919
,,,1.4139e-008,0.000220973
,,,1.4539e-008,0
,,,1.4939e-008,0.000220973
,,,1.5339e-008,0
,,,1.5739e-008,0.000441946
,,,1.6139e-008,0.000441946
,,,1.6539e-008,-0.000220973
,,,1.6939e-008,0
,,,1.7339e-008,0.000441946
,,,1.7739e-008,0
,,,1.8139e-008,0.000441946
,,,1.8539e-008,0.000441946
,,,1.8939e-008,0
,,,1.9339e-008,-0.000220973
,,,1.9739e-008,0.000662919
,,,2.0139e-008,-0.000220973
,,,2.0539e-008,-0.000220973
,,,2.0939e-008,-0.000662919
,,,2.1339e-008,0
,,,2.1739e-008,0.000662919
,,,2.2139e-008,0.000220973
,,,2.2539e-008,-0.000220973
,,,2.2939e-008,-0.000220973
,,,2.3339e-008,0
,,,2.3739e-008,-0.000220973
,,,2.4139e-008,0
,,,2.4539e-008,0.000220973
,,,2.4939e-008,0.000441946
,,,2.5339e-008,0.000220973
,,,2.5739e-008,0
,,,2.6139e-008,0
,,,2.6539e-008,-0.000220973
,,,2.6939e-008,0.000883892
,,,2.7339e-008,-0.000441946
,,,2.7739e-008,-0.000441946
,,,2.8139e-008,-0.000883892
,,,2.8539e-008,0
,,,2.8939e-008,0.000441946
,,,2.9339e-008,0.000220973
,,,2.9739e-008,0.000220973
,,,3.0139e-008,0.000220973
,,,3.0539e-008,0.000220973
,,,3.0939e-008,-0.000441946
,,,3.1339e-008,0.000441946
,,,3.1739e-008,0
,,,3.2139e-008,-0.000220973
,,,3.2539e-008,0.000662919
,,,3.2939e-008,0.000220973
,,,3.3339e-008,0.000220973
,,,3.3739e-008,0.000883892
,,,3.4139e-008,0.000441946
,,,3.4539e-008,0
,,,3.4939e-008,0.000441946
,,,3.5339e-008,0.000220973
,,,3.5739e-008,-0.000220973
,,,3.6139e-008,0.000220973
,,,3.6539e-008,-0.000220973
,,,3.6939e-008,0
,,,3.7339e-008,-0.000220973
,,,3.7739e-008,0.000441946
,,,3.8139e-008,0.000662919
,,,3.8539e-008,0.000441946
,,,3.8939e-008,-0.000662919
,,,3.9339e-008,-0.000220973
,,,3.9739e-008,-0.000441946
,,,4.0139e-008,0
,,,4.0539e-008,0.000220973
,,,4.0939e-008,0
,,,4.1339e-008,0.000441946
,,,4.1739e-008,0
,,,4.2139e-008,0
,,,4.2539e-008,0.000220973
,,,4.2939e-008,-0.000220973
,,,4.3339e-008,0
,,,4.3739e-008,0.000662919
,,,4.4139e-008,-0.000441946
,,,4.4539e-008,-0.000220973
,,,4.4939e-008,0.000662919
,,,4.5339e-008,0
,,,4.5739e-008,0.000441946
,,,4.6139e-008,0.000883892
,,,4.6539e-008,0.000662919
,,,4.6939e-008,0.000220973
,,,4.7339e-008,0.000441946
,,,4.7739e-008,0.000441946
,,,4.8139e-008,0.000662919
,,,4.8539e-008,0.000662919
,,,4.8939e-008,0.000883892
,,,4.9339e-008,0.000220973
,,,4.9739e-008,0.000441946
,,,5.0139e-008,0
,,,5.0539e-008,0.000441946
,,,5.0939e-008,0
,,,5.1339e-008,-0.000441946
,,,5.1739e-008,-0.000883892
,,,5.2139e-008,-0.000441946
,,,5.2539e-008,-0.000441946
,,,5.2939e-008,0.000220973
,,,5.3339e-008,0.000220973
,,,5.3739e-008,-0.000662919
,,,5.4139e-008,0.000220973
,,,5.4539e-008,0.000883892
,,,5.4939e-008,0.000441946
,,,5.5339e-008,0.000883892
,,,5.5739e-008,-0.000662919
,,,5.6139e-008,0.000662919
,,,5.6539e-008,-0.000220973
,,,5.6939e-008,0.000220973
,,,5.7339e-008,-0.000883892
,,,5.7739e-008,-0.000662919
,,,5.8139e-008,-0.000662919
,,,5.8539e-008,-0.000441946
,,,5.8939e-008,0.000441946
,,,5.9339e-008,0.000662919
,,,5.9739e-008,0.000220973
,,,6.0139e-008,0.000662919
,,,6.0539e-008,0
,,,6.0939e-008,0.000662919
,,,6.1339e-008,0.000220973
,,,6.1739e-008,0.000441946
,,,6.2139e-008,0
,,,6.2539e-008,0.000441946
,,,6.2939e-008,0.000220973
,,,6.3339e-008,0.000883892
,,,6.3739e-008,-0.000220973
,,,6.4139e-008,0.000220973
,,,6.4539e-008,-0.000441946
,,,6.4939e-008,0
,,,6.5339e-008,0.00110486
,,,6.5739e-008,0
,,,6.6139e-008,-0.000220973
,,,6.6539e-008,0.000220973
,,,6.6939e-008,0.000220973
,,,6.7339e-008,0
,,,6.7739e-008,0.000220973
,,,6.8139e-008,0
,,,6.8539e-008,0
,,,6.8939e-008,-0.000883892
,,,6.9339e-008,-0.000441946
,,,6.9739e-008,-0.000220973
,,,7.0139e-008,0.000662919
,,,7.0539e-008,0
,,,7.0939e-008,0.000441946
,,,7.1339e-008,0.000220973
,,,7.1739e-008,0.000220973
,,,7.2139e-008,0
,,,7.2539e-008,0
,,,7.2939e-008,0.000441946
,,,7.3339e-008,0.000220973
,,,7.3739e-008,0
,,,7.4139e-008,-0.000220973
,,,7.4539e-008,-0.000441946
,,,7.4939e-008,0
,,,7.5339e-008,0
,,,7.5739e-008,0
,,,7.6139e-008,0.000662919
,,,7.6539e-008,-0.000662919
,,,7.6939e-008,0
,,,7.7339e-008,0.000883892
,,,7.7739e-008,0
,,,7.8139e-008,0.000441946
,,,7.8539e-008,0.000220973
,,,7.8939e-008,0.000220973
,,,7.9339e-008,0.000662919
,,,7.9739e-008,0.000883892
,,,8.0139e-008,0
,,,8.0539e-008,0.000220973
,,,8.0939e-008,0.000662919
,,,8.1339e-008,0.000441946
,,,8.1739e-008,0.000441946
,,,8.2139e-008,0.000441946
,,,8.2539e-008,0.000662919
,,,8.2939e-008,0
,,,8.3339e-008,-0.000220973
,,,8.3739e-008,0
,,,8.4139e-008,0
,,,8.4539e-008,-0.000220973
,,,8.4939e-008,0
,,,8.5339e-008,-0.000220973
,,,8.5739e-008,0.000220973
,,,8.6139e-008,0.000220973
,,,8.6539e-008,0.000220973
,,,8.6939e-008,0.000220973
,,,8.7339e-008,0
,,,8.7739e-008,0
,,,8.8139e-008,0
,,,8.8539e-008,0.000220973
,,,8.8939e-008,0.000662919
,,,8.9339e-008,0.000441946
,,,8.9739e-008,0.000662919
,,,9.0139e-008,-0.000441946
,,,9.0539e-008,-0.000662919
,,,9.0939e-008,-0.000220973
,,,9.1339e-008,-0.000220973
,,,9.1739e-008,0.000220973
,,,9.2139e-008,0
,,,9.2539e-008,0
,,,9.2939e-008,0.000220973
,,,9.3339e-008,0.000220973
,,,9.3739e-008,0.000662919
,,,9.4139e-008,0.00154681
,,,9.4539e-008,0.00176778
,,,9.4939e-008,0.00220973
,,,9.5339e-008,0.00353557
,,,9.5739e-008,0.00353557
,,,9.6139e-008,0.00419849
,,,9.6539e-008,0.00618724
,,,9.6939e-008,0.00707114
,,,9.7339e-008,0.00839697
,,,9.7739e-008,0.00950184
,,,9.8139e-008,0.0108277
,,,9.8539e-008,0.0119325
,,,9.8939e-008,0.0139213
,,,9.9339e-008,0.0134794
,,,9.9739e-008,0.0137003
,,,1.00139e-007,0.0150262
,,,1.00539e-007,0.0152471
,,,1.00939e-007,0.0159101
,,,1.01339e-007,0.0159101
,,,1.01739e-007,0.0167939
,,,1.02139e-007,0.0174569
,,,1.02539e-007,0.0167939
,,,1.02939e-007,0.0167939
,,,1.03339e-007,0.0172359
,,,1.03739e-007,0.0170149
,,,1.04139e-007,0.0172359
,,,1.04539e-007,0.0174569
,,,1.04939e-007,0.0172359
,,,1.05339e-007,0.0174569
,,,1.05739e-007,0.0176778
,,,1.06139e-007,0.0174569
,,,1.06539e-007,0.0172359
,,,1.06939e-007,0.0178988
,,,1.07339e-007,0.0172359
,,,1.07739e-007,0.0174569
,,,1.08139e-007,0.0176778
,,,1.08539e-007,0.0174569
,,,1.08939e-007,0.016573
,,,1.09339e-007,0.0172359
,,,1.09739e-007,0.0181198
,,,1.10139e-007,0.0176778
,,,1.10539e-007,0.0185617
,,,1.10939e-007,0.0170149
,,,1.11339e-007,0.0176778
,,,1.11739e-007,0.0178988
,,,1.12139e-007,0.0181198
,,,1.12539e-007,0.0174569
,,,1.12939e-007,0.0181198
,,,1.13339e-007,0.0181198
,,,1.13739e-007,0.0176778
,,,1.14139e-007,0.0167939
,,,1.14539e-007,0.0183408
,,,1.14939e-007,0.0176778
,,,1.15339e-007,0.0176778
,,,1.15739e-007,0.0176778
,,,1.16139e-007,0.0181198
,,,1.16539e-007,0.0178988
,,,1.16939e-007,0.0172359
,,,1.17339e-007,0.0167939
,,,1.17739e-007,0.0183408
,,,1.18139e-007,0.0181198
,,,1.18539e-007,0.0176778
,,,1.18939e-007,0.0170149
,,,1.19339e-007,0.0178988
,,,1.19739e-007,0.0183408
,,,1.20139e-007,0.0181198
,,,1.20539e-007,0.0185617
,,,1.20939e-007,0.0178988
,,,1.21339e-007,0.0185617
,,,1.21739e-007,0.0185617
,,,1.22139e-007,0.0181198
,,,1.22539e-007,0.0183408
,,,1.22939e-007,0.0194456
,,,1.23339e-007,0.0190037
,,,1.23739e-007,0.0196666
,,,1.24139e-007,0.0194456
,,,1.24539e-007,0.0192246
,,,1.24939e-007,0.0207715
,,,1.25339e-007,0.0203295
,,,1.25739e-007,0.0209924
,,,1.26139e-007,0.0207715
,,,1.26539e-007,0.0205505
,,,1.26939e-007,0.0205505
,,,1.27339e-007,0.0205505
,,,1.27739e-007,0.0207715
,,,1.28139e-007,0.0198876
,,,1.28539e-007,0.0203295
,,,1.28939e-007,0.0190037
,,,1.29339e-007,0.0190037
,,,1.29739e-007,0.0190037
,,,1.30139e-007,0.0194456
,,,1.30539e-007,0.0176778
,,,1.30939e-007,0.0174569
,,,1.31339e-007,0.0174569
,,,1.31739e-007,0.0174569
,,,1.32139e-007,0.0176778
,,,1.32539e-007,0.0170149
,,,1.32939e-007,0.0170149
,,,1.33339e-007,0.0172359
,,,1.33739e-007,0.0170149
,,,1.34139e-007,0.0178988
,,,1.34539e-007,0.0176778
,,,1.34939e-007,0.016352
,,,1.35339e-007,0.0167939
,,,1.35739e-007,0.0159101
,,,1.36139e-007,0.016573
,,,1.36539e-007,0.016352
,,,1.36939e-007,0.0156891
,,,1.37339e-007,0.016573
,,,1.37739e-007,0.016352
,,,1.38139e-007,0.0167939
,,,1.38539e-007,0.016131
,,,1.38939e-007,0.016352
,,,1.39339e-007,0.016352
,,,1.39739e-007,0.0159101
,,,1.40139e-007,0.016131
,,,1.40539e-007,0.0159101
,,,1.40939e-007,0.0154681
,,,1.41339e-007,0.0154681
,,,1.41739e-007,0.016573
,,,1.42139e-007,0.0159101
,,,1.42539e-007,0.0159101
,,,1.42939e-007,0.0150262
,,,1.43339e-007,0.0154681
,,,1.43739e-007,0.0150262
,,,1.44139e-007,0.0150262
,,,1.44539e-007,0.0150262
,,,1.44939e-007,0.0143632
,,,1.45339e-007,0.0145842
,,,1.45739e-007,0.0150262
,,,1.46139e-007,0.0148052
,,,1.46539e-007,0.0150262
,,,1.46939e-007,0.0145842
,,,1.47339e-007,0.0150262
,,,1.47739e-007,0.0145842
,,,1.48139e-007,0.0150262
,,,1.48539e-007,0.0143632
,,,1.48939e-007,0.0148052
,,,1.49339e-007,0.0134794
,,,1.49739e-007,0.0143632
,,,1.50139e-007,0.0143632
,,,1.50539e-007,0.0145842
,,,1.50939e-007,0.0141423
,,,1.51339e-007,0.0143632
,,,1.51739e-007,0.0148052
,,,1.52139e-007,0.0141423
,,,1.52539e-007,0.0148052
,,,1.52939e-007,0.0148052
,,,1.53339e-007,0.0145842
,,,1.53739e-007,0.0143632
,,,1.54139e-007,0.0132584
,,,1.54539e-007,0.0132584
,,,1.54939e-007,0.0125955
,,,1.55339e-007,0.0128164
,,,1.55739e-007,0.0130374
,,,1.56139e-007,0.0130374
,,,1.56539e-007,0.0121535
,,,1.56939e-007,0.0121535
,,,1.57339e-007,0.0117116
,,,1.57739e-007,0.0121535
,,,1.58139e-007,0.0123745
,,,1.58539e-007,0.0119325
,,,1.58939e-007,0.0114906
,,,1.59339e-007,0.0121535
,,,1.59739e-007,0.0114906
,,,1.60139e-007,0.0112696
,,,1.60539e-007,0.0121535
,,,1.60939e-007,0.0121535
,,,1.61339e-007,0.0125955
,,,1.61739e-007,0.0121535
,,,1.62139e-007,0.0117116
,,,1.62539e-007,0.0125955
,,,1.62939e-007,0.0123745
,,,1.63339e-007,0.0125955
,,,1.63739e-007,0.0119325
,,,1.64139e-007,0.0123745
,,,1.64539e-007,0.0119325
,,,1.64939e-007,0.0121535
,,,1.65339e-007,0.0123745
,,,1.65739e-007,0.0130374
,,,1.66139e-007,0.0128164
,,,1.66539e-007,0.0123745
,,,1.66939e-007,0.0130374
,,,1.67339e-007,0.0119325
,,,1.67739e-007,0.0125955
,,,1.68139e-007,0.0119325
,,,1.68539e-007,0.0128164
,,,1.68939e-007,0.0121535
,,,1.69339e-007,0.0121535
,,,1.69739e-007,0.0121535
,,,1.70139e-007,0.0123745
,,,1.70539e-007,0.0121535
,,,1.70939e-007,0.0121535
,,,1.71339e-007,0.0121535
,,,1.71739e-007,0.0114906
,,,1.72139e-007,0.0117116
,,,1.72539e-007,0.0125955
,,,1.72939e-007,0.0121535
,,,1.73339e-007,0.0123745
,,,1.73739e-007,0.0110486
,,,1.74139e-007,0.0117116
,,,1.74539e-007,0.0123745
,,,1.74939e-007,0.0119325
,,,1.75339e-007,0.0125955
,,,1.75739e-007,0.0125955
,,,1.76139e-007,0.0125955
,,,1.76539e-007,0.0125955
,,,1.76939e-007,0.0128164
,,,1.77339e-007,0.0121535
,,,1.77739e-007,0.0117116
,,,1.78139e-007,0.0128164
,,,1.78539e-007,0.0128164
,,,1.78939e-007,0.0130374
,,,1.79339e-007,0.0128164
,,,1.79739e-007,0.0130374
,,,1.80139e-007,0.0125955
,,,1.80539e-007,0.0114906
,,,1.80939e-007,0.0125955
,,,1.81339e-007,0.0119325
,,,1.81739e-007,0.0130374
,,,1.82139e-007,0.0125955
,,,1.82539e-007,0.0125955
,,,1.82939e-007,0.0117116
,,,1.83339e-007,0.0132584
,,,1.83739e-007,0.0123745
,,,1.84139e-007,0.0117116
,,,1.84539e-007,0.0123745
,,,1.84939e-007,0.0121535
,,,1.85339e-007,0.0123745
,,,1.85739e-007,0.0125955
,,,1.86139e-007,0.0121535
,,,1.86539e-007,0.0130374
,,,1.86939e-007,0.0128164
,,,1.87339e-007,0.0119325
,,,1.87739e-007,0.0132584
,,,1.88139e-007,0.0123745
,,,1.88539e-007,0.0121535
,,,1.88939e-007,0.0128164
,,,1.89339e-007,0.0132584
,,,1.89739e-007,0.0134794
,,,1.90139e-007,0.0130374
,,,1.90539e-007,0.0134794
,,,1.90939e-007,0.0130374
,,,1.91339e-007,0.0130374
,,,1.91739e-007,0.0132584
,,,1.92139e-007,0.0137003
,,,1.92539e-007,0.0134794
,,,1.92939e-007,0.0141423
,,,1.93339e-007,0.0132584
,,,1.93739e-007,0.0139213
,,,1.94139e-007,0.0134794
,,,1.94539e-007,0.0139213
,,,1.94939e-007,0.0132584
,,,1.95339e-007,0.0130374
,,,1.95739e-007,0.0134794
,,,1.96139e-007,0.0134794
,,,1.96539e-007,0.0139213
,,,1.96939e-007,0.0139213
,,,1.97339e-007,0.0130374
,,,1.97739e-007,0.0134794
,,,1.98139e-007,0.0132584
,,,1.98539e-007,0.0132584
,,,1.98939e-007,0.0130374
,,,1.99339e-007,0.0123745
,,,1.99739e-007,0.0130374
,,,2.00139e-007,0.0132584
,,,2.00539e-007,0.0130374
,,,2.00939e-007,0.0125955
,,,2.01339e-007,0.0128164
,,,2.01739e-007,0.0123745
,,,2.02139e-007,0.0128164
,,,2.02539e-007,0.0119325
,,,2.02939e-007,0.0119325
,,,2.03339e-007,0.0112696
,,,2.03739e-007,0.0110486
,,,2.04139e-007,0.0117116
,,,2.04539e-007,0.0114906
,,,2.04939e-007,0.0112696
,,,2.05339e-007,0.0114906
,,,2.05739e-007,0.0114906
,,,2.06139e-007,0.0121535
,,,2.06539e-007,0.0106067
,,,2.06939e-007,0.0106067
,,,2.07339e-007,0.0106067
,,,2.07739e-007,0.00994378
,,,2.08139e-007,0.00994378
,,,2.08539e-007,0.00950184
,,,2.08939e-007,0.00861795
,,,2.09339e-007,0.00883892
,,,2.09739e-007,0.00839697
,,,2.10139e-007,0.00773405
,,,2.10539e-007,0.00861795
,,,2.10939e-007,0.00707114
,,,2.11339e-007,0.00662919
,,,2.11739e-007,0.00640822
,,,2.12139e-007,0.00640822
,,,2.12539e-007,0.0057453
,,,2.12939e-007,0.00640822
,,,2.13339e-007,0.00530335
,,,2.13739e-007,0.00530335
,,,2.14139e-007,0.00552432
,,,2.14539e-007,0.00397751
,,,2.14939e-007,0.00397751
,,,2.15339e-007,0.00464043
,,,2.15739e-007,0.00375654
,,,2.16139e-007,0.00309362
,,,2.16539e-007,0.00375654
,,,2.16939e-007,0.00353557
,,,2.17339e-007,0.00331459
,,,2.17739e-007,0.00287265
,,,2.18139e-007,0.0024307
,,,2.18539e-007,0.0024307
,,,2.18939e-007,0.0024307
,,,2.19339e-007,0.00176778
,,,2.19739e-007,0.00220973
,,,2.20139e-007,0.00265168
,,,2.20539e-007,0.00198876
,,,2.20939e-007,0.00110486
,,,2.21339e-007,0.00110486
,,,2.21739e-007,0.00110486
,,,2.22139e-007,0.00110486
,,,2.22539e-007,0.00132584
,,,2.22939e-007,0.00132584
,,,2.23339e-007,0.00198876
,,,2.23739e-007,0.00132584
,,,2.24139e-007,0.00110486
,,,2.24539e-007,0.00176778
,,,2.24939e-007,0.00110486
,,,2.25339e-007,0.00154681
,,,2.25739e-007,0.000883892
,,,2.26139e-007,0.00110486
,,,2.26539e-007,0.00132584
,,,2.26939e-007,0.000441946
,,,2.27339e-007,0.000662919
,,,2.27739e-007,0.000441946
,,,2.28139e-007,0.000441946
,,,2.28539e-007,0.000662919
,,,2.28939e-007,0.000883892
,,,2.29339e-007,0.000220973
,,,2.29739e-007,0.000662919
,,,2.30139e-007,0.000441946
,,,2.30539e-007,0.000220973
,,,2.30939e-007,0.000662919
,,,2.31339e-007,0.000883892
,,,2.31739e-007,0.000662919
,,,2.32139e-007,0.000441946
,,,2.32539e-007,0.000662919
,,,2.32939e-007,0.000441946
,,,2.33339e-007,0.00132584
,,,2.33739e-007,0.000441946
,,,2.34139e-007,0.000220973
,,,2.34539e-007,-0.000220973
,,,2.34939e-007,0.000220973
,,,2.35339e-007,-0.000441946
,,,2.35739e-007,0.000662919
,,,2.36139e-007,-0.000441946
,,,2.36539e-007,-0.000441946
,,,2.36939e-007,-0.000662919
,,,2.37339e-007,-0.000441946
,,,2.37739e-007,0.000441946
,,,2.38139e-007,0
,,,2.38539e-007,0
,,,2.38939e-007,-0.000662919
,,,2.39339e-007,-0.000662919
,,,2.39739e-007,-0.000883892
,,,2.40139e-007,-0.000220973
,,,2.40539e-007,-0.000220973
,,,2.40939e-007,-0.000220973
,,,2.41339e-007,-0.000662919
,,,2.41739e-007,-0.000883892
,,,2.42139e-007,-0.000662919
,,,2.42539e-007,0
,,,2.42939e-007,-0.000220973
,,,2.43339e-007,-0.000441946
,,,2.43739e-007,-0.000883892
,,,2.44139e-007,0.000441946
,,,2.44539e-007,-0.000662919
,,,2.44939e-007,-0.000220973
,,,2.45339e-007,0
,,,2.45739e-007,0
,,,2.46139e-007,-0.000441946
,,,2.46539e-007,-0.000441946
,,,2.46939e-007,-0.000883892
,,,2.47339e-007,0.000220973
,,,2.47739e-007,-0.000220973
,,,2.48139e-007,-0.000220973
,,,2.48539e-007,-0.000441946
,,,2.48939e-007,-0.000441946
,,,2.49339e-007,0.000441946
,,,2.49739e-007,0.000441946
,,,2.50139e-007,-0.000220973
